posX0;posY0;posZ0;posVel0;rotX0;rotY0;rotZ0;rotVel0;confidence0;posX1;posY1;posZ1;posVel1;rotX1;rotY1;rotZ1;rotVel1;confidence1;posX2;posY2;posZ2;posVel2;rotX2;rotY2;rotZ2;rotVel2;confidence2;posX3;posY3;posZ3;posVel3;rotX3;rotY3;rotZ3;rotVel3;confidence3;posX4;posY4;posZ4;posVel4;rotX4;rotY4;rotZ4;rotVel4;confidence4;posX5;posY5;posZ5;posVel5;rotX5;rotY5;rotZ5;rotVel5;confidence5;posX6;posY6;posZ6;posVel6;rotX6;rotY6;rotZ6;rotVel6;confidence6;posX7;posY7;posZ7;posVel7;rotX7;rotY7;rotZ7;rotVel7;confidence7;posX8;posY8;posZ8;posVel8;rotX8;rotY8;rotZ8;rotVel8;confidence8;posX9;posY9;posZ9;posVel9;rotX9;rotY9;rotZ9;rotVel9;confidence9;posX10;posY10;posZ10;posVel10;rotX10;rotY10;rotZ10;rotVel10;confidence10;posX11;posY11;posZ11;posVel11;rotX11;rotY11;rotZ11;rotVel11;confidence11;posX12;posY12;posZ12;posVel12;rotX12;rotY12;rotZ12;rotVel12;confidence12;posX13;posY13;posZ13;posVel13;rotX13;rotY13;rotZ13;rotVel13;confidence13;posX14;posY14;posZ14;posVel14;rotX14;rotY14;rotZ14;rotVel14;confidence14;posX15;posY15;posZ15;posVel15;rotX15;rotY15;rotZ15;rotVel15;confidence15;posX16;posY16;posZ16;posVel16;rotX16;rotY16;rotZ16;rotVel16;confidence16;posX17;posY17;posZ17;posVel17;rotX17;rotY17;rotZ17;rotVel17;confidence17;posX18;posY18;posZ18;posVel18;rotX18;rotY18;rotZ18;rotVel18;confidence18;posX19;posY19;posZ19;posVel19;rotX19;rotY19;rotZ19;rotVel19;confidence19;posX20;posY20;posZ20;posVel20;rotX20;rotY20;rotZ20;rotVel20;confidence20;posX21;posY21;posZ21;posVel21;rotX21;rotY21;rotZ21;rotVel21;confidence21;posX22;posY22;posZ22;posVel22;rotX22;rotY22;rotZ22;rotVel22;confidence22;posX23;posY23;posZ23;posVel23;rotX23;rotY23;rotZ23;rotVel23;confidence23;posX24;posY24;posZ24;posVel24;rotX24;rotY24;rotZ24;rotVel24;confidence24;posX25;posY25;posZ25;posVel25;rotX25;rotY25;rotZ25;rotVel25;confidence25;posX26;posY26;posZ26;posVel26;rotX26;rotY26;rotZ26;rotVel26;confidence26;posX27;posY27;posZ27;posVel27;rotX27;rotY27;rotZ27;rotVel27;confidence27;posX28;posY28;posZ28;posVel28;rotX28;rotY28;rotZ28;rotVel28;confidence28;posX29;posY29;posZ29;posVel29;rotX29;rotY29;rotZ29;rotVel29;confidence29;posX30;posY30;posZ30;posVel30;rotX30;rotY30;rotZ30;rotVel30;confidence30;posX31;posY31;posZ31;posVel31;rotX31;rotY31;rotZ31;rotVel31;confidence31;TimeStamp
0.000000;-150.000000;2000.000000;0.000000;0.000000;0.000000;0.000000;0.000000;2.000000;22.305054;-333.930176;1979.219849;0.000000;0.000000;0.000000;0.000000;0.000000;2.000000;39.565491;-481.073486;1962.891968;0.000000;0.000000;0.000000;0.000000;0.000000;2.000000;53.439087;-707.442505;1969.204346;0.000000;0.000000;0.000000;0.000000;0.000000;2.000000;39.081970;-672.012695;1935.111694;0.000000;0.000000;0.000000;0.000000;0.000000;2.000000;-18.292542;-634.029663;1802.511841;0.000000;0.000000;0.000000;0.000000;0.000000;2.000000;-81.662781;-356.672119;1752.969604;0.000000;0.000000;0.000000;0.000000;0.000000;2.000000;-171.458923;-131.554749;1750.280029;0.000000;0.000000;0.000000;0.000000;0.000000;2.000000;-256.185669;-119.098152;1803.123169;0.000000;0.000000;0.000000;0.000000;0.000000;2.000000;-235.409424;-8.200774;1807.713867;0.000000;0.000000;0.000000;0.000000;0.000000;2.000000;-213.632813;-8.565763;1756.063965;0.000000;0.000000;0.000000;0.000000;0.000000;2.000000;65.200562;-667.969482;2000.283447;0.000000;0.000000;0.000000;0.000000;0.000000;2.000000;92.847290;-620.598511;2126.296631;0.000000;0.000000;0.000000;0.000000;0.000000;2.000000;96.546021;-329.431274;2168.614258;0.000000;0.000000;0.000000;0.000000;0.000000;2.000000;56.188049;-89.618202;2201.871582;0.000000;0.000000;0.000000;0.000000;0.000000;2.000000;-12.125244;-29.078064;2260.247559;0.000000;0.000000;0.000000;0.000000;0.000000;2.000000;-39.393127;67.165321;2308.342285;0.000000;0.000000;0.000000;0.000000;0.000000;2.000000;38.338135;-0.003612;2089.531250;0.000000;0.000000;0.000000;0.000000;0.000000;2.000000;-43.082947;-145.635025;1915.120361;0.000000;0.000000;0.000000;0.000000;0.000000;2.000000;-107.138367;264.661804;1864.321411;0.000000;0.000000;0.000000;0.000000;0.000000;2.000000;116.930542;594.964722;1840.796387;0.000000;0.000000;0.000000;0.000000;0.000000;2.000000;45.274658;777.124939;1844.114624;0.000000;0.000000;0.000000;0.000000;0.000000;2.000000;38.849731;-153.936096;2076.540039;0.000000;0.000000;0.000000;0.000000;0.000000;2.000000;-79.617188;246.558716;2091.374023;0.000000;0.000000;0.000000;0.000000;0.000000;2.000000;-3.317932;621.192078;1960.723511;0.000000;0.000000;0.000000;0.000000;0.000000;2.000000;-132.500000;743.132874;1990.503418;0.000000;0.000000;0.000000;0.000000;0.000000;2.000000;45.609314;-792.108948;1976.788696;0.000000;0.000000;0.000000;0.000000;0.000000;2.000000;-100.466980;-854.997009;2030.692383;0.000000;0.000000;0.000000;0.000000;0.000000;2.000000;-70.795532;-886.466980;1991.314209;0.000000;0.000000;0.000000;0.000000;0.000000;2.000000;16.292053;-859.123413;1895.297852;0.000000;0.000000;0.000000;0.000000;0.000000;2.000000;-56.460205;-883.471985;2043.953247;0.000000;0.000000;0.000000;0.000000;0.000000;2.000000;77.808167;-860.267273;2057.402344;0.000000;0.000000;0.000000;0.000000;0.000000;2.000000;13002766336.000000
0.000000;-150.000000;2000.000000;0.000000;0.000000;0.000000;0.000000;0.000000;2.000000;25.069092;-331.228790;1970.941162;0.270372;0.000000;0.000000;0.000000;0.000000;2.000000;47.507019;-475.600952;1946.737427;0.556774;0.000000;0.000000;0.000000;0.000000;2.000000;57.133484;-700.769836;1951.802734;0.562255;0.000000;0.000000;0.000000;0.000000;2.000000;41.772766;-665.187012;1918.815186;0.528881;0.000000;0.000000;0.000000;0.000000;2.000000;-28.993591;-632.210815;1792.571045;0.435568;0.000000;0.000000;0.000000;0.000000;2.000000;-80.841980;-353.533661;1748.011475;0.175340;0.000000;0.000000;0.000000;0.000000;2.000000;-160.741821;-126.465294;1755.480225;0.383339;0.000000;0.000000;0.000000;0.000000;2.000000;-240.451050;-110.560036;1813.709351;0.615463;0.000000;0.000000;0.000000;0.000000;2.000000;-190.912903;-23.678986;1762.855225;1.925083;0.000000;0.000000;0.000000;0.000000;2.000000;-214.753113;-0.553366;1760.245728;0.269507;0.000000;0.000000;0.000000;0.000000;2.000000;71.238647;-661.883423;1982.090088;0.595174;0.000000;0.000000;0.000000;0.000000;2.000000;108.143524;-603.872375;2100.072021;1.025752;0.000000;0.000000;0.000000;0.000000;2.000000;113.562500;-313.921783;2137.205811;1.152447;0.000000;0.000000;0.000000;0.000000;2.000000;70.018860;-76.779846;2173.882568;0.998949;0.000000;0.000000;0.000000;0.000000;2.000000;-1.506897;-39.504688;2245.188965;0.626519;0.000000;0.000000;0.000000;0.000000;2.000000;-47.157227;35.960903;2311.396484;0.955864;0.000000;0.000000;0.000000;0.000000;2.000000;19.180359;13.274088;2075.169434;0.810205;0.000000;0.000000;0.000000;0.000000;2.000000;-37.058167;-141.227310;1913.317871;0.227258;0.000000;0.000000;0.000000;0.000000;2.000000;-57.146851;270.547058;1860.070313;1.494908;0.000000;0.000000;0.000000;0.000000;2.000000;197.875000;575.032593;1851.362061;2.486663;0.000000;0.000000;0.000000;0.000000;2.000000;166.704956;764.805054;1822.132202;3.670023;0.000000;0.000000;0.000000;0.000000;2.000000;33.416992;-157.910706;2078.165039;0.204924;0.000000;0.000000;0.000000;0.000000;2.000000;-75.826355;242.702011;2077.436035;0.442422;0.000000;0.000000;0.000000;0.000000;2.000000;-73.422058;638.443420;2010.025269;2.587105;0.000000;0.000000;0.000000;0.000000;2.000000;-199.913269;762.844604;1986.459595;2.081923;0.000000;0.000000;0.000000;0.000000;2.000000;48.098389;-784.748047;1959.574951;0.558898;0.000000;0.000000;0.000000;0.000000;2.000000;-100.068420;-845.035034;2007.025757;0.759970;0.000000;0.000000;0.000000;0.000000;2.000000;-67.704285;-878.574463;1972.306030;0.615899;0.000000;0.000000;0.000000;0.000000;2.000000;25.171692;-857.027832;1881.546753;0.488355;0.000000;0.000000;0.000000;0.000000;2.000000;-57.205688;-871.875610;2025.147217;0.654194;0.000000;0.000000;0.000000;0.000000;2.000000;74.782227;-846.482910;2046.191650;0.533364;0.000000;0.000000;0.000000;0.000000;2.000000;13002800128.000000
0.000000;-150.000000;2000.000000;0.000000;0.000000;0.000000;0.000000;0.000000;2.000000;20.826599;-332.400269;1974.010376;0.163749;0.000000;0.000000;0.000000;0.000000;2.000000;39.610718;-477.819275;1952.263672;0.301819;0.000000;0.000000;0.000000;0.000000;2.000000;44.232605;-703.293701;1959.449219;0.464099;0.000000;0.000000;0.000000;0.000000;2.000000;29.766479;-667.656006;1926.047607;0.434331;0.000000;0.000000;0.000000;0.000000;2.000000;-36.542847;-635.015564;1797.165527;0.282954;0.000000;0.000000;0.000000;0.000000;2.000000;-79.301575;-353.377014;1760.617310;0.387591;0.000000;0.000000;0.000000;0.000000;2.000000;-161.230469;-126.932579;1771.377686;0.485591;0.000000;0.000000;0.000000;0.000000;2.000000;-241.546875;-112.331787;1829.269043;0.479081;0.000000;0.000000;0.000000;0.000000;2.000000;-196.665955;-27.323826;1771.211426;0.328980;0.000000;0.000000;0.000000;0.000000;2.000000;-210.767517;1.549767;1770.348267;0.337588;0.000000;0.000000;0.000000;0.000000;2.000000;59.103119;-664.413147;1989.455688;0.440049;0.000000;0.000000;0.000000;0.000000;2.000000;97.738220;-608.286133;2107.937500;0.420232;0.000000;0.000000;0.000000;0.000000;2.000000;108.538879;-316.402283;2125.883301;0.385524;0.000000;0.000000;0.000000;0.000000;2.000000;58.340118;-79.342506;2155.351074;0.673033;0.000000;0.000000;0.000000;0.000000;2.000000;12.566528;-30.083168;2239.549316;0.544747;0.000000;0.000000;0.000000;0.000000;2.000000;-32.162842;15.057175;2329.805420;0.965382;0.000000;0.000000;0.000000;0.000000;2.000000;5.436768;21.185360;2067.797852;0.533678;0.000000;0.000000;0.000000;0.000000;2.000000;-40.232666;-142.416183;1914.535522;0.109921;0.000000;0.000000;0.000000;0.000000;2.000000;-32.714844;270.480286;1863.833008;0.754399;0.000000;0.000000;0.000000;0.000000;2.000000;242.038574;557.918030;1863.465942;1.491880;0.000000;0.000000;0.000000;0.000000;2.000000;225.854309;751.869995;1868.849243;2.333835;0.000000;0.000000;0.000000;0.000000;2.000000;36.279541;-156.838669;2077.067139;0.099118;0.000000;0.000000;0.000000;0.000000;2.000000;-77.165161;242.848709;2066.173096;0.346166;0.000000;0.000000;0.000000;0.000000;2.000000;-111.316528;641.493286;2029.155396;1.298793;0.000000;0.000000;0.000000;0.000000;2.000000;-236.795959;769.086609;2021.152588;1.556965;0.000000;0.000000;0.000000;0.000000;2.000000;33.302063;-787.051514;1967.970459;0.523909;0.000000;0.000000;0.000000;0.000000;2.000000;-109.461609;-856.630859;2019.616455;0.595852;0.000000;0.000000;0.000000;0.000000;2.000000;-77.763184;-886.589722;1981.124878;0.475916;0.000000;0.000000;0.000000;0.000000;2.000000;8.901917;-855.521790;1886.875977;0.524489;0.000000;0.000000;0.000000;0.000000;2.000000;-64.534607;-882.613647;2033.677979;0.474538;0.000000;0.000000;0.000000;0.000000;2.000000;67.413879;-852.694153;2049.056641;0.306820;0.000000;0.000000;0.000000;0.000000;2.000000;13002832896.000000
0.000000;-150.000000;2000.000000;0.000000;0.000000;0.000000;0.000000;0.000000;2.000000;12.602295;-333.109680;1976.920898;0.259023;0.000000;0.000000;0.000000;0.000000;2.000000;30.785004;-478.290070;1955.398682;0.277515;0.000000;0.000000;0.000000;0.000000;2.000000;31.927673;-703.364929;1959.526001;0.364151;0.000000;0.000000;0.000000;0.000000;2.000000;22.554565;-667.149902;1925.122070;0.215692;0.000000;0.000000;0.000000;0.000000;2.000000;-37.078491;-628.259521;1795.112061;0.209562;0.000000;0.000000;0.000000;0.000000;2.000000;-57.481750;-345.399536;1754.148193;0.713668;0.000000;0.000000;0.000000;0.000000;2.000000;-135.536621;-118.138809;1764.014404;0.832669;0.000000;0.000000;0.000000;0.000000;2.000000;-230.068298;-98.676773;1789.590576;1.287405;0.000000;0.000000;0.000000;0.000000;2.000000;-201.472961;5.797616;1760.944092;1.035983;0.000000;0.000000;0.000000;0.000000;2.000000;-196.121155;13.293698;1773.071167;0.561367;0.000000;0.000000;0.000000;0.000000;2.000000;42.971191;-665.204163;1991.819458;0.483054;0.000000;0.000000;0.000000;0.000000;2.000000;61.253265;-619.453918;2118.970703;1.175398;0.000000;0.000000;0.000000;0.000000;2.000000;71.907257;-339.234924;2200.235596;2.544201;0.000000;0.000000;0.000000;0.000000;2.000000;12.680969;-107.463745;2245.900391;3.114246;0.000000;0.000000;0.000000;0.000000;2.000000;-9.721497;-40.838749;2327.243896;2.696484;0.000000;0.000000;0.000000;0.000000;2.000000;-16.755249;64.491188;2295.866943;1.832111;0.000000;0.000000;0.000000;0.000000;2.000000;-51.794434;25.923029;2263.112793;6.024573;0.000000;0.000000;0.000000;0.000000;2.000000;-34.479065;-141.331009;1912.392822;0.184505;0.000000;0.000000;0.000000;0.000000;2.000000;23.733002;268.413300;1880.240112;1.740657;0.000000;0.000000;0.000000;0.000000;2.000000;282.497070;568.597107;1862.574707;1.238567;0.000000;0.000000;0.000000;0.000000;2.000000;282.173828;761.186401;1887.927979;1.781153;0.000000;0.000000;0.000000;0.000000;2.000000;31.091248;-157.817230;2078.999268;0.166377;0.000000;0.000000;0.000000;0.000000;2.000000;-42.485962;247.602066;2125.515137;2.038839;0.000000;0.000000;0.000000;0.000000;1.000000;-22.545105;646.941833;2096.534180;3.301946;0.000000;0.000000;0.000000;0.000000;1.000000;-117.154297;787.273987;2153.955811;5.316963;0.000000;0.000000;0.000000;0.000000;1.000000;19.057251;-786.894592;1965.126831;0.429886;0.000000;0.000000;0.000000;0.000000;2.000000;-133.398743;-845.666443;1997.754395;1.012729;0.000000;0.000000;0.000000;0.000000;2.000000;-98.564270;-878.971497;1965.417480;0.803620;0.000000;0.000000;0.000000;0.000000;2.000000;2.257080;-857.131958;1883.949951;0.220080;0.000000;0.000000;0.000000;0.000000;2.000000;-92.780090;-873.502930;2019.042725;0.979250;0.000000;0.000000;0.000000;0.000000;2.000000;36.939484;-850.671326;2052.332031;0.908990;0.000000;0.000000;0.000000;0.000000;2.000000;13002866688.000000
0.000000;-150.000000;2000.000000;0.000000;0.000000;0.000000;0.000000;0.000000;2.000000;10.272369;-339.027924;1983.668213;0.274401;0.000000;0.000000;0.000000;0.000000;2.000000;23.129608;-489.827026;1970.665405;0.609913;0.000000;0.000000;0.000000;0.000000;2.000000;24.879364;-721.037842;1972.745850;0.685618;0.000000;0.000000;0.000000;0.000000;2.000000;21.539795;-683.497314;1936.625000;0.592289;0.000000;0.000000;0.000000;0.000000;2.000000;19.132355;-632.732178;1793.107178;1.669748;0.000000;0.000000;0.000000;0.000000;2.000000;-28.826508;-347.457214;1738.880615;0.962770;0.000000;0.000000;0.000000;0.000000;2.000000;-131.997528;-123.115761;1732.035645;0.963443;0.000000;0.000000;0.000000;0.000000;2.000000;-214.174774;-92.606026;1785.269409;0.519462;0.000000;0.000000;0.000000;0.000000;2.000000;-167.060333;4.326864;1744.917480;1.124232;0.000000;0.000000;0.000000;0.000000;2.000000;-179.665253;11.895739;1738.450195;1.135131;0.000000;0.000000;0.000000;0.000000;2.000000;29.847839;-682.158203;2007.803223;0.791375;0.000000;0.000000;0.000000;0.000000;2.000000;43.769562;-638.325684;2140.102051;0.985204;0.000000;0.000000;0.000000;0.000000;2.000000;90.354401;-350.912537;2211.896973;0.732475;0.000000;0.000000;0.000000;0.000000;2.000000;22.801758;-113.172012;2250.509521;0.369920;0.000000;0.000000;0.000000;0.000000;2.000000;-32.104889;-74.764832;2338.280273;1.246344;0.000000;0.000000;0.000000;0.000000;2.000000;-32.297089;26.684902;2288.242676;1.230503;0.000000;0.000000;0.000000;0.000000;1.000000;-66.749664;12.850075;2238.391113;0.938480;0.000000;0.000000;0.000000;0.000000;1.000000;0.542053;-141.611603;1903.251831;1.071127;0.000000;0.000000;0.000000;0.000000;2.000000;55.648376;278.298523;1853.914429;1.258773;0.000000;0.000000;0.000000;0.000000;2.000000;336.584625;573.338135;1862.193359;1.606779;0.000000;0.000000;0.000000;0.000000;2.000000;315.236328;771.700562;1864.768188;1.234432;0.000000;0.000000;0.000000;0.000000;2.000000;-0.488770;-157.564194;2087.242188;0.965881;0.000000;0.000000;0.000000;0.000000;2.000000;-137.347626;242.454590;2035.677124;3.869320;0.000000;0.000000;0.000000;0.000000;2.000000;-161.864227;652.095703;2001.811157;4.987844;0.000000;0.000000;0.000000;0.000000;2.000000;-298.760223;767.270386;1960.661133;7.871001;0.000000;0.000000;0.000000;0.000000;2.000000;11.344788;-806.944458;1975.175049;0.701821;0.000000;0.000000;0.000000;0.000000;2.000000;-143.699127;-871.205566;2008.658325;0.876487;0.000000;0.000000;0.000000;0.000000;2.000000;-106.553986;-905.120850;1976.663086;0.874910;0.000000;0.000000;0.000000;0.000000;2.000000;-2.844696;-881.623169;1893.464478;0.792056;0.000000;0.000000;0.000000;0.000000;2.000000;-101.365814;-897.963257;2031.641479;0.852946;0.000000;0.000000;0.000000;0.000000;2.000000;30.738342;-869.624512;2066.537109;0.724547;0.000000;0.000000;0.000000;0.000000;2.000000;13002900480.000000
0.000000;-150.000000;2000.000000;0.000000;0.000000;0.000000;0.000000;0.000000;2.000000;6.296692;-339.100372;1978.600830;0.196571;0.000000;0.000000;0.000000;0.000000;2.000000;17.407227;-490.019531;1962.098999;0.314444;0.000000;0.000000;0.000000;0.000000;2.000000;10.649261;-721.602905;1966.028687;0.480529;0.000000;0.000000;0.000000;0.000000;2.000000;10.399292;-684.226929;1929.427368;0.405378;0.000000;0.000000;0.000000;0.000000;2.000000;11.771729;-636.123901;1784.642944;0.357624;0.000000;0.000000;0.000000;0.000000;2.000000;-24.744598;-347.421295;1736.620117;0.142400;0.000000;0.000000;0.000000;0.000000;2.000000;-115.914490;-117.277084;1736.691162;0.541141;0.000000;0.000000;0.000000;0.000000;2.000000;-197.346191;-81.455322;1788.149414;0.622315;0.000000;0.000000;0.000000;0.000000;2.000000;-150.840393;12.816280;1740.713867;0.573233;0.000000;0.000000;0.000000;0.000000;2.000000;-184.674072;0.932931;1718.574341;0.709375;0.000000;0.000000;0.000000;0.000000;2.000000;15.358704;-682.518677;2001.061035;0.487825;0.000000;0.000000;0.000000;0.000000;2.000000;23.769348;-634.505127;2132.685547;0.661331;0.000000;0.000000;0.000000;0.000000;2.000000;66.260712;-346.432892;2206.983887;0.762763;0.000000;0.000000;0.000000;0.000000;2.000000;-10.069427;-110.155060;2241.423096;1.044834;0.000000;0.000000;0.000000;0.000000;1.000000;-65.080872;-78.595871;2332.103271;1.030504;0.000000;0.000000;0.000000;0.000000;1.000000;-71.217896;23.960991;2284.203613;1.197037;0.000000;0.000000;0.000000;0.000000;1.000000;-104.884399;12.228615;2234.798340;1.169087;0.000000;0.000000;0.000000;0.000000;1.000000;9.118774;-138.805481;1903.759155;0.275829;0.000000;0.000000;0.000000;0.000000;2.000000;73.121582;281.611755;1862.318481;0.600288;0.000000;0.000000;0.000000;0.000000;2.000000;349.350555;581.715576;1881.805054;0.758513;0.000000;0.000000;0.000000;0.000000;2.000000;324.020020;779.984131;1876.667236;0.517323;0.000000;0.000000;0.000000;0.000000;2.000000;-8.222778;-160.094604;2086.784668;0.248727;0.000000;0.000000;0.000000;0.000000;2.000000;-147.816467;239.691483;2033.340698;0.338030;0.000000;0.000000;0.000000;0.000000;2.000000;-194.264404;648.277954;1999.125488;0.998983;0.000000;0.000000;0.000000;0.000000;2.000000;-332.198914;761.593262;1954.681274;1.051035;0.000000;0.000000;0.000000;0.000000;2.000000;-6.129944;-807.122437;1968.464600;0.571281;0.000000;0.000000;0.000000;0.000000;2.000000;-152.721924;-889.604492;2001.940796;0.658117;0.000000;0.000000;0.000000;0.000000;2.000000;-114.202209;-916.433350;1964.992676;0.548185;0.000000;0.000000;0.000000;0.000000;2.000000;-17.526611;-874.654175;1880.050049;0.643098;0.000000;0.000000;0.000000;0.000000;2.000000;-106.794373;-914.188843;2020.255371;0.627196;0.000000;0.000000;0.000000;0.000000;2.000000;23.976410;-876.323730;2052.191650;0.525395;0.000000;0.000000;0.000000;0.000000;2.000000;13002933248.000000
0.000000;-150.000000;2000.000000;0.000000;0.000000;0.000000;0.000000;0.000000;2.000000;4.333496;-339.883667;1983.375610;0.154525;0.000000;0.000000;0.000000;0.000000;2.000000;7.311554;-491.692108;1970.032593;0.383181;0.000000;0.000000;0.000000;0.000000;2.000000;-3.407410;-723.459839;1969.236206;0.430193;0.000000;0.000000;0.000000;0.000000;2.000000;-4.884277;-685.210205;1933.478516;0.468807;0.000000;0.000000;0.000000;0.000000;2.000000;-15.478180;-633.119995;1790.253662;0.828102;0.000000;0.000000;0.000000;0.000000;2.000000;-41.082458;-343.613708;1737.851807;0.497776;0.000000;0.000000;0.000000;0.000000;2.000000;-113.569641;-106.597252;1735.256348;0.326348;0.000000;0.000000;0.000000;0.000000;2.000000;-186.993469;-67.281967;1795.696533;0.565387;0.000000;0.000000;0.000000;0.000000;2.000000;-144.378235;25.773251;1742.223389;0.430798;0.000000;0.000000;0.000000;0.000000;2.000000;-168.360291;4.566181;1697.982300;0.784836;0.000000;0.000000;0.000000;0.000000;2.000000;3.822205;-685.219727;2004.868408;0.368288;0.000000;0.000000;0.000000;0.000000;2.000000;22.119507;-646.789795;2138.811523;0.409155;0.000000;0.000000;0.000000;0.000000;2.000000;55.517883;-363.288055;2233.984619;0.994135;0.000000;0.000000;0.000000;0.000000;2.000000;-40.329956;-136.812485;2284.236328;1.740523;0.000000;0.000000;0.000000;0.000000;1.000000;-115.406860;-76.216583;2338.721191;1.503758;0.000000;0.000000;0.000000;0.000000;1.000000;-102.733093;25.677952;2290.344482;0.951521;0.000000;0.000000;0.000000;0.000000;1.000000;-126.474915;-13.203014;2241.602051;1.007551;0.000000;0.000000;0.000000;0.000000;1.000000;10.331512;-141.315094;1903.494629;0.082854;0.000000;0.000000;0.000000;0.000000;2.000000;60.153625;282.781860;1877.048828;0.581798;0.000000;0.000000;0.000000;0.000000;2.000000;325.439758;593.211060;1897.922119;0.918632;0.000000;0.000000;0.000000;0.000000;2.000000;294.686951;790.820679;1888.580322;0.990268;0.000000;0.000000;0.000000;0.000000;2.000000;-9.316376;-157.831558;2087.023193;0.074714;0.000000;0.000000;0.000000;0.000000;2.000000;-158.914917;238.827469;2032.911865;0.329672;0.000000;0.000000;0.000000;0.000000;2.000000;-220.039185;646.311646;2002.335083;0.770838;0.000000;0.000000;0.000000;0.000000;2.000000;-365.993652;748.018433;1954.556885;1.077754;0.000000;0.000000;0.000000;0.000000;2.000000;-21.595245;-808.829468;1970.673218;0.465057;0.000000;0.000000;0.000000;0.000000;2.000000;-169.216125;-889.747070;2004.587280;0.494371;0.000000;0.000000;0.000000;0.000000;2.000000;-133.229065;-914.625000;1963.794556;0.566706;0.000000;0.000000;0.000000;0.000000;2.000000;-39.133606;-868.820923;1877.756104;0.665773;0.000000;0.000000;0.000000;0.000000;2.000000;-123.235840;-917.010254;2018.716553;0.495757;0.000000;0.000000;0.000000;0.000000;2.000000;10.147156;-885.401978;2047.273682;0.510722;0.000000;0.000000;0.000000;0.000000;2.000000;13002967040.000000
0.000000;-150.000000;2000.000000;0.000000;0.000000;0.000000;0.000000;0.000000;2.000000;0.237030;-336.405151;1974.134399;0.326240;0.000000;0.000000;0.000000;0.000000;2.000000;2.304779;-485.447754;1953.709961;0.554789;0.000000;0.000000;0.000000;0.000000;2.000000;-16.163391;-713.529053;1944.488159;0.902104;0.000000;0.000000;0.000000;0.000000;2.000000;-11.925598;-674.818115;1910.477173;0.799676;0.000000;0.000000;0.000000;0.000000;2.000000;-17.279510;-617.535767;1771.090210;0.755796;0.000000;0.000000;0.000000;0.000000;2.000000;-31.714417;-329.911285;1725.969727;0.622963;0.000000;0.000000;0.000000;0.000000;2.000000;-116.332275;-100.353729;1725.062622;0.374417;0.000000;0.000000;0.000000;0.000000;2.000000;-199.580139;-62.328716;1769.122681;0.909981;0.000000;0.000000;0.000000;0.000000;2.000000;-144.075500;29.786587;1731.364014;0.353431;0.000000;0.000000;0.000000;0.000000;2.000000;-182.052124;20.571815;1712.426636;0.779415;0.000000;0.000000;0.000000;0.000000;2.000000;-12.090546;-677.041382;1981.430054;0.899858;0.000000;0.000000;0.000000;0.000000;2.000000;-25.788208;-637.248657;2113.616211;1.677353;0.000000;0.000000;0.000000;0.000000;2.000000;-39.496185;-360.839447;2221.447998;2.925685;0.000000;0.000000;0.000000;0.000000;2.000000;-150.593445;-143.486954;2263.850586;3.428058;0.000000;0.000000;0.000000;0.000000;1.000000;-183.791748;-62.588436;2329.535645;2.146363;0.000000;0.000000;0.000000;0.000000;1.000000;-138.582642;27.750233;2281.088867;1.131684;0.000000;0.000000;0.000000;0.000000;1.000000;-177.900818;4.190596;2225.403564;1.728910;0.000000;0.000000;0.000000;0.000000;1.000000;12.897797;-136.883606;1905.592285;0.168881;0.000000;0.000000;0.000000;0.000000;2.000000;90.113647;276.699890;1869.284790;0.962574;0.000000;0.000000;0.000000;0.000000;2.000000;306.246185;616.388550;1897.158447;0.918661;0.000000;0.000000;0.000000;0.000000;2.000000;239.385284;798.851807;1861.264404;1.898216;0.000000;0.000000;0.000000;0.000000;2.000000;-11.630493;-161.827637;2085.131592;0.152288;0.000000;0.000000;0.000000;0.000000;2.000000;-150.505615;236.415070;2093.175781;1.858387;0.000000;0.000000;0.000000;0.000000;1.000000;-163.448364;644.036621;2092.332031;3.245089;0.000000;0.000000;0.000000;0.000000;1.000000;-309.189026;752.533936;2099.041992;4.739872;0.000000;0.000000;0.000000;0.000000;1.000000;-37.115845;-797.040283;1941.068115;1.081690;0.000000;0.000000;0.000000;0.000000;2.000000;-194.395264;-859.536133;1950.485962;2.041177;0.000000;0.000000;0.000000;0.000000;2.000000;-154.420532;-891.560547;1921.118408;1.615502;0.000000;0.000000;0.000000;0.000000;2.000000;-42.053284;-864.680542;1853.786987;0.747641;0.000000;0.000000;0.000000;0.000000;2.000000;-155.931335;-888.511841;1976.164917;1.854253;0.000000;0.000000;0.000000;0.000000;2.000000;-29.989441;-865.859375;2028.383911;1.479295;0.000000;0.000000;0.000000;0.000000;2.000000;13002999808.000000
0.000000;-150.000000;2000.000000;0.000000;0.000000;0.000000;0.000000;0.000000;2.000000;4.671997;-337.467529;1976.711304;0.155011;0.000000;0.000000;0.000000;0.000000;2.000000;2.232758;-487.041565;1955.649292;0.074315;0.000000;0.000000;0.000000;0.000000;2.000000;-10.923798;-716.437134;1946.448975;0.186587;0.000000;0.000000;0.000000;0.000000;2.000000;-3.014587;-677.765991;1912.725098;0.285612;0.000000;0.000000;0.000000;0.000000;2.000000;10.083801;-619.225403;1773.700928;0.814970;0.000000;0.000000;0.000000;0.000000;2.000000;-5.847778;-330.269135;1729.838867;0.774055;0.000000;0.000000;0.000000;0.000000;2.000000;-81.247711;-96.473373;1727.371948;1.046814;0.000000;0.000000;0.000000;0.000000;2.000000;-167.641083;-65.444542;1771.823608;0.953011;0.000000;0.000000;0.000000;0.000000;2.000000;-109.634338;20.760910;1723.836426;1.076918;0.000000;0.000000;0.000000;0.000000;2.000000;-142.981171;34.861511;1730.041504;1.336933;0.000000;0.000000;0.000000;0.000000;2.000000;-12.269043;-679.435364;1983.382446;0.091570;0.000000;0.000000;0.000000;0.000000;2.000000;-39.060974;-634.506470;2112.482178;0.402475;0.000000;0.000000;0.000000;0.000000;2.000000;-75.852417;-359.807190;2222.629639;1.076884;0.000000;0.000000;0.000000;0.000000;1.000000;-197.105621;-145.716171;2259.399170;1.384288;0.000000;0.000000;0.000000;0.000000;1.000000;-210.920502;-61.805195;2328.883301;0.803382;0.000000;0.000000;0.000000;0.000000;1.000000;-155.685211;24.223309;2281.938721;0.517374;0.000000;0.000000;0.000000;0.000000;1.000000;-200.001495;5.660812;2224.017578;0.656749;0.000000;0.000000;0.000000;0.000000;1.000000;35.767151;-138.062927;1911.085571;0.696893;0.000000;0.000000;0.000000;0.000000;2.000000;101.240265;278.742401;1868.773315;0.335112;0.000000;0.000000;0.000000;0.000000;2.000000;301.644409;629.755615;1897.942383;0.418996;0.000000;0.000000;0.000000;0.000000;2.000000;220.945633;803.965820;1847.818359;0.692098;0.000000;0.000000;0.000000;0.000000;2.000000;-32.252777;-160.764175;2080.178223;0.628417;0.000000;0.000000;0.000000;0.000000;2.000000;-155.782440;241.930511;2035.520142;1.721080;0.000000;0.000000;0.000000;0.000000;2.000000;-245.280365;640.187012;2002.684570;3.593785;0.000000;0.000000;0.000000;0.000000;2.000000;-407.794830;686.847961;1933.824951;6.016474;0.000000;0.000000;0.000000;0.000000;2.000000;-29.864502;-800.698364;1941.213501;0.240385;0.000000;0.000000;0.000000;0.000000;2.000000;-192.032135;-851.777893;1933.408936;0.559452;0.000000;0.000000;0.000000;0.000000;2.000000;-151.136383;-888.051758;1910.463257;0.345906;0.000000;0.000000;0.000000;0.000000;2.000000;-29.226410;-872.312927;1856.423462;0.448537;0.000000;0.000000;0.000000;0.000000;2.000000;-159.120087;-882.192627;1964.949219;0.392473;0.000000;0.000000;0.000000;0.000000;2.000000;-38.614746;-865.760132;2031.787964;0.274422;0.000000;0.000000;0.000000;0.000000;2.000000;13003033600.000000
0.000000;-150.000000;2000.000000;0.000000;0.000000;0.000000;0.000000;0.000000;2.000000;0.460968;-336.463806;1973.755127;0.159975;0.000000;0.000000;0.000000;0.000000;2.000000;-2.551239;-485.367126;1951.832397;0.193634;0.000000;0.000000;0.000000;0.000000;2.000000;-29.674591;-712.066162;1932.313843;0.728916;0.000000;0.000000;0.000000;0.000000;2.000000;-21.206207;-672.364807;1900.243774;0.693153;0.000000;0.000000;0.000000;0.000000;2.000000;-10.643890;-605.168335;1765.564331;0.803628;0.000000;0.000000;0.000000;0.000000;2.000000;-12.834991;-316.204285;1725.973999;0.493573;0.000000;0.000000;0.000000;0.000000;2.000000;-145.834869;-112.959000;1756.481689;2.219753;0.000000;0.000000;0.000000;0.000000;1.000000;-227.673004;-52.835190;1752.331421;1.964245;0.000000;0.000000;0.000000;0.000000;1.000000;-152.016357;17.681740;1704.263916;1.427753;0.000000;0.000000;0.000000;0.000000;1.000000;-186.045135;26.577400;1718.294434;1.385486;0.000000;0.000000;0.000000;0.000000;1.000000;-26.977448;-677.119202;1970.878906;0.593361;0.000000;0.000000;0.000000;0.000000;2.000000;-47.402069;-640.748901;2103.268555;0.424439;0.000000;0.000000;0.000000;0.000000;2.000000;-79.549744;-373.555237;2229.347656;0.480408;0.000000;0.000000;0.000000;0.000000;1.000000;-238.189178;-183.790726;2246.024414;1.757456;0.000000;0.000000;0.000000;0.000000;1.000000;-247.174103;-90.592003;2302.669434;1.623515;0.000000;0.000000;0.000000;0.000000;1.000000;-200.408600;7.229046;2274.193359;1.479072;0.000000;0.000000;0.000000;0.000000;1.000000;-246.291656;-33.534317;2213.252930;1.879971;0.000000;0.000000;0.000000;0.000000;1.000000;26.164856;-137.028198;1908.297974;0.306767;0.000000;0.000000;0.000000;0.000000;2.000000;76.260986;279.585999;1858.645996;0.822979;0.000000;0.000000;0.000000;0.000000;2.000000;269.221680;633.323730;1885.229614;1.068368;0.000000;0.000000;0.000000;0.000000;2.000000;183.532501;806.974731;1845.224976;1.148176;0.000000;0.000000;0.000000;0.000000;2.000000;-23.594025;-161.697250;2082.691895;0.276623;0.000000;0.000000;0.000000;0.000000;1.000000;-194.098846;224.287704;2072.594971;1.713871;0.000000;0.000000;0.000000;0.000000;1.000000;-207.139557;632.138550;2075.317383;2.515623;0.000000;0.000000;0.000000;0.000000;1.000000;-359.822540;730.337708;2063.448242;4.421880;0.000000;0.000000;0.000000;0.000000;1.000000;-53.746033;-794.442017;1924.043701;0.917697;0.000000;0.000000;0.000000;0.000000;2.000000;-210.777863;-855.886902;1905.859009;1.024630;0.000000;0.000000;0.000000;0.000000;2.000000;-166.127075;-890.618958;1888.827148;0.807092;0.000000;0.000000;0.000000;0.000000;2.000000;-41.498962;-870.352295;1844.547729;0.524594;0.000000;0.000000;0.000000;0.000000;2.000000;-179.162598;-882.191406;1941.782837;0.934846;0.000000;0.000000;0.000000;0.000000;2.000000;-66.578461;-854.410095;2017.128052;1.023912;0.000000;0.000000;0.000000;0.000000;2.000000;13003066368.000000
0.000000;-150.000000;2000.000000;0.000000;0.000000;0.000000;0.000000;0.000000;2.000000;-0.078156;-338.383362;1977.964478;0.137834;0.000000;0.000000;0.000000;0.000000;2.000000;-1.964172;-488.935242;1960.012207;0.264662;0.000000;0.000000;0.000000;0.000000;2.000000;-20.937378;-718.781372;1950.837280;0.637827;0.000000;0.000000;0.000000;0.000000;2.000000;-16.345581;-679.813110;1916.548096;0.549609;0.000000;0.000000;0.000000;0.000000;1.000000;-29.401520;-619.568848;1777.634399;0.785693;0.000000;0.000000;0.000000;0.000000;1.000000;-46.767334;-343.502625;1678.656860;1.903053;0.000000;0.000000;0.000000;0.000000;1.000000;-202.771698;-154.194077;1703.666870;2.602071;0.000000;0.000000;0.000000;0.000000;1.000000;-242.992432;-64.998428;1733.772583;0.797942;0.000000;0.000000;0.000000;0.000000;1.000000;-173.110168;16.958523;1693.823975;0.696824;0.000000;0.000000;0.000000;0.000000;1.000000;-200.548615;-4.405905;1711.822998;1.030321;0.000000;0.000000;0.000000;0.000000;1.000000;-17.033813;-681.973511;1988.057007;0.604684;0.000000;0.000000;0.000000;0.000000;2.000000;-31.087372;-640.552612;2120.851074;0.709828;0.000000;0.000000;0.000000;0.000000;2.000000;-57.086731;-374.014648;2254.600342;1.000261;0.000000;0.000000;0.000000;0.000000;1.000000;-245.053040;-209.871719;2263.284180;0.947538;0.000000;0.000000;0.000000;0.000000;1.000000;-256.621765;-105.175972;2295.759277;0.553394;0.000000;0.000000;0.000000;0.000000;1.000000;-221.475586;-1.657788;2267.501465;0.705014;0.000000;0.000000;0.000000;0.000000;1.000000;-262.999084;-67.052330;2209.683594;1.113309;0.000000;0.000000;0.000000;0.000000;1.000000;17.756927;-138.935638;1905.346802;0.269670;0.000000;0.000000;0.000000;0.000000;2.000000;77.143799;280.004150;1859.480225;0.038014;0.000000;0.000000;0.000000;0.000000;2.000000;255.689224;644.529541;1885.696411;0.520123;0.000000;0.000000;0.000000;0.000000;2.000000;163.572037;811.082397;1827.033325;0.808392;0.000000;0.000000;0.000000;0.000000;2.000000;-16.012207;-159.977219;2085.353027;0.243173;0.000000;0.000000;0.000000;0.000000;1.000000;-164.798798;238.047394;2099.150879;1.239030;0.000000;0.000000;0.000000;0.000000;1.000000;-158.392242;648.915161;2108.657227;1.816839;0.000000;0.000000;0.000000;0.000000;1.000000;-307.513306;755.271240;2103.268555;2.080691;0.000000;0.000000;0.000000;0.000000;1.000000;-42.185333;-802.912354;1947.330444;0.809172;0.000000;0.000000;0.000000;0.000000;2.000000;-195.759247;-861.393555;1900.652466;0.497819;0.000000;0.000000;0.000000;0.000000;2.000000;-148.415161;-893.677979;1884.616455;0.546305;0.000000;0.000000;0.000000;0.000000;2.000000;-18.627686;-867.365479;1859.575806;0.814668;0.000000;0.000000;0.000000;0.000000;2.000000;-168.281494;-892.759277;1936.520996;0.475115;0.000000;0.000000;0.000000;0.000000;2.000000;-65.792236;-875.886353;2029.329956;0.731328;0.000000;0.000000;0.000000;0.000000;2.000000;13003100160.000000
0.000000;-150.000000;2000.000000;0.000000;0.000000;0.000000;0.000000;0.000000;2.000000;-3.931213;-336.271271;1969.727783;0.284894;0.000000;0.000000;0.000000;0.000000;2.000000;-6.511658;-485.196503;1945.524048;0.477251;0.000000;0.000000;0.000000;0.000000;2.000000;-29.696777;-712.727661;1924.205200;0.875297;0.000000;0.000000;0.000000;0.000000;2.000000;-32.980377;-671.468567;1892.960815;0.916903;0.000000;0.000000;0.000000;0.000000;1.000000;-79.023834;-606.051941;1764.602051;1.619136;0.000000;0.000000;0.000000;0.000000;1.000000;-139.839478;-333.599640;1677.687744;2.856522;0.000000;0.000000;0.000000;0.000000;1.000000;-293.953735;-150.542313;1732.059692;2.916569;0.000000;0.000000;0.000000;0.000000;1.000000;-274.906128;-50.476624;1730.198853;1.075561;0.000000;0.000000;0.000000;0.000000;1.000000;-210.797150;24.031723;1671.817871;1.349211;0.000000;0.000000;0.000000;0.000000;1.000000;-241.462585;-16.281631;1703.156494;1.326758;0.000000;0.000000;0.000000;0.000000;1.000000;-16.627472;-678.952332;1961.852905;0.805079;0.000000;0.000000;0.000000;0.000000;2.000000;4.599976;-661.031189;2098.191406;1.433488;0.000000;0.000000;0.000000;0.000000;2.000000;-6.824432;-408.448425;2255.733398;1.859637;0.000000;0.000000;0.000000;0.000000;1.000000;-210.554779;-273.127075;2299.707764;2.463819;0.000000;0.000000;0.000000;0.000000;1.000000;-236.414215;-167.671890;2315.316650;2.091418;0.000000;0.000000;0.000000;0.000000;1.000000;-262.788025;-65.318932;2277.161621;2.334700;0.000000;0.000000;0.000000;0.000000;1.000000;-275.820435;-157.665054;2234.921875;2.897085;0.000000;0.000000;0.000000;0.000000;1.000000;-0.168274;-134.521301;1904.778198;0.563644;0.000000;0.000000;0.000000;0.000000;2.000000;48.396820;283.204681;1854.277954;0.896872;0.000000;0.000000;0.000000;0.000000;2.000000;222.384186;647.715881;1881.069336;1.030748;0.000000;0.000000;0.000000;0.000000;2.000000;128.319778;811.184265;1820.107666;1.096383;0.000000;0.000000;0.000000;0.000000;2.000000;0.151703;-163.957825;2085.865723;0.508262;0.000000;0.000000;0.000000;0.000000;1.000000;-171.740845;220.903397;2122.644043;0.912490;0.000000;0.000000;0.000000;0.000000;1.000000;-135.103302;627.848022;2142.060547;1.399151;0.000000;0.000000;0.000000;0.000000;1.000000;-271.981689;747.125916;2159.172119;2.036703;0.000000;0.000000;0.000000;0.000000;1.000000;-52.037811;-796.093018;1919.670532;0.919914;0.000000;0.000000;0.000000;0.000000;2.000000;-204.795776;-864.076660;1888.894409;0.459905;0.000000;0.000000;0.000000;0.000000;2.000000;-157.429138;-897.411133;1876.559326;0.386148;0.000000;0.000000;0.000000;0.000000;2.000000;-29.891449;-873.011414;1842.962524;0.636312;0.000000;0.000000;0.000000;0.000000;2.000000;-175.473206;-888.565674;1928.097046;0.361437;0.000000;0.000000;0.000000;0.000000;2.000000;-70.902435;-855.044983;2012.698975;0.828521;0.000000;0.000000;0.000000;0.000000;2.000000;13003132928.000000
0.000000;-150.000000;2000.000000;0.000000;0.000000;0.000000;0.000000;0.000000;2.000000;-1.542252;-336.199799;1975.086792;0.173645;0.000000;0.000000;0.000000;0.000000;2.000000;2.811295;-485.032257;1955.420532;0.402380;0.000000;0.000000;0.000000;0.000000;2.000000;-21.265976;-711.043152;1930.822998;0.321067;0.000000;0.000000;0.000000;0.000000;2.000000;-11.438614;-670.841064;1899.981323;0.670738;0.000000;0.000000;0.000000;0.000000;2.000000;23.621246;-599.984619;1771.879272;3.050469;0.000000;0.000000;0.000000;0.000000;2.000000;68.475510;-315.320374;1731.476440;6.389749;0.000000;0.000000;0.000000;0.000000;2.000000;-59.414383;-108.792320;1756.791626;7.087673;0.000000;0.000000;0.000000;0.000000;2.000000;-88.144730;-36.033573;1821.308594;6.164217;0.000000;0.000000;0.000000;0.000000;2.000000;4.807388;10.364746;1774.898804;7.083616;0.000000;0.000000;0.000000;0.000000;2.000000;-44.196884;10.829124;1727.182739;5.935258;0.000000;0.000000;0.000000;0.000000;2.000000;-20.943008;-676.807922;1969.952026;0.278893;0.000000;0.000000;0.000000;0.000000;2.000000;-50.867447;-640.954895;2100.323730;1.746788;0.000000;0.000000;0.000000;0.000000;2.000000;-86.871750;-388.362396;2251.364014;2.445683;0.000000;0.000000;0.000000;0.000000;1.000000;-274.652161;-227.680664;2260.860107;2.593888;0.000000;0.000000;0.000000;0.000000;1.000000;-276.551392;-140.414246;2326.440674;1.473031;0.000000;0.000000;0.000000;0.000000;1.000000;-293.761475;-55.332874;2255.916992;1.150095;0.000000;0.000000;0.000000;0.000000;1.000000;-270.256653;-117.592827;2196.840820;1.644174;0.000000;0.000000;0.000000;0.000000;1.000000;4.209427;-137.313141;1904.918335;0.153707;0.000000;0.000000;0.000000;0.000000;2.000000;39.987183;279.464081;1852.654419;0.276578;0.000000;0.000000;0.000000;0.000000;2.000000;213.189011;642.801270;1870.041138;0.449115;0.000000;0.000000;0.000000;0.000000;2.000000;112.796692;799.398865;1804.351929;0.741656;0.000000;0.000000;0.000000;0.000000;2.000000;-3.795837;-161.440292;2085.739258;0.138604;0.000000;0.000000;0.000000;0.000000;1.000000;-94.351334;247.982727;2124.533203;2.426970;0.000000;0.000000;0.000000;0.000000;1.000000;-55.030075;652.982544;2137.836670;2.486730;0.000000;0.000000;0.000000;0.000000;1.000000;-190.416397;771.198914;2163.096191;2.519355;0.000000;0.000000;0.000000;0.000000;1.000000;-44.113205;-793.255310;1919.946167;0.249227;0.000000;0.000000;0.000000;0.000000;2.000000;-181.275162;-887.628662;1889.745361;0.985329;0.000000;0.000000;0.000000;0.000000;2.000000;-129.164383;-915.167542;1889.676147;1.061321;0.000000;0.000000;0.000000;0.000000;2.000000;-3.035782;-879.384705;1864.541504;1.036804;0.000000;0.000000;0.000000;0.000000;2.000000;-154.521530;-899.048706;1935.810425;0.729907;0.000000;0.000000;0.000000;0.000000;2.000000;-67.123947;-834.319153;2020.704468;0.666939;0.000000;0.000000;0.000000;0.000000;2.000000;13003166720.000000
0.000000;-150.000000;2000.000000;0.000000;0.000000;0.000000;0.000000;0.000000;2.000000;3.706528;-334.577576;1982.209351;0.266191;0.000000;0.000000;0.000000;0.000000;2.000000;2.655045;-481.902405;1965.489502;0.312067;0.000000;0.000000;0.000000;0.000000;2.000000;-16.757721;-704.426758;1933.125488;0.246532;0.000000;0.000000;0.000000;0.000000;2.000000;1.287445;-664.669067;1906.854004;0.465351;0.000000;0.000000;0.000000;0.000000;2.000000;61.910950;-595.867188;1789.905762;1.258306;0.000000;0.000000;0.000000;0.000000;2.000000;85.342850;-313.044922;1745.240479;0.647760;0.000000;0.000000;0.000000;0.000000;2.000000;7.322540;-86.135765;1721.489014;2.332658;0.000000;0.000000;0.000000;0.000000;2.000000;-30.584610;-10.442181;1774.918457;2.315083;0.000000;0.000000;0.000000;0.000000;2.000000;31.280518;78.118362;1805.715210;2.337837;0.000000;0.000000;0.000000;0.000000;2.000000;23.948608;42.584427;1727.100464;2.224823;0.000000;0.000000;0.000000;0.000000;2.000000;-26.346832;-670.932251;1970.820435;0.237627;0.000000;0.000000;0.000000;0.000000;2.000000;-85.043747;-643.263123;2091.156982;1.049346;0.000000;0.000000;0.000000;0.000000;2.000000;-123.786331;-399.966309;2249.240967;1.146829;0.000000;0.000000;0.000000;0.000000;2.000000;-263.114380;-199.570160;2242.212402;1.055040;0.000000;0.000000;0.000000;0.000000;2.000000;-244.028000;-160.247055;2340.737793;1.204074;0.000000;0.000000;0.000000;0.000000;2.000000;-240.545547;-79.424370;2265.589600;1.752207;0.000000;0.000000;0.000000;0.000000;2.000000;-204.433548;-95.372040;2246.849365;2.533133;0.000000;0.000000;0.000000;0.000000;2.000000;50.224777;-141.288330;1920.080078;1.438555;0.000000;0.000000;0.000000;0.000000;2.000000;48.068039;271.082947;1863.892700;0.478857;0.000000;0.000000;0.000000;0.000000;2.000000;196.230408;639.654968;1884.012939;0.656870;0.000000;0.000000;0.000000;0.000000;2.000000;103.822044;788.266663;1798.539917;0.456775;0.000000;0.000000;0.000000;0.000000;2.000000;-45.289902;-157.855698;2072.067383;1.297207;0.000000;0.000000;0.000000;0.000000;2.000000;-201.387466;222.837830;2012.526367;4.644706;0.000000;0.000000;0.000000;0.000000;2.000000;-110.878586;612.078003;2055.519531;3.182891;0.000000;0.000000;0.000000;0.000000;2.000000;-204.201401;754.962524;2000.904785;4.840907;0.000000;0.000000;0.000000;0.000000;2.000000;-36.707779;-785.131104;1915.791870;0.347764;0.000000;0.000000;0.000000;0.000000;2.000000;-168.173691;-885.710938;1893.281006;0.405569;0.000000;0.000000;0.000000;0.000000;2.000000;-115.973557;-910.963684;1898.113037;0.479779;0.000000;0.000000;0.000000;0.000000;2.000000;8.238007;-874.705994;1873.095093;0.441074;0.000000;0.000000;0.000000;0.000000;2.000000;-143.047440;-890.544067;1940.591431;0.445705;0.000000;0.000000;0.000000;0.000000;2.000000;-61.683273;-814.166077;2018.688721;0.620610;0.000000;0.000000;0.000000;0.000000;2.000000;13003200512.000000
0.000000;-150.000000;2000.000000;0.000000;0.000000;0.000000;0.000000;0.000000;2.000000;4.003937;-333.730408;1983.113037;0.038876;0.000000;0.000000;0.000000;0.000000;2.000000;6.773453;-480.594971;1969.314575;0.176110;0.000000;0.000000;0.000000;0.000000;2.000000;-5.436630;-703.874084;1948.490601;0.582685;0.000000;0.000000;0.000000;0.000000;2.000000;14.926666;-665.531555;1922.300293;0.629402;0.000000;0.000000;0.000000;0.000000;2.000000;91.293640;-600.911438;1813.400513;1.158378;0.000000;0.000000;0.000000;0.000000;2.000000;126.831230;-320.950806;1767.867432;1.462224;0.000000;0.000000;0.000000;0.000000;2.000000;76.561264;-89.886589;1727.310181;2.123540;0.000000;0.000000;0.000000;0.000000;2.000000;25.332184;-13.632647;1765.816528;1.731644;0.000000;0.000000;0.000000;0.000000;2.000000;45.642578;78.686249;1825.468018;0.745507;0.000000;0.000000;0.000000;0.000000;2.000000;51.181808;28.975906;1723.822144;0.934449;0.000000;0.000000;0.000000;0.000000;2.000000;-19.830673;-668.627686;1982.536621;0.415129;0.000000;0.000000;0.000000;0.000000;2.000000;-85.962738;-633.980652;2096.258057;0.324449;0.000000;0.000000;0.000000;0.000000;2.000000;-133.222107;-379.847473;2230.489746;0.887327;0.000000;0.000000;0.000000;0.000000;2.000000;-249.583099;-166.582153;2233.176025;1.122516;0.000000;0.000000;0.000000;0.000000;2.000000;-239.545593;-138.556335;2336.211914;0.689902;0.000000;0.000000;0.000000;0.000000;2.000000;-256.130951;-67.852608;2253.770020;0.693571;0.000000;0.000000;0.000000;0.000000;1.000000;-207.074921;-62.294407;2257.310303;1.061792;0.000000;0.000000;0.000000;0.000000;1.000000;53.655060;-141.741333;1922.867432;0.135594;0.000000;0.000000;0.000000;0.000000;2.000000;42.633194;270.212891;1882.043701;0.578832;0.000000;0.000000;0.000000;0.000000;2.000000;179.816223;641.161316;1896.598877;0.632900;0.000000;0.000000;0.000000;0.000000;2.000000;86.626434;783.025940;1803.087402;0.565880;0.000000;0.000000;0.000000;0.000000;2.000000;-48.383118;-157.447220;2069.553711;0.122274;0.000000;0.000000;0.000000;0.000000;2.000000;-207.604675;221.787933;2025.343506;0.435916;0.000000;0.000000;0.000000;0.000000;2.000000;-89.511200;597.106873;2097.009766;1.495716;0.000000;0.000000;0.000000;0.000000;2.000000;-165.245941;749.404663;2043.538330;1.770555;0.000000;0.000000;0.000000;0.000000;2.000000;-21.958252;-785.449707;1933.909668;0.713031;0.000000;0.000000;0.000000;0.000000;2.000000;-136.105682;-885.017273;1865.453125;1.295912;0.000000;0.000000;0.000000;0.000000;2.000000;-91.915649;-910.466187;1892.874390;0.751547;0.000000;0.000000;0.000000;0.000000;2.000000;32.385178;-878.090271;1919.292847;1.594166;0.000000;0.000000;0.000000;0.000000;2.000000;-132.977203;-886.715454;1918.853394;0.740396;0.000000;0.000000;0.000000;0.000000;2.000000;-88.049927;-806.386169;2018.340576;0.839011;0.000000;0.000000;0.000000;0.000000;2.000000;13003233280.000000
0.000000;-150.000000;2000.000000;0.000000;0.000000;0.000000;0.000000;0.000000;2.000000;9.504257;-330.560272;1986.241577;0.209443;0.000000;0.000000;0.000000;0.000000;2.000000;16.317993;-474.884552;1974.431763;0.362307;0.000000;0.000000;0.000000;0.000000;2.000000;17.669647;-693.600586;1945.181274;0.754701;0.000000;0.000000;0.000000;0.000000;2.000000;39.091492;-654.108704;1923.653687;0.791989;0.000000;0.000000;0.000000;0.000000;2.000000;117.371712;-576.411011;1829.066406;1.155923;0.000000;0.000000;0.000000;0.000000;2.000000;154.730988;-302.985992;1776.772705;1.016734;0.000000;0.000000;0.000000;0.000000;2.000000;104.327484;-83.588264;1706.783813;1.038688;0.000000;0.000000;0.000000;0.000000;2.000000;71.433670;-3.092968;1751.701538;1.460477;0.000000;0.000000;0.000000;0.000000;2.000000;91.685982;62.021759;1837.794312;1.494257;0.000000;0.000000;0.000000;0.000000;2.000000;87.066742;35.578983;1741.430420;1.198921;0.000000;0.000000;0.000000;0.000000;2.000000;-2.435242;-660.964111;1977.572144;0.581389;0.000000;0.000000;0.000000;0.000000;2.000000;-87.484268;-641.310425;2078.802490;0.562059;0.000000;0.000000;0.000000;0.000000;2.000000;-114.450485;-438.122803;2278.533691;2.303037;0.000000;0.000000;0.000000;0.000000;2.000000;-213.885910;-221.092133;2279.255859;2.361680;0.000000;0.000000;0.000000;0.000000;2.000000;-270.057556;-143.298706;2322.824463;0.995961;0.000000;0.000000;0.000000;0.000000;1.000000;-237.019638;-58.885918;2264.200195;0.696804;0.000000;0.000000;0.000000;0.000000;1.000000;-180.316544;-106.294807;2247.555664;1.551069;0.000000;0.000000;0.000000;0.000000;2.000000;66.456223;-141.621292;1935.948608;0.541638;0.000000;0.000000;0.000000;0.000000;2.000000;67.118546;261.081421;1877.632813;0.784277;0.000000;0.000000;0.000000;0.000000;2.000000;147.698318;641.510681;1875.714111;1.133777;0.000000;0.000000;0.000000;0.000000;2.000000;47.867859;773.009155;1780.850342;1.355160;0.000000;0.000000;0.000000;0.000000;2.000000;-59.926468;-157.555450;2057.757813;0.488419;0.000000;0.000000;0.000000;0.000000;2.000000;-213.336838;216.333221;2014.318481;0.401594;0.000000;0.000000;0.000000;0.000000;2.000000;-24.770035;536.585571;2142.000000;2.941228;0.000000;0.000000;0.000000;0.000000;2.000000;-41.625137;707.313599;2106.512207;4.290392;0.000000;0.000000;0.000000;0.000000;2.000000;7.341965;-773.746338;1926.115234;0.961755;0.000000;0.000000;0.000000;0.000000;2.000000;-109.454300;-878.592529;1880.935913;0.931722;0.000000;0.000000;0.000000;0.000000;2.000000;-67.239700;-899.078979;1913.103638;1.002578;0.000000;0.000000;0.000000;0.000000;2.000000;56.311401;-868.105957;1932.561768;0.861865;0.000000;0.000000;0.000000;0.000000;2.000000;-106.389664;-868.840942;1932.519287;1.030727;0.000000;0.000000;0.000000;0.000000;2.000000;-58.389572;-772.530884;2010.971924;1.349709;0.000000;0.000000;0.000000;0.000000;2.000000;13003267072.000000
0.000000;-150.000000;2000.000000;0.000000;0.000000;0.000000;0.000000;0.000000;2.000000;12.945236;-331.951385;1983.105469;0.148288;0.000000;0.000000;0.000000;0.000000;2.000000;20.767548;-477.244934;1966.458618;0.287807;0.000000;0.000000;0.000000;0.000000;2.000000;23.229980;-699.304993;1946.939941;0.248958;0.000000;0.000000;0.000000;0.000000;2.000000;48.503433;-660.602783;1927.027832;0.363841;0.000000;0.000000;0.000000;0.000000;2.000000;140.496658;-587.614075;1838.956787;0.840255;0.000000;0.000000;0.000000;0.000000;2.000000;197.258224;-315.056671;1784.110718;1.367553;0.000000;0.000000;0.000000;0.000000;2.000000;163.119476;-97.638100;1693.097656;1.891402;0.000000;0.000000;0.000000;0.000000;2.000000;143.798004;-9.801193;1734.181396;2.281391;0.000000;0.000000;0.000000;0.000000;2.000000;139.787949;28.548412;1838.219116;1.788456;0.000000;0.000000;0.000000;0.000000;2.000000;120.565514;25.140213;1722.958740;1.210105;0.000000;0.000000;0.000000;0.000000;2.000000;-1.280670;-664.736206;1974.772583;0.147622;0.000000;0.000000;0.000000;0.000000;2.000000;-105.107620;-635.184387;2055.902832;0.901434;0.000000;0.000000;0.000000;0.000000;2.000000;-134.844437;-460.355835;2284.252441;0.937106;0.000000;0.000000;0.000000;0.000000;2.000000;-209.975540;-232.022308;2303.845215;0.829829;0.000000;0.000000;0.000000;0.000000;2.000000;-229.588577;-141.936768;2250.608643;2.526649;0.000000;0.000000;0.000000;0.000000;2.000000;-258.617310;-39.925350;2225.211670;1.478156;0.000000;0.000000;0.000000;0.000000;1.000000;-196.237015;-139.015457;2232.404785;1.202893;0.000000;0.000000;0.000000;0.000000;1.000000;72.757339;-139.440445;1942.025024;0.275307;0.000000;0.000000;0.000000;0.000000;2.000000;68.723015;264.208130;1864.342896;0.419517;0.000000;0.000000;0.000000;0.000000;2.000000;127.997528;652.422363;1853.563721;0.964001;0.000000;0.000000;0.000000;0.000000;2.000000;11.154449;759.476685;1744.515869;1.629535;0.000000;0.000000;0.000000;0.000000;2.000000;-65.608475;-159.522003;2052.278809;0.248249;0.000000;0.000000;0.000000;0.000000;2.000000;-214.638535;220.300476;2005.971191;0.284830;0.000000;0.000000;0.000000;0.000000;2.000000;-20.966309;515.086670;2188.169922;1.558589;0.000000;0.000000;0.000000;0.000000;2.000000;-12.669067;688.689514;2154.744629;1.808453;0.000000;0.000000;0.000000;0.000000;2.000000;14.595810;-780.959412;1929.805298;0.331875;0.000000;0.000000;0.000000;0.000000;2.000000;-110.712387;-881.576904;1892.401978;0.363608;0.000000;0.000000;0.000000;0.000000;2.000000;-66.372559;-904.439880;1920.941406;0.290994;0.000000;0.000000;0.000000;0.000000;2.000000;60.743149;-878.153381;1930.719727;0.339808;0.000000;0.000000;0.000000;0.000000;2.000000;-102.984940;-872.825684;1944.228760;0.391509;0.000000;0.000000;0.000000;0.000000;2.000000;-44.472321;-778.888977;2020.727905;0.553786;0.000000;0.000000;0.000000;0.000000;2.000000;13003299840.000000
0.000000;-150.000000;2000.000000;0.000000;0.000000;0.000000;0.000000;0.000000;2.000000;11.528336;-333.520691;1989.898682;0.210542;0.000000;0.000000;0.000000;0.000000;2.000000;21.538635;-480.245148;1983.012085;0.498367;0.000000;0.000000;0.000000;0.000000;2.000000;16.283142;-703.883484;1969.507324;0.711772;0.000000;0.000000;0.000000;0.000000;2.000000;45.352272;-666.670776;1951.337646;0.747309;0.000000;0.000000;0.000000;0.000000;2.000000;147.328751;-601.435303;1866.957886;0.945936;0.000000;0.000000;0.000000;0.000000;2.000000;218.406311;-333.084930;1801.334351;0.967514;0.000000;0.000000;0.000000;0.000000;2.000000;191.306442;-117.396873;1701.011230;1.045233;0.000000;0.000000;0.000000;0.000000;2.000000;165.893982;-22.262262;1714.564209;0.948976;0.000000;0.000000;0.000000;0.000000;2.000000;184.929840;13.458847;1818.500000;1.524626;0.000000;0.000000;0.000000;0.000000;2.000000;138.727600;5.616924;1696.982178;1.101632;0.000000;0.000000;0.000000;0.000000;2.000000;-9.636505;-667.324219;1993.781494;0.619230;0.000000;0.000000;0.000000;0.000000;2.000000;-121.997604;-627.593018;2058.781738;0.554570;0.000000;0.000000;0.000000;0.000000;2.000000;-166.954300;-420.075256;2257.259766;1.721012;0.000000;0.000000;0.000000;0.000000;2.000000;-211.590897;-202.478790;2160.099121;4.343027;0.000000;0.000000;0.000000;0.000000;2.000000;-190.077957;-159.939102;2064.277344;5.661787;0.000000;0.000000;0.000000;0.000000;2.000000;-155.999832;-93.563515;1983.947144;7.919378;0.000000;0.000000;0.000000;0.000000;2.000000;-190.522446;-155.397461;2050.001465;5.422190;0.000000;0.000000;0.000000;0.000000;2.000000;78.033951;-142.233002;1947.947632;0.248858;0.000000;0.000000;0.000000;0.000000;2.000000;61.548820;260.731964;1857.834595;0.304548;0.000000;0.000000;0.000000;0.000000;2.000000;105.281120;652.773621;1838.715698;0.803172;0.000000;0.000000;0.000000;0.000000;2.000000;-12.489639;754.159668;1723.619141;0.946964;0.000000;0.000000;0.000000;0.000000;2.000000;-70.366653;-157.003845;2046.937866;0.224412;0.000000;0.000000;0.000000;0.000000;2.000000;-152.975662;247.287262;2035.540894;2.175617;0.000000;0.000000;0.000000;0.000000;2.000000;-66.238678;620.608215;2146.813965;3.611619;0.000000;0.000000;0.000000;0.000000;1.000000;-148.328293;763.915955;2080.632324;5.087473;0.000000;0.000000;0.000000;0.000000;1.000000;5.885544;-786.028625;1953.564087;0.763727;0.000000;0.000000;0.000000;0.000000;2.000000;-105.076492;-893.891785;1893.844971;0.403051;0.000000;0.000000;0.000000;0.000000;2.000000;-61.933807;-915.401489;1925.692505;0.377157;0.000000;0.000000;0.000000;0.000000;2.000000;60.934288;-879.130310;1952.381714;0.641715;0.000000;0.000000;0.000000;0.000000;2.000000;-103.920303;-889.035950;1947.017334;0.487540;0.000000;0.000000;0.000000;0.000000;2.000000;-63.063431;-796.989563;2037.293945;0.911004;0.000000;0.000000;0.000000;0.000000;2.000000;13003333632.000000
0.000000;-150.000000;2000.000000;0.000000;0.000000;0.000000;0.000000;0.000000;2.000000;15.790894;-334.161743;1996.076416;0.229886;0.000000;0.000000;0.000000;0.000000;2.000000;29.485184;-481.321899;1994.752808;0.433899;0.000000;0.000000;0.000000;0.000000;2.000000;24.713692;-706.154297;1988.051025;0.625498;0.000000;0.000000;0.000000;0.000000;2.000000;55.851181;-669.442383;1971.844238;0.708132;0.000000;0.000000;0.000000;0.000000;2.000000;165.823364;-605.728821;1895.739136;1.052235;0.000000;0.000000;0.000000;0.000000;2.000000;234.654175;-339.186798;1816.839966;0.710247;0.000000;0.000000;0.000000;0.000000;2.000000;229.336639;-123.643097;1710.623901;1.212172;0.000000;0.000000;0.000000;0.000000;2.000000;200.092346;-28.308779;1714.306519;1.059868;0.000000;0.000000;0.000000;0.000000;2.000000;215.542603;-0.416607;1821.645874;1.030196;0.000000;0.000000;0.000000;0.000000;2.000000;190.661987;5.682373;1704.482422;1.601356;0.000000;0.000000;0.000000;0.000000;2.000000;-3.614716;-668.647095;2008.267212;0.480444;0.000000;0.000000;0.000000;0.000000;2.000000;-121.299652;-625.158691;2061.482422;0.112984;0.000000;0.000000;0.000000;0.000000;2.000000;-168.269440;-387.420135;2224.006348;1.422877;0.000000;0.000000;0.000000;0.000000;2.000000;-215.902435;-167.514465;2131.196777;1.390624;0.000000;0.000000;0.000000;0.000000;2.000000;-177.534973;-115.975838;2045.082764;1.513170;0.000000;0.000000;0.000000;0.000000;2.000000;-124.427094;-45.744270;1979.043579;1.755109;0.000000;0.000000;0.000000;0.000000;2.000000;-186.991974;-101.709747;2026.537720;1.791302;0.000000;0.000000;0.000000;0.000000;2.000000;80.951126;-142.034454;1951.917847;0.150473;0.000000;0.000000;0.000000;0.000000;2.000000;58.910110;260.663391;1854.662842;0.125929;0.000000;0.000000;0.000000;0.000000;2.000000;87.962547;655.014587;1825.697998;0.664706;0.000000;0.000000;0.000000;0.000000;2.000000;-28.308731;749.296204;1702.081543;0.828913;0.000000;0.000000;0.000000;0.000000;2.000000;-72.997177;-157.182877;2043.357910;0.135684;0.000000;0.000000;0.000000;0.000000;2.000000;-133.259033;252.566406;2057.975098;0.925598;0.000000;0.000000;0.000000;0.000000;2.000000;-113.188934;644.497986;2138.643066;1.626851;0.000000;0.000000;0.000000;0.000000;1.000000;-210.643311;766.875122;2052.444824;2.089162;0.000000;0.000000;0.000000;0.000000;1.000000;15.695175;-789.094299;1973.719116;0.690434;0.000000;0.000000;0.000000;0.000000;2.000000;-93.963608;-889.740784;1899.059570;0.395458;0.000000;0.000000;0.000000;0.000000;2.000000;-51.210220;-914.882019;1929.133301;0.344057;0.000000;0.000000;0.000000;0.000000;2.000000;71.400955;-881.638977;1962.599121;0.452896;0.000000;0.000000;0.000000;0.000000;2.000000;-93.907150;-891.231873;1952.653687;0.357008;0.000000;0.000000;0.000000;0.000000;2.000000;-55.160797;-810.144104;2054.429688;0.701989;0.000000;0.000000;0.000000;0.000000;2.000000;13003366400.000000
0.000000;-150.000000;2000.000000;0.000000;0.000000;0.000000;0.000000;0.000000;2.000000;12.367058;-334.338196;2000.317627;0.161387;0.000000;0.000000;0.000000;0.000000;2.000000;22.041992;-481.721863;2000.174316;0.272758;0.000000;0.000000;0.000000;0.000000;2.000000;23.643631;-706.494141;2004.976929;0.501986;0.000000;0.000000;0.000000;0.000000;2.000000;54.576469;-669.776489;1988.501953;0.494489;0.000000;0.000000;0.000000;0.000000;2.000000;170.631439;-613.065735;1916.180054;0.658251;0.000000;0.000000;0.000000;0.000000;2.000000;251.714661;-350.978394;1834.747803;0.810860;0.000000;0.000000;0.000000;0.000000;2.000000;251.544067;-139.312164;1721.223633;0.863301;0.000000;0.000000;0.000000;0.000000;2.000000;259.798401;-40.603462;1709.721924;1.809036;0.000000;0.000000;0.000000;0.000000;2.000000;278.090271;0.751442;1812.076538;1.872817;0.000000;0.000000;0.000000;0.000000;2.000000;229.600220;-10.853270;1681.704712;1.421822;0.000000;0.000000;0.000000;0.000000;2.000000;-6.681442;-668.885010;2021.720703;0.408400;0.000000;0.000000;0.000000;0.000000;2.000000;-124.838913;-620.438232;2069.041504;0.283765;0.000000;0.000000;0.000000;0.000000;2.000000;-179.723007;-370.531982;2208.891602;0.751476;0.000000;0.000000;0.000000;0.000000;2.000000;-242.698593;-138.973572;2169.206055;1.614727;0.000000;0.000000;0.000000;0.000000;2.000000;-212.376846;-66.605988;2095.914063;2.336737;0.000000;0.000000;0.000000;0.000000;2.000000;-173.863754;3.225803;2020.165771;2.391912;0.000000;0.000000;0.000000;0.000000;2.000000;-212.978165;-11.909781;2154.114746;4.680457;0.000000;0.000000;0.000000;0.000000;2.000000;83.088531;-144.502396;1955.476807;0.142923;0.000000;0.000000;0.000000;0.000000;2.000000;56.992340;254.590530;1846.304199;0.310970;0.000000;0.000000;0.000000;0.000000;2.000000;72.430145;648.532288;1806.899536;0.746688;0.000000;0.000000;0.000000;0.000000;2.000000;-33.484436;740.889160;1673.146362;0.904742;0.000000;0.000000;0.000000;0.000000;2.000000;-74.924591;-154.957428;2040.148560;0.128882;0.000000;0.000000;0.000000;0.000000;2.000000;-107.711914;255.876694;2080.711670;1.016789;0.000000;0.000000;0.000000;0.000000;2.000000;-116.595871;650.990723;2144.799316;0.283323;0.000000;0.000000;0.000000;0.000000;1.000000;-207.333847;760.836853;2037.279297;0.492884;0.000000;0.000000;0.000000;0.000000;1.000000;17.617264;-790.226563;1994.557861;0.620200;0.000000;0.000000;0.000000;0.000000;2.000000;-85.259064;-878.632446;1898.163940;0.418470;0.000000;0.000000;0.000000;0.000000;2.000000;-42.718140;-907.540527;1924.891479;0.355121;0.000000;0.000000;0.000000;0.000000;2.000000;77.155457;-877.288940;1969.051880;0.286417;0.000000;0.000000;0.000000;0.000000;2.000000;-87.083008;-889.992859;1950.492188;0.214983;0.000000;0.000000;0.000000;0.000000;2.000000;-55.203003;-827.992371;2066.893555;0.644220;0.000000;0.000000;0.000000;0.000000;2.000000;13003400192.000000
0.000000;-150.000000;2000.000000;0.000000;0.000000;0.000000;0.000000;0.000000;2.000000;8.174667;-333.904877;1996.794189;0.167648;0.000000;0.000000;0.000000;0.000000;2.000000;13.596817;-480.929718;1992.396362;0.351211;0.000000;0.000000;0.000000;0.000000;2.000000;23.021156;-704.311951;2006.922729;0.091224;0.000000;0.000000;0.000000;0.000000;2.000000;53.046776;-667.328674;1989.911621;0.098032;0.000000;0.000000;0.000000;0.000000;2.000000;175.769073;-618.465942;1924.216919;0.334510;0.000000;0.000000;0.000000;0.000000;2.000000;262.488586;-358.549469;1845.137451;0.511880;0.000000;0.000000;0.000000;0.000000;2.000000;270.617920;-149.937775;1728.059082;0.698205;0.000000;0.000000;0.000000;0.000000;2.000000;268.645233;-53.803448;1702.968994;0.526911;0.000000;0.000000;0.000000;0.000000;2.000000;279.633148;-11.062613;1805.376953;0.417139;0.000000;0.000000;0.000000;0.000000;2.000000;228.523712;-33.792664;1670.594604;0.778533;0.000000;0.000000;0.000000;0.000000;2.000000;-9.049706;-667.308105;2021.013550;0.089471;0.000000;0.000000;0.000000;0.000000;2.000000;-131.495026;-630.046631;2066.160645;0.367385;0.000000;0.000000;0.000000;0.000000;2.000000;-197.127411;-359.860168;2150.591064;1.885125;0.000000;0.000000;0.000000;0.000000;2.000000;-251.838318;-134.596069;2221.406250;1.622766;0.000000;0.000000;0.000000;0.000000;2.000000;-242.661682;-30.349222;2199.112793;3.463671;0.000000;0.000000;0.000000;0.000000;2.000000;-215.557922;75.078194;2186.285645;5.668141;0.000000;0.000000;0.000000;0.000000;2.000000;-233.492828;-27.598431;2184.544678;1.218017;0.000000;0.000000;0.000000;0.000000;2.000000;80.364197;-145.577957;1951.247925;0.156987;0.000000;0.000000;0.000000;0.000000;2.000000;61.844280;252.515900;1842.310791;0.201953;0.000000;0.000000;0.000000;0.000000;2.000000;65.636169;642.136597;1778.440430;0.913992;0.000000;0.000000;0.000000;0.000000;2.000000;-41.079643;726.283569;1640.930664;1.104071;0.000000;0.000000;0.000000;0.000000;2.000000;-72.467934;-153.987564;2043.961914;0.141562;0.000000;0.000000;0.000000;0.000000;2.000000;-65.904243;254.460693;2102.687500;1.442040;0.000000;0.000000;0.000000;0.000000;2.000000;-38.430931;644.188721;2183.635254;2.671684;0.000000;0.000000;0.000000;0.000000;1.000000;-127.504128;761.166077;2083.522705;2.815459;0.000000;0.000000;0.000000;0.000000;1.000000;20.340370;-788.283447;1999.978271;0.194385;0.000000;0.000000;0.000000;0.000000;2.000000;-69.115120;-865.971130;1883.951538;0.761674;0.000000;0.000000;0.000000;0.000000;2.000000;-30.646614;-897.661926;1913.148438;0.595842;0.000000;0.000000;0.000000;0.000000;2.000000;82.175316;-873.338135;1974.757080;0.261379;0.000000;0.000000;0.000000;0.000000;2.000000;-77.740913;-881.838135;1934.197388;0.624899;0.000000;0.000000;0.000000;0.000000;2.000000;-61.119591;-831.056335;2058.405273;0.329314;0.000000;0.000000;0.000000;0.000000;2.000000;13003432960.000000
0.000000;-150.000000;2000.000000;0.000000;0.000000;0.000000;0.000000;0.000000;2.000000;6.087669;-334.975037;1993.798096;0.112598;0.000000;0.000000;0.000000;0.000000;2.000000;9.530968;-482.786285;1986.293457;0.223858;0.000000;0.000000;0.000000;0.000000;2.000000;14.107033;-707.150330;2006.823608;0.276859;0.000000;0.000000;0.000000;0.000000;2.000000;45.717751;-670.945435;1990.140869;0.241953;0.000000;0.000000;0.000000;0.000000;2.000000;171.483917;-622.911011;1927.754150;0.210574;0.000000;0.000000;0.000000;0.000000;2.000000;278.050140;-368.189392;1850.073608;0.561059;0.000000;0.000000;0.000000;0.000000;2.000000;317.613037;-160.000732;1735.840942;1.440766;0.000000;0.000000;0.000000;0.000000;2.000000;276.465332;-72.888168;1709.232300;0.637867;0.000000;0.000000;0.000000;0.000000;2.000000;298.695404;0.233105;1791.319092;0.776543;0.000000;0.000000;0.000000;0.000000;2.000000;253.050156;-39.783688;1703.413940;1.225352;0.000000;0.000000;0.000000;0.000000;2.000000;-18.020317;-669.014099;2018.653442;0.279103;0.000000;0.000000;0.000000;0.000000;2.000000;-138.726349;-624.443115;2064.223877;0.276724;0.000000;0.000000;0.000000;0.000000;2.000000;-210.290497;-373.687988;2196.196289;1.463068;0.000000;0.000000;0.000000;0.000000;2.000000;-274.567566;-138.580475;2191.062012;1.128129;0.000000;0.000000;0.000000;0.000000;2.000000;-249.331299;-36.137543;2169.849609;0.904554;0.000000;0.000000;0.000000;0.000000;2.000000;-221.358673;70.493988;2170.680908;0.510998;0.000000;0.000000;0.000000;0.000000;2.000000;-234.481323;-30.122398;2152.137695;0.962362;0.000000;0.000000;0.000000;0.000000;2.000000;82.575577;-145.738403;1953.950684;0.103451;0.000000;0.000000;0.000000;0.000000;2.000000;62.868523;252.641785;1837.445068;0.147193;0.000000;0.000000;0.000000;0.000000;2.000000;56.719666;640.853455;1754.017578;0.770338;0.000000;0.000000;0.000000;0.000000;2.000000;-51.834061;696.326660;1602.523926;1.476130;0.000000;0.000000;0.000000;0.000000;2.000000;-74.462036;-153.842865;2041.524780;0.093285;0.000000;0.000000;0.000000;0.000000;2.000000;-62.688980;254.587799;2114.621094;0.365761;0.000000;0.000000;0.000000;0.000000;2.000000;-32.482346;642.777039;2211.773193;0.852109;0.000000;0.000000;0.000000;0.000000;1.000000;-114.413757;758.310242;2102.472656;0.686792;0.000000;0.000000;0.000000;0.000000;1.000000;10.114197;-791.695862;2001.806396;0.323580;0.000000;0.000000;0.000000;0.000000;2.000000;-73.342575;-862.435242;1875.910645;0.288480;0.000000;0.000000;0.000000;0.000000;2.000000;-34.911926;-895.605530;1904.161499;0.300606;0.000000;0.000000;0.000000;0.000000;2.000000;75.494888;-873.427612;1972.228271;0.211399;0.000000;0.000000;0.000000;0.000000;2.000000;-83.441040;-882.572266;1924.659058;0.329545;0.000000;0.000000;0.000000;0.000000;2.000000;-72.733261;-841.220154;2053.771729;0.476849;0.000000;0.000000;0.000000;0.000000;2.000000;13003466752.000000
0.000000;-150.000000;2000.000000;0.000000;0.000000;0.000000;0.000000;0.000000;2.000000;5.565575;-335.952240;1987.678833;0.189781;0.000000;0.000000;0.000000;0.000000;2.000000;8.583328;-484.457306;1975.281494;0.341134;0.000000;0.000000;0.000000;0.000000;2.000000;14.757431;-709.745850;2001.439697;0.183477;0.000000;0.000000;0.000000;0.000000;2.000000;46.544189;-673.426025;1984.285034;0.195711;0.000000;0.000000;0.000000;0.000000;2.000000;174.971497;-625.396606;1924.974365;0.155815;0.000000;0.000000;0.000000;0.000000;2.000000;279.115906;-365.634033;1853.713745;0.139570;0.000000;0.000000;0.000000;0.000000;2.000000;316.937958;-155.473724;1739.027710;0.170202;0.000000;0.000000;0.000000;0.000000;2.000000;307.390900;-60.907299;1705.972534;1.016999;0.000000;0.000000;0.000000;0.000000;2.000000;318.252197;-4.111897;1802.966187;0.707193;0.000000;0.000000;0.000000;0.000000;2.000000;277.697754;-33.154415;1682.756104;1.002073;0.000000;0.000000;0.000000;0.000000;2.000000;-18.100700;-671.362549;2011.905151;0.218070;0.000000;0.000000;0.000000;0.000000;2.000000;-142.865417;-638.497864;2059.256104;0.472132;0.000000;0.000000;0.000000;0.000000;2.000000;-206.251221;-377.915588;2180.356689;0.515269;0.000000;0.000000;0.000000;0.000000;2.000000;-289.121704;-148.194092;2155.697266;1.203380;0.000000;0.000000;0.000000;0.000000;2.000000;-248.838867;-48.879059;2139.764160;0.997193;0.000000;0.000000;0.000000;0.000000;2.000000;-237.457703;60.432243;2124.226074;1.531505;0.000000;0.000000;0.000000;0.000000;2.000000;-249.262970;-36.239262;2119.106445;1.120031;0.000000;0.000000;0.000000;0.000000;2.000000;83.071350;-144.442474;1953.649170;0.043332;0.000000;0.000000;0.000000;0.000000;2.000000;63.542976;254.260620;1828.395630;0.281305;0.000000;0.000000;0.000000;0.000000;2.000000;53.752941;642.342407;1732.670654;0.659285;0.000000;0.000000;0.000000;0.000000;2.000000;-39.401848;660.527283;1561.437134;1.705788;0.000000;0.000000;0.000000;0.000000;2.000000;-74.909065;-155.011475;2041.796509;0.039073;0.000000;0.000000;0.000000;0.000000;2.000000;-40.543861;255.479126;2112.323486;0.679987;0.000000;0.000000;0.000000;0.000000;2.000000;8.218323;644.726929;2209.051270;1.246282;0.000000;0.000000;0.000000;0.000000;1.000000;-76.475456;749.976257;2089.907227;1.245872;0.000000;0.000000;0.000000;0.000000;1.000000;11.537193;-794.996887;1998.369263;0.151779;0.000000;0.000000;0.000000;0.000000;2.000000;-56.933205;-859.398804;1859.214233;0.720407;0.000000;0.000000;0.000000;0.000000;2.000000;-17.759346;-892.441833;1887.411621;0.737982;0.000000;0.000000;0.000000;0.000000;2.000000;85.933167;-868.710876;1966.382935;0.392448;0.000000;0.000000;0.000000;0.000000;2.000000;-68.900276;-885.163696;1905.218140;0.745091;0.000000;0.000000;0.000000;0.000000;2.000000;-71.013878;-855.970093;2038.976685;0.639713;0.000000;0.000000;0.000000;0.000000;2.000000;13003499520.000000
0.000000;-150.000000;2000.000000;0.000000;0.000000;0.000000;0.000000;0.000000;2.000000;3.856178;-336.854431;1987.149292;0.059307;0.000000;0.000000;0.000000;0.000000;2.000000;5.954086;-486.092346;1974.763916;0.092896;0.000000;0.000000;0.000000;0.000000;2.000000;6.122269;-712.486206;2001.542358;0.268115;0.000000;0.000000;0.000000;0.000000;2.000000;39.898323;-676.602295;1986.692993;0.229329;0.000000;0.000000;0.000000;0.000000;2.000000;170.283768;-631.093994;1927.863159;0.234475;0.000000;0.000000;0.000000;0.000000;2.000000;271.289795;-366.205444;1865.952759;0.430235;0.000000;0.000000;0.000000;0.000000;2.000000;298.759857;-151.531952;1754.260376;0.711468;0.000000;0.000000;0.000000;0.000000;2.000000;291.980774;-56.925293;1719.226074;0.612925;0.000000;0.000000;0.000000;0.000000;2.000000;302.804688;4.036919;1814.306274;0.616232;0.000000;0.000000;0.000000;0.000000;2.000000;267.214233;-23.524921;1700.985718;0.684452;0.000000;0.000000;0.000000;0.000000;2.000000;-26.878990;-673.314392;2009.573730;0.274916;0.000000;0.000000;0.000000;0.000000;2.000000;-153.977005;-634.853455;2047.475342;0.491219;0.000000;0.000000;0.000000;0.000000;2.000000;-222.649658;-380.478912;2181.620117;0.492590;0.000000;0.000000;0.000000;0.000000;2.000000;-311.581635;-155.087708;2135.624023;0.914463;0.000000;0.000000;0.000000;0.000000;2.000000;-290.569763;-50.834717;2112.332031;1.478993;0.000000;0.000000;0.000000;0.000000;2.000000;-294.534271;52.048927;2069.467285;2.353798;0.000000;0.000000;0.000000;0.000000;2.000000;-271.636658;-43.209221;2086.741699;1.182468;0.000000;0.000000;0.000000;0.000000;2.000000;86.792015;-145.446152;1959.829468;0.215534;0.000000;0.000000;0.000000;0.000000;2.000000;65.717499;252.685242;1826.559326;0.096267;0.000000;0.000000;0.000000;0.000000;2.000000;50.108215;638.725952;1716.424805;0.504200;0.000000;0.000000;0.000000;0.000000;2.000000;-19.493713;648.401367;1532.688110;1.095285;0.000000;0.000000;0.000000;0.000000;2.000000;-78.264175;-154.106415;2036.223633;0.194352;0.000000;0.000000;0.000000;0.000000;2.000000;-53.322884;256.766022;2119.261719;0.431993;0.000000;0.000000;0.000000;0.000000;2.000000;14.110065;611.711182;2304.413086;2.991454;0.000000;0.000000;0.000000;0.000000;2.000000;-35.343925;748.111389;2196.217285;3.373724;0.000000;0.000000;0.000000;0.000000;1.000000;1.580505;-798.078918;1998.268066;0.308454;0.000000;0.000000;0.000000;0.000000;2.000000;-62.802551;-860.835693;1855.485229;0.210128;0.000000;0.000000;0.000000;0.000000;2.000000;-24.349907;-894.440186;1884.579712;0.220359;0.000000;0.000000;0.000000;0.000000;2.000000;77.300888;-871.733276;1967.475464;0.272583;0.000000;0.000000;0.000000;0.000000;2.000000;-76.271042;-887.349121;1900.950439;0.260211;0.000000;0.000000;0.000000;0.000000;2.000000;-82.606216;-859.858704;2035.606201;0.375332;0.000000;0.000000;0.000000;0.000000;2.000000;13003533312.000000
0.000000;-150.000000;2000.000000;0.000000;0.000000;0.000000;0.000000;0.000000;2.000000;4.395596;-336.644623;1989.185425;0.062642;0.000000;0.000000;0.000000;0.000000;2.000000;6.909538;-485.742218;1978.447388;0.113087;0.000000;0.000000;0.000000;0.000000;2.000000;5.381134;-712.582520;1996.657959;0.146225;0.000000;0.000000;0.000000;0.000000;2.000000;39.227985;-676.516357;1982.751465;0.118343;0.000000;0.000000;0.000000;0.000000;2.000000;171.287704;-631.031860;1928.480835;0.034930;0.000000;0.000000;0.000000;0.000000;2.000000;271.389954;-364.266632;1876.289673;0.311247;0.000000;0.000000;0.000000;0.000000;2.000000;288.242432;-147.500626;1767.493286;0.514249;0.000000;0.000000;0.000000;0.000000;2.000000;300.409729;-50.410553;1742.720703;0.763406;0.000000;0.000000;0.000000;0.000000;2.000000;303.958282;2.403261;1842.856323;0.846946;0.000000;0.000000;0.000000;0.000000;2.000000;264.576355;-13.777012;1720.981445;0.662911;0.000000;0.000000;0.000000;0.000000;2.000000;-27.103745;-673.529602;2006.570679;0.089345;0.000000;0.000000;0.000000;0.000000;2.000000;-152.527481;-635.649658;2049.434814;0.075879;0.000000;0.000000;0.000000;0.000000;2.000000;-231.552475;-388.876587;2190.753906;0.451915;0.000000;0.000000;0.000000;0.000000;2.000000;-309.029907;-165.294617;2122.765381;0.491666;0.000000;0.000000;0.000000;0.000000;2.000000;-298.841797;-61.816574;2091.143555;0.747462;0.000000;0.000000;0.000000;0.000000;2.000000;-318.116394;39.238861;2048.585693;1.006266;0.000000;0.000000;0.000000;0.000000;2.000000;-282.520752;-52.180321;2063.496094;0.804632;0.000000;0.000000;0.000000;0.000000;2.000000;86.237259;-145.594803;1959.023071;0.029297;0.000000;0.000000;0.000000;0.000000;2.000000;74.555763;251.885956;1824.965332;0.266819;0.000000;0.000000;0.000000;0.000000;2.000000;70.387390;640.279785;1725.105225;0.654402;0.000000;0.000000;0.000000;0.000000;2.000000;14.649174;666.228577;1538.604370;1.153189;0.000000;0.000000;0.000000;0.000000;2.000000;-77.763931;-153.972382;2036.950562;0.026413;0.000000;0.000000;0.000000;0.000000;2.000000;-57.118927;258.241211;2110.256592;0.292473;0.000000;0.000000;0.000000;0.000000;2.000000;2.822716;627.351318;2266.479492;1.259338;0.000000;0.000000;0.000000;0.000000;2.000000;-11.785576;749.941467;2134.565186;1.953871;0.000000;0.000000;0.000000;0.000000;2.000000;0.035782;-797.800354;1990.238525;0.242114;0.000000;0.000000;0.000000;0.000000;2.000000;-60.453728;-862.037476;1846.759888;0.269754;0.000000;0.000000;0.000000;0.000000;2.000000;-23.130821;-895.397949;1877.360962;0.218494;0.000000;0.000000;0.000000;0.000000;2.000000;76.036240;-872.170166;1962.712646;0.146401;0.000000;0.000000;0.000000;0.000000;2.000000;-75.369751;-887.801025;1892.091187;0.263862;0.000000;0.000000;0.000000;0.000000;2.000000;-85.422791;-858.476074;2025.886353;0.302253;0.000000;0.000000;0.000000;0.000000;2.000000;13003567104.000000
0.000000;-150.000000;2000.000000;0.000000;0.000000;0.000000;0.000000;0.000000;2.000000;-1.345356;-338.494873;1990.834717;0.190832;0.000000;0.000000;0.000000;0.000000;2.000000;-2.826763;-489.136139;1982.583740;0.339039;0.000000;0.000000;0.000000;0.000000;2.000000;-0.907200;-718.526245;1993.544189;0.280640;0.000000;0.000000;0.000000;0.000000;2.000000;32.368721;-681.230957;1979.755615;0.269959;0.000000;0.000000;0.000000;0.000000;2.000000;166.212967;-633.500244;1928.038574;0.172745;0.000000;0.000000;0.000000;0.000000;2.000000;260.953217;-359.531494;1890.385742;0.554418;0.000000;0.000000;0.000000;0.000000;2.000000;263.878113;-141.548279;1777.821411;0.827764;0.000000;0.000000;0.000000;0.000000;2.000000;276.319855;-41.863968;1760.970581;0.958477;0.000000;0.000000;0.000000;0.000000;2.000000;271.271362;3.907082;1865.587280;1.215884;0.000000;0.000000;0.000000;0.000000;2.000000;249.557068;-2.422028;1741.860229;0.857994;0.000000;0.000000;0.000000;0.000000;2.000000;-33.897419;-679.912231;2005.732666;0.285619;0.000000;0.000000;0.000000;0.000000;2.000000;-161.516724;-642.811890;2046.841553;0.359576;0.000000;0.000000;0.000000;0.000000;2.000000;-233.558365;-385.917755;2179.248779;0.367666;0.000000;0.000000;0.000000;0.000000;2.000000;-323.060089;-157.762451;2138.453613;0.682189;0.000000;0.000000;0.000000;0.000000;2.000000;-315.552277;-72.699066;2069.629883;0.895215;0.000000;0.000000;0.000000;0.000000;2.000000;-339.786652;13.539181;2001.816650;1.757722;0.000000;0.000000;0.000000;0.000000;2.000000;-311.597870;-67.222916;2049.769287;1.083346;0.000000;0.000000;0.000000;0.000000;2.000000;88.325188;-148.746872;1961.262573;0.134105;0.000000;0.000000;0.000000;0.000000;2.000000;76.759857;251.757355;1824.140747;0.071924;0.000000;0.000000;0.000000;0.000000;2.000000;78.361023;648.924072;1746.324707;0.740370;0.000000;0.000000;0.000000;0.000000;2.000000;52.769108;655.514404;1549.922363;1.256798;0.000000;0.000000;0.000000;0.000000;2.000000;-79.646698;-151.130005;2034.931274;0.120926;0.000000;0.000000;0.000000;0.000000;2.000000;-46.797504;263.308197;2113.135254;0.361724;0.000000;0.000000;0.000000;0.000000;2.000000;-4.034122;653.637695;2227.493164;1.450123;0.000000;0.000000;0.000000;0.000000;2.000000;-18.976612;742.124146;2068.777344;2.033685;0.000000;0.000000;0.000000;0.000000;2.000000;-5.376980;-804.338135;1984.426025;0.313939;0.000000;0.000000;0.000000;0.000000;2.000000;-67.042877;-873.731934;1842.034180;0.434283;0.000000;0.000000;0.000000;0.000000;2.000000;-28.206440;-905.864868;1873.097046;0.378097;0.000000;0.000000;0.000000;0.000000;2.000000;72.550659;-878.313843;1957.195190;0.273531;0.000000;0.000000;0.000000;0.000000;2.000000;-80.861893;-899.011353;1888.566772;0.395855;0.000000;0.000000;0.000000;0.000000;2.000000;-89.722931;-866.599854;2023.029663;0.293743;0.000000;0.000000;0.000000;0.000000;2.000000;13003599872.000000
0.000000;-150.000000;2000.000000;0.000000;0.000000;0.000000;0.000000;0.000000;2.000000;-0.209209;-338.118713;1995.655029;0.146977;0.000000;0.000000;0.000000;0.000000;2.000000;-1.712084;-488.385773;1988.775024;0.187483;0.000000;0.000000;0.000000;0.000000;2.000000;2.328302;-717.096436;1999.256470;0.198830;0.000000;0.000000;0.000000;0.000000;2.000000;35.172852;-679.574951;1985.619019;0.198481;0.000000;0.000000;0.000000;0.000000;2.000000;166.633759;-626.198730;1934.606689;0.290898;0.000000;0.000000;0.000000;0.000000;2.000000;257.312836;-350.913574;1903.826904;0.484623;0.000000;0.000000;0.000000;0.000000;2.000000;243.031723;-131.509125;1796.583130;0.881527;0.000000;0.000000;0.000000;0.000000;2.000000;238.421066;-32.043694;1776.575073;1.247208;0.000000;0.000000;0.000000;0.000000;2.000000;261.677856;-7.067200;1885.312988;0.725823;0.000000;0.000000;0.000000;0.000000;2.000000;213.967819;7.888969;1772.363159;1.420251;0.000000;0.000000;0.000000;0.000000;2.000000;-30.937376;-678.928955;2011.447388;0.192664;0.000000;0.000000;0.000000;0.000000;2.000000;-159.053040;-637.930176;2045.288818;0.168216;0.000000;0.000000;0.000000;0.000000;2.000000;-234.599487;-384.651703;2180.712158;0.065025;0.000000;0.000000;0.000000;0.000000;2.000000;-318.769348;-158.122635;2126.231445;0.383477;0.000000;0.000000;0.000000;0.000000;2.000000;-316.761871;-71.125534;2060.005371;0.290809;0.000000;0.000000;0.000000;0.000000;2.000000;-345.101349;20.176586;2001.611206;0.251701;0.000000;0.000000;0.000000;0.000000;2.000000;-308.063934;-64.556236;2036.972290;0.400721;0.000000;0.000000;0.000000;0.000000;2.000000;89.541679;-149.289261;1964.917114;0.115107;0.000000;0.000000;0.000000;0.000000;2.000000;80.790382;247.322815;1820.307373;0.210515;0.000000;0.000000;0.000000;0.000000;2.000000;99.446236;650.400269;1824.859985;2.406780;0.000000;0.000000;0.000000;0.000000;2.000000;89.332291;689.216797;1631.382813;2.824295;0.000000;0.000000;0.000000;0.000000;2.000000;-80.743675;-150.640900;2031.635742;0.103799;0.000000;0.000000;0.000000;0.000000;2.000000;-43.849632;263.317596;2103.631104;0.294473;0.000000;0.000000;0.000000;0.000000;2.000000;1.217922;656.024414;2203.803223;0.721539;0.000000;0.000000;0.000000;0.000000;2.000000;-17.478102;749.079468;2048.753418;0.628859;0.000000;0.000000;0.000000;0.000000;2.000000;-1.317909;-802.676636;1989.992065;0.209707;0.000000;0.000000;0.000000;0.000000;2.000000;-61.435867;-864.557007;1844.111694;0.324084;0.000000;0.000000;0.000000;0.000000;2.000000;-23.905668;-898.633789;1874.367676;0.251799;0.000000;0.000000;0.000000;0.000000;2.000000;75.474533;-876.720947;1961.095215;0.151752;0.000000;0.000000;0.000000;0.000000;2.000000;-76.547401;-891.436279;1889.132813;0.258521;0.000000;0.000000;0.000000;0.000000;2.000000;-87.270317;-864.678101;2024.283936;0.099397;0.000000;0.000000;0.000000;0.000000;2.000000;13003633664.000000
0.000000;-150.000000;2000.000000;0.000000;0.000000;0.000000;0.000000;0.000000;2.000000;-2.173876;-336.596802;1996.655640;0.081758;0.000000;0.000000;0.000000;0.000000;2.000000;-5.047405;-485.675171;1991.109985;0.149267;0.000000;0.000000;0.000000;0.000000;2.000000;-1.081055;-712.621765;1999.187744;0.171690;0.000000;0.000000;0.000000;0.000000;2.000000;31.624317;-675.260437;1986.388306;0.172090;0.000000;0.000000;0.000000;0.000000;2.000000;164.998413;-628.159363;1937.828857;0.125460;0.000000;0.000000;0.000000;0.000000;2.000000;253.003906;-354.057800;1911.374634;0.282055;0.000000;0.000000;0.000000;0.000000;2.000000;241.541962;-133.285950;1811.360107;0.456476;0.000000;0.000000;0.000000;0.000000;2.000000;226.200806;-35.889614;1790.707397;0.582117;0.000000;0.000000;0.000000;0.000000;2.000000;235.572449;18.406868;1889.410889;1.120129;0.000000;0.000000;0.000000;0.000000;2.000000;198.637421;-9.253037;1766.997437;0.720668;0.000000;0.000000;0.000000;0.000000;2.000000;-34.211399;-674.898499;2011.328979;0.158509;0.000000;0.000000;0.000000;0.000000;2.000000;-163.516083;-637.859802;2040.254150;0.205335;0.000000;0.000000;0.000000;0.000000;2.000000;-231.186127;-381.061279;2167.706055;0.424733;0.000000;0.000000;0.000000;0.000000;2.000000;-292.758850;-145.542786;2134.323975;0.915674;0.000000;0.000000;0.000000;0.000000;2.000000;-319.642670;-69.966835;2061.314941;0.102843;0.000000;0.000000;0.000000;0.000000;2.000000;-373.293640;9.199839;2004.745728;0.928216;0.000000;0.000000;0.000000;0.000000;2.000000;-299.317871;-60.323235;2035.814941;0.298623;0.000000;0.000000;0.000000;0.000000;2.000000;88.701767;-150.404541;1964.912964;0.042608;0.000000;0.000000;0.000000;0.000000;2.000000;84.855118;240.590866;1814.877319;0.291641;0.000000;0.000000;0.000000;0.000000;2.000000;122.404816;630.822693;1895.578735;2.346387;0.000000;0.000000;0.000000;0.000000;2.000000;112.686058;720.091003;1721.375000;2.989665;0.000000;0.000000;0.000000;0.000000;2.000000;-79.986290;-149.635223;2031.639526;0.038421;0.000000;0.000000;0.000000;0.000000;2.000000;-43.680866;262.178406;2095.803223;0.241459;0.000000;0.000000;0.000000;0.000000;2.000000;2.576221;653.996338;2184.857910;0.582944;0.000000;0.000000;0.000000;0.000000;2.000000;-28.679012;752.184875;2036.884521;0.506973;0.000000;0.000000;0.000000;0.000000;2.000000;-4.576832;-797.406738;1989.079224;0.191133;0.000000;0.000000;0.000000;0.000000;2.000000;-62.561150;-862.123230;1845.173340;0.088008;0.000000;0.000000;0.000000;0.000000;2.000000;-26.141605;-895.446533;1876.667847;0.138002;0.000000;0.000000;0.000000;0.000000;2.000000;71.296204;-872.318176;1963.614258;0.200555;0.000000;0.000000;0.000000;0.000000;2.000000;-78.502907;-887.418579;1890.290405;0.140864;0.000000;0.000000;0.000000;0.000000;2.000000;-90.951378;-857.148071;2023.393188;0.257227;0.000000;0.000000;0.000000;0.000000;2.000000;13003666432.000000
0.000000;-150.000000;2000.000000;0.000000;0.000000;0.000000;0.000000;0.000000;2.000000;2.912458;-338.861511;1994.639038;0.175239;0.000000;0.000000;0.000000;0.000000;2.000000;4.446314;-489.792175;1988.473511;0.316008;0.000000;0.000000;0.000000;0.000000;2.000000;13.023521;-719.314392;1999.542603;0.462118;0.000000;0.000000;0.000000;0.000000;2.000000;45.241333;-681.028687;1985.709961;0.438089;0.000000;0.000000;0.000000;0.000000;2.000000;180.752228;-632.024109;1939.232544;0.481817;0.000000;0.000000;0.000000;0.000000;2.000000;256.679871;-350.618347;1912.520874;0.152787;0.000000;0.000000;0.000000;0.000000;2.000000;235.340210;-124.820221;1818.141357;0.369751;0.000000;0.000000;0.000000;0.000000;2.000000;221.588806;-25.180870;1801.266724;0.465508;0.000000;0.000000;0.000000;0.000000;2.000000;224.157089;25.512192;1903.842041;0.583702;0.000000;0.000000;0.000000;0.000000;2.000000;187.213898;4.889144;1782.527710;0.707564;0.000000;0.000000;0.000000;0.000000;2.000000;-21.110306;-681.619507;2011.741455;0.435910;0.000000;0.000000;0.000000;0.000000;2.000000;-154.721161;-654.811768;2040.574463;0.565232;0.000000;0.000000;0.000000;0.000000;2.000000;-223.489349;-390.626648;2160.645508;0.419120;0.000000;0.000000;0.000000;0.000000;2.000000;-290.838257;-152.526886;2134.997070;0.215275;0.000000;0.000000;0.000000;0.000000;2.000000;-304.978638;-68.164780;2066.133301;0.459878;0.000000;0.000000;0.000000;0.000000;2.000000;-333.600159;23.583641;2007.670898;1.252382;0.000000;0.000000;0.000000;0.000000;2.000000;-288.575134;-61.979103;2038.043335;0.328352;0.000000;0.000000;0.000000;0.000000;2.000000;88.954056;-147.563049;1962.474121;0.111064;0.000000;0.000000;0.000000;0.000000;2.000000;96.870697;254.060989;1826.727173;0.638983;0.000000;0.000000;0.000000;0.000000;2.000000;150.998718;626.335144;1977.373047;2.567601;0.000000;0.000000;0.000000;0.000000;2.000000;163.083542;724.529907;1805.375854;2.901869;0.000000;0.000000;0.000000;0.000000;2.000000;-80.213776;-152.197510;2033.838745;0.100152;0.000000;0.000000;0.000000;0.000000;2.000000;-46.318871;266.106567;2091.091064;0.197617;0.000000;0.000000;0.000000;0.000000;2.000000;-3.338730;664.054810;2177.549805;0.407445;0.000000;0.000000;0.000000;0.000000;2.000000;-25.866272;760.067444;2023.921143;0.456627;0.000000;0.000000;0.000000;0.000000;2.000000;11.035658;-805.331848;1990.450195;0.519720;0.000000;0.000000;0.000000;0.000000;2.000000;-43.382927;-860.262024;1838.833008;0.600280;0.000000;0.000000;0.000000;0.000000;2.000000;-6.071076;-895.476257;1868.536743;0.640834;0.000000;0.000000;0.000000;0.000000;2.000000;90.421379;-876.660706;1959.991943;0.590190;0.000000;0.000000;0.000000;0.000000;2.000000;-59.512726;-889.969299;1881.962524;0.618261;0.000000;0.000000;0.000000;0.000000;2.000000;-75.177505;-870.846130;2018.515259;0.634865;0.000000;0.000000;0.000000;0.000000;2.000000;13003700224.000000
0.000000;-150.000000;2000.000000;0.000000;0.000000;0.000000;0.000000;0.000000;2.000000;4.225732;-338.068329;1993.040894;0.067608;0.000000;0.000000;0.000000;0.000000;2.000000;7.151495;-488.385315;1986.394043;0.112632;0.000000;0.000000;0.000000;0.000000;2.000000;15.641409;-716.559998;2004.862915;0.199525;0.000000;0.000000;0.000000;0.000000;2.000000;47.855122;-678.866943;1990.156982;0.170683;0.000000;0.000000;0.000000;0.000000;2.000000;182.574921;-632.890137;1940.275146;0.069317;0.000000;0.000000;0.000000;0.000000;2.000000;260.398743;-352.396027;1923.343384;0.353421;0.000000;0.000000;0.000000;0.000000;2.000000;222.472046;-132.448898;1822.962280;0.479648;0.000000;0.000000;0.000000;0.000000;2.000000;217.739761;-33.605804;1799.921387;0.285636;0.000000;0.000000;0.000000;0.000000;2.000000;226.746704;19.734493;1900.284424;0.221635;0.000000;0.000000;0.000000;0.000000;2.000000;178.021088;2.600144;1790.563354;0.379105;0.000000;0.000000;0.000000;0.000000;2.000000;-18.481625;-678.652832;2015.485107;0.166387;0.000000;0.000000;0.000000;0.000000;2.000000;-151.128159;-644.316223;2037.418701;0.351979;0.000000;0.000000;0.000000;0.000000;2.000000;-224.762924;-382.139282;2156.198730;0.294982;0.000000;0.000000;0.000000;0.000000;2.000000;-286.137634;-143.117203;2178.980469;1.380116;0.000000;0.000000;0.000000;0.000000;2.000000;-311.547302;-77.577927;2095.153809;0.952395;0.000000;0.000000;0.000000;0.000000;2.000000;-337.382690;12.071806;2033.068359;0.858765;0.000000;0.000000;0.000000;0.000000;2.000000;-281.971008;-77.442825;2085.451172;1.535081;0.000000;0.000000;0.000000;0.000000;2.000000;88.762611;-146.637802;1963.036011;0.033548;0.000000;0.000000;0.000000;0.000000;2.000000;114.289177;260.742859;1854.306641;1.016138;0.000000;0.000000;0.000000;0.000000;2.000000;144.991577;618.654602;2038.500244;1.889038;0.000000;0.000000;0.000000;0.000000;2.000000;158.916916;738.519470;1881.936523;2.378532;0.000000;0.000000;0.000000;0.000000;2.000000;-80.041153;-153.031845;2033.332153;0.030250;0.000000;0.000000;0.000000;0.000000;2.000000;-45.984364;265.068665;2078.949707;0.372016;0.000000;0.000000;0.000000;0.000000;2.000000;-3.204690;664.082336;2152.268066;0.771549;0.000000;0.000000;0.000000;0.000000;2.000000;-29.333759;749.127808;1993.648193;0.988011;0.000000;0.000000;0.000000;0.000000;2.000000;13.762474;-802.500061;1998.553467;0.274857;0.000000;0.000000;0.000000;0.000000;2.000000;-34.269588;-849.397827;1842.858276;0.449849;0.000000;0.000000;0.000000;0.000000;2.000000;-0.212277;-887.061462;1873.016113;0.341468;0.000000;0.000000;0.000000;0.000000;2.000000;91.467171;-875.692017;1969.753906;0.301071;0.000000;0.000000;0.000000;0.000000;2.000000;-53.839344;-879.819519;1883.744629;0.358995;0.000000;0.000000;0.000000;0.000000;2.000000;-76.078125;-865.049561;2019.389038;0.180995;0.000000;0.000000;0.000000;0.000000;2.000000;13003732992.000000
0.000000;-150.000000;2000.000000;0.000000;0.000000;0.000000;0.000000;0.000000;2.000000;4.080638;-337.881531;1992.002808;0.031507;0.000000;0.000000;0.000000;0.000000;2.000000;7.031571;-488.052277;1984.775513;0.049029;0.000000;0.000000;0.000000;0.000000;2.000000;11.225934;-716.072388;2004.353149;0.132323;0.000000;0.000000;0.000000;0.000000;2.000000;44.130642;-679.090210;1989.516357;0.112031;0.000000;0.000000;0.000000;0.000000;2.000000;180.572861;-635.716797;1942.422119;0.120598;0.000000;0.000000;0.000000;0.000000;2.000000;250.083481;-353.543671;1921.622559;0.311334;0.000000;0.000000;0.000000;0.000000;2.000000;220.118988;-130.365250;1826.278442;0.135208;0.000000;0.000000;0.000000;0.000000;2.000000;209.962570;-31.262737;1806.721436;0.313482;0.000000;0.000000;0.000000;0.000000;2.000000;219.759064;21.972370;1906.963989;0.293628;0.000000;0.000000;0.000000;0.000000;2.000000;158.637863;-1.510132;1797.196533;0.618343;0.000000;0.000000;0.000000;0.000000;2.000000;-22.168152;-677.512451;2014.738281;0.116314;0.000000;0.000000;0.000000;0.000000;2.000000;-153.474884;-639.556274;2038.033691;0.158100;0.000000;0.000000;0.000000;0.000000;2.000000;-225.744049;-378.890350;2160.339355;0.158433;0.000000;0.000000;0.000000;0.000000;2.000000;-287.026062;-140.084610;2183.509033;0.163415;0.000000;0.000000;0.000000;0.000000;2.000000;-299.167664;-69.677032;2100.777832;0.465378;0.000000;0.000000;0.000000;0.000000;2.000000;-323.214691;21.286491;2040.059692;0.541250;0.000000;0.000000;0.000000;0.000000;2.000000;-275.750244;-70.863022;2080.564453;0.304492;0.000000;0.000000;0.000000;0.000000;2.000000;90.049095;-146.618698;1966.510132;0.109633;0.000000;0.000000;0.000000;0.000000;2.000000;118.934776;262.601746;1867.235718;0.410261;0.000000;0.000000;0.000000;0.000000;2.000000;177.549606;590.729004;2094.415039;2.085469;0.000000;0.000000;0.000000;0.000000;2.000000;178.085876;745.147705;1971.262329;2.710688;0.000000;0.000000;0.000000;0.000000;2.000000;-81.201233;-153.049057;2030.199097;0.098869;0.000000;0.000000;0.000000;0.000000;2.000000;-52.825294;266.279907;2063.752930;0.494481;0.000000;0.000000;0.000000;0.000000;2.000000;-14.499960;667.259888;2126.212891;0.845625;0.000000;0.000000;0.000000;0.000000;2.000000;-36.745964;748.776611;1965.329102;0.866334;0.000000;0.000000;0.000000;0.000000;2.000000;7.749763;-801.924316;1998.465332;0.178766;0.000000;0.000000;0.000000;0.000000;2.000000;-36.600529;-848.332153;1841.680542;0.083471;0.000000;0.000000;0.000000;0.000000;2.000000;0.458416;-883.858398;1870.783325;0.117237;0.000000;0.000000;0.000000;0.000000;2.000000;91.045586;-867.662354;1967.716309;0.245469;0.000000;0.000000;0.000000;0.000000;2.000000;-53.514458;-881.318970;1881.695801;0.075746;0.000000;0.000000;0.000000;0.000000;2.000000;-76.565765;-872.093262;2017.583740;0.215664;0.000000;0.000000;0.000000;0.000000;2.000000;13003766784.000000
0.000000;-150.000000;2000.000000;0.000000;0.000000;0.000000;0.000000;0.000000;2.000000;2.615828;-339.306763;1988.229126;0.130969;0.000000;0.000000;0.000000;0.000000;2.000000;5.371923;-490.774048;1981.354126;0.142711;0.000000;0.000000;0.000000;0.000000;2.000000;10.356699;-720.417175;2004.272461;0.135242;0.000000;0.000000;0.000000;0.000000;2.000000;43.616585;-683.159912;1989.383545;0.125250;0.000000;0.000000;0.000000;0.000000;2.000000;181.816101;-639.804199;1943.301880;0.133116;0.000000;0.000000;0.000000;0.000000;2.000000;238.259140;-351.952759;1926.363892;0.391799;0.000000;0.000000;0.000000;0.000000;2.000000;205.832474;-127.896530;1828.576416;0.447975;0.000000;0.000000;0.000000;0.000000;2.000000;188.917755;-28.980118;1808.282227;0.647757;0.000000;0.000000;0.000000;0.000000;2.000000;197.069809;29.520298;1906.825439;0.729742;0.000000;0.000000;0.000000;0.000000;2.000000;144.198471;3.594721;1803.689697;0.507654;0.000000;0.000000;0.000000;0.000000;2.000000;-23.682566;-681.562561;2013.635376;0.136182;0.000000;0.000000;0.000000;0.000000;2.000000;-155.575729;-645.700012;2043.134399;0.251980;0.000000;0.000000;0.000000;0.000000;2.000000;-228.509872;-375.459351;2149.338379;0.361660;0.000000;0.000000;0.000000;0.000000;2.000000;-291.670349;-137.274078;2189.872559;0.255261;0.000000;0.000000;0.000000;0.000000;2.000000;-293.470551;-48.670746;2124.307617;0.978169;0.000000;0.000000;0.000000;0.000000;2.000000;-303.490326;56.781960;2085.165039;1.852161;0.000000;0.000000;0.000000;0.000000;2.000000;-279.055695;-50.220261;2093.002686;0.742374;0.000000;0.000000;0.000000;0.000000;2.000000;93.772423;-147.183777;1975.546265;0.298752;0.000000;0.000000;0.000000;0.000000;2.000000;117.932251;273.187805;1913.189697;1.439459;0.000000;0.000000;0.000000;0.000000;2.000000;172.635193;587.862976;2165.124268;2.164847;0.000000;0.000000;0.000000;0.000000;2.000000;184.203705;754.091309;2055.988770;2.606706;0.000000;0.000000;0.000000;0.000000;2.000000;-84.558723;-152.539536;2022.051147;0.269388;0.000000;0.000000;0.000000;0.000000;2.000000;-65.644226;271.445282;2048.006348;0.639386;0.000000;0.000000;0.000000;0.000000;2.000000;-39.075119;677.810547;2104.088623;1.059245;0.000000;0.000000;0.000000;0.000000;2.000000;-53.170376;754.629517;1938.299805;0.981604;0.000000;0.000000;0.000000;0.000000;2.000000;7.368235;-807.085327;1999.445190;0.160737;0.000000;0.000000;0.000000;0.000000;2.000000;-35.630341;-855.484375;1841.333130;0.220522;0.000000;0.000000;0.000000;0.000000;2.000000;3.135355;-889.847961;1870.626709;0.200269;0.000000;0.000000;0.000000;0.000000;2.000000;93.865112;-870.033752;1968.320190;0.113933;0.000000;0.000000;0.000000;0.000000;2.000000;-51.344372;-889.418701;1881.677124;0.255903;0.000000;0.000000;0.000000;0.000000;2.000000;-74.822670;-881.123596;2018.742188;0.282889;0.000000;0.000000;0.000000;0.000000;2.000000;13003799552.000000
0.000000;-150.000000;2000.000000;0.000000;0.000000;0.000000;0.000000;0.000000;2.000000;4.476421;-338.545227;1986.169800;0.085166;0.000000;0.000000;0.000000;0.000000;2.000000;9.481869;-489.580261;1981.838013;0.127459;0.000000;0.000000;0.000000;0.000000;2.000000;18.659683;-718.530640;2003.170654;0.254072;0.000000;0.000000;0.000000;0.000000;2.000000;50.952732;-680.743652;1988.052368;0.231939;0.000000;0.000000;0.000000;0.000000;2.000000;188.809982;-639.358521;1940.696655;0.221255;0.000000;0.000000;0.000000;0.000000;2.000000;245.253342;-352.574371;1921.512573;0.252565;0.000000;0.000000;0.000000;0.000000;2.000000;207.069809;-127.671234;1829.856934;0.053115;0.000000;0.000000;0.000000;0.000000;2.000000;174.777283;-33.749825;1806.324707;0.445404;0.000000;0.000000;0.000000;0.000000;2.000000;178.195160;46.424992;1888.046509;0.933309;0.000000;0.000000;0.000000;0.000000;2.000000;131.729691;2.110443;1823.243286;0.687685;0.000000;0.000000;0.000000;0.000000;2.000000;-15.773424;-680.433105;2013.268188;0.236678;0.000000;0.000000;0.000000;0.000000;2.000000;-148.971085;-652.495850;2043.425781;0.280570;0.000000;0.000000;0.000000;0.000000;2.000000;-226.244110;-384.892944;2150.634766;0.289657;0.000000;0.000000;0.000000;0.000000;2.000000;-294.629120;-146.665009;2174.108398;0.550022;0.000000;0.000000;0.000000;0.000000;2.000000;-282.369080;-46.235344;2131.198975;0.393333;0.000000;0.000000;0.000000;0.000000;2.000000;-280.169495;65.376564;2116.634033;1.186677;0.000000;0.000000;0.000000;0.000000;2.000000;-260.851227;-42.017342;2113.546875;0.847799;0.000000;0.000000;0.000000;0.000000;2.000000;94.509796;-146.297531;1980.114502;0.139426;0.000000;0.000000;0.000000;0.000000;2.000000;114.875900;276.220276;1946.480713;0.993379;0.000000;0.000000;0.000000;0.000000;2.000000;171.676056;559.328857;2231.238525;2.131136;0.000000;0.000000;0.000000;0.000000;2.000000;185.033798;740.536743;2151.132813;2.844114;0.000000;0.000000;0.000000;0.000000;2.000000;-85.223633;-153.338699;2017.931763;0.125726;0.000000;0.000000;0.000000;0.000000;2.000000;-72.421158;270.217926;2028.690918;0.606847;0.000000;0.000000;0.000000;0.000000;2.000000;-52.398006;677.402466;2070.427246;1.071388;0.000000;0.000000;0.000000;0.000000;2.000000;-60.452675;757.473389;1906.407227;0.971733;0.000000;0.000000;0.000000;0.000000;2.000000;17.061893;-804.938843;1997.862915;0.297519;0.000000;0.000000;0.000000;0.000000;2.000000;-24.973120;-850.272949;1839.153442;0.356942;0.000000;0.000000;0.000000;0.000000;2.000000;11.931770;-886.156006;1868.655151;0.288275;0.000000;0.000000;0.000000;0.000000;2.000000;101.453888;-870.520752;1967.639038;0.225936;0.000000;0.000000;0.000000;0.000000;2.000000;-42.499382;-883.848022;1878.814453;0.320725;0.000000;0.000000;0.000000;0.000000;2.000000;-67.792168;-875.882568;2015.137695;0.280568;0.000000;0.000000;0.000000;0.000000;2.000000;13003833344.000000
0.000000;-150.000000;2000.000000;0.000000;0.000000;0.000000;0.000000;0.000000;2.000000;7.184361;-337.220764;1984.228394;0.106107;0.000000;0.000000;0.000000;0.000000;2.000000;14.180477;-487.302185;1979.662598;0.167399;0.000000;0.000000;0.000000;0.000000;2.000000;18.016216;-715.313477;1998.332642;0.172986;0.000000;0.000000;0.000000;0.000000;2.000000;50.944927;-678.344482;1983.587891;0.149985;0.000000;0.000000;0.000000;0.000000;2.000000;187.204254;-636.175903;1935.082520;0.196800;0.000000;0.000000;0.000000;0.000000;2.000000;252.442841;-352.738708;1920.054932;0.217141;0.000000;0.000000;0.000000;0.000000;2.000000;214.579865;-130.474640;1825.637817;0.268074;0.000000;0.000000;0.000000;0.000000;2.000000;164.762024;-42.582390;1816.051880;0.488897;0.000000;0.000000;0.000000;0.000000;2.000000;168.545883;40.963085;1893.343994;0.363648;0.000000;0.000000;0.000000;0.000000;2.000000;130.195251;-15.579594;1816.429565;0.562823;0.000000;0.000000;0.000000;0.000000;2.000000;-15.279816;-676.752747;2008.924072;0.169120;0.000000;0.000000;0.000000;0.000000;2.000000;-145.480133;-643.692261;2043.047729;0.280481;0.000000;0.000000;0.000000;0.000000;2.000000;-227.324493;-385.636108;2164.566406;0.414099;0.000000;0.000000;0.000000;0.000000;2.000000;-308.582611;-152.743195;2143.834961;1.002722;0.000000;0.000000;0.000000;0.000000;2.000000;-275.321808;-49.288254;2155.255127;0.747289;0.000000;0.000000;0.000000;0.000000;2.000000;-265.571381;61.904297;2146.858154;0.998580;0.000000;0.000000;0.000000;0.000000;2.000000;-255.978577;-37.015987;2129.698730;0.520731;0.000000;0.000000;0.000000;0.000000;2.000000;94.867157;-145.135742;1985.472046;0.162574;0.000000;0.000000;0.000000;0.000000;2.000000;124.181915;275.641479;1975.633057;0.905751;0.000000;0.000000;0.000000;0.000000;2.000000;176.283646;540.597900;2275.079102;1.417392;0.000000;0.000000;0.000000;0.000000;2.000000;173.958588;734.288208;2236.873291;2.565055;0.000000;0.000000;0.000000;0.000000;2.000000;-85.545883;-154.386322;2013.100586;0.146601;0.000000;0.000000;0.000000;0.000000;2.000000;-81.605919;267.053101;2013.062622;0.544555;0.000000;0.000000;0.000000;0.000000;2.000000;-70.570625;673.180237;2044.079590;0.955380;0.000000;0.000000;0.000000;0.000000;2.000000;-83.455757;757.213562;1883.550293;0.959669;0.000000;0.000000;0.000000;0.000000;2.000000;14.383480;-801.101563;1992.117554;0.219282;0.000000;0.000000;0.000000;0.000000;2.000000;-9.060535;-852.100281;1832.340088;0.515094;0.000000;0.000000;0.000000;0.000000;2.000000;22.986439;-887.150269;1867.328369;0.330798;0.000000;0.000000;0.000000;0.000000;2.000000;99.783020;-869.030212;1975.143433;0.231750;0.000000;0.000000;0.000000;0.000000;2.000000;-31.889534;-883.452515;1870.666992;0.396042;0.000000;0.000000;0.000000;0.000000;2.000000;-73.045357;-869.311401;2001.712891;0.468840;0.000000;0.000000;0.000000;0.000000;2.000000;13003867136.000000
0.000000;-150.000000;2000.000000;0.000000;0.000000;0.000000;0.000000;0.000000;2.000000;13.374916;-337.330078;1981.615601;0.205085;0.000000;0.000000;0.000000;0.000000;2.000000;25.027618;-487.484985;1972.868896;0.390635;0.000000;0.000000;0.000000;0.000000;2.000000;27.639534;-716.273743;1992.429077;0.345782;0.000000;0.000000;0.000000;0.000000;2.000000;61.079071;-679.353027;1978.058838;0.353647;0.000000;0.000000;0.000000;0.000000;2.000000;196.843231;-635.449280;1928.024780;0.365255;0.000000;0.000000;0.000000;0.000000;2.000000;249.638519;-348.334717;1913.388672;0.258407;0.000000;0.000000;0.000000;0.000000;2.000000;216.389435;-127.523560;1811.793335;0.435507;0.000000;0.000000;0.000000;0.000000;2.000000;164.904968;-39.692272;1814.756226;0.096755;0.000000;0.000000;0.000000;0.000000;2.000000;164.006836;43.707603;1892.899170;0.162442;0.000000;0.000000;0.000000;0.000000;2.000000;124.970551;-14.352236;1841.352295;0.778017;0.000000;0.000000;0.000000;0.000000;2.000000;-5.792629;-677.403992;2002.373047;0.352404;0.000000;0.000000;0.000000;0.000000;2.000000;-134.410278;-629.264648;2024.498413;0.792738;0.000000;0.000000;0.000000;0.000000;2.000000;-213.592804;-376.861633;2161.328613;0.507027;0.000000;0.000000;0.000000;0.000000;2.000000;-276.457397;-136.543762;2164.989258;1.273704;0.000000;0.000000;0.000000;0.000000;2.000000;-266.062134;-27.448761;2169.087158;0.838001;0.000000;0.000000;0.000000;0.000000;0.000000;-254.654129;82.607491;2188.531738;1.458630;0.000000;0.000000;0.000000;0.000000;0.000000;-237.793884;-12.710888;2149.503906;1.106095;0.000000;0.000000;0.000000;0.000000;2.000000;94.951172;-141.770676;1985.224854;0.103002;0.000000;0.000000;0.000000;0.000000;2.000000;128.978302;279.122925;2016.796631;1.269166;0.000000;0.000000;0.000000;0.000000;2.000000;188.179092;540.971558;2319.615234;1.406827;0.000000;0.000000;0.000000;0.000000;2.000000;174.409576;737.826233;2301.627930;1.979150;0.000000;0.000000;0.000000;0.000000;2.000000;-85.621651;-157.420731;2013.323486;0.092881;0.000000;0.000000;0.000000;0.000000;2.000000;-84.313103;265.277618;1997.678711;0.479763;0.000000;0.000000;0.000000;0.000000;2.000000;-72.516808;673.685852;2014.873779;0.893401;0.000000;0.000000;0.000000;0.000000;2.000000;-95.368538;754.450317;1853.032837;1.003312;0.000000;0.000000;0.000000;0.000000;2.000000;23.749390;-802.379089;1986.417969;0.336853;0.000000;0.000000;0.000000;0.000000;2.000000;-3.852631;-856.168152;1827.568848;0.248741;0.000000;0.000000;0.000000;0.000000;2.000000;29.312218;-890.711182;1862.381226;0.268086;0.000000;0.000000;0.000000;0.000000;2.000000;109.156799;-870.634094;1968.220337;0.358980;0.000000;0.000000;0.000000;0.000000;2.000000;-25.665524;-887.065125;1867.120239;0.244843;0.000000;0.000000;0.000000;0.000000;2.000000;-63.538166;-870.862488;1999.441040;0.302037;0.000000;0.000000;0.000000;0.000000;2.000000;13003899904.000000
0.000000;-150.000000;2000.000000;0.000000;0.000000;0.000000;0.000000;0.000000;2.000000;14.276581;-338.099152;1976.828857;0.145930;0.000000;0.000000;0.000000;0.000000;2.000000;26.769249;-489.194580;1966.805420;0.193424;0.000000;0.000000;0.000000;0.000000;2.000000;32.937523;-719.676636;1985.045288;0.287170;0.000000;0.000000;0.000000;0.000000;2.000000;65.931770;-681.916504;1970.482300;0.276853;0.000000;0.000000;0.000000;0.000000;2.000000;199.958160;-633.161865;1917.079468;0.343500;0.000000;0.000000;0.000000;0.000000;2.000000;246.842590;-342.965149;1901.150513;0.404050;0.000000;0.000000;0.000000;0.000000;2.000000;206.126892;-118.484131;1806.274658;0.436418;0.000000;0.000000;0.000000;0.000000;2.000000;173.235596;-22.862206;1823.528198;0.613363;0.000000;0.000000;0.000000;0.000000;2.000000;166.616364;41.382275;1918.814819;0.773860;0.000000;0.000000;0.000000;0.000000;2.000000;130.083954;2.599209;1816.835327;0.894946;0.000000;0.000000;0.000000;0.000000;2.000000;-1.201385;-681.085327;1995.625610;0.264950;0.000000;0.000000;0.000000;0.000000;2.000000;-131.754593;-641.096680;2027.005981;0.366446;0.000000;0.000000;0.000000;0.000000;2.000000;-205.873505;-382.527802;2159.764648;0.287125;0.000000;0.000000;0.000000;0.000000;2.000000;-264.915344;-139.423080;2164.296387;0.352626;0.000000;0.000000;0.000000;0.000000;2.000000;-267.064148;-29.788452;2177.537354;0.261162;0.000000;0.000000;0.000000;0.000000;0.000000;-264.261841;80.285126;2203.580078;0.532797;0.000000;0.000000;0.000000;0.000000;0.000000;-240.954071;-6.405169;2160.815918;0.394496;0.000000;0.000000;0.000000;0.000000;0.000000;96.065453;-141.297028;1988.540161;0.104447;0.000000;0.000000;0.000000;0.000000;2.000000;130.526215;277.189606;2063.161621;1.374026;0.000000;0.000000;0.000000;0.000000;2.000000;177.700470;549.641357;2362.611328;1.334511;0.000000;0.000000;0.000000;0.000000;2.000000;170.509827;746.585205;2331.122070;0.917774;0.000000;0.000000;0.000000;0.000000;2.000000;-86.626434;-157.847870;2010.333862;0.094186;0.000000;0.000000;0.000000;0.000000;2.000000;-94.274742;267.052032;1980.379150;0.593081;0.000000;0.000000;0.000000;0.000000;2.000000;-90.388824;678.804321;1989.555786;0.929520;0.000000;0.000000;0.000000;0.000000;2.000000;-122.941101;752.278198;1824.456055;1.176885;0.000000;0.000000;0.000000;0.000000;2.000000;30.221619;-806.409058;1978.489258;0.325514;0.000000;0.000000;0.000000;0.000000;2.000000;-10.922997;-862.710449;1822.152222;0.327039;0.000000;0.000000;0.000000;0.000000;2.000000;26.630524;-896.237427;1854.107666;0.304939;0.000000;0.000000;0.000000;0.000000;2.000000;116.100334;-872.831421;1952.526367;0.512000;0.000000;0.000000;0.000000;0.000000;2.000000;-28.129818;-894.101807;1864.060913;0.238488;0.000000;0.000000;0.000000;0.000000;2.000000;-54.020638;-877.742920;2000.237915;0.348340;0.000000;0.000000;0.000000;0.000000;2.000000;13003933696.000000
0.000000;-150.000000;2000.000000;0.000000;0.000000;0.000000;0.000000;0.000000;2.000000;12.559425;-337.458313;1972.224487;0.151238;0.000000;0.000000;0.000000;0.000000;2.000000;23.658005;-488.176575;1957.599976;0.298162;0.000000;0.000000;0.000000;0.000000;2.000000;34.020653;-718.869507;1967.028442;0.551374;0.000000;0.000000;0.000000;0.000000;2.000000;66.127480;-680.041809;1953.458008;0.522715;0.000000;0.000000;0.000000;0.000000;2.000000;199.946747;-628.202209;1902.826782;0.460540;0.000000;0.000000;0.000000;0.000000;2.000000;248.657227;-338.339172;1890.677124;0.353773;0.000000;0.000000;0.000000;0.000000;2.000000;205.670135;-116.403343;1791.382690;0.459093;0.000000;0.000000;0.000000;0.000000;2.000000;169.393433;-22.393015;1810.196045;0.423666;0.000000;0.000000;0.000000;0.000000;2.000000;176.369934;32.046726;1911.286133;0.471756;0.000000;0.000000;0.000000;0.000000;2.000000;136.739227;3.618570;1794.532104;0.710978;0.000000;0.000000;0.000000;0.000000;2.000000;-0.591423;-681.337036;1979.519775;0.491923;0.000000;0.000000;0.000000;0.000000;2.000000;-130.369293;-639.728394;2011.551636;0.475358;0.000000;0.000000;0.000000;0.000000;2.000000;-203.943268;-388.503113;2157.562012;0.203078;0.000000;0.000000;0.000000;0.000000;2.000000;-267.046600;-146.572250;2159.403320;0.272266;0.000000;0.000000;0.000000;0.000000;2.000000;-265.495697;-37.672241;2177.304688;0.245412;0.000000;0.000000;0.000000;0.000000;0.000000;-237.647430;71.118332;2190.452637;0.947858;0.000000;0.000000;0.000000;0.000000;0.000000;-229.086517;-16.209711;2160.727539;0.469788;0.000000;0.000000;0.000000;0.000000;0.000000;95.909035;-141.729187;1987.547363;0.033387;0.000000;0.000000;0.000000;0.000000;2.000000;128.127655;271.167297;2088.060059;0.785170;0.000000;0.000000;0.000000;0.000000;2.000000;180.588135;556.351929;2374.073242;0.414799;0.000000;0.000000;0.000000;0.000000;2.000000;162.198486;747.741760;2321.117188;0.398501;0.000000;0.000000;0.000000;0.000000;2.000000;-86.485382;-157.458160;2011.229004;0.030104;0.000000;0.000000;0.000000;0.000000;2.000000;-99.731178;265.865173;1968.153320;0.410177;0.000000;0.000000;0.000000;0.000000;2.000000;-103.270203;677.276062;1957.066040;1.067613;0.000000;0.000000;0.000000;0.000000;2.000000;-121.076263;737.533142;1784.672974;1.296041;0.000000;0.000000;0.000000;0.000000;2.000000;32.694206;-805.266663;1957.246582;0.653582;0.000000;0.000000;0.000000;0.000000;2.000000;-5.972473;-870.265381;1803.813354;0.623858;0.000000;0.000000;0.000000;0.000000;2.000000;30.060806;-902.475769;1838.662109;0.519022;0.000000;0.000000;0.000000;0.000000;2.000000;117.631020;-874.846069;1937.559326;0.463238;0.000000;0.000000;0.000000;0.000000;2.000000;-24.818108;-898.621521;1847.105591;0.544957;0.000000;0.000000;0.000000;0.000000;2.000000;-53.500973;-873.345032;1981.241211;0.595278;0.000000;0.000000;0.000000;0.000000;2.000000;13003966464.000000
0.000000;-150.000000;2000.000000;0.000000;0.000000;0.000000;0.000000;0.000000;2.000000;11.219688;-336.866882;1965.485474;0.204081;0.000000;0.000000;0.000000;0.000000;2.000000;22.315498;-488.193695;1953.800049;0.119263;0.000000;0.000000;0.000000;0.000000;2.000000;40.316010;-719.127747;1956.548950;0.361854;0.000000;0.000000;0.000000;0.000000;2.000000;70.668777;-678.851196;1942.704346;0.347236;0.000000;0.000000;0.000000;0.000000;2.000000;207.849396;-632.242249;1895.013062;0.349932;0.000000;0.000000;0.000000;0.000000;2.000000;251.748932;-341.366028;1874.906372;0.483946;0.000000;0.000000;0.000000;0.000000;2.000000;220.125763;-115.054848;1779.893555;0.547894;0.000000;0.000000;0.000000;0.000000;2.000000;170.034088;-29.241539;1806.033447;0.237923;0.000000;0.000000;0.000000;0.000000;2.000000;189.847443;36.119625;1898.920532;0.554531;0.000000;0.000000;0.000000;0.000000;2.000000;147.756805;0.794493;1801.168457;0.389686;0.000000;0.000000;0.000000;0.000000;2.000000;5.015976;-682.987122;1971.489868;0.293916;0.000000;0.000000;0.000000;0.000000;2.000000;-120.093811;-642.884949;2020.779541;0.419241;0.000000;0.000000;0.000000;0.000000;2.000000;-196.355972;-380.927673;2146.571533;0.454368;0.000000;0.000000;0.000000;0.000000;2.000000;-267.389771;-140.643570;2151.299561;0.297313;0.000000;0.000000;0.000000;0.000000;2.000000;-263.966675;-44.062733;2205.139404;0.846348;0.000000;0.000000;0.000000;0.000000;0.000000;-254.730972;34.698174;2286.097656;3.070565;0.000000;0.000000;0.000000;0.000000;0.000000;-233.571915;-19.947701;2177.007324;0.511812;0.000000;0.000000;0.000000;0.000000;0.000000;96.231522;-142.025696;1988.107910;0.021053;0.000000;0.000000;0.000000;0.000000;2.000000;130.596741;265.721863;2110.679443;0.692361;0.000000;0.000000;0.000000;0.000000;2.000000;177.247437;573.103577;2375.239258;0.506666;0.000000;0.000000;0.000000;0.000000;2.000000;162.464233;756.494507;2297.102051;0.756447;0.000000;0.000000;0.000000;0.000000;2.000000;-86.776199;-157.190796;2010.723633;0.018982;0.000000;0.000000;0.000000;0.000000;2.000000;-101.757469;265.646301;1955.454712;0.380597;0.000000;0.000000;0.000000;0.000000;2.000000;-108.332588;677.329224;1929.951660;0.816257;0.000000;0.000000;0.000000;0.000000;2.000000;-123.927734;732.057251;1755.067749;0.894949;0.000000;0.000000;0.000000;0.000000;2.000000;41.289078;-805.440125;1944.463867;0.455863;0.000000;0.000000;0.000000;0.000000;2.000000;12.097679;-870.947876;1788.729004;0.696867;0.000000;0.000000;0.000000;0.000000;2.000000;48.667343;-901.522461;1824.709473;0.688812;0.000000;0.000000;0.000000;0.000000;2.000000;130.944870;-870.011047;1927.345459;0.516781;0.000000;0.000000;0.000000;0.000000;2.000000;-6.746994;-900.881897;1831.111694;0.717269;0.000000;0.000000;0.000000;0.000000;2.000000;-41.905163;-878.733582;1964.592529;0.621222;0.000000;0.000000;0.000000;0.000000;2.000000;13004000256.000000
0.000000;-150.000000;2000.000000;0.000000;0.000000;0.000000;0.000000;0.000000;2.000000;14.777863;-335.248993;1958.766479;0.237220;0.000000;0.000000;0.000000;0.000000;2.000000;27.654572;-484.583282;1932.449829;0.680599;0.000000;0.000000;0.000000;0.000000;2.000000;35.992050;-716.075684;1934.183716;0.701384;0.000000;0.000000;0.000000;0.000000;2.000000;68.398651;-677.020142;1921.550537;0.651670;0.000000;0.000000;0.000000;0.000000;2.000000;204.215561;-636.143127;1865.444946;0.916897;0.000000;0.000000;0.000000;0.000000;2.000000;267.349243;-348.148193;1861.965454;0.652273;0.000000;0.000000;0.000000;0.000000;2.000000;225.947281;-126.710022;1759.523926;0.737904;0.000000;0.000000;0.000000;0.000000;2.000000;170.256516;-41.410194;1772.891968;1.077441;0.000000;0.000000;0.000000;0.000000;2.000000;164.896103;37.543892;1856.736816;1.496315;0.000000;0.000000;0.000000;0.000000;2.000000;139.776443;-12.771168;1790.676758;0.577250;0.000000;0.000000;0.000000;0.000000;2.000000;1.772324;-678.582275;1948.279175;0.727740;0.000000;0.000000;0.000000;0.000000;2.000000;-127.851768;-643.428467;1988.918823;1.000859;0.000000;0.000000;0.000000;0.000000;2.000000;-196.116409;-386.822723;2129.464844;0.552231;0.000000;0.000000;0.000000;0.000000;2.000000;-263.598816;-145.835800;2142.694824;0.327794;0.000000;0.000000;0.000000;0.000000;2.000000;-258.623352;-36.311306;2157.451172;1.483419;0.000000;0.000000;0.000000;0.000000;0.000000;-239.371231;19.854385;2253.977539;1.177188;0.000000;0.000000;0.000000;0.000000;0.000000;-239.392670;-20.724566;2144.889648;0.996402;0.000000;0.000000;0.000000;0.000000;0.000000;95.785873;-139.390366;1986.663452;0.092715;0.000000;0.000000;0.000000;0.000000;2.000000;122.683060;270.003326;2105.546875;0.316119;0.000000;0.000000;0.000000;0.000000;2.000000;164.397568;587.475098;2358.767090;0.773843;0.000000;0.000000;0.000000;0.000000;2.000000;139.576187;754.938293;2252.486328;1.531012;0.000000;0.000000;0.000000;0.000000;2.000000;-86.374336;-159.567184;2012.026245;0.083607;0.000000;0.000000;0.000000;0.000000;2.000000;-116.115013;260.798889;1945.128784;0.559614;0.000000;0.000000;0.000000;0.000000;2.000000;-138.212540;670.800781;1905.332275;1.198197;0.000000;0.000000;0.000000;0.000000;2.000000;-157.446564;715.919617;1728.085083;1.402481;0.000000;0.000000;0.000000;0.000000;2.000000;33.766968;-802.285461;1921.549316;0.742281;0.000000;0.000000;0.000000;0.000000;2.000000;-0.502449;-865.452393;1765.883545;0.813669;0.000000;0.000000;0.000000;0.000000;2.000000;34.932281;-897.989319;1801.272949;0.835984;0.000000;0.000000;0.000000;0.000000;2.000000;119.894806;-871.131409;1903.039429;0.815535;0.000000;0.000000;0.000000;0.000000;2.000000;-20.300858;-894.635437;1808.354492;0.830513;0.000000;0.000000;0.000000;0.000000;2.000000;-52.715332;-871.467163;1942.354614;0.786493;0.000000;0.000000;0.000000;0.000000;2.000000;13004033024.000000
0.000000;-150.000000;2000.000000;0.000000;0.000000;0.000000;0.000000;0.000000;2.000000;14.777679;-333.030518;1953.977905;0.156176;0.000000;0.000000;0.000000;0.000000;2.000000;28.129868;-481.139221;1925.880005;0.219964;0.000000;0.000000;0.000000;0.000000;2.000000;32.430496;-711.413879;1920.856934;0.430898;0.000000;0.000000;0.000000;0.000000;2.000000;65.515060;-672.794739;1909.949585;0.375200;0.000000;0.000000;0.000000;0.000000;2.000000;198.543747;-630.983521;1850.251099;0.503638;0.000000;0.000000;0.000000;0.000000;2.000000;264.578491;-345.404480;1858.335083;0.157662;0.000000;0.000000;0.000000;0.000000;2.000000;217.990005;-128.446518;1751.905029;0.330038;0.000000;0.000000;0.000000;0.000000;2.000000;193.282761;-40.275318;1797.240601;0.992287;0.000000;0.000000;0.000000;0.000000;2.000000;190.082535;23.012091;1892.794189;1.370777;0.000000;0.000000;0.000000;0.000000;2.000000;137.140640;-19.458424;1783.626831;0.297946;0.000000;0.000000;0.000000;0.000000;2.000000;-1.169617;-673.963135;1935.462646;0.412451;0.000000;0.000000;0.000000;0.000000;2.000000;-130.426575;-639.099487;1974.833008;0.442687;0.000000;0.000000;0.000000;0.000000;2.000000;-192.815094;-387.745422;2123.810303;0.195680;0.000000;0.000000;0.000000;0.000000;2.000000;-251.038406;-145.470978;2128.799805;0.554396;0.000000;0.000000;0.000000;0.000000;2.000000;-240.290176;-36.956158;2143.370361;0.684349;0.000000;0.000000;0.000000;0.000000;0.000000;-229.798386;32.269318;2231.681641;0.806575;0.000000;0.000000;0.000000;0.000000;0.000000;-230.888031;-24.363819;2134.016357;0.422464;0.000000;0.000000;0.000000;0.000000;0.000000;94.991440;-138.688721;1985.516602;0.046213;0.000000;0.000000;0.000000;0.000000;2.000000;104.186737;266.387329;2113.104492;0.600892;0.000000;0.000000;0.000000;0.000000;2.000000;127.234085;598.318176;2345.707275;1.209059;0.000000;0.000000;0.000000;0.000000;2.000000;100.078033;748.118225;2217.887451;1.566938;0.000000;0.000000;0.000000;0.000000;2.000000;-85.657974;-160.199875;2013.060303;0.041670;0.000000;0.000000;0.000000;0.000000;2.000000;-127.832397;256.965149;1947.819946;0.373429;0.000000;0.000000;0.000000;0.000000;2.000000;-160.881210;664.038086;1909.112549;0.708927;0.000000;0.000000;0.000000;0.000000;2.000000;-193.623932;700.783203;1732.966919;1.169476;0.000000;0.000000;0.000000;0.000000;2.000000;28.940414;-796.685791;1905.706543;0.517363;0.000000;0.000000;0.000000;0.000000;2.000000;0.412338;-850.098267;1746.314819;0.736570;0.000000;0.000000;0.000000;0.000000;2.000000;35.345016;-883.965515;1780.375122;0.744867;0.000000;0.000000;0.000000;0.000000;2.000000;116.471176;-862.186951;1885.442261;0.592880;0.000000;0.000000;0.000000;0.000000;2.000000;-19.812309;-882.135620;1786.044067;0.756928;0.000000;0.000000;0.000000;0.000000;2.000000;-56.143913;-868.296143;1919.523315;0.689632;0.000000;0.000000;0.000000;0.000000;2.000000;13004066816.000000
0.000000;-150.000000;2000.000000;0.000000;0.000000;0.000000;0.000000;0.000000;2.000000;12.806427;-332.744476;1956.341431;0.094328;0.000000;0.000000;0.000000;0.000000;2.000000;23.877686;-479.856384;1926.301636;0.136153;0.000000;0.000000;0.000000;0.000000;2.000000;30.649643;-708.581421;1913.663818;0.242101;0.000000;0.000000;0.000000;0.000000;2.000000;63.148376;-669.466919;1904.130615;0.216945;0.000000;0.000000;0.000000;0.000000;2.000000;197.365784;-628.777344;1848.447876;0.094093;0.000000;0.000000;0.000000;0.000000;2.000000;268.016815;-345.772064;1845.684570;0.400226;0.000000;0.000000;0.000000;0.000000;2.000000;215.606873;-121.156296;1763.571655;0.426086;0.000000;0.000000;0.000000;0.000000;2.000000;183.557800;-24.707329;1762.050171;1.211246;0.000000;0.000000;0.000000;0.000000;2.000000;177.054932;41.790718;1854.492920;1.361146;0.000000;0.000000;0.000000;0.000000;2.000000;140.120789;6.121370;1782.747070;0.786372;0.000000;0.000000;0.000000;0.000000;2.000000;-3.186783;-672.195923;1929.400024;0.202310;0.000000;0.000000;0.000000;0.000000;2.000000;-131.992859;-639.685059;1969.690796;0.165017;0.000000;0.000000;0.000000;0.000000;2.000000;-192.011169;-390.037140;2119.407471;0.153450;0.000000;0.000000;0.000000;0.000000;2.000000;-241.932983;-147.350983;2128.352051;0.284065;0.000000;0.000000;0.000000;0.000000;2.000000;-225.519348;-46.689232;2088.655762;1.754853;0.000000;0.000000;0.000000;0.000000;0.000000;-222.683319;28.085026;2172.144531;1.834307;0.000000;0.000000;0.000000;0.000000;0.000000;-214.305069;-18.198696;2109.338135;0.926659;0.000000;0.000000;0.000000;0.000000;0.000000;94.680298;-139.989594;1985.871460;0.042231;0.000000;0.000000;0.000000;0.000000;2.000000;94.289536;268.333282;2094.748291;0.639190;0.000000;0.000000;0.000000;0.000000;2.000000;123.688171;598.445313;2325.548584;0.624651;0.000000;0.000000;0.000000;0.000000;2.000000;94.891220;753.763672;2206.580811;0.416891;0.000000;0.000000;0.000000;0.000000;2.000000;-85.377411;-159.026825;2012.740234;0.038082;0.000000;0.000000;0.000000;0.000000;2.000000;-145.388840;255.505661;1960.212402;0.657320;0.000000;0.000000;0.000000;0.000000;2.000000;-196.565292;659.436768;1932.330811;1.306785;0.000000;0.000000;0.000000;0.000000;2.000000;-208.527313;708.501587;1757.536865;0.908054;0.000000;0.000000;0.000000;0.000000;2.000000;28.108200;-792.892944;1895.765503;0.325699;0.000000;0.000000;0.000000;0.000000;2.000000;-10.235031;-844.005127;1738.638550;0.441628;0.000000;0.000000;0.000000;0.000000;2.000000;26.202560;-878.353638;1769.997192;0.455499;0.000000;0.000000;0.000000;0.000000;2.000000;113.244690;-858.515381;1869.684937;0.503479;0.000000;0.000000;0.000000;0.000000;2.000000;-28.211121;-876.159180;1778.957520;0.381747;0.000000;0.000000;0.000000;0.000000;2.000000;-56.165382;-863.604492;1913.824219;0.225276;0.000000;0.000000;0.000000;0.000000;2.000000;13004099584.000000
0.000000;-150.000000;2000.000000;0.000000;0.000000;0.000000;0.000000;0.000000;2.000000;12.015198;-333.746704;1956.535645;0.038222;0.000000;0.000000;0.000000;0.000000;2.000000;22.309860;-481.408447;1925.418213;0.070325;0.000000;0.000000;0.000000;0.000000;2.000000;32.954514;-710.968628;1911.299316;0.120578;0.000000;0.000000;0.000000;0.000000;2.000000;64.652618;-671.037354;1901.166138;0.108800;0.000000;0.000000;0.000000;0.000000;2.000000;197.253021;-625.869019;1843.201904;0.177535;0.000000;0.000000;0.000000;0.000000;2.000000;265.275818;-340.811737;1843.187866;0.183264;0.000000;0.000000;0.000000;0.000000;2.000000;217.066864;-110.252106;1772.344849;0.416410;0.000000;0.000000;0.000000;0.000000;2.000000;179.005066;-15.493008;1772.821289;0.440573;0.000000;0.000000;0.000000;0.000000;2.000000;186.955048;49.427917;1866.913452;0.521546;0.000000;0.000000;0.000000;0.000000;2.000000;162.291626;-13.846035;1880.971802;3.037891;0.000000;0.000000;0.000000;0.000000;2.000000;-1.307251;-675.118286;1928.111450;0.109666;0.000000;0.000000;0.000000;0.000000;2.000000;-129.715088;-648.361572;1975.509033;0.316411;0.000000;0.000000;0.000000;0.000000;2.000000;-189.797012;-390.871552;2114.268555;0.167421;0.000000;0.000000;0.000000;0.000000;2.000000;-249.891296;-149.204453;2119.532959;0.355787;0.000000;0.000000;0.000000;0.000000;2.000000;-235.401459;-41.085510;2105.747070;0.607317;0.000000;0.000000;0.000000;0.000000;0.000000;-219.056091;37.733635;2184.532959;0.476918;0.000000;0.000000;0.000000;0.000000;0.000000;-222.858322;-31.882893;2091.813965;0.704975;0.000000;0.000000;0.000000;0.000000;0.000000;94.859161;-140.034531;1984.093506;0.052897;0.000000;0.000000;0.000000;0.000000;2.000000;84.813660;270.531555;2091.713135;0.301552;0.000000;0.000000;0.000000;0.000000;2.000000;112.863464;609.816284;2312.455566;0.604954;0.000000;0.000000;0.000000;0.000000;2.000000;82.774841;759.442627;2185.263916;0.744815;0.000000;0.000000;0.000000;0.000000;2.000000;-85.538666;-158.986298;2014.343750;0.047707;0.000000;0.000000;0.000000;0.000000;2.000000;-149.071136;257.980896;1970.054443;0.319481;0.000000;0.000000;0.000000;0.000000;2.000000;-202.046371;664.267212;1954.721069;0.696971;0.000000;0.000000;0.000000;0.000000;2.000000;-217.312592;729.979736;1784.836182;1.060292;0.000000;0.000000;0.000000;0.000000;2.000000;31.502625;-795.612549;1892.917358;0.153855;0.000000;0.000000;0.000000;0.000000;2.000000;-5.843277;-830.395874;1730.328125;0.489457;0.000000;0.000000;0.000000;0.000000;2.000000;29.644165;-868.587280;1758.709473;0.453300;0.000000;0.000000;0.000000;0.000000;2.000000;116.079498;-860.416748;1861.358032;0.266317;0.000000;0.000000;0.000000;0.000000;2.000000;-25.087601;-866.138184;1767.241699;0.465499;0.000000;0.000000;0.000000;0.000000;2.000000;-54.779846;-866.311035;1902.979858;0.333291;0.000000;0.000000;0.000000;0.000000;2.000000;13004133376.000000
0.000000;-150.000000;2000.000000;0.000000;0.000000;0.000000;0.000000;0.000000;2.000000;10.055344;-333.562378;1957.444458;0.064162;0.000000;0.000000;0.000000;0.000000;2.000000;18.328644;-480.557861;1924.562012;0.123110;0.000000;0.000000;0.000000;0.000000;2.000000;23.950119;-710.009827;1917.446167;0.323879;0.000000;0.000000;0.000000;0.000000;2.000000;56.403717;-671.206787;1906.098877;0.284468;0.000000;0.000000;0.000000;0.000000;2.000000;187.146835;-627.020996;1844.330688;0.302855;0.000000;0.000000;0.000000;0.000000;2.000000;257.434631;-343.313416;1843.531250;0.243778;0.000000;0.000000;0.000000;0.000000;2.000000;206.105453;-108.660049;1793.691284;0.711679;0.000000;0.000000;0.000000;0.000000;2.000000;196.029739;-8.442120;1778.592896;0.571429;0.000000;0.000000;0.000000;0.000000;2.000000;195.936081;40.998104;1881.634277;0.568015;0.000000;0.000000;0.000000;0.000000;0.000000;152.027939;-25.769455;1905.763916;0.868921;0.000000;0.000000;0.000000;0.000000;0.000000;-9.408188;-673.026367;1933.153687;0.289080;0.000000;0.000000;0.000000;0.000000;2.000000;-134.219849;-635.107788;1981.449463;0.450009;0.000000;0.000000;0.000000;0.000000;2.000000;-202.787033;-384.983521;2127.840820;0.582622;0.000000;0.000000;0.000000;0.000000;2.000000;-258.371826;-143.144363;2116.077148;0.324964;0.000000;0.000000;0.000000;0.000000;2.000000;-258.663544;-34.384178;2102.042725;0.724724;0.000000;0.000000;0.000000;0.000000;0.000000;-239.022507;47.830971;2176.033936;0.708281;0.000000;0.000000;0.000000;0.000000;0.000000;-238.763245;-25.161922;2078.268799;0.649432;0.000000;0.000000;0.000000;0.000000;0.000000;94.401474;-140.782822;1982.547852;0.052593;0.000000;0.000000;0.000000;0.000000;2.000000;75.827744;270.056091;2083.351563;0.363508;0.000000;0.000000;0.000000;0.000000;2.000000;100.369644;622.499695;2280.682617;1.077798;0.000000;0.000000;0.000000;0.000000;2.000000;59.053497;773.005676;2158.603027;1.129756;0.000000;0.000000;0.000000;0.000000;2.000000;-85.125992;-158.311539;2015.737305;0.047419;0.000000;0.000000;0.000000;0.000000;2.000000;-157.782501;257.143005;1983.678711;0.479194;0.000000;0.000000;0.000000;0.000000;2.000000;-205.337646;662.478577;2009.434082;1.622902;0.000000;0.000000;0.000000;0.000000;2.000000;-234.914230;740.107056;1847.154785;1.939625;0.000000;0.000000;0.000000;0.000000;2.000000;20.638977;-794.896851;1901.692993;0.413816;0.000000;0.000000;0.000000;0.000000;2.000000;-8.119781;-824.222839;1736.770874;0.272508;0.000000;0.000000;0.000000;0.000000;2.000000;27.178467;-862.309021;1765.201294;0.277037;0.000000;0.000000;0.000000;0.000000;2.000000;108.375259;-855.610168;1871.696533;0.407203;0.000000;0.000000;0.000000;0.000000;2.000000;-27.786911;-861.880432;1771.262329;0.190822;0.000000;0.000000;0.000000;0.000000;2.000000;-63.449196;-868.354370;1905.018677;0.270397;0.000000;0.000000;0.000000;0.000000;2.000000;13004167168.000000
0.000000;-150.000000;2000.000000;0.000000;0.000000;0.000000;0.000000;0.000000;2.000000;7.864487;-334.214172;1960.317871;0.112051;0.000000;0.000000;0.000000;0.000000;2.000000;14.503036;-481.785706;1930.101074;0.208826;0.000000;0.000000;0.000000;0.000000;2.000000;23.358704;-710.857849;1918.926636;0.055107;0.000000;0.000000;0.000000;0.000000;2.000000;55.092392;-671.411804;1907.883179;0.067865;0.000000;0.000000;0.000000;0.000000;2.000000;181.607834;-618.583069;1844.311157;0.308030;0.000000;0.000000;0.000000;0.000000;2.000000;249.105545;-334.706848;1858.569458;0.586695;0.000000;0.000000;0.000000;0.000000;2.000000;215.134598;-97.509964;1806.570190;0.588377;0.000000;0.000000;0.000000;0.000000;2.000000;206.745621;3.815422;1801.524902;0.858274;0.000000;0.000000;0.000000;0.000000;2.000000;196.491959;54.167515;1903.545776;0.780353;0.000000;0.000000;0.000000;0.000000;0.000000;159.556717;-12.907295;1918.013794;0.588742;0.000000;0.000000;0.000000;0.000000;0.000000;-10.324509;-674.663452;1935.657959;0.095492;0.000000;0.000000;0.000000;0.000000;2.000000;-133.133865;-639.388672;1990.451416;0.305999;0.000000;0.000000;0.000000;0.000000;2.000000;-203.155075;-391.387390;2139.438477;0.404459;0.000000;0.000000;0.000000;0.000000;2.000000;-262.555969;-151.188858;2118.744385;0.288444;0.000000;0.000000;0.000000;0.000000;2.000000;-263.933105;-41.903610;2110.464600;0.380233;0.000000;0.000000;0.000000;0.000000;0.000000;-226.323074;13.364761;2200.675537;1.349831;0.000000;0.000000;0.000000;0.000000;0.000000;-234.584152;-29.018906;2083.723389;0.240477;0.000000;0.000000;0.000000;0.000000;0.000000;93.880234;-141.638794;1979.791016;0.089519;0.000000;0.000000;0.000000;0.000000;2.000000;73.470230;269.741516;2077.074951;0.204838;0.000000;0.000000;0.000000;0.000000;2.000000;81.749008;625.848022;2268.681396;0.683736;0.000000;0.000000;0.000000;0.000000;2.000000;50.388855;775.195374;2142.447998;0.563424;0.000000;0.000000;0.000000;0.000000;2.000000;-84.655937;-157.539673;2018.223145;0.080720;0.000000;0.000000;0.000000;0.000000;2.000000;-164.238403;257.095276;1996.461182;0.437022;0.000000;0.000000;0.000000;0.000000;2.000000;-199.773376;654.395874;2085.584229;2.343133;0.000000;0.000000;0.000000;0.000000;2.000000;-239.357285;746.208191;1933.249878;2.637491;0.000000;0.000000;0.000000;0.000000;2.000000;21.090652;-795.457214;1901.744751;0.022021;0.000000;0.000000;0.000000;0.000000;2.000000;-21.979324;-819.590332;1739.202881;0.452095;0.000000;0.000000;0.000000;0.000000;2.000000;16.624542;-857.708618;1762.825439;0.358752;0.000000;0.000000;0.000000;0.000000;2.000000;107.031082;-852.696045;1861.630615;0.322422;0.000000;0.000000;0.000000;0.000000;2.000000;-37.520691;-858.944702;1773.861816;0.320249;0.000000;0.000000;0.000000;0.000000;2.000000;-60.587814;-871.137939;1909.892822;0.192268;0.000000;0.000000;0.000000;0.000000;2.000000;13004199936.000000
0.000000;-150.000000;2000.000000;0.000000;0.000000;0.000000;0.000000;0.000000;2.000000;8.882202;-335.313599;1962.501953;0.078377;0.000000;0.000000;0.000000;0.000000;2.000000;16.664108;-483.987732;1935.433105;0.182302;0.000000;0.000000;0.000000;0.000000;2.000000;24.873886;-713.999451;1926.387573;0.243725;0.000000;0.000000;0.000000;0.000000;2.000000;56.834198;-674.612549;1914.924194;0.234614;0.000000;0.000000;0.000000;0.000000;2.000000;182.008179;-620.604919;1848.466431;0.137262;0.000000;0.000000;0.000000;0.000000;2.000000;243.728363;-334.851074;1870.636719;0.390976;0.000000;0.000000;0.000000;0.000000;2.000000;229.440643;-93.920410;1822.687378;0.646528;0.000000;0.000000;0.000000;0.000000;2.000000;214.570465;7.113308;1825.506348;0.752853;0.000000;0.000000;0.000000;0.000000;2.000000;208.485260;62.230721;1925.841797;0.786282;0.000000;0.000000;0.000000;0.000000;0.000000;178.948975;-3.172375;1935.156006;0.818327;0.000000;0.000000;0.000000;0.000000;0.000000;-8.818680;-677.419678;1942.843018;0.232052;0.000000;0.000000;0.000000;0.000000;2.000000;-130.739456;-642.827515;2001.203125;0.341484;0.000000;0.000000;0.000000;0.000000;2.000000;-194.102737;-388.999146;2145.409668;0.328605;0.000000;0.000000;0.000000;0.000000;2.000000;-268.918121;-152.791595;2118.910156;0.194218;0.000000;0.000000;0.000000;0.000000;2.000000;-262.140625;-43.452797;2108.968018;0.082927;0.000000;0.000000;0.000000;0.000000;0.000000;-233.097870;7.116695;2205.387207;0.306305;0.000000;0.000000;0.000000;0.000000;0.000000;-243.594818;-34.197296;2086.974365;0.322245;0.000000;0.000000;0.000000;0.000000;0.000000;94.149109;-141.343597;1979.521484;0.014256;0.000000;0.000000;0.000000;0.000000;2.000000;70.893127;270.765198;2079.635010;0.111684;0.000000;0.000000;0.000000;0.000000;2.000000;78.005249;634.210510;2260.250732;0.368455;0.000000;0.000000;0.000000;0.000000;2.000000;33.997009;775.680969;2127.762207;0.651446;0.000000;0.000000;0.000000;0.000000;2.000000;-84.898384;-157.805878;2018.466309;0.012858;0.000000;0.000000;0.000000;0.000000;2.000000;-156.582825;260.321014;2024.820557;0.874500;0.000000;0.000000;0.000000;0.000000;2.000000;-182.642075;650.681885;2148.064941;1.920369;0.000000;0.000000;0.000000;0.000000;2.000000;-223.144821;761.165649;2008.091064;2.308954;0.000000;0.000000;0.000000;0.000000;2.000000;22.344193;-799.053101;1909.947021;0.267613;0.000000;0.000000;0.000000;0.000000;2.000000;-21.574860;-824.312988;1747.167847;0.274285;0.000000;0.000000;0.000000;0.000000;2.000000;18.102615;-861.753784;1770.625244;0.263667;0.000000;0.000000;0.000000;0.000000;2.000000;109.435394;-854.790100;1869.110718;0.240627;0.000000;0.000000;0.000000;0.000000;2.000000;-36.117630;-864.077026;1782.100586;0.290231;0.000000;0.000000;0.000000;0.000000;2.000000;-58.016617;-876.631836;1918.794922;0.318781;0.000000;0.000000;0.000000;0.000000;2.000000;13004233728.000000
0.000000;-150.000000;2000.000000;0.000000;0.000000;0.000000;0.000000;0.000000;2.000000;5.594299;-335.929199;1963.439453;0.106016;0.000000;0.000000;0.000000;0.000000;2.000000;12.275543;-485.652283;1940.925049;0.220471;0.000000;0.000000;0.000000;0.000000;2.000000;28.515991;-715.385376;1927.557617;0.124168;0.000000;0.000000;0.000000;0.000000;2.000000;58.767685;-674.611816;1915.939941;0.066652;0.000000;0.000000;0.000000;0.000000;2.000000;184.857346;-620.133118;1851.078247;0.118830;0.000000;0.000000;0.000000;0.000000;2.000000;247.438004;-334.068176;1872.854858;0.134050;0.000000;0.000000;0.000000;0.000000;2.000000;247.217667;-90.240250;1836.976807;0.705051;0.000000;0.000000;0.000000;0.000000;2.000000;232.916183;8.739170;1858.608032;1.156020;0.000000;0.000000;0.000000;0.000000;0.000000;221.389572;73.404037;1952.781494;0.973272;0.000000;0.000000;0.000000;0.000000;0.000000;189.039078;7.197205;1943.314941;0.506910;0.000000;0.000000;0.000000;0.000000;0.000000;-6.065643;-680.282349;1945.570557;0.147035;0.000000;0.000000;0.000000;0.000000;2.000000;-127.077095;-650.593201;2008.836426;0.350602;0.000000;0.000000;0.000000;0.000000;2.000000;-183.973114;-388.264771;2140.986816;0.338057;0.000000;0.000000;0.000000;0.000000;2.000000;-243.032379;-146.458649;2122.858398;0.822145;0.000000;0.000000;0.000000;0.000000;2.000000;-240.654144;-38.262871;2102.232422;0.705195;0.000000;0.000000;0.000000;0.000000;0.000000;-191.217026;12.477781;2190.085938;1.370533;0.000000;0.000000;0.000000;0.000000;0.000000;-212.808563;-37.237213;2061.959961;1.214107;0.000000;0.000000;0.000000;0.000000;0.000000;92.081070;-141.540527;1971.069092;0.265623;0.000000;0.000000;0.000000;0.000000;2.000000;67.117111;270.252075;2074.810303;0.187626;0.000000;0.000000;0.000000;0.000000;2.000000;72.616989;636.134949;2251.946777;0.307747;0.000000;0.000000;0.000000;0.000000;2.000000;29.387665;774.335999;2115.350586;0.406128;0.000000;0.000000;0.000000;0.000000;2.000000;-83.033524;-157.628281;2026.088135;0.239522;0.000000;0.000000;0.000000;0.000000;2.000000;-158.975983;260.249146;2039.523682;0.454614;0.000000;0.000000;0.000000;0.000000;2.000000;-151.612915;635.321228;2206.975342;2.085312;0.000000;0.000000;0.000000;0.000000;2.000000;-192.533325;772.105652;2092.260498;2.753565;0.000000;0.000000;0.000000;0.000000;2.000000;28.598999;-800.318176;1909.652100;0.194955;0.000000;0.000000;0.000000;0.000000;2.000000;-17.294510;-828.460815;1747.614380;0.182405;0.000000;0.000000;0.000000;0.000000;2.000000;21.027191;-866.855164;1772.000000;0.184290;0.000000;0.000000;0.000000;0.000000;2.000000;113.264114;-860.783020;1869.986450;0.218667;0.000000;0.000000;0.000000;0.000000;2.000000;-33.261368;-866.646240;1783.798340;0.128179;0.000000;0.000000;0.000000;0.000000;2.000000;-54.912552;-874.401245;1921.107422;0.136337;0.000000;0.000000;0.000000;0.000000;2.000000;13004266496.000000
0.000000;-150.000000;2000.000000;0.000000;0.000000;0.000000;0.000000;0.000000;2.000000;5.188690;-337.619507;1962.391602;0.060064;0.000000;0.000000;0.000000;0.000000;2.000000;10.993546;-488.285553;1936.218750;0.164038;0.000000;0.000000;0.000000;0.000000;2.000000;25.082321;-720.713867;1929.737061;0.198366;0.000000;0.000000;0.000000;0.000000;2.000000;55.695175;-680.220215;1915.991455;0.189248;0.000000;0.000000;0.000000;0.000000;2.000000;174.676804;-623.992920;1837.200928;0.521977;0.000000;0.000000;0.000000;0.000000;2.000000;245.888901;-338.733185;1875.546509;0.165844;0.000000;0.000000;0.000000;0.000000;2.000000;237.281693;-92.014893;1844.137939;0.366228;0.000000;0.000000;0.000000;0.000000;2.000000;222.891525;9.232719;1858.852905;0.297105;0.000000;0.000000;0.000000;0.000000;0.000000;247.504379;64.261810;1957.886230;0.832616;0.000000;0.000000;0.000000;0.000000;0.000000;191.279648;5.586643;1960.467529;0.514119;0.000000;0.000000;0.000000;0.000000;0.000000;-9.092758;-684.387085;1947.597656;0.162414;0.000000;0.000000;0.000000;0.000000;2.000000;-130.600830;-654.878906;2012.986816;0.205046;0.000000;0.000000;0.000000;0.000000;2.000000;-189.277069;-389.333740;2144.575195;0.192128;0.000000;0.000000;0.000000;0.000000;2.000000;-251.297028;-146.713226;2116.341797;0.311548;0.000000;0.000000;0.000000;0.000000;2.000000;-246.755447;-39.183899;2088.194580;0.453780;0.000000;0.000000;0.000000;0.000000;0.000000;-229.605072;17.043036;2185.822021;1.150953;0.000000;0.000000;0.000000;0.000000;0.000000;-246.915436;-31.206505;2077.461914;1.122952;0.000000;0.000000;0.000000;0.000000;0.000000;90.167831;-140.156494;1963.333496;0.239346;0.000000;0.000000;0.000000;0.000000;2.000000;50.972855;273.746185;2071.295166;0.499761;0.000000;0.000000;0.000000;0.000000;2.000000;52.816177;646.304565;2243.678223;0.702704;0.000000;0.000000;0.000000;0.000000;2.000000;11.150696;772.331177;2092.730469;0.861896;0.000000;0.000000;0.000000;0.000000;2.000000;-81.308289;-158.876328;2033.063965;0.215837;0.000000;0.000000;0.000000;0.000000;2.000000;-150.867004;263.137939;2067.356201;0.862136;0.000000;0.000000;0.000000;0.000000;2.000000;-105.449097;629.834961;2255.913330;1.997487;0.000000;0.000000;0.000000;0.000000;2.000000;-172.550766;762.113037;2145.452393;1.707310;0.000000;0.000000;0.000000;0.000000;2.000000;24.004959;-807.001587;1914.400391;0.278108;0.000000;0.000000;0.000000;0.000000;2.000000;-23.007233;-813.631470;1748.653198;0.471282;0.000000;0.000000;0.000000;0.000000;2.000000;11.607452;-858.246460;1769.099121;0.387266;0.000000;0.000000;0.000000;0.000000;2.000000;103.821396;-871.331787;1868.230835;0.422176;0.000000;0.000000;0.000000;0.000000;2.000000;-43.076019;-854.104980;1780.913818;0.478938;0.000000;0.000000;0.000000;0.000000;2.000000;-67.091476;-874.303223;1917.947021;0.372357;0.000000;0.000000;0.000000;0.000000;2.000000;13004300288.000000
0.000000;-150.000000;2000.000000;0.000000;0.000000;0.000000;0.000000;0.000000;2.000000;1.103668;-338.262146;1962.962158;0.127394;0.000000;0.000000;0.000000;0.000000;2.000000;5.721588;-490.071716;1941.462402;0.233374;0.000000;0.000000;0.000000;0.000000;2.000000;21.475800;-722.921143;1934.183105;0.187246;0.000000;0.000000;0.000000;0.000000;2.000000;51.425568;-682.072266;1919.579102;0.179330;0.000000;0.000000;0.000000;0.000000;2.000000;170.298431;-628.301086;1838.244995;0.190143;0.000000;0.000000;0.000000;0.000000;2.000000;243.718536;-343.215149;1879.060059;0.185991;0.000000;0.000000;0.000000;0.000000;2.000000;235.008209;-95.606476;1850.121338;0.223986;0.000000;0.000000;0.000000;0.000000;2.000000;227.989655;-4.805206;1899.427002;1.319444;0.000000;0.000000;0.000000;0.000000;0.000000;248.322327;68.062798;1987.642578;0.915810;0.000000;0.000000;0.000000;0.000000;0.000000;196.862976;7.785789;1958.771729;0.190302;0.000000;0.000000;0.000000;0.000000;0.000000;-12.526794;-686.804504;1953.137207;0.212142;0.000000;0.000000;0.000000;0.000000;2.000000;-133.333481;-660.703308;2021.907715;0.335657;0.000000;0.000000;0.000000;0.000000;2.000000;-191.058670;-397.499268;2160.094238;0.537916;0.000000;0.000000;0.000000;0.000000;2.000000;-250.582733;-156.369904;2114.027100;0.303829;0.000000;0.000000;0.000000;0.000000;2.000000;-246.362732;-46.292610;2096.731201;0.339229;0.000000;0.000000;0.000000;0.000000;0.000000;-221.287125;16.078463;2189.084961;0.274260;0.000000;0.000000;0.000000;0.000000;0.000000;-221.394196;-39.387321;2070.485840;0.845136;0.000000;0.000000;0.000000;0.000000;0.000000;89.250275;-141.652832;1960.231445;0.108771;0.000000;0.000000;0.000000;0.000000;2.000000;50.024750;275.395020;2059.792236;0.355808;0.000000;0.000000;0.000000;0.000000;2.000000;57.012085;649.082092;2231.911621;0.390545;0.000000;0.000000;0.000000;0.000000;2.000000;6.288101;778.300415;2085.881836;0.314465;0.000000;0.000000;0.000000;0.000000;2.000000;-80.480896;-157.527008;2035.861328;0.098087;0.000000;0.000000;0.000000;0.000000;2.000000;-151.880066;261.709900;2100.076416;0.999970;0.000000;0.000000;0.000000;0.000000;2.000000;-46.606842;613.471924;2295.212402;2.216378;0.000000;0.000000;0.000000;0.000000;2.000000;-110.702499;758.799927;2199.635010;2.511347;0.000000;0.000000;0.000000;0.000000;2.000000;20.625824;-809.397400;1918.710205;0.182425;0.000000;0.000000;0.000000;0.000000;2.000000;-25.609314;-818.350647;1752.430786;0.200841;0.000000;0.000000;0.000000;0.000000;2.000000;7.194336;-863.850281;1774.281860;0.269073;0.000000;0.000000;0.000000;0.000000;2.000000;98.384552;-878.041443;1874.641968;0.328233;0.000000;0.000000;0.000000;0.000000;2.000000;-47.494598;-857.299316;1785.600342;0.219411;0.000000;0.000000;0.000000;0.000000;2.000000;-73.247803;-873.184143;1923.225830;0.249832;0.000000;0.000000;0.000000;0.000000;2.000000;13004333056.000000
0.000000;-150.000000;2000.000000;0.000000;0.000000;0.000000;0.000000;0.000000;2.000000;-0.510864;-336.502136;1961.281982;0.086416;0.000000;0.000000;0.000000;0.000000;2.000000;4.600464;-487.283508;1940.600098;0.092520;0.000000;0.000000;0.000000;0.000000;2.000000;26.845337;-717.942200;1934.940918;0.217856;0.000000;0.000000;0.000000;0.000000;2.000000;55.073822;-676.671570;1919.496582;0.192885;0.000000;0.000000;0.000000;0.000000;2.000000;171.231842;-625.955322;1834.466553;0.134478;0.000000;0.000000;0.000000;0.000000;2.000000;245.402985;-343.123779;1873.911255;0.160337;0.000000;0.000000;0.000000;0.000000;2.000000;249.331207;-95.967590;1859.063477;0.499795;0.000000;0.000000;0.000000;0.000000;2.000000;232.293884;-5.892696;1905.604248;0.225114;0.000000;0.000000;0.000000;0.000000;0.000000;256.012054;67.574448;1991.333740;0.252832;0.000000;0.000000;0.000000;0.000000;0.000000;217.596558;13.909912;1958.201172;0.639993;0.000000;0.000000;0.000000;0.000000;0.000000;-7.550827;-682.921204;1954.161621;0.189231;0.000000;0.000000;0.000000;0.000000;2.000000;-128.613937;-660.755859;2021.745117;0.139756;0.000000;0.000000;0.000000;0.000000;2.000000;-174.990982;-395.364197;2155.132568;0.501637;0.000000;0.000000;0.000000;0.000000;2.000000;-240.146194;-158.374619;2105.382080;0.405407;0.000000;0.000000;0.000000;0.000000;2.000000;-236.902603;-48.216049;2094.969238;0.290399;0.000000;0.000000;0.000000;0.000000;0.000000;-195.646149;27.959845;2168.142090;1.040906;0.000000;0.000000;0.000000;0.000000;0.000000;-211.993668;-42.235771;2057.405762;0.484068;0.000000;0.000000;0.000000;0.000000;0.000000;85.993286;-140.949539;1955.269775;0.176867;0.000000;0.000000;0.000000;0.000000;2.000000;45.199280;274.650024;2046.414795;0.421421;0.000000;0.000000;0.000000;0.000000;2.000000;52.268707;645.686707;2217.134033;0.470149;0.000000;0.000000;0.000000;0.000000;2.000000;-4.332825;777.805237;2078.037354;0.391012;0.000000;0.000000;0.000000;0.000000;2.000000;-77.543930;-158.161179;2040.334961;0.159476;0.000000;0.000000;0.000000;0.000000;2.000000;-143.555756;255.219620;2124.361084;0.783602;0.000000;0.000000;0.000000;0.000000;2.000000;-46.831146;603.082703;2324.431641;0.917735;0.000000;0.000000;0.000000;0.000000;2.000000;-88.165298;762.982849;2243.257568;1.458283;0.000000;0.000000;0.000000;0.000000;2.000000;28.198273;-803.909668;1920.303955;0.280738;0.000000;0.000000;0.000000;0.000000;2.000000;-21.114853;-804.988037;1755.983521;0.430249;0.000000;0.000000;0.000000;0.000000;2.000000;10.841858;-851.709595;1775.144165;0.376008;0.000000;0.000000;0.000000;0.000000;2.000000;102.962952;-871.855835;1872.240967;0.238563;0.000000;0.000000;0.000000;0.000000;2.000000;-43.058441;-844.496338;1787.746826;0.405975;0.000000;0.000000;0.000000;0.000000;2.000000;-66.292007;-865.323059;1924.110596;0.311727;0.000000;0.000000;0.000000;0.000000;2.000000;13004366848.000000
0.000000;-150.000000;2000.000000;0.000000;0.000000;0.000000;0.000000;0.000000;2.000000;1.161163;-332.928772;1962.175293;0.123446;0.000000;0.000000;0.000000;0.000000;2.000000;6.701385;-480.551270;1940.287842;0.215434;0.000000;0.000000;0.000000;0.000000;2.000000;18.631897;-707.537170;1937.006592;0.409427;0.000000;0.000000;0.000000;0.000000;2.000000;47.647797;-668.472534;1920.698730;0.339576;0.000000;0.000000;0.000000;0.000000;2.000000;160.564209;-615.319885;1838.062012;0.472617;0.000000;0.000000;0.000000;0.000000;2.000000;237.965881;-339.292908;1877.307373;0.275538;0.000000;0.000000;0.000000;0.000000;2.000000;239.776184;-96.572372;1869.523926;0.432753;0.000000;0.000000;0.000000;0.000000;2.000000;249.736755;-13.177452;1925.306641;0.833250;0.000000;0.000000;0.000000;0.000000;0.000000;252.979553;72.657791;1998.943604;0.294216;0.000000;0.000000;0.000000;0.000000;0.000000;184.301300;4.803238;1967.948486;1.094606;0.000000;0.000000;0.000000;0.000000;0.000000;-13.118530;-671.554321;1956.238770;0.391435;0.000000;0.000000;0.000000;0.000000;2.000000;-124.669144;-645.716248;2032.724609;0.580878;0.000000;0.000000;0.000000;0.000000;2.000000;-172.394196;-384.544434;2160.910156;0.382617;0.000000;0.000000;0.000000;0.000000;2.000000;-238.700851;-149.149292;2134.981445;0.947185;0.000000;0.000000;0.000000;0.000000;2.000000;-241.944595;-44.538734;2106.147705;0.390699;0.000000;0.000000;0.000000;0.000000;0.000000;-235.729263;36.504333;2182.047607;1.320755;0.000000;0.000000;0.000000;0.000000;0.000000;-217.328918;-33.167549;2089.189209;1.021717;0.000000;0.000000;0.000000;0.000000;0.000000;83.811554;-140.231628;1955.330811;0.070118;0.000000;0.000000;0.000000;0.000000;2.000000;37.251617;268.381226;2036.425293;0.434008;0.000000;0.000000;0.000000;0.000000;2.000000;38.563019;634.743469;2198.473877;0.781513;0.000000;0.000000;0.000000;0.000000;2.000000;-22.856720;784.989868;2088.333984;0.682922;0.000000;0.000000;0.000000;0.000000;2.000000;-75.576584;-158.808548;2040.280029;0.063228;0.000000;0.000000;0.000000;0.000000;2.000000;-110.570755;248.226807;2132.085205;1.055649;0.000000;0.000000;0.000000;0.000000;2.000000;-25.640579;583.501587;2342.453125;1.038151;0.000000;0.000000;0.000000;0.000000;2.000000;-58.613464;743.801453;2266.377686;1.286010;0.000000;0.000000;0.000000;0.000000;2.000000;15.980316;-791.980225;1923.666504;0.531126;0.000000;0.000000;0.000000;0.000000;2.000000;-45.198517;-803.271301;1767.339111;0.814265;0.000000;0.000000;0.000000;0.000000;2.000000;-11.816589;-847.582153;1786.230957;0.780056;0.000000;0.000000;0.000000;0.000000;2.000000;86.174164;-860.704773;1874.803223;0.620021;0.000000;0.000000;0.000000;0.000000;2.000000;-63.600098;-840.239319;1802.401855;0.780947;0.000000;0.000000;0.000000;0.000000;2.000000;-75.243393;-852.690552;1938.525879;0.645581;0.000000;0.000000;0.000000;0.000000;2.000000;13004399616.000000
0.000000;-150.000000;2000.000000;0.000000;0.000000;0.000000;0.000000;0.000000;2.000000;-3.003906;-331.637939;1964.285889;0.143361;0.000000;0.000000;0.000000;0.000000;2.000000;0.100006;-478.471863;1945.919678;0.264056;0.000000;0.000000;0.000000;0.000000;2.000000;12.416351;-703.425781;1943.827148;0.298955;0.000000;0.000000;0.000000;0.000000;2.000000;40.547852;-664.750427;1926.503662;0.292895;0.000000;0.000000;0.000000;0.000000;2.000000;151.555389;-612.693176;1842.989136;0.313649;0.000000;0.000000;0.000000;0.000000;2.000000;221.639862;-337.690338;1884.229736;0.526907;0.000000;0.000000;0.000000;0.000000;2.000000;229.378448;-97.167282;1879.620117;0.429249;0.000000;0.000000;0.000000;0.000000;2.000000;229.840546;-13.114449;1933.661377;0.638591;0.000000;0.000000;0.000000;0.000000;0.000000;217.706512;85.216026;1986.175781;1.170662;0.000000;0.000000;0.000000;0.000000;0.000000;155.877136;1.210632;1924.461426;1.541090;0.000000;0.000000;0.000000;0.000000;0.000000;-18.531281;-667.710022;1963.626465;0.293931;0.000000;0.000000;0.000000;0.000000;2.000000;-124.544891;-638.489685;2044.451172;0.407641;0.000000;0.000000;0.000000;0.000000;2.000000;-181.082642;-389.457611;2186.461182;0.811773;0.000000;0.000000;0.000000;0.000000;2.000000;-242.032730;-157.762085;2141.620117;0.336570;0.000000;0.000000;0.000000;0.000000;2.000000;-261.486572;-53.934509;2121.177490;0.780748;0.000000;0.000000;0.000000;0.000000;0.000000;-231.338348;36.415627;2176.641357;0.206123;0.000000;0.000000;0.000000;0.000000;0.000000;-233.270081;-32.628258;2099.436523;0.561031;0.000000;0.000000;0.000000;0.000000;0.000000;83.476318;-142.736664;1956.038330;0.077667;0.000000;0.000000;0.000000;0.000000;2.000000;26.169495;261.188354;2034.502930;0.395090;0.000000;0.000000;0.000000;0.000000;2.000000;37.578369;620.417358;2203.217041;0.447531;0.000000;0.000000;0.000000;0.000000;2.000000;-32.604980;769.636414;2100.243408;0.643323;0.000000;0.000000;0.000000;0.000000;2.000000;-75.274292;-156.549667;2039.642090;0.070035;0.000000;0.000000;0.000000;0.000000;2.000000;-95.549454;242.828278;2150.597412;0.723352;0.000000;0.000000;0.000000;0.000000;2.000000;-13.403015;582.219727;2348.181152;0.401647;0.000000;0.000000;0.000000;0.000000;2.000000;-74.708221;736.706848;2282.081299;0.697774;0.000000;0.000000;0.000000;0.000000;2.000000;9.596924;-787.212830;1931.264404;0.325795;0.000000;0.000000;0.000000;0.000000;2.000000;-63.849518;-807.845337;1782.983887;0.733006;0.000000;0.000000;0.000000;0.000000;2.000000;-28.474854;-850.190369;1801.133179;0.665921;0.000000;0.000000;0.000000;0.000000;2.000000;76.021301;-856.947083;1880.771240;0.365825;0.000000;0.000000;0.000000;0.000000;2.000000;-78.364929;-842.742554;1821.117188;0.709320;0.000000;0.000000;0.000000;0.000000;2.000000;-78.091751;-847.714539;1956.992920;0.572225;0.000000;0.000000;0.000000;0.000000;2.000000;13004433408.000000
0.000000;-150.000000;2000.000000;0.000000;0.000000;0.000000;0.000000;0.000000;2.000000;-1.922394;-334.505310;1964.095947;0.093702;0.000000;0.000000;0.000000;0.000000;2.000000;-0.737000;-482.710999;1939.254639;0.242406;0.000000;0.000000;0.000000;0.000000;2.000000;12.405457;-711.024597;1944.500000;0.232805;0.000000;0.000000;0.000000;0.000000;2.000000;40.127960;-672.334717;1924.457764;0.240070;0.000000;0.000000;0.000000;0.000000;2.000000;146.733673;-622.470154;1830.460815;0.506810;0.000000;0.000000;0.000000;0.000000;2.000000;218.048584;-343.306824;1872.412354;0.414065;0.000000;0.000000;0.000000;0.000000;2.000000;215.310913;-99.089859;1863.961670;0.645054;0.000000;0.000000;0.000000;0.000000;2.000000;253.663086;-18.023666;1911.408447;1.006065;0.000000;0.000000;0.000000;0.000000;0.000000;209.588562;85.366974;1929.569580;1.745164;0.000000;0.000000;0.000000;0.000000;0.000000;194.474182;20.451263;1933.949219;1.347603;0.000000;0.000000;0.000000;0.000000;0.000000;-18.316833;-674.147400;1964.566162;0.198643;0.000000;0.000000;0.000000;0.000000;2.000000;-124.526657;-643.751404;2048.207520;0.197296;0.000000;0.000000;0.000000;0.000000;2.000000;-175.668213;-389.727051;2192.679688;0.251763;0.000000;0.000000;0.000000;0.000000;2.000000;-247.243164;-159.771378;2135.760010;0.247035;0.000000;0.000000;0.000000;0.000000;2.000000;-269.308014;-53.229378;2125.969971;0.280762;0.000000;0.000000;0.000000;0.000000;0.000000;-252.655701;38.268520;2188.212891;0.742376;0.000000;0.000000;0.000000;0.000000;0.000000;-241.768433;-27.513390;2113.406006;0.522849;0.000000;0.000000;0.000000;0.000000;0.000000;78.948639;-140.336365;1946.113037;0.340887;0.000000;0.000000;0.000000;0.000000;2.000000;10.586090;267.785583;2027.889160;0.554470;0.000000;0.000000;0.000000;0.000000;2.000000;36.547455;636.253052;2189.333252;0.643474;0.000000;0.000000;0.000000;0.000000;2.000000;-43.385956;776.449646;2075.676270;0.844733;0.000000;0.000000;0.000000;0.000000;2.000000;-71.191452;-158.714111;2048.592041;0.307389;0.000000;0.000000;0.000000;0.000000;2.000000;-103.899796;245.561996;2162.752197;0.457703;0.000000;0.000000;0.000000;0.000000;2.000000;107.339600;574.954346;2275.986328;4.298935;0.000000;0.000000;0.000000;0.000000;2.000000;35.524109;725.516174;2204.186768;4.133296;0.000000;0.000000;0.000000;0.000000;2.000000;9.315399;-796.489685;1934.802734;0.303123;0.000000;0.000000;0.000000;0.000000;2.000000;-58.744400;-805.862854;1780.059204;0.189470;0.000000;0.000000;0.000000;0.000000;2.000000;-23.041107;-849.852295;1796.436768;0.219422;0.000000;0.000000;0.000000;0.000000;2.000000;79.739136;-862.208496;1880.847412;0.196621;0.000000;0.000000;0.000000;0.000000;2.000000;-74.579987;-844.472961;1815.132690;0.222453;0.000000;0.000000;0.000000;0.000000;2.000000;-79.882553;-860.726563;1952.119629;0.427539;0.000000;0.000000;0.000000;0.000000;2.000000;13004466176.000000
0.000000;-150.000000;2000.000000;0.000000;0.000000;0.000000;0.000000;0.000000;2.000000;-7.351105;-334.993042;1965.030273;0.163650;0.000000;0.000000;0.000000;0.000000;2.000000;-11.383545;-483.400818;1939.588135;0.315876;0.000000;0.000000;0.000000;0.000000;2.000000;10.606720;-711.624023;1940.729980;0.124880;0.000000;0.000000;0.000000;0.000000;2.000000;36.373993;-671.497803;1920.593506;0.161342;0.000000;0.000000;0.000000;0.000000;2.000000;141.247894;-616.561340;1826.915283;0.260650;0.000000;0.000000;0.000000;0.000000;2.000000;200.787354;-334.228516;1870.680420;0.579419;0.000000;0.000000;0.000000;0.000000;2.000000;193.361633;-89.415329;1867.524414;0.717624;0.000000;0.000000;0.000000;0.000000;2.000000;222.295044;-3.303833;1913.233887;1.026815;0.000000;0.000000;0.000000;0.000000;0.000000;219.092529;51.660633;2013.188477;2.682774;0.000000;0.000000;0.000000;0.000000;0.000000;180.667236;22.163065;1971.541260;1.186197;0.000000;0.000000;0.000000;0.000000;0.000000;-21.041748;-676.188599;1962.217529;0.122400;0.000000;0.000000;0.000000;0.000000;2.000000;-127.928635;-648.423218;2046.442871;0.178818;0.000000;0.000000;0.000000;0.000000;2.000000;-189.523041;-397.221130;2193.170410;0.466364;0.000000;0.000000;0.000000;0.000000;2.000000;-270.362091;-166.557266;2150.903809;0.842157;0.000000;0.000000;0.000000;0.000000;2.000000;-290.911865;-60.364014;2133.871338;0.712727;0.000000;0.000000;0.000000;0.000000;0.000000;-276.590027;33.321270;2193.867676;0.742363;0.000000;0.000000;0.000000;0.000000;0.000000;-266.437317;-40.490227;2113.695068;0.824910;0.000000;0.000000;0.000000;0.000000;0.000000;78.135132;-142.558716;1944.210205;0.089864;0.000000;0.000000;0.000000;0.000000;2.000000;-2.850433;263.393646;2030.208496;0.423920;0.000000;0.000000;0.000000;0.000000;2.000000;-21.220856;642.227295;2169.527344;1.815837;0.000000;0.000000;0.000000;0.000000;2.000000;-86.020493;783.610840;2047.235840;1.531365;0.000000;0.000000;0.000000;0.000000;2.000000;-70.457886;-156.710129;2050.308350;0.081042;0.000000;0.000000;0.000000;0.000000;2.000000;-68.636139;248.708527;2168.627930;1.062027;0.000000;0.000000;0.000000;0.000000;2.000000;144.698151;573.096436;2295.024414;1.242039;0.000000;0.000000;0.000000;0.000000;2.000000;82.782562;743.646973;2280.402344;2.707523;0.000000;0.000000;0.000000;0.000000;2.000000;10.517883;-797.181763;1929.676270;0.157164;0.000000;0.000000;0.000000;0.000000;2.000000;-84.946182;-803.340271;1789.506470;0.827619;0.000000;0.000000;0.000000;0.000000;2.000000;-44.524536;-845.905090;1796.472656;0.646397;0.000000;0.000000;0.000000;0.000000;2.000000;72.998932;-856.005676;1859.803467;0.679187;0.000000;0.000000;0.000000;0.000000;2.000000;-91.971146;-844.555786;1824.683472;0.587159;0.000000;0.000000;0.000000;0.000000;2.000000;-70.667511;-867.630371;1959.442627;0.403815;0.000000;0.000000;0.000000;0.000000;2.000000;13004499968.000000
0.000000;-150.000000;2000.000000;0.000000;0.000000;0.000000;0.000000;0.000000;2.000000;-6.943939;-334.280518;1964.052002;0.037787;0.000000;0.000000;0.000000;0.000000;2.000000;-9.519012;-482.330780;1938.844971;0.067311;0.000000;0.000000;0.000000;0.000000;2.000000;12.754333;-709.877686;1940.034668;0.084458;0.000000;0.000000;0.000000;0.000000;2.000000;37.776123;-669.894653;1919.064453;0.077588;0.000000;0.000000;0.000000;0.000000;2.000000;140.786652;-610.758057;1826.567139;0.172585;0.000000;0.000000;0.000000;0.000000;2.000000;191.763062;-325.446014;1852.868896;0.645517;0.000000;0.000000;0.000000;0.000000;2.000000;192.083252;-81.248764;1847.494629;0.641229;0.000000;0.000000;0.000000;0.000000;2.000000;215.948364;6.931828;1891.519287;0.734816;0.000000;0.000000;0.000000;0.000000;0.000000;203.425903;59.680634;1991.568604;0.824988;0.000000;0.000000;0.000000;0.000000;0.000000;177.645142;29.549936;1949.974121;0.680532;0.000000;0.000000;0.000000;0.000000;0.000000;-18.195007;-674.515869;1962.292236;0.097735;0.000000;0.000000;0.000000;0.000000;2.000000;-120.911224;-653.974976;2052.893555;0.326431;0.000000;0.000000;0.000000;0.000000;2.000000;-185.891022;-400.432861;2192.257324;0.145999;0.000000;0.000000;0.000000;0.000000;2.000000;-263.650970;-167.979980;2159.085693;0.315974;0.000000;0.000000;0.000000;0.000000;2.000000;-284.507813;-63.021942;2137.387939;0.230069;0.000000;0.000000;0.000000;0.000000;0.000000;-279.432526;47.562580;2153.393311;1.272514;0.000000;0.000000;0.000000;0.000000;0.000000;-258.129700;-37.040039;2126.141357;0.454450;0.000000;0.000000;0.000000;0.000000;0.000000;74.010834;-140.984192;1939.485840;0.191346;0.000000;0.000000;0.000000;0.000000;2.000000;-2.191406;263.531006;2030.631104;0.023522;0.000000;0.000000;0.000000;0.000000;2.000000;-33.899017;644.232422;2158.714600;0.496658;0.000000;0.000000;0.000000;0.000000;2.000000;-93.774261;789.196411;2039.032471;0.372699;0.000000;0.000000;0.000000;0.000000;2.000000;-66.738800;-158.129959;2054.568359;0.172542;0.000000;0.000000;0.000000;0.000000;2.000000;-33.554474;255.059311;2128.985596;1.577763;0.000000;0.000000;0.000000;0.000000;2.000000;157.903839;586.174072;2268.572998;0.956673;0.000000;0.000000;0.000000;0.000000;2.000000;90.627380;754.582764;2260.766846;0.704461;0.000000;0.000000;0.000000;0.000000;2.000000;12.453949;-795.229126;1929.286865;0.082185;0.000000;0.000000;0.000000;0.000000;2.000000;-84.518738;-800.575806;1790.705811;0.090068;0.000000;0.000000;0.000000;0.000000;2.000000;-43.092499;-842.156250;1796.136108;0.119174;0.000000;0.000000;0.000000;0.000000;2.000000;75.187531;-850.744995;1857.454102;0.182384;0.000000;0.000000;0.000000;0.000000;2.000000;-90.024109;-842.615112;1824.927002;0.081670;0.000000;0.000000;0.000000;0.000000;2.000000;-66.337555;-868.110962;1958.447021;0.132246;0.000000;0.000000;0.000000;0.000000;1.000000;13004533760.000000
0.000000;-150.000000;2000.000000;0.000000;0.000000;0.000000;0.000000;0.000000;2.000000;-9.917847;-334.453125;1965.572754;0.102070;0.000000;0.000000;0.000000;0.000000;2.000000;-15.610107;-482.474915;1940.625977;0.193719;0.000000;0.000000;0.000000;0.000000;2.000000;11.935089;-709.469238;1940.552246;0.032092;0.000000;0.000000;0.000000;0.000000;2.000000;35.243164;-668.891479;1918.754150;0.083679;0.000000;0.000000;0.000000;0.000000;2.000000;134.330383;-610.118591;1821.821899;0.245301;0.000000;0.000000;0.000000;0.000000;2.000000;187.469269;-324.625061;1841.297363;0.377495;0.000000;0.000000;0.000000;0.000000;2.000000;182.701141;-80.639694;1830.291992;0.598274;0.000000;0.000000;0.000000;0.000000;2.000000;187.639923;13.977364;1866.468750;1.173454;0.000000;0.000000;0.000000;0.000000;0.000000;189.399750;61.755707;1969.743408;0.794265;0.000000;0.000000;0.000000;0.000000;0.000000;157.223969;26.997364;1935.561279;0.766757;0.000000;0.000000;0.000000;0.000000;0.000000;-18.985474;-674.853394;1964.002441;0.058412;0.000000;0.000000;0.000000;0.000000;2.000000;-120.026917;-660.803894;2057.693848;0.256164;0.000000;0.000000;0.000000;0.000000;2.000000;-174.674820;-406.121216;2199.452148;0.442164;0.000000;0.000000;0.000000;0.000000;2.000000;-255.195374;-173.853653;2171.860840;0.500713;0.000000;0.000000;0.000000;0.000000;2.000000;-279.442078;-69.916420;2148.764893;0.434413;0.000000;0.000000;0.000000;0.000000;0.000000;-292.789337;40.442635;2136.275146;0.697331;0.000000;0.000000;0.000000;0.000000;0.000000;-252.014069;-43.711479;2129.217285;0.291711;0.000000;0.000000;0.000000;0.000000;0.000000;73.100220;-142.393036;1938.184814;0.064786;0.000000;0.000000;0.000000;0.000000;2.000000;-4.439697;262.287781;2027.638184;0.120372;0.000000;0.000000;0.000000;0.000000;2.000000;-50.626495;645.683838;2142.746094;0.707131;0.000000;0.000000;0.000000;0.000000;2.000000;-113.940857;788.622070;2022.367676;0.798568;0.000000;0.000000;0.000000;0.000000;2.000000;-65.917664;-156.859512;2055.741455;0.058419;0.000000;0.000000;0.000000;0.000000;2.000000;-33.635193;256.225159;2131.354492;0.080611;0.000000;0.000000;0.000000;0.000000;2.000000;155.335236;595.901062;2252.680908;0.573999;0.000000;0.000000;0.000000;0.000000;2.000000;88.790344;764.692200;2246.663330;0.532516;0.000000;0.000000;0.000000;0.000000;2.000000;13.208130;-794.801147;1929.655029;0.028750;0.000000;0.000000;0.000000;0.000000;2.000000;-86.085419;-791.276733;1792.648315;0.293827;0.000000;0.000000;0.000000;0.000000;2.000000;-46.068573;-834.454895;1795.733398;0.252264;0.000000;0.000000;0.000000;0.000000;2.000000;72.802246;-849.567261;1854.628174;0.118440;0.000000;0.000000;0.000000;0.000000;2.000000;-92.529633;-834.429688;1825.291260;0.261476;0.000000;0.000000;0.000000;0.000000;2.000000;-67.643646;-866.015442;1957.296143;0.083138;0.000000;0.000000;0.000000;0.000000;1.000000;13004566528.000000
0.000000;-150.000000;2000.000000;0.000000;0.000000;0.000000;0.000000;0.000000;2.000000;-13.459808;-332.978760;1961.951416;0.156124;0.000000;0.000000;0.000000;0.000000;2.000000;-20.165558;-480.487030;1936.732910;0.186833;0.000000;0.000000;0.000000;0.000000;2.000000;-3.908722;-707.884033;1932.202881;0.532054;0.000000;0.000000;0.000000;0.000000;2.000000;20.666687;-668.227783;1910.440918;0.496969;0.000000;0.000000;0.000000;0.000000;2.000000;114.635345;-613.552246;1806.890259;0.738421;0.000000;0.000000;0.000000;0.000000;2.000000;168.658844;-328.564789;1816.982666;0.917166;0.000000;0.000000;0.000000;0.000000;2.000000;148.953217;-85.841553;1810.833008;1.163051;0.000000;0.000000;0.000000;0.000000;2.000000;147.229645;7.384747;1850.001465;1.305987;0.000000;0.000000;0.000000;0.000000;0.000000;150.274506;64.625237;1947.949463;1.328053;0.000000;0.000000;0.000000;0.000000;0.000000;118.187042;24.075731;1910.588135;1.374099;0.000000;0.000000;0.000000;0.000000;0.000000;-32.317291;-672.315430;1957.043213;0.451336;0.000000;0.000000;0.000000;0.000000;2.000000;-130.046753;-663.687988;2054.267578;0.324786;0.000000;0.000000;0.000000;0.000000;2.000000;-165.107468;-411.856903;2205.289307;0.372569;0.000000;0.000000;0.000000;0.000000;2.000000;-228.072678;-176.857971;2164.504150;0.836376;0.000000;0.000000;0.000000;0.000000;2.000000;-261.126831;-73.529152;2173.912109;0.926818;0.000000;0.000000;0.000000;0.000000;0.000000;-290.897766;22.661894;2125.905762;0.611689;0.000000;0.000000;0.000000;0.000000;0.000000;-250.046082;-57.910881;2123.786377;0.453640;0.000000;0.000000;0.000000;0.000000;0.000000;76.076996;-143.574600;1942.187256;0.151695;0.000000;0.000000;0.000000;0.000000;2.000000;-17.751862;258.235809;2023.034424;0.433741;0.000000;0.000000;0.000000;0.000000;2.000000;-83.016876;639.666138;2131.308350;1.032009;0.000000;0.000000;0.000000;0.000000;2.000000;-151.149841;781.356812;2013.003662;1.155627;0.000000;0.000000;0.000000;0.000000;2.000000;-68.601990;-155.794067;2052.132324;0.136790;0.000000;0.000000;0.000000;0.000000;2.000000;-30.378357;261.399536;2082.128906;1.467916;0.000000;0.000000;0.000000;0.000000;2.000000;126.735870;592.046997;2257.840088;0.867526;0.000000;0.000000;0.000000;0.000000;2.000000;84.942261;766.020020;2230.304688;0.498861;0.000000;0.000000;0.000000;0.000000;2.000000;-7.151062;-792.735107;1919.934814;0.670424;0.000000;0.000000;0.000000;0.000000;2.000000;-128.062622;-791.525024;1802.197632;1.273982;0.000000;0.000000;0.000000;0.000000;2.000000;-88.419037;-834.846436;1799.455811;1.258154;0.000000;0.000000;0.000000;0.000000;2.000000;38.348846;-849.584839;1837.412598;1.139770;0.000000;0.000000;0.000000;0.000000;2.000000;-129.024933;-833.733765;1836.406494;1.129166;0.000000;0.000000;0.000000;0.000000;2.000000;-82.201996;-862.386841;1962.592773;0.470857;0.000000;0.000000;0.000000;0.000000;1.000000;13004600320.000000
0.000000;-150.000000;2000.000000;0.000000;0.000000;0.000000;0.000000;0.000000;2.000000;-17.865448;-335.334534;1965.704590;0.190694;0.000000;0.000000;0.000000;0.000000;2.000000;-29.187866;-484.450684;1942.358154;0.346285;0.000000;0.000000;0.000000;0.000000;2.000000;-15.786926;-714.441162;1939.861572;0.475471;0.000000;0.000000;0.000000;0.000000;2.000000;8.969879;-674.930420;1916.805908;0.454961;0.000000;0.000000;0.000000;0.000000;2.000000;102.058441;-620.987793;1809.855713;0.454968;0.000000;0.000000;0.000000;0.000000;2.000000;152.395538;-332.129150;1804.702637;0.631352;0.000000;0.000000;0.000000;0.000000;2.000000;122.254120;-88.180862;1791.965088;1.000266;0.000000;0.000000;0.000000;0.000000;2.000000;118.799347;11.305557;1815.044922;1.380263;0.000000;0.000000;0.000000;0.000000;0.000000;106.622650;68.514130;1913.674316;1.697884;0.000000;0.000000;0.000000;0.000000;0.000000;92.518372;25.515932;1888.710205;1.030211;0.000000;0.000000;0.000000;0.000000;0.000000;-43.375366;-677.872253;1965.298584;0.453995;0.000000;0.000000;0.000000;0.000000;2.000000;-136.460938;-662.853577;2068.189453;0.468479;0.000000;0.000000;0.000000;0.000000;2.000000;-186.923279;-403.185852;2207.152588;0.718680;0.000000;0.000000;0.000000;0.000000;2.000000;-248.053329;-162.494019;2185.808838;0.993317;0.000000;0.000000;0.000000;0.000000;2.000000;-256.844604;-55.689964;2160.879150;0.686769;0.000000;0.000000;0.000000;0.000000;0.000000;-288.732300;52.372845;2157.807129;1.332024;0.000000;0.000000;0.000000;0.000000;0.000000;-253.721756;-40.213722;2142.643066;0.797131;0.000000;0.000000;0.000000;0.000000;0.000000;78.546112;-147.127640;1943.561279;0.138540;0.000000;0.000000;0.000000;0.000000;2.000000;-30.726776;256.779419;2017.093262;0.437762;0.000000;0.000000;0.000000;0.000000;2.000000;-104.063446;641.227966;2125.118408;0.671187;0.000000;0.000000;0.000000;0.000000;2.000000;-175.909897;778.838135;2000.919434;0.844313;0.000000;0.000000;0.000000;0.000000;2.000000;-70.828461;-152.590134;2050.893555;0.124924;0.000000;0.000000;0.000000;0.000000;2.000000;-9.650604;267.355255;2052.702881;1.113369;0.000000;0.000000;0.000000;0.000000;2.000000;109.481232;591.408447;2274.360352;0.729268;0.000000;0.000000;0.000000;0.000000;2.000000;61.873291;762.981506;2232.492676;0.713222;0.000000;0.000000;0.000000;0.000000;2.000000;-20.464691;-800.251465;1928.489014;0.534644;0.000000;0.000000;0.000000;0.000000;2.000000;-139.589600;-787.199890;1807.173096;0.405245;0.000000;0.000000;0.000000;0.000000;2.000000;-100.700500;-831.826294;1802.247437;0.395257;0.000000;0.000000;0.000000;0.000000;2.000000;25.943939;-853.083557;1842.347656;0.421184;0.000000;0.000000;0.000000;0.000000;2.000000;-142.588287;-832.098083;1838.631836;0.422415;0.000000;0.000000;0.000000;0.000000;2.000000;-99.246399;-871.203247;1964.824219;0.589566;0.000000;0.000000;0.000000;0.000000;1.000000;13004633088.000000
0.000000;-150.000000;2000.000000;0.000000;0.000000;0.000000;0.000000;0.000000;2.000000;-16.225647;-332.719330;1965.660889;0.091356;0.000000;0.000000;0.000000;0.000000;2.000000;-29.108246;-478.826416;1938.336670;0.204621;0.000000;0.000000;0.000000;0.000000;2.000000;-25.133484;-705.566833;1926.061279;0.558795;0.000000;0.000000;0.000000;0.000000;2.000000;0.809845;-666.696594;1904.966797;0.490336;0.000000;0.000000;0.000000;0.000000;2.000000;94.700134;-612.846252;1801.785400;0.403114;0.000000;0.000000;0.000000;0.000000;2.000000;127.583923;-325.863800;1790.692505;0.863357;0.000000;0.000000;0.000000;0.000000;2.000000;89.334656;-86.276169;1790.492432;0.976781;0.000000;0.000000;0.000000;0.000000;2.000000;79.982422;13.887871;1795.595581;1.287099;0.000000;0.000000;0.000000;0.000000;0.000000;71.727600;63.457047;1896.843018;1.156216;0.000000;0.000000;0.000000;0.000000;0.000000;55.817261;31.664375;1878.012207;1.145827;0.000000;0.000000;0.000000;0.000000;0.000000;-50.812805;-669.562805;1952.743652;0.496938;0.000000;0.000000;0.000000;0.000000;2.000000;-141.267731;-654.263672;2055.257568;0.480940;0.000000;0.000000;0.000000;0.000000;2.000000;-168.449860;-399.429138;2200.431641;0.592264;0.000000;0.000000;0.000000;0.000000;2.000000;-225.791550;-160.926697;2214.343262;1.072002;0.000000;0.000000;0.000000;0.000000;2.000000;-257.372528;-65.431183;2173.770020;0.478402;0.000000;0.000000;0.000000;0.000000;0.000000;-290.326599;36.131310;2143.061279;0.650886;0.000000;0.000000;0.000000;0.000000;0.000000;-264.445007;-55.266731;2152.918213;0.625774;0.000000;0.000000;0.000000;0.000000;0.000000;78.664063;-146.865021;1946.148682;0.077041;0.000000;0.000000;0.000000;0.000000;2.000000;-52.092834;247.106964;2001.501465;0.833430;0.000000;0.000000;0.000000;0.000000;2.000000;-115.045288;626.441101;2112.501221;0.660686;0.000000;0.000000;0.000000;0.000000;2.000000;-199.404938;771.064331;2010.659912;0.787038;0.000000;0.000000;0.000000;0.000000;2.000000;-70.934906;-152.826950;2048.560059;0.069481;0.000000;0.000000;0.000000;0.000000;2.000000;-9.631195;260.979797;2050.503906;0.199576;0.000000;0.000000;0.000000;0.000000;2.000000;85.329224;587.848633;2268.919434;0.740172;0.000000;0.000000;0.000000;0.000000;2.000000;36.374359;756.535095;2228.210693;0.788573;0.000000;0.000000;0.000000;0.000000;2.000000;-33.193207;-789.332458;1911.225830;0.712233;0.000000;0.000000;0.000000;0.000000;2.000000;-161.020844;-802.510681;1802.868408;0.789772;0.000000;0.000000;0.000000;0.000000;2.000000;-123.724518;-847.553284;1805.755371;0.831631;0.000000;0.000000;0.000000;0.000000;2.000000;4.019379;-862.145508;1838.229248;0.712546;0.000000;0.000000;0.000000;0.000000;2.000000;-161.530396;-837.659912;1844.018555;0.605572;0.000000;0.000000;0.000000;0.000000;2.000000;-107.886993;-845.773193;1969.880615;0.808764;0.000000;0.000000;0.000000;0.000000;1.000000;13004666880.000000
0.000000;-150.000000;2000.000000;0.000000;0.000000;0.000000;0.000000;0.000000;2.000000;-19.946411;-333.449097;1966.130371;0.116596;0.000000;0.000000;0.000000;0.000000;2.000000;-30.167206;-481.840088;1946.846680;0.277398;0.000000;0.000000;0.000000;0.000000;2.000000;-30.984344;-709.387817;1928.228516;0.223278;0.000000;0.000000;0.000000;0.000000;2.000000;-4.835571;-670.230469;1907.257568;0.214941;0.000000;0.000000;0.000000;0.000000;2.000000;87.438629;-611.554016;1804.099365;0.235903;0.000000;0.000000;0.000000;0.000000;2.000000;114.883942;-323.119263;1781.679321;0.482583;0.000000;0.000000;0.000000;0.000000;2.000000;72.391998;-83.577271;1764.235229;0.957191;0.000000;0.000000;0.000000;0.000000;2.000000;61.724335;16.385798;1776.386230;0.812362;0.000000;0.000000;0.000000;0.000000;0.000000;56.708282;64.028107;1879.425049;0.702098;0.000000;0.000000;0.000000;0.000000;0.000000;34.062347;30.043539;1858.298584;0.897305;0.000000;0.000000;0.000000;0.000000;0.000000;-55.230652;-673.476379;1956.837402;0.219201;0.000000;0.000000;0.000000;0.000000;2.000000;-141.126373;-654.984924;2063.636963;0.256701;0.000000;0.000000;0.000000;0.000000;2.000000;-146.747284;-390.161072;2195.973389;0.732914;0.000000;0.000000;0.000000;0.000000;2.000000;-159.722595;-144.807877;2221.259277;2.086107;0.000000;0.000000;0.000000;0.000000;2.000000;-224.606537;-57.228462;2224.040771;1.848278;0.000000;0.000000;0.000000;0.000000;0.000000;-300.909149;-42.794556;2143.762451;2.430275;0.000000;0.000000;0.000000;0.000000;0.000000;-227.804153;-54.993408;2172.964844;1.274632;0.000000;0.000000;0.000000;0.000000;0.000000;77.470551;-147.997742;1943.531006;0.094357;0.000000;0.000000;0.000000;0.000000;2.000000;-59.266449;247.493790;1989.646973;0.423017;0.000000;0.000000;0.000000;0.000000;2.000000;-113.561218;628.376526;2107.372559;0.173311;0.000000;0.000000;0.000000;0.000000;2.000000;-197.404785;776.920471;2008.798584;0.197210;0.000000;0.000000;0.000000;0.000000;2.000000;-69.858582;-151.805511;2050.920410;0.085084;0.000000;0.000000;0.000000;0.000000;2.000000;-12.563477;264.513489;2035.053467;0.491893;0.000000;0.000000;0.000000;0.000000;2.000000;75.243622;588.465027;2264.504883;0.336507;0.000000;0.000000;0.000000;0.000000;2.000000;27.679077;757.232117;2218.576904;0.396615;0.000000;0.000000;0.000000;0.000000;2.000000;-41.186127;-792.988281;1911.312500;0.268241;0.000000;0.000000;0.000000;0.000000;2.000000;-177.120331;-811.797852;1812.707275;0.641776;0.000000;0.000000;0.000000;0.000000;2.000000;-140.702423;-857.814697;1817.265869;0.699936;0.000000;0.000000;0.000000;0.000000;2.000000;-10.778351;-873.609131;1842.623291;0.586775;0.000000;0.000000;0.000000;0.000000;2.000000;-175.726074;-843.261658;1857.072510;0.612866;0.000000;0.000000;0.000000;0.000000;2.000000;-113.524963;-841.802185;1980.007324;0.373894;0.000000;0.000000;0.000000;0.000000;1.000000;13004699648.000000
0.000000;-150.000000;2000.000000;0.000000;0.000000;0.000000;0.000000;0.000000;2.000000;-13.869293;-337.350220;1982.809326;0.537855;0.000000;0.000000;0.000000;0.000000;2.000000;-33.660095;-485.208313;1960.642334;0.432769;0.000000;0.000000;0.000000;0.000000;2.000000;-44.063568;-713.229248;1936.144531;0.466484;0.000000;0.000000;0.000000;0.000000;2.000000;-18.394501;-674.129700;1913.816406;0.460420;0.000000;0.000000;0.000000;0.000000;2.000000;67.344269;-606.478333;1809.311768;0.632425;0.000000;0.000000;0.000000;0.000000;2.000000;86.990692;-316.132324;1782.891846;0.851698;0.000000;0.000000;0.000000;0.000000;2.000000;34.434601;-78.233025;1754.781738;1.168333;0.000000;0.000000;0.000000;0.000000;2.000000;20.184235;22.280197;1762.625732;1.306674;0.000000;0.000000;0.000000;0.000000;0.000000;18.466248;55.528423;1871.925293;1.180358;0.000000;0.000000;0.000000;0.000000;0.000000;-8.311462;22.671553;1861.857422;1.277145;0.000000;0.000000;0.000000;0.000000;0.000000;-64.532715;-677.200256;1967.905029;0.441804;0.000000;0.000000;0.000000;0.000000;2.000000;-147.388092;-650.311951;2076.301514;0.440363;0.000000;0.000000;0.000000;0.000000;2.000000;-171.891388;-390.578491;2219.773682;1.024635;0.000000;0.000000;0.000000;0.000000;2.000000;-205.214935;-144.513412;2224.499756;1.349685;0.000000;0.000000;0.000000;0.000000;2.000000;-190.590881;-62.707626;2296.007080;2.361171;0.000000;0.000000;0.000000;0.000000;0.000000;-206.239441;23.786049;2226.100098;4.203305;0.000000;0.000000;0.000000;0.000000;0.000000;-209.338379;-27.871033;2161.372070;1.029813;0.000000;0.000000;0.000000;0.000000;0.000000;67.204987;-148.632675;1930.878662;0.482523;0.000000;0.000000;0.000000;0.000000;2.000000;-86.046082;240.734131;1994.953125;0.832288;0.000000;0.000000;0.000000;0.000000;2.000000;-67.306458;630.998474;2099.892578;1.388760;0.000000;0.000000;0.000000;0.000000;2.000000;-190.587158;768.762268;2028.729004;0.668469;0.000000;0.000000;0.000000;0.000000;2.000000;-60.601715;-151.232956;2062.329834;0.435117;0.000000;0.000000;0.000000;0.000000;2.000000;-42.826324;267.894165;2009.141602;1.183229;0.000000;0.000000;0.000000;0.000000;2.000000;72.869904;575.936890;2251.742920;0.533866;0.000000;0.000000;0.000000;0.000000;2.000000;22.322418;748.716248;2223.286377;0.328724;0.000000;0.000000;0.000000;0.000000;2.000000;-58.694611;-796.390137;1917.948486;0.563163;0.000000;0.000000;0.000000;0.000000;2.000000;-207.737640;-828.531433;1842.955566;1.366531;0.000000;0.000000;0.000000;0.000000;2.000000;-166.259277;-870.624573;1839.694092;1.075270;0.000000;0.000000;0.000000;0.000000;2.000000;-32.244873;-872.632629;1842.024658;0.636158;0.000000;0.000000;0.000000;0.000000;2.000000;-195.354858;-860.488342;1885.597656;1.144493;0.000000;0.000000;0.000000;0.000000;2.000000;-112.877563;-854.084534;1996.730957;0.614331;0.000000;0.000000;0.000000;0.000000;1.000000;13004733440.000000
0.000000;-150.000000;2000.000000;0.000000;0.000000;0.000000;0.000000;0.000000;2.000000;-12.364136;-337.952118;1983.481201;0.053551;0.000000;0.000000;0.000000;0.000000;2.000000;-31.317139;-486.443390;1962.483887;0.098445;0.000000;0.000000;0.000000;0.000000;2.000000;-37.615814;-715.150513;1938.033691;0.213260;0.000000;0.000000;0.000000;0.000000;2.000000;-14.087555;-675.336914;1914.371826;0.137552;0.000000;0.000000;0.000000;0.000000;2.000000;64.363953;-602.494263;1807.163818;0.165384;0.000000;0.000000;0.000000;0.000000;2.000000;75.265930;-310.467377;1787.690186;0.423508;0.000000;0.000000;0.000000;0.000000;2.000000;11.100739;-73.981262;1768.136963;0.830677;0.000000;0.000000;0.000000;0.000000;2.000000;-11.049377;24.271738;1784.597168;1.166973;0.000000;0.000000;0.000000;0.000000;0.000000;-8.971283;72.240952;1888.566162;1.104148;0.000000;0.000000;0.000000;0.000000;0.000000;-25.280579;39.310108;1863.834961;0.727768;0.000000;0.000000;0.000000;0.000000;0.000000;-57.221375;-679.568237;1971.016357;0.253026;0.000000;0.000000;0.000000;0.000000;2.000000;-135.039185;-650.369263;2082.903076;0.427333;0.000000;0.000000;0.000000;0.000000;2.000000;-150.435577;-381.873322;2212.235840;0.743121;0.000000;0.000000;0.000000;0.000000;2.000000;-182.592468;-137.296600;2245.595215;0.969324;0.000000;0.000000;0.000000;0.000000;2.000000;-170.870605;-72.936340;2333.884521;1.340071;0.000000;0.000000;0.000000;0.000000;0.000000;-161.727600;24.370876;2278.038574;2.087557;0.000000;0.000000;0.000000;0.000000;0.000000;-178.435822;-7.027348;2198.944580;1.615162;0.000000;0.000000;0.000000;0.000000;0.000000;63.212341;-147.737000;1926.938232;0.173361;0.000000;0.000000;0.000000;0.000000;2.000000;-91.921692;240.435349;1999.590088;0.228604;0.000000;0.000000;0.000000;0.000000;2.000000;-48.100189;627.825684;2111.086670;0.685291;0.000000;0.000000;0.000000;0.000000;2.000000;-169.167755;770.740967;2045.210449;0.826989;0.000000;0.000000;0.000000;0.000000;2.000000;-57.001282;-152.040634;2065.883057;0.156329;0.000000;0.000000;0.000000;0.000000;2.000000;-47.329987;267.612488;2007.290283;0.148849;0.000000;0.000000;0.000000;0.000000;2.000000;76.077637;596.621216;2218.061035;1.210206;0.000000;0.000000;0.000000;0.000000;2.000000;-30.090515;734.497925;2162.484375;2.487914;0.000000;0.000000;0.000000;0.000000;2.000000;-51.261536;-798.813232;1920.438965;0.250401;0.000000;0.000000;0.000000;0.000000;2.000000;-201.043152;-832.045410;1846.515137;0.255027;0.000000;0.000000;0.000000;0.000000;2.000000;-158.515869;-873.044678;1841.081787;0.251178;0.000000;0.000000;0.000000;0.000000;2.000000;-24.163940;-871.795776;1841.238770;0.249087;0.000000;0.000000;0.000000;0.000000;2.000000;-187.151337;-865.255127;1887.877441;0.297789;0.000000;0.000000;0.000000;0.000000;2.000000;-102.832977;-860.742676;1998.115723;0.370185;0.000000;0.000000;0.000000;0.000000;1.000000;13004766208.000000
0.000000;-150.000000;2000.000000;0.000000;0.000000;0.000000;0.000000;0.000000;2.000000;2.445160;-336.549316;1986.492920;0.449142;0.000000;0.000000;0.000000;0.000000;2.000000;-15.518799;-483.389954;1964.643066;0.480437;0.000000;0.000000;0.000000;0.000000;2.000000;-13.367401;-710.127563;1944.632324;0.758383;0.000000;0.000000;0.000000;0.000000;2.000000;4.716492;-670.149536;1917.878418;0.586503;0.000000;0.000000;0.000000;0.000000;2.000000;66.353210;-592.975464;1805.141602;0.293930;0.000000;0.000000;0.000000;0.000000;2.000000;74.584717;-303.493530;1796.180664;0.325772;0.000000;0.000000;0.000000;0.000000;2.000000;-1.377441;-72.625526;1788.063477;0.696915;0.000000;0.000000;0.000000;0.000000;2.000000;-35.975647;17.045536;1818.968262;1.274522;0.000000;0.000000;0.000000;0.000000;0.000000;-11.071228;71.171051;1915.328369;0.795034;0.000000;0.000000;0.000000;0.000000;0.000000;-30.692932;40.094913;1881.328125;0.542381;0.000000;0.000000;0.000000;0.000000;0.000000;-30.192230;-675.245544;1978.984863;0.843658;0.000000;0.000000;0.000000;0.000000;2.000000;-98.899323;-638.332947;2092.691162;1.163855;0.000000;0.000000;0.000000;0.000000;2.000000;-113.712860;-367.904785;2210.179199;1.164283;0.000000;0.000000;0.000000;0.000000;2.000000;-189.097198;-133.533066;2204.709961;1.230178;0.000000;0.000000;0.000000;0.000000;2.000000;-156.033875;-67.120728;2284.166016;1.545039;0.000000;0.000000;0.000000;0.000000;0.000000;-154.780701;38.927898;2250.212158;0.951801;0.000000;0.000000;0.000000;0.000000;0.000000;-141.572479;-28.759140;2176.947266;1.423859;0.000000;0.000000;0.000000;0.000000;0.000000;46.854187;-143.371368;1916.931152;0.582001;0.000000;0.000000;0.000000;0.000000;2.000000;-97.039276;237.920975;2017.395508;0.553270;0.000000;0.000000;0.000000;0.000000;2.000000;32.160034;610.200989;2092.431641;2.493594;0.000000;0.000000;0.000000;0.000000;2.000000;-80.543488;761.271057;2037.144531;2.648349;0.000000;0.000000;0.000000;0.000000;2.000000;-42.250458;-155.977325;2074.906738;0.524812;0.000000;0.000000;0.000000;0.000000;2.000000;-61.803375;256.518066;2002.321777;0.559336;0.000000;0.000000;0.000000;0.000000;2.000000;86.844727;612.117004;2127.907959;2.725693;0.000000;0.000000;0.000000;0.000000;2.000000;-70.909698;696.379456;2101.987305;2.436535;0.000000;0.000000;0.000000;0.000000;2.000000;-24.785950;-793.785156;1930.266846;0.848868;0.000000;0.000000;0.000000;0.000000;2.000000;-182.702271;-808.426697;1873.407471;1.190142;0.000000;0.000000;0.000000;0.000000;2.000000;-145.501709;-851.962524;1860.573242;0.932874;0.000000;0.000000;0.000000;0.000000;2.000000;-13.898621;-862.183472;1844.982178;0.430660;0.000000;0.000000;0.000000;0.000000;2.000000;-167.569305;-845.206726;1910.296387;1.062049;0.000000;0.000000;0.000000;0.000000;2.000000;-72.319946;-855.815674;2008.714111;0.966941;0.000000;0.000000;0.000000;0.000000;1.000000;13004800000.000000
0.000000;-150.000000;2000.000000;0.000000;0.000000;0.000000;0.000000;0.000000;2.000000;3.310608;-340.400024;1995.458008;0.289873;0.000000;0.000000;0.000000;0.000000;2.000000;-1.518616;-492.518860;1990.331055;0.906919;0.000000;0.000000;0.000000;0.000000;2.000000;-5.373779;-721.811829;1956.535400;0.547350;0.000000;0.000000;0.000000;0.000000;2.000000;6.373962;-679.430481;1928.170410;0.413038;0.000000;0.000000;0.000000;0.000000;2.000000;44.330566;-593.650208;1807.767578;0.656632;0.000000;0.000000;0.000000;0.000000;2.000000;42.923706;-298.944641;1793.596680;0.949643;0.000000;0.000000;0.000000;0.000000;2.000000;-42.511566;-67.089706;1777.212158;1.269532;0.000000;0.000000;0.000000;0.000000;2.000000;-63.572968;25.814220;1815.883545;0.861764;0.000000;0.000000;0.000000;0.000000;0.000000;-47.805969;77.652756;1917.737549;1.106176;0.000000;0.000000;0.000000;0.000000;0.000000;-65.083191;35.244949;1889.098877;1.053187;0.000000;0.000000;0.000000;0.000000;0.000000;-13.662506;-688.530884;1996.569824;0.815260;0.000000;0.000000;0.000000;0.000000;2.000000;-46.190887;-663.665710;2130.881104;2.066925;0.000000;0.000000;0.000000;0.000000;2.000000;-106.589844;-392.454834;2245.667236;1.294273;0.000000;0.000000;0.000000;0.000000;1.000000;-232.554901;-175.664597;2241.026855;2.088873;0.000000;0.000000;0.000000;0.000000;1.000000;-197.489349;-81.611855;2287.704590;1.303787;0.000000;0.000000;0.000000;0.000000;0.000000;-172.530396;25.003603;2258.212402;0.708339;0.000000;0.000000;0.000000;0.000000;0.000000;-190.441956;-55.927200;2197.170166;1.759539;0.000000;0.000000;0.000000;0.000000;0.000000;19.126160;-147.391190;1904.578369;0.906136;0.000000;0.000000;0.000000;0.000000;2.000000;-102.406494;240.484909;2036.803223;0.600698;0.000000;0.000000;0.000000;0.000000;2.000000;93.149170;597.362000;2072.388916;1.937419;0.000000;0.000000;0.000000;0.000000;2.000000;8.159607;778.376892;2076.735107;2.918796;0.000000;0.000000;0.000000;0.000000;2.000000;-17.246826;-152.352493;2086.045654;0.817102;0.000000;0.000000;0.000000;0.000000;2.000000;-127.541168;257.258392;2037.439697;2.205661;0.000000;0.000000;0.000000;0.000000;2.000000;64.458984;595.130920;2176.641113;1.664728;0.000000;0.000000;0.000000;0.000000;2.000000;-34.901764;727.651245;2256.845459;4.795088;0.000000;0.000000;0.000000;0.000000;2.000000;-20.550201;-806.105530;1940.072510;0.482539;0.000000;0.000000;0.000000;0.000000;2.000000;-186.958069;-809.025635;1898.417480;0.750964;0.000000;0.000000;0.000000;0.000000;2.000000;-153.324585;-854.643372;1879.464355;0.610257;0.000000;0.000000;0.000000;0.000000;2.000000;-22.448303;-871.612610;1849.396484;0.398671;0.000000;0.000000;0.000000;0.000000;2.000000;-170.155121;-849.195313;1932.410156;0.669356;0.000000;0.000000;0.000000;0.000000;2.000000;-64.440491;-870.598633;2021.492676;0.623498;0.000000;0.000000;0.000000;0.000000;1.000000;13004833792.000000
0.000000;-150.000000;2000.000000;0.000000;0.000000;0.000000;0.000000;0.000000;2.000000;7.302795;-341.185974;2002.876465;0.258210;0.000000;0.000000;0.000000;0.000000;2.000000;8.821838;-494.142670;2004.475830;0.537002;0.000000;0.000000;0.000000;0.000000;2.000000;-17.591064;-724.239136;1980.416016;0.821959;0.000000;0.000000;0.000000;0.000000;2.000000;-5.727478;-683.714478;1949.100586;0.749310;0.000000;0.000000;0.000000;0.000000;2.000000;9.250244;-602.175659;1820.125000;1.164484;0.000000;0.000000;0.000000;0.000000;2.000000;30.006287;-307.224304;1799.664551;0.503523;0.000000;0.000000;0.000000;0.000000;2.000000;-67.399811;-78.356194;1796.002686;1.011897;0.000000;0.000000;0.000000;0.000000;2.000000;-86.592377;16.669643;1831.612549;0.895429;0.000000;0.000000;0.000000;0.000000;0.000000;-70.317047;66.376587;1935.031006;0.932143;0.000000;0.000000;0.000000;0.000000;0.000000;-85.759918;24.462994;1909.173828;0.939020;0.000000;0.000000;0.000000;0.000000;0.000000;-18.504211;-689.007446;2019.941406;0.728533;0.000000;0.000000;0.000000;0.000000;2.000000;-36.697968;-650.673340;2154.457764;0.871102;0.000000;0.000000;0.000000;0.000000;2.000000;-99.887756;-382.447418;2278.001221;1.052990;0.000000;0.000000;0.000000;0.000000;1.000000;-255.731018;-184.818939;2267.305176;1.105177;0.000000;0.000000;0.000000;0.000000;1.000000;-214.346710;-87.671661;2302.169189;0.702645;0.000000;0.000000;0.000000;0.000000;0.000000;-197.203278;21.188337;2273.322510;0.890582;0.000000;0.000000;0.000000;0.000000;0.000000;-218.482056;-71.766685;2216.306152;1.143217;0.000000;0.000000;0.000000;0.000000;0.000000;15.661682;-150.853943;1903.469971;0.153263;0.000000;0.000000;0.000000;0.000000;2.000000;-92.099518;234.653214;2058.822754;0.763002;0.000000;0.000000;0.000000;0.000000;2.000000;136.596375;575.362061;2057.195801;1.556841;0.000000;0.000000;0.000000;0.000000;2.000000;77.361511;766.357666;2076.795166;2.143492;0.000000;0.000000;0.000000;0.000000;2.000000;-14.122742;-149.229950;2087.045410;0.138207;0.000000;0.000000;0.000000;0.000000;2.000000;-136.130890;261.946320;2083.273926;1.430274;0.000000;0.000000;0.000000;0.000000;2.000000;46.377441;576.793579;2282.045898;3.311315;0.000000;0.000000;0.000000;0.000000;2.000000;-63.738251;725.254028;2279.056641;1.113213;0.000000;0.000000;0.000000;0.000000;2.000000;-41.451355;-807.775635;1969.089600;1.092529;0.000000;0.000000;0.000000;0.000000;2.000000;-212.553833;-815.619263;1949.976807;1.768173;0.000000;0.000000;0.000000;0.000000;2.000000;-179.558807;-853.246582;1916.819580;1.393688;0.000000;0.000000;0.000000;0.000000;2.000000;-53.225464;-852.267944;1866.558838;1.226790;0.000000;0.000000;0.000000;0.000000;2.000000;-188.748718;-860.833008;1971.615234;1.370982;0.000000;0.000000;0.000000;0.000000;2.000000;-69.597717;-892.168457;2039.205078;0.866174;0.000000;0.000000;0.000000;0.000000;1.000000;13004866560.000000
0.000000;-150.000000;2000.000000;0.000000;0.000000;0.000000;0.000000;0.000000;2.000000;0.482117;-339.757874;1988.654785;0.468668;0.000000;0.000000;0.000000;0.000000;2.000000;-5.431213;-491.385803;1980.289795;0.834766;0.000000;0.000000;0.000000;0.000000;2.000000;-27.753540;-719.690430;1950.395508;0.947523;0.000000;0.000000;0.000000;0.000000;2.000000;-22.331116;-677.791809;1919.691162;1.014681;0.000000;0.000000;0.000000;0.000000;2.000000;-21.984741;-593.005920;1793.149292;1.251113;0.000000;0.000000;0.000000;0.000000;2.000000;-2.869995;-300.151245;1769.215820;1.342484;0.000000;0.000000;0.000000;0.000000;2.000000;-93.359711;-70.183235;1767.596802;1.164171;0.000000;0.000000;0.000000;0.000000;2.000000;-108.735413;10.486004;1829.107178;0.684374;0.000000;0.000000;0.000000;0.000000;0.000000;-93.285370;69.897385;1926.512451;0.732388;0.000000;0.000000;0.000000;0.000000;0.000000;-122.068115;22.868832;1882.421387;1.335459;0.000000;0.000000;0.000000;0.000000;0.000000;-23.571045;-686.346985;1990.874756;0.876677;0.000000;0.000000;0.000000;0.000000;2.000000;-28.179932;-656.379578;2127.684082;0.848415;0.000000;0.000000;0.000000;0.000000;2.000000;-96.940948;-397.610840;2263.051270;0.636152;0.000000;0.000000;0.000000;0.000000;1.000000;-257.880341;-206.665131;2279.502197;0.743152;0.000000;0.000000;0.000000;0.000000;1.000000;-239.448669;-97.795227;2283.018066;0.981197;0.000000;0.000000;0.000000;0.000000;0.000000;-229.653046;12.792629;2261.064453;1.056150;0.000000;0.000000;0.000000;0.000000;0.000000;-256.952362;-91.365868;2214.861572;1.278388;0.000000;0.000000;0.000000;0.000000;0.000000;-10.716980;-144.264023;1903.605957;0.804619;0.000000;0.000000;0.000000;0.000000;2.000000;-90.220978;248.939789;2048.631348;0.522294;0.000000;0.000000;0.000000;0.000000;2.000000;153.288330;573.616028;2010.117920;1.479047;0.000000;0.000000;0.000000;0.000000;2.000000;110.746765;762.834106;2057.376953;1.147674;0.000000;0.000000;0.000000;0.000000;2.000000;9.663940;-155.172363;2086.922607;0.725557;0.000000;0.000000;0.000000;0.000000;1.000000;-113.528473;234.298782;2208.194824;3.844843;0.000000;0.000000;0.000000;0.000000;1.000000;45.510925;614.320007;2208.288574;2.449084;0.000000;0.000000;0.000000;0.000000;1.000000;-41.770752;757.190063;2283.787109;1.155582;0.000000;0.000000;0.000000;0.000000;1.000000;-50.256836;-803.025452;1939.220703;0.932174;0.000000;0.000000;0.000000;0.000000;2.000000;-219.569794;-821.199524;1921.360352;0.887421;0.000000;0.000000;0.000000;0.000000;2.000000;-184.808716;-858.581238;1890.518311;0.809230;0.000000;0.000000;0.000000;0.000000;2.000000;-59.572845;-853.643494;1840.138184;0.805138;0.000000;0.000000;0.000000;0.000000;2.000000;-193.478668;-863.431641;1945.335449;0.793922;0.000000;0.000000;0.000000;0.000000;2.000000;-73.535797;-884.083862;2013.727051;0.799553;0.000000;0.000000;0.000000;0.000000;1.000000;13004900352.000000
0.000000;-150.000000;2000.000000;0.000000;0.000000;0.000000;0.000000;0.000000;2.000000;-1.481018;-340.512207;1988.991455;0.064998;0.000000;0.000000;0.000000;0.000000;2.000000;-3.111633;-492.819641;1980.300781;0.083221;0.000000;0.000000;0.000000;0.000000;2.000000;-20.962646;-721.661133;1945.023926;0.270995;0.000000;0.000000;0.000000;0.000000;2.000000;-21.609375;-678.423706;1915.375977;0.134904;0.000000;0.000000;0.000000;0.000000;2.000000;-41.063354;-589.948486;1792.185547;0.590395;0.000000;0.000000;0.000000;0.000000;2.000000;-16.089600;-296.804504;1763.552979;0.450614;0.000000;0.000000;0.000000;0.000000;2.000000;-103.064087;-64.881233;1777.651245;0.456111;0.000000;0.000000;0.000000;0.000000;2.000000;-123.239288;23.879732;1825.857666;0.610591;0.000000;0.000000;0.000000;0.000000;0.000000;-96.090515;62.610336;1931.319824;0.279833;0.000000;0.000000;0.000000;0.000000;0.000000;-161.792908;52.973862;1823.130127;2.363847;0.000000;0.000000;0.000000;0.000000;0.000000;-12.212219;-689.380310;1985.899170;0.389599;0.000000;0.000000;0.000000;0.000000;2.000000;3.406372;-667.678040;2124.007813;1.029879;0.000000;0.000000;0.000000;0.000000;2.000000;-61.377502;-420.603760;2283.606445;1.436580;0.000000;0.000000;0.000000;0.000000;1.000000;-235.410522;-242.872635;2318.877930;1.770631;0.000000;0.000000;0.000000;0.000000;1.000000;-240.907349;-133.056778;2304.385986;1.259046;0.000000;0.000000;0.000000;0.000000;0.000000;-241.679657;-23.553898;2274.123535;1.234454;0.000000;0.000000;0.000000;0.000000;0.000000;-268.826294;-127.489197;2235.141113;1.315143;0.000000;0.000000;0.000000;0.000000;0.000000;-23.320801;-144.355988;1905.462402;0.388798;0.000000;0.000000;0.000000;0.000000;2.000000;-62.539673;253.031982;2060.134766;0.923291;0.000000;0.000000;0.000000;0.000000;2.000000;174.688904;578.492615;1987.427490;0.963419;0.000000;0.000000;0.000000;0.000000;2.000000;161.408691;768.099243;2050.907959;1.566893;0.000000;0.000000;0.000000;0.000000;2.000000;21.029419;-155.089447;2085.248535;0.350598;0.000000;0.000000;0.000000;0.000000;1.000000;-77.929138;235.233170;2229.608398;1.268124;0.000000;0.000000;0.000000;0.000000;1.000000;75.195068;619.081848;2213.990479;0.933825;0.000000;0.000000;0.000000;0.000000;1.000000;4.447021;764.303955;2302.859863;1.541201;0.000000;0.000000;0.000000;0.000000;1.000000;-41.766663;-805.800232;1933.943359;0.316608;0.000000;0.000000;0.000000;0.000000;2.000000;-208.949524;-832.563843;1963.574463;1.372941;0.000000;0.000000;0.000000;0.000000;2.000000;-182.317810;-868.093689;1923.411865;1.047726;0.000000;0.000000;0.000000;0.000000;2.000000;-76.024506;-856.466553;1840.014404;0.509417;0.000000;0.000000;0.000000;0.000000;2.000000;-175.118225;-873.707458;1978.588135;1.200873;0.000000;0.000000;0.000000;0.000000;2.000000;-39.516479;-888.674377;2010.683105;1.051707;0.000000;0.000000;0.000000;0.000000;1.000000;13004933120.000000
0.000000;-150.000000;2000.000000;0.000000;0.000000;0.000000;0.000000;0.000000;2.000000;-5.573120;-336.668701;1979.774170;0.319378;0.000000;0.000000;0.000000;0.000000;2.000000;-7.585632;-485.865479;1962.804443;0.572679;0.000000;0.000000;0.000000;0.000000;2.000000;-35.524719;-707.911133;1916.232422;1.037888;0.000000;0.000000;0.000000;0.000000;2.000000;-39.563171;-663.422485;1890.389893;1.012956;0.000000;0.000000;0.000000;0.000000;2.000000;-76.594482;-568.785583;1779.361328;1.281334;0.000000;0.000000;0.000000;0.000000;2.000000;-44.190918;-284.282471;1727.720459;1.397600;0.000000;0.000000;0.000000;0.000000;2.000000;-128.178864;-59.821800;1774.628418;0.763407;0.000000;0.000000;0.000000;0.000000;2.000000;-128.109863;23.953182;1831.734375;0.225884;0.000000;0.000000;0.000000;0.000000;0.000000;-119.166931;72.618088;1934.182129;0.749153;0.000000;0.000000;0.000000;0.000000;0.000000;-173.971008;62.622330;1819.405273;0.472813;0.000000;0.000000;0.000000;0.000000;0.000000;-20.175659;-679.124695;1956.709473;0.945411;0.000000;0.000000;0.000000;0.000000;2.000000;9.998840;-667.930603;2091.385254;0.984936;0.000000;0.000000;0.000000;0.000000;2.000000;-22.814697;-441.415283;2279.816650;1.301603;0.000000;0.000000;0.000000;0.000000;1.000000;-205.522339;-281.190247;2325.666260;1.452046;0.000000;0.000000;0.000000;0.000000;1.000000;-217.740112;-177.895966;2292.528076;1.534233;0.000000;0.000000;0.000000;0.000000;0.000000;-229.804779;-66.978668;2284.941406;1.370166;0.000000;0.000000;0.000000;0.000000;0.000000;-267.844788;-172.455246;2258.668945;1.502099;0.000000;0.000000;0.000000;0.000000;0.000000;-29.832458;-139.290222;1909.377686;0.270241;0.000000;0.000000;0.000000;0.000000;2.000000;-43.032532;265.391052;2026.565674;1.205760;0.000000;0.000000;0.000000;0.000000;2.000000;174.641174;595.285095;1948.679688;1.249707;0.000000;0.000000;0.000000;0.000000;2.000000;159.954285;776.841370;2024.371338;0.827928;0.000000;0.000000;0.000000;0.000000;2.000000;26.901306;-159.657471;2081.718262;0.243685;0.000000;0.000000;0.000000;0.000000;1.000000;-48.565247;227.508102;2229.026123;0.898693;0.000000;0.000000;0.000000;0.000000;1.000000;86.956726;611.266479;2220.453613;0.459584;0.000000;0.000000;0.000000;0.000000;1.000000;17.147217;751.034424;2312.793213;0.617949;0.000000;0.000000;0.000000;0.000000;1.000000;-59.367859;-789.495605;1903.081787;1.156802;0.000000;0.000000;0.000000;0.000000;2.000000;-201.910645;-842.233521;1977.415771;0.541338;0.000000;0.000000;0.000000;0.000000;2.000000;-180.977356;-875.021301;1933.145020;0.355758;0.000000;0.000000;0.000000;0.000000;2.000000;-106.290131;-851.733826;1824.996826;1.009602;0.000000;0.000000;0.000000;0.000000;2.000000;-158.725677;-874.876526;1983.497314;0.507568;0.000000;0.000000;0.000000;0.000000;2.000000;-21.415710;-863.130493;1977.261719;1.355181;0.000000;0.000000;0.000000;0.000000;1.000000;13004966912.000000
0.000000;-150.000000;2000.000000;0.000000;0.000000;0.000000;0.000000;0.000000;2.000000;-14.442932;-330.672119;1965.145508;0.553228;0.000000;0.000000;0.000000;0.000000;2.000000;-27.982849;-475.144287;1938.374023;1.024880;0.000000;0.000000;0.000000;0.000000;2.000000;-65.795776;-692.259338;1895.026367;1.224897;0.000000;0.000000;0.000000;0.000000;2.000000;-71.669861;-648.266663;1870.501465;1.241915;0.000000;0.000000;0.000000;0.000000;2.000000;-118.910156;-558.582703;1762.812256;1.421145;0.000000;0.000000;0.000000;0.000000;2.000000;-93.068237;-277.838684;1715.401489;1.550783;0.000000;0.000000;0.000000;0.000000;2.000000;-166.142059;-56.006401;1770.414429;1.171461;0.000000;0.000000;0.000000;0.000000;2.000000;-173.516052;35.347656;1809.454590;1.582196;0.000000;0.000000;0.000000;0.000000;0.000000;-152.888733;79.161819;1910.208008;1.278369;0.000000;0.000000;0.000000;0.000000;0.000000;-205.078278;69.470886;1800.435425;1.131383;0.000000;0.000000;0.000000;0.000000;0.000000;-45.488342;-664.645569;1932.898682;1.148909;0.000000;0.000000;0.000000;0.000000;2.000000;-6.114807;-653.275879;2062.633301;1.100786;0.000000;0.000000;0.000000;0.000000;2.000000;-21.349365;-438.510437;2258.843262;0.647712;0.000000;0.000000;0.000000;0.000000;1.000000;-201.892120;-294.335938;2334.080811;0.489036;0.000000;0.000000;0.000000;0.000000;1.000000;-232.396484;-193.305450;2314.908936;0.942180;0.000000;0.000000;0.000000;0.000000;0.000000;-259.303192;-89.939819;2289.119141;1.147893;0.000000;0.000000;0.000000;0.000000;0.000000;-289.110199;-198.914368;2268.818115;1.081248;0.000000;0.000000;0.000000;0.000000;0.000000;-44.664124;-130.832809;1919.152832;0.600398;0.000000;0.000000;0.000000;0.000000;2.000000;-58.169556;272.222717;2013.478760;0.645263;0.000000;0.000000;0.000000;0.000000;2.000000;129.792542;612.494690;1938.949463;1.495750;0.000000;0.000000;0.000000;0.000000;2.000000;124.018677;786.082214;2024.954590;1.132486;0.000000;0.000000;0.000000;0.000000;2.000000;40.275574;-167.283920;2072.903564;0.541403;0.000000;0.000000;0.000000;0.000000;2.000000;1.992859;213.796738;2229.353027;1.598676;0.000000;0.000000;0.000000;0.000000;1.000000;107.939636;599.429626;2236.098633;0.876636;0.000000;0.000000;0.000000;0.000000;1.000000;46.337463;730.482300;2340.152344;1.372607;0.000000;0.000000;0.000000;0.000000;1.000000;-92.478333;-771.755493;1884.529785;1.278534;0.000000;0.000000;0.000000;0.000000;2.000000;-252.554016;-799.852234;1919.490723;2.680728;0.000000;0.000000;0.000000;0.000000;2.000000;-224.462067;-840.790100;1889.690674;2.147313;0.000000;0.000000;0.000000;0.000000;2.000000;-121.862915;-842.708374;1808.017822;0.755122;0.000000;0.000000;0.000000;0.000000;2.000000;-217.622681;-833.049805;1942.785645;2.530526;0.000000;0.000000;0.000000;0.000000;2.000000;-86.099670;-831.860413;1975.548828;2.193186;0.000000;0.000000;0.000000;0.000000;1.000000;13004999680.000000
0.000000;-150.000000;2000.000000;0.000000;0.000000;0.000000;0.000000;0.000000;2.000000;-23.567200;-327.320374;1961.537354;0.306832;0.000000;0.000000;0.000000;0.000000;2.000000;-41.362671;-469.061157;1930.089111;0.499289;0.000000;0.000000;0.000000;0.000000;2.000000;-80.878967;-685.026428;1893.025635;0.498549;0.000000;0.000000;0.000000;0.000000;2.000000;-87.361450;-641.927307;1867.978760;0.506355;0.000000;0.000000;0.000000;0.000000;2.000000;-137.193787;-564.161255;1754.123169;0.621387;0.000000;0.000000;0.000000;0.000000;2.000000;-107.419983;-284.453613;1719.512207;0.483213;0.000000;0.000000;0.000000;0.000000;2.000000;-181.221680;-65.415131;1775.695313;0.548711;0.000000;0.000000;0.000000;0.000000;2.000000;-179.719849;24.739555;1815.975708;0.411695;0.000000;0.000000;0.000000;0.000000;0.000000;-150.008179;75.810791;1909.728027;0.131538;0.000000;0.000000;0.000000;0.000000;0.000000;-207.937531;60.661057;1810.791016;0.411145;0.000000;0.000000;0.000000;0.000000;0.000000;-59.450195;-656.925903;1929.292725;0.484030;0.000000;0.000000;0.000000;0.000000;2.000000;-12.142456;-645.497070;2055.079102;0.367128;0.000000;0.000000;0.000000;0.000000;2.000000;-22.498779;-434.267029;2251.708984;0.247990;0.000000;0.000000;0.000000;0.000000;1.000000;-190.835297;-296.184753;2354.756104;0.695991;0.000000;0.000000;0.000000;0.000000;1.000000;-235.649841;-201.757050;2335.222900;0.658180;0.000000;0.000000;0.000000;0.000000;0.000000;-277.465729;-104.270248;2310.469971;0.931632;0.000000;0.000000;0.000000;0.000000;0.000000;-296.748627;-218.679184;2295.117920;0.999463;0.000000;0.000000;0.000000;0.000000;0.000000;-50.667053;-126.965790;1924.852783;0.270379;0.000000;0.000000;0.000000;0.000000;2.000000;-58.151367;271.140686;2024.979248;0.341835;0.000000;0.000000;0.000000;0.000000;2.000000;127.843018;609.242371;1953.873291;0.455670;0.000000;0.000000;0.000000;0.000000;2.000000;122.356567;784.140808;2033.210449;0.255753;0.000000;0.000000;0.000000;0.000000;2.000000;45.688660;-170.770950;2067.763428;0.243816;0.000000;0.000000;0.000000;0.000000;2.000000;38.735535;204.877975;2232.222900;1.122112;0.000000;0.000000;0.000000;0.000000;1.000000;147.516357;585.895874;2246.753174;1.277298;0.000000;0.000000;0.000000;0.000000;1.000000;97.477356;716.148804;2355.278564;1.634193;0.000000;0.000000;0.000000;0.000000;1.000000;-107.892944;-763.939697;1885.193848;0.511825;0.000000;0.000000;0.000000;0.000000;2.000000;-261.491882;-802.187378;1931.052246;0.437941;0.000000;0.000000;0.000000;0.000000;2.000000;-230.829895;-843.362000;1905.368652;0.506515;0.000000;0.000000;0.000000;0.000000;2.000000;-132.636780;-845.860229;1820.189697;0.489995;0.000000;0.000000;0.000000;0.000000;2.000000;-222.845795;-828.408142;1956.239014;0.448621;0.000000;0.000000;0.000000;0.000000;2.000000;-92.103699;-810.615540;1981.648926;0.677801;0.000000;0.000000;0.000000;0.000000;1.000000;13005033472.000000
0.000000;-150.000000;2000.000000;0.000000;0.000000;0.000000;0.000000;0.000000;2.000000;-18.496826;-329.561493;1960.034912;0.175280;0.000000;0.000000;0.000000;0.000000;2.000000;-30.042114;-473.028168;1926.414795;0.382862;0.000000;0.000000;0.000000;0.000000;2.000000;-71.013855;-691.401978;1891.009033;0.363703;0.000000;0.000000;0.000000;0.000000;2.000000;-79.811890;-647.794067;1866.493164;0.295283;0.000000;0.000000;0.000000;0.000000;2.000000;-142.836975;-570.453613;1756.983032;0.272305;0.000000;0.000000;0.000000;0.000000;2.000000;-114.938354;-287.108276;1726.196289;0.317515;0.000000;0.000000;0.000000;0.000000;2.000000;-175.989960;-63.356766;1789.279907;0.448670;0.000000;0.000000;0.000000;0.000000;2.000000;-173.499542;26.047203;1833.535400;0.569907;0.000000;0.000000;0.000000;0.000000;0.000000;-133.173828;83.431168;1920.827148;0.657833;0.000000;0.000000;0.000000;0.000000;0.000000;-205.225342;60.029934;1835.841309;0.769183;0.000000;0.000000;0.000000;0.000000;0.000000;-46.852112;-662.995850;1926.043457;0.438130;0.000000;0.000000;0.000000;0.000000;2.000000;14.160400;-651.500244;2047.365234;0.856333;0.000000;0.000000;0.000000;0.000000;2.000000;51.493042;-429.055908;2232.481201;2.338462;0.000000;0.000000;0.000000;0.000000;2.000000;-108.381165;-289.649994;2351.853027;2.525745;0.000000;0.000000;0.000000;0.000000;1.000000;-157.881775;-206.186981;2305.723145;2.541902;0.000000;0.000000;0.000000;0.000000;0.000000;-206.433807;-109.304138;2286.461426;2.293348;0.000000;0.000000;0.000000;0.000000;0.000000;-226.442932;-239.486633;2286.847656;2.251742;0.000000;0.000000;0.000000;0.000000;0.000000;-42.485962;-127.516815;1918.647217;0.313816;0.000000;0.000000;0.000000;0.000000;2.000000;-35.621582;272.142578;2029.742188;0.703416;0.000000;0.000000;0.000000;0.000000;2.000000;138.762268;622.873901;1968.260254;0.690556;0.000000;0.000000;0.000000;0.000000;2.000000;118.943848;790.460815;2064.241943;0.972043;0.000000;0.000000;0.000000;0.000000;2.000000;38.311584;-170.274078;2073.359131;0.282975;0.000000;0.000000;0.000000;0.000000;2.000000;-57.750549;204.945404;2220.766602;2.965206;0.000000;0.000000;0.000000;0.000000;2.000000;-57.473938;596.001953;2307.954102;6.535944;0.000000;0.000000;0.000000;0.000000;2.000000;-194.001770;699.371948;2358.745361;8.910587;0.000000;0.000000;0.000000;0.000000;2.000000;-98.214172;-771.324341;1884.793701;0.371728;0.000000;0.000000;0.000000;0.000000;2.000000;-250.141418;-811.850830;1939.617676;0.524673;0.000000;0.000000;0.000000;0.000000;2.000000;-223.012665;-850.487549;1905.916748;0.323231;0.000000;0.000000;0.000000;0.000000;2.000000;-131.716797;-844.261841;1811.653564;0.266513;0.000000;0.000000;0.000000;0.000000;2.000000;-210.018555;-842.364136;1957.886719;0.580655;0.000000;0.000000;0.000000;0.000000;2.000000;-75.631409;-831.090942;1973.655273;0.838249;0.000000;0.000000;0.000000;0.000000;1.000000;13005066240.000000
0.000000;-150.000000;2000.000000;0.000000;0.000000;0.000000;0.000000;0.000000;2.000000;-25.326721;-326.266968;1959.965332;0.224411;0.000000;0.000000;0.000000;0.000000;2.000000;-46.343872;-467.190552;1928.490234;0.516081;0.000000;0.000000;0.000000;0.000000;2.000000;-90.308655;-682.554321;1896.547852;0.649189;0.000000;0.000000;0.000000;0.000000;2.000000;-101.035583;-639.392883;1873.382813;0.705584;0.000000;0.000000;0.000000;0.000000;2.000000;-167.319641;-561.892212;1768.552734;0.840434;0.000000;0.000000;0.000000;0.000000;2.000000;-137.089478;-281.431274;1749.651123;0.969375;0.000000;0.000000;0.000000;0.000000;2.000000;-194.271851;-61.982231;1819.491943;1.045796;0.000000;0.000000;0.000000;0.000000;2.000000;-192.824921;24.443924;1866.752441;1.138232;0.000000;0.000000;0.000000;0.000000;0.000000;-164.814758;75.309822;1960.820801;1.528146;0.000000;0.000000;0.000000;0.000000;0.000000;-219.775757;60.652168;1864.572754;0.953236;0.000000;0.000000;0.000000;0.000000;0.000000;-63.365173;-654.693909;1928.944092;0.553644;0.000000;0.000000;0.000000;0.000000;2.000000;13.712769;-649.222839;2039.086182;0.254446;0.000000;0.000000;0.000000;0.000000;2.000000;77.828918;-430.237732;2214.918701;0.937404;0.000000;0.000000;0.000000;0.000000;2.000000;-56.394592;-280.363281;2346.302490;1.571390;0.000000;0.000000;0.000000;0.000000;1.000000;-130.322571;-212.381393;2312.177002;0.857442;0.000000;0.000000;0.000000;0.000000;0.000000;-199.044037;-131.723587;2288.118164;0.700284;0.000000;0.000000;0.000000;0.000000;0.000000;-198.267212;-262.835083;2325.753662;1.580571;0.000000;0.000000;0.000000;0.000000;0.000000;-51.273254;-125.807312;1925.918945;0.341303;0.000000;0.000000;0.000000;0.000000;2.000000;-32.789856;268.688385;2034.456543;0.192183;0.000000;0.000000;0.000000;0.000000;2.000000;125.664124;624.150879;1992.605225;0.818962;0.000000;0.000000;0.000000;0.000000;2.000000;110.036743;792.904846;2082.114990;0.595364;0.000000;0.000000;0.000000;0.000000;2.000000;46.235413;-171.815613;2066.802002;0.307764;0.000000;0.000000;0.000000;0.000000;2.000000;-18.830261;185.748352;2254.691406;1.630080;0.000000;0.000000;0.000000;0.000000;1.000000;49.471863;571.649414;2308.249023;3.245851;0.000000;0.000000;0.000000;0.000000;1.000000;-15.581970;685.926941;2425.739258;5.653896;0.000000;0.000000;0.000000;0.000000;1.000000;-117.799133;-761.374939;1892.573486;0.689637;0.000000;0.000000;0.000000;0.000000;2.000000;-256.652893;-804.381592;1969.360596;0.927738;0.000000;0.000000;0.000000;0.000000;2.000000;-231.363251;-844.203308;1936.898438;0.967594;0.000000;0.000000;0.000000;0.000000;2.000000;-153.979065;-842.701599;1832.827881;0.910379;0.000000;0.000000;0.000000;0.000000;2.000000;-213.001740;-829.877686;1985.052490;0.889159;0.000000;0.000000;0.000000;0.000000;2.000000;-80.624817;-809.004517;1982.149414;0.715690;0.000000;0.000000;0.000000;0.000000;1.000000;13005100032.000000
0.000000;-150.000000;2000.000000;0.000000;0.000000;0.000000;0.000000;0.000000;2.000000;-29.435120;-325.946411;1961.313721;0.128311;0.000000;0.000000;0.000000;0.000000;2.000000;-53.509216;-466.623291;1930.880859;0.224162;0.000000;0.000000;0.000000;0.000000;2.000000;-101.383240;-682.213623;1906.954590;0.449833;0.000000;0.000000;0.000000;0.000000;2.000000;-113.555115;-639.435974;1883.781982;0.481630;0.000000;0.000000;0.000000;0.000000;2.000000;-189.717346;-562.491821;1785.435669;0.830209;0.000000;0.000000;0.000000;0.000000;2.000000;-169.948120;-280.956787;1768.375610;1.119266;0.000000;0.000000;0.000000;0.000000;2.000000;-232.823578;-63.911537;1840.857056;1.305585;0.000000;0.000000;0.000000;0.000000;2.000000;-215.075439;20.242580;1888.918945;0.937719;0.000000;0.000000;0.000000;0.000000;0.000000;-192.281860;74.387772;1982.576172;1.037264;0.000000;0.000000;0.000000;0.000000;0.000000;-240.395538;64.223183;1878.951538;0.751376;0.000000;0.000000;0.000000;0.000000;0.000000;-71.811523;-653.936584;1936.586182;0.337820;0.000000;0.000000;0.000000;0.000000;2.000000;13.583496;-645.194336;2040.204590;0.123783;0.000000;0.000000;0.000000;0.000000;2.000000;86.300781;-425.260498;2211.489746;0.307969;0.000000;0.000000;0.000000;0.000000;2.000000;-29.525452;-272.046631;2355.920166;0.879667;0.000000;0.000000;0.000000;0.000000;1.000000;-108.070862;-209.416061;2321.839600;0.723238;0.000000;0.000000;0.000000;0.000000;0.000000;-185.074097;-144.406921;2281.175293;0.594977;0.000000;0.000000;0.000000;0.000000;0.000000;-175.556519;-280.733276;2342.784180;0.993084;0.000000;0.000000;0.000000;0.000000;0.000000;-61.046631;-125.260376;1933.931641;0.374348;0.000000;0.000000;0.000000;0.000000;2.000000;-35.820618;268.699463;2043.193848;0.273675;0.000000;0.000000;0.000000;0.000000;2.000000;113.695740;628.815979;2008.535400;0.605588;0.000000;0.000000;0.000000;0.000000;2.000000;90.013306;797.160461;2097.079102;0.750382;0.000000;0.000000;0.000000;0.000000;2.000000;55.048462;-172.308807;2059.576904;0.337559;0.000000;0.000000;0.000000;0.000000;2.000000;38.438538;185.633804;2257.109375;1.696258;0.000000;0.000000;0.000000;0.000000;1.000000;131.696777;568.320496;2293.646484;2.473302;0.000000;0.000000;0.000000;0.000000;1.000000;90.806641;688.235352;2416.321777;3.161386;0.000000;0.000000;0.000000;0.000000;1.000000;-129.674683;-760.858582;1906.769287;0.547919;0.000000;0.000000;0.000000;0.000000;2.000000;-274.938324;-791.261841;1977.516357;0.708376;0.000000;0.000000;0.000000;0.000000;2.000000;-250.831238;-833.994263;1947.978516;0.728485;0.000000;0.000000;0.000000;0.000000;2.000000;-168.287170;-841.965454;1848.242798;0.622774;0.000000;0.000000;0.000000;0.000000;2.000000;-234.014252;-818.966736;1996.487061;0.778085;0.000000;0.000000;0.000000;0.000000;2.000000;-100.524109;-807.161316;1999.950684;0.791996;0.000000;0.000000;0.000000;0.000000;1.000000;13005133824.000000
0.000000;-150.000000;2000.000000;0.000000;0.000000;0.000000;0.000000;0.000000;2.000000;-30.432251;-326.502502;1960.542725;0.042043;0.000000;0.000000;0.000000;0.000000;2.000000;-55.521484;-467.687744;1929.967285;0.074858;0.000000;0.000000;0.000000;0.000000;2.000000;-101.347290;-685.733521;1917.024292;0.325538;0.000000;0.000000;0.000000;0.000000;2.000000;-117.283386;-643.610596;1894.427856;0.367052;0.000000;0.000000;0.000000;0.000000;2.000000;-206.824341;-564.414856;1808.950562;0.889365;0.000000;0.000000;0.000000;0.000000;2.000000;-199.595703;-280.750732;1795.375732;1.223762;0.000000;0.000000;0.000000;0.000000;2.000000;-256.500366;-61.858612;1870.858154;1.168018;0.000000;0.000000;0.000000;0.000000;2.000000;-246.292419;22.845346;1921.057129;1.369603;0.000000;0.000000;0.000000;0.000000;0.000000;-217.480621;76.837479;2013.758545;1.225773;0.000000;0.000000;0.000000;0.000000;0.000000;-256.156586;61.687927;1919.595825;1.332607;0.000000;0.000000;0.000000;0.000000;0.000000;-68.866211;-655.997742;1942.264648;0.205100;0.000000;0.000000;0.000000;0.000000;2.000000;29.207031;-640.978638;2034.097412;0.527843;0.000000;0.000000;0.000000;0.000000;2.000000;107.696411;-413.667297;2195.197754;0.893704;0.000000;0.000000;0.000000;0.000000;2.000000;-2.673584;-266.501892;2351.590332;0.847111;0.000000;0.000000;0.000000;0.000000;1.000000;-89.321716;-205.077927;2342.683350;0.865759;0.000000;0.000000;0.000000;0.000000;0.000000;-184.041748;-155.181839;2321.241943;1.266572;0.000000;0.000000;0.000000;0.000000;0.000000;-151.621765;-280.061707;2372.849609;1.172945;0.000000;0.000000;0.000000;0.000000;0.000000;-72.127197;-125.366287;1945.436768;0.487478;0.000000;0.000000;0.000000;0.000000;2.000000;-41.904602;268.770447;2059.947021;0.543940;0.000000;0.000000;0.000000;0.000000;2.000000;97.374268;635.867615;2036.832520;1.019873;0.000000;0.000000;0.000000;0.000000;2.000000;77.387695;798.777100;2137.580078;1.295596;0.000000;0.000000;0.000000;0.000000;2.000000;65.040344;-172.213287;2049.202148;0.439583;0.000000;0.000000;0.000000;0.000000;2.000000;83.734375;189.403763;2243.853271;1.444887;0.000000;0.000000;0.000000;0.000000;1.000000;183.139099;573.278076;2270.763184;1.724860;0.000000;0.000000;0.000000;0.000000;1.000000;162.915955;693.384338;2399.453857;2.265464;0.000000;0.000000;0.000000;0.000000;1.000000;-127.811157;-765.263855;1922.152100;0.491617;0.000000;0.000000;0.000000;0.000000;2.000000;-255.404297;-786.111206;2024.975830;1.574100;0.000000;0.000000;0.000000;0.000000;2.000000;-244.708496;-828.461182;1987.520752;1.232733;0.000000;0.000000;0.000000;0.000000;2.000000;-189.702087;-836.071106;1869.621826;0.940815;0.000000;0.000000;0.000000;0.000000;2.000000;-214.909637;-819.981201;2031.440430;1.216022;0.000000;0.000000;0.000000;0.000000;2.000000;-83.426392;-823.351929;2002.419922;0.722542;0.000000;0.000000;0.000000;0.000000;2.000000;13005166592.000000
0.000000;-150.000000;2000.000000;0.000000;0.000000;0.000000;0.000000;0.000000;2.000000;-18.442871;-331.199554;1953.982910;0.427653;0.000000;0.000000;0.000000;0.000000;2.000000;-34.174683;-476.184540;1918.106079;0.765173;0.000000;0.000000;0.000000;0.000000;2.000000;-79.725281;-699.670654;1902.574707;0.873136;0.000000;0.000000;0.000000;0.000000;2.000000;-97.080261;-656.291626;1880.646240;0.815231;0.000000;0.000000;0.000000;0.000000;2.000000;-198.630249;-571.697632;1808.605347;0.324579;0.000000;0.000000;0.000000;0.000000;2.000000;-207.121307;-280.981812;1799.410278;0.252782;0.000000;0.000000;0.000000;0.000000;2.000000;-249.961975;-53.503677;1877.287598;0.367110;0.000000;0.000000;0.000000;0.000000;2.000000;-262.658417;24.063732;1941.343018;0.772167;0.000000;0.000000;0.000000;0.000000;0.000000;-203.236877;85.855843;2016.154053;0.503907;0.000000;0.000000;0.000000;0.000000;0.000000;-236.150604;65.658714;1938.051270;0.813996;0.000000;0.000000;0.000000;0.000000;0.000000;-45.931763;-669.358887;1927.917480;0.892874;0.000000;0.000000;0.000000;0.000000;2.000000;55.212280;-650.687866;2020.641357;0.912883;0.000000;0.000000;0.000000;0.000000;2.000000;144.789551;-408.152802;2165.758789;1.410855;0.000000;0.000000;0.000000;0.000000;2.000000;69.375122;-232.767303;2322.980957;2.501867;0.000000;0.000000;0.000000;0.000000;2.000000;-33.358887;-196.207245;2328.283936;1.730071;0.000000;0.000000;0.000000;0.000000;0.000000;-139.272827;-160.311752;2327.051025;1.344542;0.000000;0.000000;0.000000;0.000000;0.000000;-71.481750;-263.116364;2368.798828;2.426966;0.000000;0.000000;0.000000;0.000000;0.000000;-64.722473;-126.425919;1933.113037;0.426616;0.000000;0.000000;0.000000;0.000000;2.000000;-32.174805;274.867188;2058.041748;0.344434;0.000000;0.000000;0.000000;0.000000;2.000000;112.605408;650.506104;2042.610596;0.648116;0.000000;0.000000;0.000000;0.000000;2.000000;82.161682;812.868164;2150.432373;0.581806;0.000000;0.000000;0.000000;0.000000;2.000000;58.363098;-171.257797;2060.314697;0.384692;0.000000;0.000000;0.000000;0.000000;2.000000;-9.862610;210.471512;2224.474121;2.896438;0.000000;0.000000;0.000000;0.000000;2.000000;58.888000;603.748779;2304.116455;3.912437;0.000000;0.000000;0.000000;0.000000;2.000000;-50.702881;734.375977;2366.300049;6.511257;0.000000;0.000000;0.000000;0.000000;2.000000;-106.016479;-781.433594;1907.292114;0.915603;0.000000;0.000000;0.000000;0.000000;2.000000;-205.872803;-799.361206;2042.707031;1.605482;0.000000;0.000000;0.000000;0.000000;2.000000;-210.323090;-840.200562;2000.445557;1.141231;0.000000;0.000000;0.000000;0.000000;2.000000;-189.028687;-843.027100;1868.696045;0.208616;0.000000;0.000000;0.000000;0.000000;2.000000;-168.252686;-838.172729;2035.898438;1.487808;0.000000;0.000000;0.000000;0.000000;2.000000;-47.423645;-851.558960;1970.666992;1.647680;0.000000;0.000000;0.000000;0.000000;2.000000;13005200384.000000
0.000000;-150.000000;2000.000000;0.000000;0.000000;0.000000;0.000000;0.000000;2.000000;-26.219360;-328.945007;1955.401001;0.250853;0.000000;0.000000;0.000000;0.000000;2.000000;-45.667114;-471.731995;1917.853638;0.376202;0.000000;0.000000;0.000000;0.000000;2.000000;-86.912292;-694.621216;1916.113770;0.492513;0.000000;0.000000;0.000000;0.000000;2.000000;-107.096313;-652.941345;1894.332275;0.527569;0.000000;0.000000;0.000000;0.000000;2.000000;-214.946106;-577.983459;1823.428711;0.699546;0.000000;0.000000;0.000000;0.000000;2.000000;-232.706116;-290.020325;1826.745117;1.175410;0.000000;0.000000;0.000000;0.000000;2.000000;-273.181458;-62.746002;1899.903198;1.028596;0.000000;0.000000;0.000000;0.000000;2.000000;-284.379181;10.103291;1968.282715;1.138773;0.000000;0.000000;0.000000;0.000000;0.000000;-236.600037;87.643837;2034.862793;1.168594;0.000000;0.000000;0.000000;0.000000;0.000000;-282.669189;54.185776;1952.810425;1.529975;0.000000;0.000000;0.000000;0.000000;0.000000;-51.888062;-662.854065;1936.651123;0.378795;0.000000;0.000000;0.000000;0.000000;2.000000;57.517090;-640.539673;2016.567871;0.341048;0.000000;0.000000;0.000000;0.000000;2.000000;148.792114;-390.881409;2142.140381;0.901251;0.000000;0.000000;0.000000;0.000000;2.000000;88.198059;-209.061264;2295.136719;1.255152;0.000000;0.000000;0.000000;0.000000;2.000000;-14.509766;-189.818436;2323.412598;0.625302;0.000000;0.000000;0.000000;0.000000;0.000000;-121.462585;-172.361313;2346.947021;0.894039;0.000000;0.000000;0.000000;0.000000;0.000000;-29.166809;-263.365295;2366.615967;1.293089;0.000000;0.000000;0.000000;0.000000;0.000000;-73.522217;-125.450729;1944.723999;0.445599;0.000000;0.000000;0.000000;0.000000;2.000000;-36.806519;271.450867;2070.568848;0.420714;0.000000;0.000000;0.000000;0.000000;2.000000;95.728333;648.276001;2074.230225;1.095921;0.000000;0.000000;0.000000;0.000000;2.000000;66.355225;812.377197;2176.542725;0.931579;0.000000;0.000000;0.000000;0.000000;2.000000;66.298279;-172.137146;2049.844727;0.401814;0.000000;0.000000;0.000000;0.000000;2.000000;44.939941;189.312454;2257.782471;2.060891;0.000000;0.000000;0.000000;0.000000;1.000000;123.606812;583.248474;2297.494873;2.081610;0.000000;0.000000;0.000000;0.000000;1.000000;90.180237;707.857422;2422.961914;4.704248;0.000000;0.000000;0.000000;0.000000;1.000000;-110.527161;-775.896973;1926.643677;0.629494;0.000000;0.000000;0.000000;0.000000;2.000000;-220.073914;-794.240173;2052.388184;0.547296;0.000000;0.000000;0.000000;0.000000;2.000000;-221.068237;-834.557251;2010.093262;0.473154;0.000000;0.000000;0.000000;0.000000;2.000000;-189.452209;-836.807739;1881.581787;0.436841;0.000000;0.000000;0.000000;0.000000;2.000000;-182.334534;-832.695496;2048.515381;0.600728;0.000000;0.000000;0.000000;0.000000;2.000000;-57.680481;-845.696045;1993.685059;0.789579;0.000000;0.000000;0.000000;0.000000;2.000000;13005233152.000000
0.000000;-150.000000;2000.000000;0.000000;0.000000;0.000000;0.000000;0.000000;2.000000;-28.275452;-328.512543;1957.097046;0.079907;0.000000;0.000000;0.000000;0.000000;2.000000;-50.049744;-470.922150;1921.048096;0.162270;0.000000;0.000000;0.000000;0.000000;2.000000;-85.700012;-694.028564;1928.367310;0.364809;0.000000;0.000000;0.000000;0.000000;2.000000;-109.951294;-653.239258;1909.586182;0.459329;0.000000;0.000000;0.000000;0.000000;2.000000;-227.434753;-579.096924;1856.148926;1.036939;0.000000;0.000000;0.000000;0.000000;2.000000;-238.778137;-291.606293;1852.756104;0.791825;0.000000;0.000000;0.000000;0.000000;2.000000;-266.252533;-67.210930;1937.686035;1.144399;0.000000;0.000000;0.000000;0.000000;2.000000;-294.897583;-2.270092;2008.500732;1.283532;0.000000;0.000000;0.000000;0.000000;0.000000;-257.722382;75.775780;2080.508301;1.529269;0.000000;0.000000;0.000000;0.000000;0.000000;-276.403809;48.931885;2001.924561;1.473429;0.000000;0.000000;0.000000;0.000000;0.000000;-48.754761;-661.300049;1942.751465;0.208092;0.000000;0.000000;0.000000;0.000000;2.000000;72.713989;-632.719604;1999.132813;0.722501;0.000000;0.000000;0.000000;0.000000;2.000000;153.649719;-366.866577;2092.539795;1.637134;0.000000;0.000000;0.000000;0.000000;2.000000;85.147461;-191.076111;2248.142578;1.491789;0.000000;0.000000;0.000000;0.000000;1.000000;-2.174438;-181.256851;2310.853760;0.579283;0.000000;0.000000;0.000000;0.000000;0.000000;-94.902710;-176.023163;2370.886475;1.063668;0.000000;0.000000;0.000000;0.000000;0.000000;11.505554;-248.417358;2363.588623;1.285448;0.000000;0.000000;0.000000;0.000000;0.000000;-84.821716;-127.810806;1963.576538;0.654173;0.000000;0.000000;0.000000;0.000000;2.000000;-24.031433;264.956451;2089.246338;0.696676;0.000000;0.000000;0.000000;0.000000;2.000000;102.791260;642.395020;2101.657227;0.856000;0.000000;0.000000;0.000000;0.000000;2.000000;94.578613;800.189331;2216.036865;1.481087;0.000000;0.000000;0.000000;0.000000;2.000000;76.487488;-170.008987;2032.844727;0.589891;0.000000;0.000000;0.000000;0.000000;2.000000;108.287903;189.384766;2240.704102;1.941577;0.000000;0.000000;0.000000;0.000000;1.000000;193.516052;580.977905;2278.720947;2.143164;0.000000;0.000000;0.000000;0.000000;1.000000;192.792175;703.252808;2410.086426;3.063418;0.000000;0.000000;0.000000;0.000000;1.000000;-105.402039;-775.397827;1943.371582;0.517949;0.000000;0.000000;0.000000;0.000000;2.000000;-216.661011;-807.138062;2064.233887;0.527984;0.000000;0.000000;0.000000;0.000000;2.000000;-214.135925;-844.852417;2019.874512;0.467641;0.000000;0.000000;0.000000;0.000000;2.000000;-179.131958;-837.923950;1892.791138;0.452105;0.000000;0.000000;0.000000;0.000000;2.000000;-176.720642;-842.959229;2059.373047;0.472326;0.000000;0.000000;0.000000;0.000000;2.000000;-50.448608;-845.549805;2007.800781;0.469375;0.000000;0.000000;0.000000;0.000000;2.000000;13005266944.000000
0.000000;-150.000000;2000.000000;0.000000;0.000000;0.000000;0.000000;0.000000;2.000000;-26.562073;-332.724915;1965.148315;0.282189;0.000000;0.000000;0.000000;0.000000;2.000000;-46.782776;-477.863708;1932.097656;0.410517;0.000000;0.000000;0.000000;0.000000;2.000000;-80.692505;-703.682556;1944.102173;0.583724;0.000000;0.000000;0.000000;0.000000;2.000000;-107.746399;-662.497559;1928.706909;0.651806;0.000000;0.000000;0.000000;0.000000;2.000000;-234.495361;-589.244202;1893.516602;1.201154;0.000000;0.000000;0.000000;0.000000;2.000000;-246.078369;-298.565796;1884.227173;1.008538;0.000000;0.000000;0.000000;0.000000;2.000000;-260.228607;-69.178345;1967.036133;0.916334;0.000000;0.000000;0.000000;0.000000;2.000000;-292.279114;-24.339066;2052.173096;1.495415;0.000000;0.000000;0.000000;0.000000;0.000000;-270.075256;52.285496;2133.339355;1.804285;0.000000;0.000000;0.000000;0.000000;0.000000;-283.219055;41.522076;2029.627563;0.899523;0.000000;0.000000;0.000000;0.000000;0.000000;-41.792297;-670.450989;1953.421021;0.478703;0.000000;0.000000;0.000000;0.000000;2.000000;88.716553;-640.620728;1988.967407;0.626797;0.000000;0.000000;0.000000;0.000000;2.000000;134.712219;-347.979980;2002.962891;2.852921;0.000000;0.000000;0.000000;0.000000;2.000000;66.770569;-176.661987;2167.979980;2.548084;0.000000;0.000000;0.000000;0.000000;1.000000;-11.614868;-181.300598;2243.869385;2.064403;0.000000;0.000000;0.000000;0.000000;0.000000;-89.945557;-171.133804;2323.083740;1.474217;0.000000;0.000000;0.000000;0.000000;0.000000;38.910278;-231.665543;2297.977051;2.229355;0.000000;0.000000;0.000000;0.000000;0.000000;-93.372375;-133.515259;1984.735107;0.717870;0.000000;0.000000;0.000000;0.000000;2.000000;-27.025696;259.055206;2123.579102;1.067037;0.000000;0.000000;0.000000;0.000000;2.000000;109.968140;638.009644;2126.901367;0.812023;0.000000;0.000000;0.000000;0.000000;2.000000;59.544128;784.726563;2248.822510;1.538465;0.000000;0.000000;0.000000;0.000000;2.000000;84.197937;-164.865005;2013.765137;0.647334;0.000000;0.000000;0.000000;0.000000;2.000000;119.934021;220.028534;2181.062988;2.076930;0.000000;0.000000;0.000000;0.000000;2.000000;228.616516;611.600891;2207.108154;2.607102;0.000000;0.000000;0.000000;0.000000;2.000000;212.649475;737.275391;2337.137695;2.530083;0.000000;0.000000;0.000000;0.000000;2.000000;-98.058350;-786.075378;1961.770752;0.686794;0.000000;0.000000;0.000000;0.000000;2.000000;-198.630310;-802.701721;2096.874268;1.146008;0.000000;0.000000;0.000000;0.000000;2.000000;-203.161621;-843.730591;2054.784912;1.117306;0.000000;0.000000;0.000000;0.000000;2.000000;-181.316956;-847.344971;1923.110962;0.971218;0.000000;0.000000;0.000000;0.000000;2.000000;-161.220642;-841.794678;2090.417236;1.059513;0.000000;0.000000;0.000000;0.000000;2.000000;-40.171570;-856.275391;2025.757568;0.711198;0.000000;0.000000;0.000000;0.000000;2.000000;13005299712.000000
0.000000;-150.000000;2000.000000;0.000000;0.000000;0.000000;0.000000;0.000000;2.000000;-22.969482;-333.592224;1961.870361;0.146189;0.000000;0.000000;0.000000;0.000000;2.000000;-39.552979;-478.459686;1922.536743;0.355158;0.000000;0.000000;0.000000;0.000000;2.000000;-73.144653;-705.711426;1931.350586;0.442597;0.000000;0.000000;0.000000;0.000000;2.000000;-101.285828;-663.929810;1918.855835;0.351188;0.000000;0.000000;0.000000;0.000000;2.000000;-233.386993;-591.736694;1903.029297;0.292853;0.000000;0.000000;0.000000;0.000000;2.000000;-255.548126;-301.411865;1873.974976;0.421512;0.000000;0.000000;0.000000;0.000000;2.000000;-264.993317;-74.237160;1966.814575;0.205757;0.000000;0.000000;0.000000;0.000000;2.000000;-302.566101;-32.738388;2052.035889;0.393027;0.000000;0.000000;0.000000;0.000000;0.000000;-282.893555;31.634758;2144.558594;0.792199;0.000000;0.000000;0.000000;0.000000;0.000000;-300.907440;27.502377;2029.815674;0.667950;0.000000;0.000000;0.000000;0.000000;0.000000;-33.410156;-672.551392;1938.767578;0.503422;0.000000;0.000000;0.000000;0.000000;2.000000;98.075623;-639.447510;1970.509033;0.613421;0.000000;0.000000;0.000000;0.000000;2.000000;133.992188;-343.507813;1975.398438;0.826650;0.000000;0.000000;0.000000;0.000000;2.000000;72.610779;-165.902954;2138.316650;0.949638;0.000000;0.000000;0.000000;0.000000;1.000000;-3.072876;-180.331955;2216.526611;0.848200;0.000000;0.000000;0.000000;0.000000;0.000000;-84.965942;-194.045212;2292.380127;1.143233;0.000000;0.000000;0.000000;0.000000;0.000000;51.998291;-252.277649;2259.970947;1.336802;0.000000;0.000000;0.000000;0.000000;0.000000;-94.077271;-134.973541;1984.321167;0.049472;0.000000;0.000000;0.000000;0.000000;2.000000;-28.711487;261.723572;2118.701904;0.171916;0.000000;0.000000;0.000000;0.000000;2.000000;111.460022;641.624512;2131.152588;0.170937;0.000000;0.000000;0.000000;0.000000;2.000000;56.946899;787.804443;2253.671387;0.186530;0.000000;0.000000;0.000000;0.000000;2.000000;84.833618;-163.550003;2014.138550;0.044613;0.000000;0.000000;0.000000;0.000000;2.000000;124.226624;213.418228;2202.966553;0.688876;0.000000;0.000000;0.000000;0.000000;2.000000;232.471130;606.093262;2161.875732;1.353257;0.000000;0.000000;0.000000;0.000000;2.000000;227.600464;755.611084;2266.428223;2.206512;0.000000;0.000000;0.000000;0.000000;2.000000;-89.468750;-788.957886;1948.242065;0.481841;0.000000;0.000000;0.000000;0.000000;2.000000;-137.894592;-813.766724;2109.459473;1.864499;0.000000;0.000000;0.000000;0.000000;2.000000;-159.621765;-850.907227;2068.701416;1.369252;0.000000;0.000000;0.000000;0.000000;2.000000;-185.371338;-843.648682;1937.157104;0.446248;0.000000;0.000000;0.000000;0.000000;2.000000;-107.599060;-853.741943;2087.425781;1.628131;0.000000;0.000000;0.000000;0.000000;2.000000;-17.370911;-867.108887;1982.888550;1.472220;0.000000;0.000000;0.000000;0.000000;2.000000;13005333504.000000
0.000000;-150.000000;2000.000000;0.000000;0.000000;0.000000;0.000000;0.000000;2.000000;-23.432556;-334.173767;1955.837524;0.185500;0.000000;0.000000;0.000000;0.000000;2.000000;-40.200867;-479.727539;1913.300781;0.285189;0.000000;0.000000;0.000000;0.000000;2.000000;-78.746399;-708.720154;1916.429077;0.494990;0.000000;0.000000;0.000000;0.000000;2.000000;-106.275940;-665.653503;1904.751343;0.459600;0.000000;0.000000;0.000000;0.000000;2.000000;-240.484497;-594.176697;1888.564941;0.497301;0.000000;0.000000;0.000000;0.000000;2.000000;-257.553162;-299.706116;1869.192261;0.166605;0.000000;0.000000;0.000000;0.000000;2.000000;-266.789246;-71.043243;1965.012817;0.124610;0.000000;0.000000;0.000000;0.000000;2.000000;-295.755615;-18.974865;2049.034180;0.477508;0.000000;0.000000;0.000000;0.000000;0.000000;-283.616058;56.813782;2135.454590;0.817386;0.000000;0.000000;0.000000;0.000000;0.000000;-303.063721;35.590729;2024.850342;0.297019;0.000000;0.000000;0.000000;0.000000;0.000000;-37.975891;-676.227722;1924.884399;0.459899;0.000000;0.000000;0.000000;0.000000;2.000000;95.907104;-643.737061;1953.332031;0.544336;0.000000;0.000000;0.000000;0.000000;2.000000;129.552795;-344.556091;1944.626465;0.949348;0.000000;0.000000;0.000000;0.000000;2.000000;77.750305;-169.992645;2117.733154;0.659364;0.000000;0.000000;0.000000;0.000000;1.000000;5.916382;-173.353256;2202.164795;0.559206;0.000000;0.000000;0.000000;0.000000;0.000000;-73.942261;-189.597198;2281.325439;0.495394;0.000000;0.000000;0.000000;0.000000;0.000000;54.537048;-246.660172;2251.234131;0.326315;0.000000;0.000000;0.000000;0.000000;0.000000;-93.604309;-132.944107;1978.536743;0.187632;0.000000;0.000000;0.000000;0.000000;2.000000;-28.269958;267.044556;2116.829590;0.172670;0.000000;0.000000;0.000000;0.000000;2.000000;108.560059;652.311890;2135.270020;0.360551;0.000000;0.000000;0.000000;0.000000;2.000000;50.646118;787.120361;2271.764160;0.585044;0.000000;0.000000;0.000000;0.000000;2.000000;84.407104;-165.380066;2019.354248;0.169186;0.000000;0.000000;0.000000;0.000000;2.000000;135.863647;223.919861;2189.023926;0.640216;0.000000;0.000000;0.000000;0.000000;2.000000;259.294250;596.030762;2057.364014;3.307102;0.000000;0.000000;0.000000;0.000000;2.000000;246.304443;772.976318;2107.515381;4.911783;0.000000;0.000000;0.000000;0.000000;2.000000;-96.980164;-792.861938;1931.358887;0.576374;0.000000;0.000000;0.000000;0.000000;2.000000;-85.702515;-829.826050;2098.845459;1.697659;0.000000;0.000000;0.000000;0.000000;2.000000;-120.142212;-865.492310;2065.280762;1.288645;0.000000;0.000000;0.000000;0.000000;2.000000;-190.956665;-850.856506;1950.562866;0.494783;0.000000;0.000000;0.000000;0.000000;2.000000;-64.258972;-867.580750;2064.529053;1.554342;0.000000;0.000000;0.000000;0.000000;2.000000;-15.492920;-871.086060;1933.182007;1.522850;0.000000;0.000000;0.000000;0.000000;2.000000;13005366272.000000
0.000000;-150.000000;2000.000000;0.000000;0.000000;0.000000;0.000000;0.000000;2.000000;-24.730042;-335.118042;1957.382813;0.065926;0.000000;0.000000;0.000000;0.000000;2.000000;-42.760864;-481.143982;1914.899292;0.098661;0.000000;0.000000;0.000000;0.000000;2.000000;-84.526428;-710.440125;1919.635620;0.202119;0.000000;0.000000;0.000000;0.000000;2.000000;-112.164124;-666.777832;1909.652344;0.229138;0.000000;0.000000;0.000000;0.000000;2.000000;-245.643524;-592.514099;1894.521118;0.238320;0.000000;0.000000;0.000000;0.000000;2.000000;-262.616119;-296.554260;1881.710571;0.410344;0.000000;0.000000;0.000000;0.000000;2.000000;-265.486694;-66.902245;1978.010376;0.405520;0.000000;0.000000;0.000000;0.000000;2.000000;-293.190155;-11.256248;2060.632813;0.419224;0.000000;0.000000;0.000000;0.000000;0.000000;-283.940247;51.054539;2158.066406;0.690577;0.000000;0.000000;0.000000;0.000000;0.000000;-291.723694;34.602989;2058.955566;1.064000;0.000000;0.000000;0.000000;0.000000;0.000000;-42.711426;-678.442688;1925.830811;0.157224;0.000000;0.000000;0.000000;0.000000;2.000000;93.238586;-648.610474;1949.658447;0.197112;0.000000;0.000000;0.000000;0.000000;2.000000;149.152527;-351.489441;1949.648315;0.632926;0.000000;0.000000;0.000000;0.000000;2.000000;154.269470;-115.003952;2037.115479;3.669764;0.000000;0.000000;0.000000;0.000000;2.000000;104.933533;-97.218201;2135.315918;4.192342;0.000000;0.000000;0.000000;0.000000;0.000000;13.115662;-122.499863;2198.055176;4.080704;0.000000;0.000000;0.000000;0.000000;0.000000;96.580017;-196.737762;2158.355957;3.359300;0.000000;0.000000;0.000000;0.000000;0.000000;-95.216248;-133.628632;1984.139404;0.173709;0.000000;0.000000;0.000000;0.000000;2.000000;-31.658813;266.987549;2126.430664;0.301307;0.000000;0.000000;0.000000;0.000000;2.000000;101.586731;654.524170;2155.218262;0.628771;0.000000;0.000000;0.000000;0.000000;2.000000;47.466125;793.749573;2289.943359;0.580307;0.000000;0.000000;0.000000;0.000000;2.000000;85.860596;-164.762787;2014.302368;0.156633;0.000000;0.000000;0.000000;0.000000;2.000000;132.916748;227.491470;2182.541992;0.235734;0.000000;0.000000;0.000000;0.000000;2.000000;241.592896;581.592285;1995.086914;1.963019;0.000000;0.000000;0.000000;0.000000;2.000000;247.631348;766.451416;2001.634766;3.139494;0.000000;0.000000;0.000000;0.000000;2.000000;-103.151672;-794.684998;1935.421875;0.225215;0.000000;0.000000;0.000000;0.000000;2.000000;-77.292847;-830.695984;2102.168945;0.268830;0.000000;0.000000;0.000000;0.000000;2.000000;-114.887451;-866.518066;2071.912598;0.252227;0.000000;0.000000;0.000000;0.000000;2.000000;-195.740906;-852.189148;1963.347046;0.405864;0.000000;0.000000;0.000000;0.000000;2.000000;-59.087952;-868.961487;2066.245605;0.166333;0.000000;0.000000;0.000000;0.000000;2.000000;-21.941223;-873.688721;1930.636719;0.219133;0.000000;0.000000;0.000000;0.000000;2.000000;13005400064.000000
0.000000;-150.000000;2000.000000;0.000000;0.000000;0.000000;0.000000;0.000000;2.000000;-23.392212;-334.200562;1955.378296;0.078695;0.000000;0.000000;0.000000;0.000000;2.000000;-41.085815;-479.611572;1912.364380;0.103849;0.000000;0.000000;0.000000;0.000000;2.000000;-85.567505;-707.701233;1911.009644;0.278016;0.000000;0.000000;0.000000;0.000000;2.000000;-112.282715;-663.635925;1901.150513;0.276629;0.000000;0.000000;0.000000;0.000000;2.000000;-246.394104;-593.312622;1879.173828;0.469555;0.000000;0.000000;0.000000;0.000000;2.000000;-263.890839;-298.087708;1884.890137;0.114537;0.000000;0.000000;0.000000;0.000000;2.000000;-268.030914;-71.986771;1987.345947;0.333576;0.000000;0.000000;0.000000;0.000000;2.000000;-286.405090;-32.696053;2080.847412;0.922788;0.000000;0.000000;0.000000;0.000000;0.000000;-256.856049;24.316647;2177.045654;1.297869;0.000000;0.000000;0.000000;0.000000;0.000000;-275.221893;26.471424;2075.017090;0.745282;0.000000;0.000000;0.000000;0.000000;0.000000;-43.712708;-676.464050;1919.110962;0.215951;0.000000;0.000000;0.000000;0.000000;2.000000;91.470886;-653.506653;1950.960449;0.163753;0.000000;0.000000;0.000000;0.000000;2.000000;156.191895;-359.145447;1952.068604;0.325874;0.000000;0.000000;0.000000;0.000000;2.000000;206.244873;-112.850937;1958.396851;2.879459;0.000000;0.000000;0.000000;0.000000;2.000000;209.825623;-65.622887;2058.762695;4.078525;0.000000;0.000000;0.000000;0.000000;0.000000;187.927368;-29.185623;2164.203125;6.134917;0.000000;0.000000;0.000000;0.000000;0.000000;162.930115;-50.369202;2039.507202;6.099785;0.000000;0.000000;0.000000;0.000000;0.000000;-96.046204;-135.494705;1990.472046;0.203059;0.000000;0.000000;0.000000;0.000000;2.000000;-27.186340;260.942230;2137.869873;0.417773;0.000000;0.000000;0.000000;0.000000;2.000000;100.620422;648.470642;2172.581299;0.561933;0.000000;0.000000;0.000000;0.000000;2.000000;53.850037;786.409424;2310.411621;0.691600;0.000000;0.000000;0.000000;0.000000;2.000000;86.609131;-163.080048;2008.591797;0.183112;0.000000;0.000000;0.000000;0.000000;2.000000;138.292358;229.756485;2170.589111;0.405894;0.000000;0.000000;0.000000;0.000000;2.000000;211.269714;561.120483;1933.656616;2.182012;0.000000;0.000000;0.000000;0.000000;2.000000;217.642700;745.456726;1937.973022;2.241103;0.000000;0.000000;0.000000;0.000000;2.000000;-105.604614;-791.751648;1924.406006;0.355855;0.000000;0.000000;0.000000;0.000000;2.000000;-35.949463;-823.525146;2078.430176;1.471259;0.000000;0.000000;0.000000;0.000000;2.000000;-78.064209;-861.520630;2059.136719;1.199208;0.000000;0.000000;0.000000;0.000000;2.000000;-184.513306;-853.008606;1975.411621;0.503572;0.000000;0.000000;0.000000;0.000000;2.000000;-25.737488;-861.348694;2039.288818;1.329136;0.000000;0.000000;0.000000;0.000000;2.000000;-24.698608;-866.555603;1899.143799;0.989018;0.000000;0.000000;0.000000;0.000000;2.000000;13005432832.000000
0.000000;-150.000000;2000.000000;0.000000;0.000000;0.000000;0.000000;0.000000;2.000000;-22.412598;-333.978088;1958.520752;0.097630;0.000000;0.000000;0.000000;0.000000;2.000000;-39.672058;-478.580444;1915.556641;0.107729;0.000000;0.000000;0.000000;0.000000;2.000000;-84.614075;-705.249573;1911.287720;0.078278;0.000000;0.000000;0.000000;0.000000;2.000000;-111.570862;-661.154846;1904.100586;0.116000;0.000000;0.000000;0.000000;0.000000;2.000000;-248.158875;-596.418884;1886.435669;0.239496;0.000000;0.000000;0.000000;0.000000;2.000000;-265.755249;-302.766418;1887.756714;0.171494;0.000000;0.000000;0.000000;0.000000;2.000000;-271.120880;-79.297562;1992.624756;0.282082;0.000000;0.000000;0.000000;0.000000;2.000000;-271.766693;-28.622993;2081.730469;0.450406;0.000000;0.000000;0.000000;0.000000;0.000000;-251.363556;38.142017;2173.153076;0.455057;0.000000;0.000000;0.000000;0.000000;0.000000;-280.554352;23.797699;2068.601563;0.259242;0.000000;0.000000;0.000000;0.000000;0.000000;-42.495789;-674.458130;1917.669189;0.081492;0.000000;0.000000;0.000000;0.000000;2.000000;94.442993;-652.354736;1936.625488;0.434573;0.000000;0.000000;0.000000;0.000000;2.000000;179.662842;-367.712891;1976.189941;1.027738;0.000000;0.000000;0.000000;0.000000;2.000000;171.378662;-155.112503;2107.529297;4.701642;0.000000;0.000000;0.000000;0.000000;1.000000;180.363220;-56.611465;2058.547852;0.911768;0.000000;0.000000;0.000000;0.000000;0.000000;211.969238;-41.360649;2166.030762;0.799325;0.000000;0.000000;0.000000;0.000000;0.000000;165.691772;-45.865013;2063.084473;0.715021;0.000000;0.000000;0.000000;0.000000;0.000000;-96.207703;-137.533875;1996.691650;0.193754;0.000000;0.000000;0.000000;0.000000;2.000000;-21.094360;253.365982;2148.956055;0.436346;0.000000;0.000000;0.000000;0.000000;2.000000;83.580933;644.262207;2195.145264;0.845955;0.000000;0.000000;0.000000;0.000000;2.000000;61.976563;784.825867;2334.962158;0.766720;0.000000;0.000000;0.000000;0.000000;2.000000;86.754700;-161.241241;2002.983276;0.174718;0.000000;0.000000;0.000000;0.000000;2.000000;144.843445;239.038223;2135.800293;1.083003;0.000000;0.000000;0.000000;0.000000;2.000000;164.244446;575.361694;1899.349854;1.773382;0.000000;0.000000;0.000000;0.000000;2.000000;163.828979;755.587952;1864.903809;2.702143;0.000000;0.000000;0.000000;0.000000;2.000000;-103.995178;-789.106689;1923.717041;0.093865;0.000000;0.000000;0.000000;0.000000;2.000000;-84.746826;-874.507568;2070.681641;2.100970;0.000000;0.000000;0.000000;0.000000;2.000000;-126.763367;-894.038757;2033.217285;1.895061;0.000000;0.000000;0.000000;0.000000;1.000000;-203.402283;-837.835022;1937.401123;1.333920;0.000000;0.000000;0.000000;0.000000;1.000000;-72.397583;-902.680176;2024.994507;1.892502;0.000000;0.000000;0.000000;0.000000;2.000000;-36.054077;-873.450745;1893.543701;0.426640;0.000000;0.000000;0.000000;0.000000;2.000000;13005466624.000000
0.000000;-150.000000;2000.000000;0.000000;0.000000;0.000000;0.000000;0.000000;2.000000;-22.944580;-334.844116;1962.179199;0.112364;0.000000;0.000000;0.000000;0.000000;2.000000;-41.310303;-480.559570;1923.223999;0.239298;0.000000;0.000000;0.000000;0.000000;2.000000;-78.404663;-708.795288;1917.885132;0.287910;0.000000;0.000000;0.000000;0.000000;2.000000;-107.197815;-665.580750;1912.392944;0.306790;0.000000;0.000000;0.000000;0.000000;2.000000;-242.912567;-598.763672;1894.776001;0.299725;0.000000;0.000000;0.000000;0.000000;2.000000;-261.881317;-305.001312;1898.676758;0.349207;0.000000;0.000000;0.000000;0.000000;2.000000;-262.752686;-79.477119;1999.635986;0.323113;0.000000;0.000000;0.000000;0.000000;2.000000;-268.221161;-28.273346;2088.360352;0.222731;0.000000;0.000000;0.000000;0.000000;0.000000;-238.355927;44.859573;2172.092773;0.434368;0.000000;0.000000;0.000000;0.000000;0.000000;-268.599304;25.633892;2081.637207;0.526239;0.000000;0.000000;0.000000;0.000000;0.000000;-37.136108;-676.569336;1922.912476;0.230511;0.000000;0.000000;0.000000;0.000000;2.000000;100.063232;-649.943481;1932.739136;0.214430;0.000000;0.000000;0.000000;0.000000;2.000000;194.841370;-369.482635;1981.119385;0.475164;0.000000;0.000000;0.000000;0.000000;2.000000;186.099060;-171.575867;2133.980957;1.019738;0.000000;0.000000;0.000000;0.000000;1.000000;179.228394;-71.313805;2088.146973;0.978602;0.000000;0.000000;0.000000;0.000000;0.000000;215.284058;-43.344215;2191.687988;0.767827;0.000000;0.000000;0.000000;0.000000;0.000000;176.062622;-54.253128;2092.890625;0.966341;0.000000;0.000000;0.000000;0.000000;0.000000;-96.427979;-138.630722;2002.933838;0.187667;0.000000;0.000000;0.000000;0.000000;2.000000;-11.042297;252.341980;2150.405273;0.302068;0.000000;0.000000;0.000000;0.000000;2.000000;89.273743;641.487305;2218.512207;0.716441;0.000000;0.000000;0.000000;0.000000;2.000000;69.400391;777.162476;2363.528809;0.902408;0.000000;0.000000;0.000000;0.000000;2.000000;86.953369;-160.252182;1997.354614;0.169222;0.000000;0.000000;0.000000;0.000000;2.000000;140.642822;250.280594;2097.789063;1.179595;0.000000;0.000000;0.000000;0.000000;2.000000;134.333069;564.491638;1831.553711;2.216334;0.000000;0.000000;0.000000;0.000000;2.000000;134.935730;747.080994;1812.088989;1.799231;0.000000;0.000000;0.000000;0.000000;2.000000;-94.291504;-793.491333;1930.030273;0.366334;0.000000;0.000000;0.000000;0.000000;2.000000;-31.419006;-850.656006;2078.640625;1.744746;0.000000;0.000000;0.000000;0.000000;2.000000;-72.290955;-884.596558;2051.562500;1.723751;0.000000;0.000000;0.000000;0.000000;2.000000;-174.623047;-861.954773;1966.382813;1.403693;0.000000;0.000000;0.000000;0.000000;2.000000;-19.417114;-881.222473;2034.372559;1.714164;0.000000;0.000000;0.000000;0.000000;2.000000;-12.403992;-862.830933;1896.184570;0.771164;0.000000;0.000000;0.000000;0.000000;2.000000;13005500416.000000
0.000000;-150.000000;2000.000000;0.000000;0.000000;0.000000;0.000000;0.000000;2.000000;-21.752502;-334.016266;1965.815308;0.119478;0.000000;0.000000;0.000000;0.000000;2.000000;-39.846741;-478.510376;1927.275757;0.145585;0.000000;0.000000;0.000000;0.000000;2.000000;-75.148621;-704.712524;1914.486450;0.190146;0.000000;0.000000;0.000000;0.000000;2.000000;-104.263428;-661.961792;1912.347412;0.142192;0.000000;0.000000;0.000000;0.000000;2.000000;-241.313629;-599.737549;1900.498291;0.183739;0.000000;0.000000;0.000000;0.000000;2.000000;-261.825073;-308.683929;1907.556641;0.293377;0.000000;0.000000;0.000000;0.000000;2.000000;-260.438354;-88.074257;2014.024780;0.516374;0.000000;0.000000;0.000000;0.000000;2.000000;-257.905182;-28.440750;2096.368164;0.398570;0.000000;0.000000;0.000000;0.000000;0.000000;-222.343536;49.681156;2171.576172;0.510576;0.000000;0.000000;0.000000;0.000000;0.000000;-244.776276;18.633871;2100.702637;0.955365;0.000000;0.000000;0.000000;0.000000;0.000000;-34.270447;-672.601685;1918.636353;0.198340;0.000000;0.000000;0.000000;0.000000;2.000000;102.242859;-647.368530;1923.044556;0.313257;0.000000;0.000000;0.000000;0.000000;2.000000;204.475464;-373.065735;1975.416260;0.358734;0.000000;0.000000;0.000000;0.000000;2.000000;216.421082;-167.854813;2114.270996;1.109495;0.000000;0.000000;0.000000;0.000000;2.000000;166.646423;-95.146591;2049.256348;1.443965;0.000000;0.000000;0.000000;0.000000;0.000000;204.948547;-69.891457;2151.619629;1.500352;0.000000;0.000000;0.000000;0.000000;0.000000;161.573853;-45.344658;2116.782227;0.895000;0.000000;0.000000;0.000000;0.000000;0.000000;-95.450134;-140.253525;2008.271851;0.172860;0.000000;0.000000;0.000000;0.000000;2.000000;-2.563477;245.896622;2153.303223;0.336844;0.000000;0.000000;0.000000;0.000000;2.000000;91.442932;630.919434;2232.061035;0.528541;0.000000;0.000000;0.000000;0.000000;2.000000;72.799805;751.680176;2387.681641;1.076481;0.000000;0.000000;0.000000;0.000000;2.000000;86.071594;-158.788818;1992.541016;0.155878;0.000000;0.000000;0.000000;0.000000;2.000000;140.939514;253.761353;2064.521484;1.020828;0.000000;0.000000;0.000000;0.000000;2.000000;112.644409;579.353760;1819.726074;0.879824;0.000000;0.000000;0.000000;0.000000;2.000000;108.935547;760.545044;1802.552368;0.939742;0.000000;0.000000;0.000000;0.000000;2.000000;-89.605652;-789.252808;1923.824219;0.270279;0.000000;0.000000;0.000000;0.000000;2.000000;-102.835388;-887.750488;2061.395020;2.511675;0.000000;0.000000;0.000000;0.000000;2.000000;-136.099182;-902.095581;2014.678955;2.311714;0.000000;0.000000;0.000000;0.000000;2.000000;-189.628296;-835.082153;1911.865234;1.910571;0.000000;0.000000;0.000000;0.000000;1.000000;-81.792053;-911.802979;2017.072144;2.184748;0.000000;0.000000;0.000000;0.000000;2.000000;-18.742981;-872.159424;1900.444946;0.367929;0.000000;0.000000;0.000000;0.000000;2.000000;13005533184.000000
0.000000;-150.000000;2000.000000;0.000000;0.000000;0.000000;0.000000;0.000000;2.000000;-18.540283;-336.003418;1973.588745;0.255757;0.000000;0.000000;0.000000;0.000000;2.000000;-34.472656;-480.844666;1934.287720;0.270410;0.000000;0.000000;0.000000;0.000000;2.000000;-71.843323;-707.238525;1923.058594;0.281967;0.000000;0.000000;0.000000;0.000000;2.000000;-100.710876;-664.186218;1921.266968;0.291646;0.000000;0.000000;0.000000;0.000000;2.000000;-238.591309;-603.248596;1908.730225;0.276820;0.000000;0.000000;0.000000;0.000000;2.000000;-267.256775;-312.520325;1921.439331;0.455528;0.000000;0.000000;0.000000;0.000000;2.000000;-262.683380;-88.146782;2020.784668;0.210799;0.000000;0.000000;0.000000;0.000000;2.000000;-252.388824;-54.228355;2116.313721;0.978469;0.000000;0.000000;0.000000;0.000000;0.000000;-236.019287;58.248451;2128.738281;1.354662;0.000000;0.000000;0.000000;0.000000;0.000000;-210.267883;-2.002443;2135.806641;1.579540;0.000000;0.000000;0.000000;0.000000;0.000000;-30.567993;-675.375366;1926.339722;0.265913;0.000000;0.000000;0.000000;0.000000;2.000000;106.817444;-653.402527;1929.118530;0.287262;0.000000;0.000000;0.000000;0.000000;2.000000;196.060425;-370.641968;1958.345337;0.567769;0.000000;0.000000;0.000000;0.000000;2.000000;216.955322;-138.342621;2044.187622;2.250403;0.000000;0.000000;0.000000;0.000000;2.000000;155.334106;-59.142372;2088.533691;1.611920;0.000000;0.000000;0.000000;0.000000;0.000000;194.043823;-90.257645;2189.351807;1.309264;0.000000;0.000000;0.000000;0.000000;0.000000;167.755798;-52.283882;2140.216553;0.746030;0.000000;0.000000;0.000000;0.000000;0.000000;-95.808472;-141.535690;2007.645508;0.043539;0.000000;0.000000;0.000000;0.000000;2.000000;-4.350464;244.337753;2156.608398;0.120380;0.000000;0.000000;0.000000;0.000000;2.000000;83.962097;624.876404;2262.880371;0.955400;0.000000;0.000000;0.000000;0.000000;2.000000;74.306091;744.228149;2420.864502;1.007418;0.000000;0.000000;0.000000;0.000000;2.000000;86.394714;-157.632629;1993.105713;0.039260;0.000000;0.000000;0.000000;0.000000;2.000000;123.162537;262.660767;2025.790771;1.288320;0.000000;0.000000;0.000000;0.000000;2.000000;82.890747;615.275391;1822.296143;1.382414;0.000000;0.000000;0.000000;0.000000;2.000000;92.915405;792.993347;1862.053101;2.060874;0.000000;0.000000;0.000000;0.000000;1.000000;-86.818848;-791.783630;1933.026855;0.294236;0.000000;0.000000;0.000000;0.000000;2.000000;-166.347595;-886.734436;2049.522949;1.912295;0.000000;0.000000;0.000000;0.000000;2.000000;-182.328369;-894.343445;1993.001953;1.528297;0.000000;0.000000;0.000000;0.000000;2.000000;-182.180054;-817.840454;1882.810425;1.023815;0.000000;0.000000;0.000000;0.000000;1.000000;-135.121277;-914.207642;2013.923462;1.582510;0.000000;0.000000;0.000000;0.000000;2.000000;-27.874451;-886.693909;1930.481689;1.023775;0.000000;0.000000;0.000000;0.000000;2.000000;13005566976.000000
0.000000;-150.000000;2000.000000;0.000000;0.000000;0.000000;0.000000;0.000000;2.000000;-16.634827;-336.820953;1978.700073;0.168331;0.000000;0.000000;0.000000;0.000000;2.000000;-32.565186;-481.936768;1940.474976;0.200381;0.000000;0.000000;0.000000;0.000000;2.000000;-72.779053;-708.006958;1933.921143;0.333552;0.000000;0.000000;0.000000;0.000000;2.000000;-101.231323;-664.664185;1932.710083;0.349881;0.000000;0.000000;0.000000;0.000000;2.000000;-240.239349;-605.414063;1926.088989;0.536217;0.000000;0.000000;0.000000;0.000000;2.000000;-269.558807;-314.902924;1941.426392;0.618279;0.000000;0.000000;0.000000;0.000000;2.000000;-256.649933;-90.291588;2039.440186;0.601925;0.000000;0.000000;0.000000;0.000000;2.000000;-250.565582;-44.577950;2130.290039;0.521299;0.000000;0.000000;0.000000;0.000000;0.000000;-224.907562;66.752739;2134.564941;0.462564;0.000000;0.000000;0.000000;0.000000;0.000000;-207.083130;7.159508;2146.117676;0.432017;0.000000;0.000000;0.000000;0.000000;0.000000;-31.069275;-676.571655;1935.074951;0.269501;0.000000;0.000000;0.000000;0.000000;2.000000;107.213745;-661.087646;1935.105225;0.297540;0.000000;0.000000;0.000000;0.000000;2.000000;186.803467;-374.000885;1933.193237;0.824315;0.000000;0.000000;0.000000;0.000000;2.000000;193.047607;-130.461868;1982.261841;2.040001;0.000000;0.000000;0.000000;0.000000;2.000000;134.866821;-43.727451;1948.698364;4.338484;0.000000;0.000000;0.000000;0.000000;2.000000;149.108032;-136.528748;2010.454956;5.803504;0.000000;0.000000;0.000000;0.000000;0.000000;171.449890;-73.038940;2118.208008;0.930058;0.000000;0.000000;0.000000;0.000000;0.000000;-95.310486;-143.021622;2013.228394;0.176961;0.000000;0.000000;0.000000;0.000000;2.000000;-1.762512;238.688065;2171.243164;0.485213;0.000000;0.000000;0.000000;0.000000;2.000000;88.358887;618.016968;2280.156982;0.582930;0.000000;0.000000;0.000000;0.000000;2.000000;97.981140;748.033203;2429.467529;0.777449;0.000000;0.000000;0.000000;0.000000;2.000000;85.945557;-156.292725;1988.071289;0.159577;0.000000;0.000000;0.000000;0.000000;2.000000;124.239075;264.593384;2008.678833;0.526561;0.000000;0.000000;0.000000;0.000000;2.000000;77.935974;623.098389;1817.183228;0.322810;0.000000;0.000000;0.000000;0.000000;2.000000;73.932556;805.424072;1817.853271;1.516234;0.000000;0.000000;0.000000;0.000000;2.000000;-88.236267;-792.229492;1945.662354;0.388262;0.000000;0.000000;0.000000;0.000000;2.000000;-133.931641;-914.753540;2054.320801;1.315758;0.000000;0.000000;0.000000;0.000000;2.000000;-159.719360;-914.951416;2001.008179;0.965029;0.000000;0.000000;0.000000;0.000000;2.000000;-188.458618;-821.949341;1908.723511;0.823291;0.000000;0.000000;0.000000;0.000000;1.000000;-107.633179;-931.608765;2009.365845;1.002523;0.000000;0.000000;0.000000;0.000000;2.000000;-21.827698;-876.807861;1915.278809;0.583377;0.000000;0.000000;0.000000;0.000000;2.000000;13005599744.000000
0.000000;-150.000000;2000.000000;0.000000;0.000000;0.000000;0.000000;0.000000;2.000000;-15.805664;-338.241272;1981.888672;0.106172;0.000000;0.000000;0.000000;0.000000;2.000000;-31.131958;-485.588989;1949.174438;0.282411;0.000000;0.000000;0.000000;0.000000;2.000000;-70.754578;-713.098083;1948.527466;0.461650;0.000000;0.000000;0.000000;0.000000;2.000000;-99.467102;-669.679199;1945.583374;0.412164;0.000000;0.000000;0.000000;0.000000;2.000000;-237.202789;-606.218445;1934.478027;0.265089;0.000000;0.000000;0.000000;0.000000;2.000000;-267.665436;-314.558411;1954.729004;0.397760;0.000000;0.000000;0.000000;0.000000;2.000000;-254.763184;-86.942574;2049.019043;0.305438;0.000000;0.000000;0.000000;0.000000;2.000000;-236.528778;-36.750439;2136.423340;0.509064;0.000000;0.000000;0.000000;0.000000;0.000000;-212.939301;75.516258;2143.515869;0.512697;0.000000;0.000000;0.000000;0.000000;0.000000;-206.217529;24.374290;2140.262451;0.538704;0.000000;0.000000;0.000000;0.000000;0.000000;-28.943848;-681.328003;1949.449341;0.452454;0.000000;0.000000;0.000000;0.000000;2.000000;109.657471;-663.891357;1956.808716;0.651629;0.000000;0.000000;0.000000;0.000000;2.000000;204.119995;-380.053833;1942.080322;0.603200;0.000000;0.000000;0.000000;0.000000;2.000000;220.690613;-133.293503;1977.458008;0.834512;0.000000;0.000000;0.000000;0.000000;2.000000;149.455200;-72.496857;1919.216919;1.293194;0.000000;0.000000;0.000000;0.000000;2.000000;190.077637;-149.628693;1991.077759;1.396076;0.000000;0.000000;0.000000;0.000000;0.000000;147.775696;-101.443817;2100.454102;1.213848;0.000000;0.000000;0.000000;0.000000;0.000000;-95.562073;-143.441452;2015.229736;0.060971;0.000000;0.000000;0.000000;0.000000;2.000000;1.843079;236.367340;2181.343262;0.324710;0.000000;0.000000;0.000000;0.000000;2.000000;89.519348;619.678528;2286.262695;0.190379;0.000000;0.000000;0.000000;0.000000;2.000000;112.750732;757.361877;2428.435547;0.517857;0.000000;0.000000;0.000000;0.000000;2.000000;86.172546;-155.914139;1986.266724;0.054977;0.000000;0.000000;0.000000;0.000000;2.000000;121.552979;267.814636;1998.440063;0.327431;0.000000;0.000000;0.000000;0.000000;2.000000;89.502502;645.577759;1839.087158;0.989873;0.000000;0.000000;0.000000;0.000000;2.000000;85.142395;827.440308;1816.264038;0.732624;0.000000;0.000000;0.000000;0.000000;2.000000;-86.226257;-797.445557;1962.529175;0.525834;0.000000;0.000000;0.000000;0.000000;2.000000;-38.168518;-851.284973;2117.471191;3.879571;0.000000;0.000000;0.000000;0.000000;2.000000;-73.343628;-887.461304;2085.868896;3.674494;0.000000;0.000000;0.000000;0.000000;2.000000;-165.876526;-870.703491;1989.222290;2.864084;0.000000;0.000000;0.000000;0.000000;2.000000;-19.189453;-880.820679;2075.090820;3.590559;0.000000;0.000000;0.000000;0.000000;2.000000;3.021790;-861.440430;1938.877075;1.111419;0.000000;0.000000;0.000000;0.000000;2.000000;13005633536.000000
0.000000;-150.000000;2000.000000;0.000000;0.000000;0.000000;0.000000;0.000000;2.000000;-14.067017;-337.382751;1988.890747;0.221729;0.000000;0.000000;0.000000;0.000000;2.000000;-29.596497;-484.724945;1962.518066;0.410750;0.000000;0.000000;0.000000;0.000000;2.000000;-65.128723;-710.896240;1954.944092;0.268956;0.000000;0.000000;0.000000;0.000000;2.000000;-94.446167;-668.299072;1955.681885;0.346740;0.000000;0.000000;0.000000;0.000000;2.000000;-231.520966;-605.400757;1957.749390;0.731473;0.000000;0.000000;0.000000;0.000000;2.000000;-266.818451;-317.370575;1986.159790;0.963370;0.000000;0.000000;0.000000;0.000000;2.000000;-247.700012;-88.882744;2071.689209;0.727055;0.000000;0.000000;0.000000;0.000000;2.000000;-227.418823;-41.480186;2159.234863;0.763383;0.000000;0.000000;0.000000;0.000000;0.000000;-218.082642;72.141739;2158.197754;0.485794;0.000000;0.000000;0.000000;0.000000;0.000000;-193.420197;24.074842;2158.775879;0.686889;0.000000;0.000000;0.000000;0.000000;0.000000;-24.210022;-678.655884;1954.497681;0.226397;0.000000;0.000000;0.000000;0.000000;2.000000;112.805603;-661.212036;1967.776001;0.357682;0.000000;0.000000;0.000000;0.000000;2.000000;220.288086;-384.420685;1957.994507;0.705041;0.000000;0.000000;0.000000;0.000000;2.000000;212.977478;-138.209503;1985.195313;0.365607;0.000000;0.000000;0.000000;0.000000;2.000000;148.607056;-85.154152;1914.422607;0.413861;0.000000;0.000000;0.000000;0.000000;2.000000;187.020325;-153.685928;1994.335693;0.184177;0.000000;0.000000;0.000000;0.000000;2.000000;119.567810;-108.914421;2092.573486;0.922418;0.000000;0.000000;0.000000;0.000000;0.000000;-93.103210;-144.408997;2023.587036;0.267489;0.000000;0.000000;0.000000;0.000000;2.000000;5.537903;225.869034;2201.308105;0.697553;0.000000;0.000000;0.000000;0.000000;2.000000;85.634644;610.731812;2293.095703;0.363434;0.000000;0.000000;0.000000;0.000000;2.000000;135.247253;747.963745;2426.426025;0.746563;0.000000;0.000000;0.000000;0.000000;1.000000;83.955322;-155.041641;1978.730469;0.241210;0.000000;0.000000;0.000000;0.000000;2.000000;122.080017;264.705688;1998.617676;0.096384;0.000000;0.000000;0.000000;0.000000;2.000000;92.215210;646.695313;1858.623535;0.602888;0.000000;0.000000;0.000000;0.000000;2.000000;97.874329;828.456055;1860.745605;1.412322;0.000000;0.000000;0.000000;0.000000;2.000000;-78.152161;-795.339355;1966.270752;0.279076;0.000000;0.000000;0.000000;0.000000;2.000000;-59.688538;-846.791260;2126.761719;0.728353;0.000000;0.000000;0.000000;0.000000;2.000000;-94.523682;-879.328247;2091.896484;0.716399;0.000000;0.000000;0.000000;0.000000;2.000000;-169.198242;-855.656982;1983.477173;0.501861;0.000000;0.000000;0.000000;0.000000;2.000000;-39.457336;-880.352905;2088.758301;0.746157;0.000000;0.000000;0.000000;0.000000;2.000000;3.268372;-870.923340;1957.623047;0.641158;0.000000;0.000000;0.000000;0.000000;2.000000;13005666304.000000
0.000000;-150.000000;2000.000000;0.000000;0.000000;0.000000;0.000000;0.000000;2.000000;-16.958435;-341.624298;1992.104492;0.179224;0.000000;0.000000;0.000000;0.000000;2.000000;-34.612793;-493.224121;1972.155762;0.408214;0.000000;0.000000;0.000000;0.000000;2.000000;-61.772949;-725.865784;1978.200439;0.824470;0.000000;0.000000;0.000000;0.000000;2.000000;-93.449768;-683.502380;1978.197021;0.804502;0.000000;0.000000;0.000000;0.000000;2.000000;-230.887054;-613.930542;1969.755737;0.436242;0.000000;0.000000;0.000000;0.000000;2.000000;-262.418945;-318.808685;1998.892334;0.400916;0.000000;0.000000;0.000000;0.000000;2.000000;-241.400696;-86.465454;2089.599121;0.566368;0.000000;0.000000;0.000000;0.000000;2.000000;-231.643524;-43.297245;2183.623047;0.734434;0.000000;0.000000;0.000000;0.000000;2.000000;-218.545319;67.591606;2150.000488;0.277783;0.000000;0.000000;0.000000;0.000000;2.000000;-191.313965;41.789902;2164.843262;0.557628;0.000000;0.000000;0.000000;0.000000;2.000000;-21.376526;-691.378296;1973.952271;0.692983;0.000000;0.000000;0.000000;0.000000;2.000000;117.719666;-663.424316;1970.236694;0.175316;0.000000;0.000000;0.000000;0.000000;2.000000;224.438477;-380.009735;1945.247559;0.417633;0.000000;0.000000;0.000000;0.000000;2.000000;209.384338;-128.942398;1976.674927;0.387414;0.000000;0.000000;0.000000;0.000000;2.000000;138.581421;-76.226852;1907.915771;0.441468;0.000000;0.000000;0.000000;0.000000;2.000000;183.826233;-145.799332;1986.977539;0.332893;0.000000;0.000000;0.000000;0.000000;2.000000;117.835999;-103.500938;2090.947754;0.174943;0.000000;0.000000;0.000000;0.000000;0.000000;-93.764282;-142.896927;2029.000488;0.167478;0.000000;0.000000;0.000000;0.000000;2.000000;10.481445;225.175995;2229.785645;0.855580;0.000000;0.000000;0.000000;0.000000;2.000000;88.873596;624.657471;2298.734863;0.454820;0.000000;0.000000;0.000000;0.000000;2.000000;138.183960;750.661621;2448.957031;0.677119;0.000000;0.000000;0.000000;0.000000;1.000000;84.551392;-156.405136;1973.848999;0.151019;0.000000;0.000000;0.000000;0.000000;2.000000;120.788757;273.249634;1992.332520;0.316200;0.000000;0.000000;0.000000;0.000000;2.000000;94.439331;672.560120;1874.233643;0.896428;0.000000;0.000000;0.000000;0.000000;2.000000;133.975403;846.092102;1928.309570;2.326229;0.000000;0.000000;0.000000;0.000000;2.000000;-70.973511;-811.938599;1994.885254;1.001732;0.000000;0.000000;0.000000;0.000000;2.000000;-27.128723;-832.644775;2161.383789;1.467443;0.000000;0.000000;0.000000;0.000000;2.000000;-62.743774;-874.808838;2136.837402;1.634336;0.000000;0.000000;0.000000;0.000000;2.000000;-153.865540;-877.678101;2034.827026;1.714552;0.000000;0.000000;0.000000;0.000000;2.000000;-7.429443;-871.320496;2126.260010;1.483703;0.000000;0.000000;0.000000;0.000000;2.000000;18.834534;-881.749329;1987.714844;1.052532;0.000000;0.000000;0.000000;0.000000;2.000000;13005700096.000000
0.000000;-150.000000;2000.000000;0.000000;0.000000;0.000000;0.000000;0.000000;2.000000;-19.194092;-342.098755;1990.958740;0.078020;0.000000;0.000000;0.000000;0.000000;2.000000;-38.367371;-494.360474;1973.033081;0.122671;0.000000;0.000000;0.000000;0.000000;2.000000;-62.421509;-728.311768;1974.639771;0.133309;0.000000;0.000000;0.000000;0.000000;2.000000;-94.737183;-686.233032;1976.751465;0.102147;0.000000;0.000000;0.000000;0.000000;2.000000;-230.286499;-611.394470;1979.452881;0.306435;0.000000;0.000000;0.000000;0.000000;2.000000;-261.980896;-315.984436;2016.138062;0.533476;0.000000;0.000000;0.000000;0.000000;2.000000;-236.560150;-82.749916;2106.057129;0.535670;0.000000;0.000000;0.000000;0.000000;2.000000;-234.603210;-30.074020;2196.072754;0.561564;0.000000;0.000000;0.000000;0.000000;2.000000;-211.975769;79.834961;2162.756836;0.575629;0.000000;0.000000;0.000000;0.000000;2.000000;-188.832306;52.802391;2169.552246;0.373274;0.000000;0.000000;0.000000;0.000000;2.000000;-22.494019;-693.058960;1969.744751;0.142412;0.000000;0.000000;0.000000;0.000000;2.000000;116.462341;-661.872498;1965.886719;0.146075;0.000000;0.000000;0.000000;0.000000;2.000000;216.426208;-375.910522;1930.202637;0.535016;0.000000;0.000000;0.000000;0.000000;2.000000;209.291687;-122.654800;1953.634155;0.728865;0.000000;0.000000;0.000000;0.000000;2.000000;125.826355;-67.427460;1902.657593;0.499379;0.000000;0.000000;0.000000;0.000000;2.000000;186.306519;-137.931396;1970.551514;0.560951;0.000000;0.000000;0.000000;0.000000;2.000000;140.127991;-21.687492;2042.669312;2.977800;0.000000;0.000000;0.000000;0.000000;2.000000;-92.422180;-142.366150;2034.012207;0.159161;0.000000;0.000000;0.000000;0.000000;2.000000;15.818909;222.029999;2242.770996;0.439077;0.000000;0.000000;0.000000;0.000000;2.000000;80.999817;630.318726;2271.663086;0.877574;0.000000;0.000000;0.000000;0.000000;2.000000;137.866333;745.098755;2429.073730;0.630165;0.000000;0.000000;0.000000;0.000000;1.000000;83.341125;-156.883774;1969.329712;0.143523;0.000000;0.000000;0.000000;0.000000;2.000000;114.795166;274.802734;1987.599243;0.237840;0.000000;0.000000;0.000000;0.000000;2.000000;107.978760;684.601624;1901.375488;0.995918;0.000000;0.000000;0.000000;0.000000;2.000000;178.277588;824.400696;2003.250244;2.737974;0.000000;0.000000;0.000000;0.000000;1.000000;-69.951538;-815.187561;1989.694092;0.189475;0.000000;0.000000;0.000000;0.000000;2.000000;-28.368896;-806.854980;2158.523438;0.792772;0.000000;0.000000;0.000000;0.000000;2.000000;-61.707336;-854.213440;2140.571289;0.639550;0.000000;0.000000;0.000000;0.000000;2.000000;-150.916138;-877.751404;2038.846924;0.152172;0.000000;0.000000;0.000000;0.000000;2.000000;-6.194641;-849.846313;2130.215576;0.667430;0.000000;0.000000;0.000000;0.000000;2.000000;23.350647;-881.189026;1994.974121;0.261467;0.000000;0.000000;0.000000;0.000000;2.000000;13005732864.000000
0.000000;-150.000000;2000.000000;0.000000;0.000000;0.000000;0.000000;0.000000;2.000000;-18.205322;-340.888123;1991.006714;0.046278;0.000000;0.000000;0.000000;0.000000;2.000000;-36.552368;-492.330627;1974.255493;0.088327;0.000000;0.000000;0.000000;0.000000;2.000000;-66.666748;-723.866333;1966.767456;0.295569;0.000000;0.000000;0.000000;0.000000;2.000000;-97.185791;-681.520691;1974.315063;0.172904;0.000000;0.000000;0.000000;0.000000;2.000000;-234.569916;-613.384705;1986.265869;0.245327;0.000000;0.000000;0.000000;0.000000;2.000000;-260.007050;-319.905945;2026.729736;0.339297;0.000000;0.000000;0.000000;0.000000;2.000000;-227.730316;-88.802803;2115.228027;0.417152;0.000000;0.000000;0.000000;0.000000;2.000000;-224.344543;-43.799709;2208.494141;0.626310;0.000000;0.000000;0.000000;0.000000;2.000000;-211.869843;65.180771;2169.950439;0.483101;0.000000;0.000000;0.000000;0.000000;2.000000;-179.211426;47.510666;2174.282471;0.353803;0.000000;0.000000;0.000000;0.000000;2.000000;-26.760986;-689.553650;1959.508911;0.344177;0.000000;0.000000;0.000000;0.000000;2.000000;108.140503;-659.188538;1929.452393;1.108809;0.000000;0.000000;0.000000;0.000000;2.000000;203.001709;-372.238403;1908.188721;0.770729;0.000000;0.000000;0.000000;0.000000;2.000000;213.256165;-125.292068;1960.929077;0.257794;0.000000;0.000000;0.000000;0.000000;2.000000;154.045288;-40.109200;1919.895996;1.269306;0.000000;0.000000;0.000000;0.000000;2.000000;186.762573;-133.704819;1976.728516;0.221901;0.000000;0.000000;0.000000;0.000000;2.000000;185.158447;-17.303986;2060.454590;1.438610;0.000000;0.000000;0.000000;0.000000;2.000000;-90.680969;-143.085938;2036.812012;0.099868;0.000000;0.000000;0.000000;0.000000;2.000000;23.777222;211.944641;2252.238037;0.472257;0.000000;0.000000;0.000000;0.000000;2.000000;66.163330;620.333374;2222.260254;1.554811;0.000000;0.000000;0.000000;0.000000;2.000000;120.489624;758.570984;2358.541504;2.186315;0.000000;0.000000;0.000000;0.000000;1.000000;81.770935;-156.234711;1966.804932;0.090058;0.000000;0.000000;0.000000;0.000000;2.000000;119.483154;271.688599;1991.623901;0.204753;0.000000;0.000000;0.000000;0.000000;2.000000;118.198303;681.476807;1919.979126;0.634901;0.000000;0.000000;0.000000;0.000000;2.000000;194.100525;812.727783;2026.787842;0.907607;0.000000;0.000000;0.000000;0.000000;1.000000;-74.971313;-810.631226;1978.102783;0.397378;0.000000;0.000000;0.000000;0.000000;2.000000;-38.351257;-816.949036;2146.964111;0.541763;0.000000;0.000000;0.000000;0.000000;2.000000;-74.885315;-859.585449;2125.178711;0.620355;0.000000;0.000000;0.000000;0.000000;2.000000;-162.006683;-868.359314;2020.585571;0.690654;0.000000;0.000000;0.000000;0.000000;2.000000;-19.284668;-859.540833;2116.607422;0.628117;0.000000;0.000000;0.000000;0.000000;2.000000;11.396423;-884.416016;1981.274536;0.546463;0.000000;0.000000;0.000000;0.000000;2.000000;13005766656.000000
0.000000;-150.000000;2000.000000;0.000000;0.000000;0.000000;0.000000;0.000000;2.000000;-18.908447;-341.194397;1997.097778;0.181675;0.000000;0.000000;0.000000;0.000000;2.000000;-40.208984;-492.625061;1982.529053;0.267826;0.000000;0.000000;0.000000;0.000000;2.000000;-70.912598;-724.205078;1972.312988;0.206927;0.000000;0.000000;0.000000;0.000000;2.000000;-100.330444;-682.165527;1984.727905;0.322456;0.000000;0.000000;0.000000;0.000000;2.000000;-235.546387;-614.998352;2014.899536;0.849187;0.000000;0.000000;0.000000;0.000000;2.000000;-262.029205;-320.442078;2048.350586;0.642810;0.000000;0.000000;0.000000;0.000000;2.000000;-217.981689;-89.567993;2132.959961;0.599240;0.000000;0.000000;0.000000;0.000000;2.000000;-213.052063;-42.878033;2225.435059;0.603116;0.000000;0.000000;0.000000;0.000000;2.000000;-186.914581;62.397934;2183.272461;0.841178;0.000000;0.000000;0.000000;0.000000;2.000000;-169.154022;46.558842;2187.106445;0.483108;0.000000;0.000000;0.000000;0.000000;2.000000;-32.177551;-689.513367;1961.176880;0.167723;0.000000;0.000000;0.000000;0.000000;2.000000;93.779053;-661.404846;1902.806396;0.898166;0.000000;0.000000;0.000000;0.000000;2.000000;199.876343;-377.362610;1897.276245;0.368555;0.000000;0.000000;0.000000;0.000000;2.000000;245.765503;-156.594116;2011.937134;2.015463;0.000000;0.000000;0.000000;0.000000;2.000000;227.867676;-86.626541;1926.767700;2.590145;0.000000;0.000000;0.000000;0.000000;2.000000;166.241882;9.634360;1922.114990;4.579706;0.000000;0.000000;0.000000;0.000000;2.000000;224.723206;-29.169834;2089.791016;1.499276;0.000000;0.000000;0.000000;0.000000;2.000000;-87.007568;-142.076019;2044.847534;0.263165;0.000000;0.000000;0.000000;0.000000;2.000000;32.445435;216.739044;2251.957031;0.293257;0.000000;0.000000;0.000000;0.000000;2.000000;39.680054;618.612671;2161.144531;1.971746;0.000000;0.000000;0.000000;0.000000;2.000000;104.698730;773.430359;2273.017090;2.610981;0.000000;0.000000;0.000000;0.000000;2.000000;78.458557;-157.145401;1959.558838;0.237310;0.000000;0.000000;0.000000;0.000000;2.000000;124.301086;268.931458;2002.785767;0.368904;0.000000;0.000000;0.000000;0.000000;2.000000;129.846069;681.025940;1943.285522;0.771153;0.000000;0.000000;0.000000;0.000000;2.000000;215.731873;803.727173;2052.967285;1.039668;0.000000;0.000000;0.000000;0.000000;1.000000;-77.725037;-811.365784;1982.162842;0.146795;0.000000;0.000000;0.000000;0.000000;2.000000;-32.966125;-825.741272;2148.723145;0.309520;0.000000;0.000000;0.000000;0.000000;2.000000;-73.058838;-865.451416;2127.513672;0.194498;0.000000;0.000000;0.000000;0.000000;2.000000;-165.838501;-865.511475;2027.341675;0.244813;0.000000;0.000000;0.000000;0.000000;2.000000;-18.007996;-868.301941;2116.013672;0.262592;0.000000;0.000000;0.000000;0.000000;2.000000;4.250183;-890.132385;1978.386841;0.283974;0.000000;0.000000;0.000000;0.000000;2.000000;13005800448.000000
0.000000;-150.000000;2000.000000;0.000000;0.000000;0.000000;0.000000;0.000000;2.000000;-17.530396;-341.330688;1996.015381;0.053638;0.000000;0.000000;0.000000;0.000000;2.000000;-39.289124;-492.544556;1979.763672;0.088973;0.000000;0.000000;0.000000;0.000000;2.000000;-71.023315;-723.950134;1968.159424;0.127040;0.000000;0.000000;0.000000;0.000000;2.000000;-99.496704;-682.067810;1983.083130;0.056354;0.000000;0.000000;0.000000;0.000000;2.000000;-231.254303;-612.606873;2022.150146;0.267290;0.000000;0.000000;0.000000;0.000000;2.000000;-251.839172;-317.748627;2057.378906;0.423526;0.000000;0.000000;0.000000;0.000000;2.000000;-198.440826;-91.299965;2148.413574;0.762121;0.000000;0.000000;0.000000;0.000000;2.000000;-192.813538;-42.326271;2239.674316;0.755369;0.000000;0.000000;0.000000;0.000000;2.000000;-169.361389;60.497196;2190.433594;0.581445;0.000000;0.000000;0.000000;0.000000;2.000000;-151.115723;47.783592;2195.075684;0.602974;0.000000;0.000000;0.000000;0.000000;2.000000;-33.026672;-689.127075;1955.034790;0.189591;0.000000;0.000000;0.000000;0.000000;2.000000;88.355103;-657.842102;1889.041748;0.464407;0.000000;0.000000;0.000000;0.000000;2.000000;193.600708;-374.046173;1869.709106;0.868722;0.000000;0.000000;0.000000;0.000000;2.000000;256.941589;-153.587814;1976.451660;1.139071;0.000000;0.000000;0.000000;0.000000;2.000000;219.131165;-81.100067;1900.368164;0.865217;0.000000;0.000000;0.000000;0.000000;2.000000;185.049316;25.608953;1923.616455;0.754446;0.000000;0.000000;0.000000;0.000000;2.000000;229.396179;-34.322189;2040.882568;1.507587;0.000000;0.000000;0.000000;0.000000;2.000000;-83.909058;-143.366104;2050.617676;0.203714;0.000000;0.000000;0.000000;0.000000;2.000000;41.922546;223.000488;2240.092285;0.501263;0.000000;0.000000;0.000000;0.000000;2.000000;-2.871094;606.906311;2097.072998;2.374260;0.000000;0.000000;0.000000;0.000000;2.000000;50.167725;794.553772;2149.006104;4.184198;0.000000;0.000000;0.000000;0.000000;2.000000;75.664429;-155.982071;1954.355957;0.183691;0.000000;0.000000;0.000000;0.000000;2.000000;138.625549;267.509644;2001.783081;0.440360;0.000000;0.000000;0.000000;0.000000;2.000000;149.683899;681.430481;1957.240356;0.740289;0.000000;0.000000;0.000000;0.000000;2.000000;241.940674;810.586548;2053.563721;0.826969;0.000000;0.000000;0.000000;0.000000;1.000000;-77.341553;-811.252136;1977.148926;0.153499;0.000000;0.000000;0.000000;0.000000;2.000000;-20.472046;-843.552002;2137.406738;0.748387;0.000000;0.000000;0.000000;0.000000;2.000000;-62.292664;-880.788452;2115.055664;0.686705;0.000000;0.000000;0.000000;0.000000;2.000000;-162.240112;-870.111572;2022.623169;0.229133;0.000000;0.000000;0.000000;0.000000;2.000000;-8.256836;-882.296814;2099.256104;0.729720;0.000000;0.000000;0.000000;0.000000;2.000000;3.614075;-889.037903;1958.785889;0.599420;0.000000;0.000000;0.000000;0.000000;2.000000;13005833216.000000
0.000000;-150.000000;2000.000000;0.000000;0.000000;0.000000;0.000000;0.000000;2.000000;-23.404358;-340.598755;1992.154419;0.209140;0.000000;0.000000;0.000000;0.000000;2.000000;-47.755310;-491.670288;1978.303955;0.255548;0.000000;0.000000;0.000000;0.000000;2.000000;-73.179504;-723.657776;1962.961670;0.166750;0.000000;0.000000;0.000000;0.000000;2.000000;-101.727417;-683.090027;1981.054443;0.094218;0.000000;0.000000;0.000000;0.000000;2.000000;-230.902710;-615.858337;2031.144165;0.283208;0.000000;0.000000;0.000000;0.000000;2.000000;-245.880066;-320.861816;2068.220947;0.377529;0.000000;0.000000;0.000000;0.000000;2.000000;-184.497650;-96.792999;2160.167236;0.563612;0.000000;0.000000;0.000000;0.000000;2.000000;-172.778107;-43.567024;2248.429443;0.648083;0.000000;0.000000;0.000000;0.000000;2.000000;-157.361115;59.288189;2196.152588;0.395011;0.000000;0.000000;0.000000;0.000000;2.000000;-139.828522;45.524147;2199.117188;0.361032;0.000000;0.000000;0.000000;0.000000;2.000000;-37.349976;-687.310303;1947.986938;0.250516;0.000000;0.000000;0.000000;0.000000;2.000000;81.949951;-653.599731;1879.415527;0.364470;0.000000;0.000000;0.000000;0.000000;2.000000;175.052917;-366.059021;1853.743042;0.761824;0.000000;0.000000;0.000000;0.000000;2.000000;263.443359;-147.802155;1946.319336;0.928150;0.000000;0.000000;0.000000;0.000000;2.000000;215.734253;-68.272110;1884.079224;0.621748;0.000000;0.000000;0.000000;0.000000;2.000000;229.479614;12.347563;1964.096313;1.821469;0.000000;0.000000;0.000000;0.000000;2.000000;217.922180;-24.731720;1975.450317;1.986250;0.000000;0.000000;0.000000;0.000000;2.000000;-77.997559;-142.862518;2059.279297;0.310687;0.000000;0.000000;0.000000;0.000000;2.000000;43.614990;234.859482;2228.182617;0.499882;0.000000;0.000000;0.000000;0.000000;2.000000;-57.018311;581.079529;2028.484009;2.696584;0.000000;0.000000;0.000000;0.000000;2.000000;1.930481;771.534302;2059.805176;3.077301;0.000000;0.000000;0.000000;0.000000;2.000000;70.333862;-156.436188;1946.545410;0.280158;0.000000;0.000000;0.000000;0.000000;2.000000;153.381042;262.926941;1999.738037;0.461219;0.000000;0.000000;0.000000;0.000000;2.000000;161.679749;678.114502;1967.829712;0.483578;0.000000;0.000000;0.000000;0.000000;2.000000;278.227844;794.949158;2052.936523;1.169451;0.000000;0.000000;0.000000;0.000000;1.000000;-76.135681;-811.317993;1970.082642;0.212143;0.000000;0.000000;0.000000;0.000000;2.000000;-11.610596;-854.212891;2124.878906;0.552939;0.000000;0.000000;0.000000;0.000000;2.000000;-58.967957;-885.868958;2105.107910;0.344884;0.000000;0.000000;0.000000;0.000000;2.000000;-163.619843;-861.451172;2020.832520;0.264872;0.000000;0.000000;0.000000;0.000000;2.000000;-6.777588;-893.031616;2085.178223;0.525729;0.000000;0.000000;0.000000;0.000000;2.000000;-6.205811;-897.216309;1944.096680;0.576178;0.000000;0.000000;0.000000;0.000000;2.000000;13005867008.000000
0.000000;-150.000000;2000.000000;0.000000;0.000000;0.000000;0.000000;0.000000;2.000000;-23.475647;-342.182678;1991.558105;0.051695;0.000000;0.000000;0.000000;0.000000;2.000000;-47.797974;-494.463898;1976.656006;0.098991;0.000000;0.000000;0.000000;0.000000;2.000000;-72.533997;-728.962646;1980.609985;0.562734;0.000000;0.000000;0.000000;0.000000;2.000000;-100.105469;-686.896973;1998.077515;0.534631;0.000000;0.000000;0.000000;0.000000;2.000000;-227.519135;-616.177734;2051.720215;0.636439;0.000000;0.000000;0.000000;0.000000;2.000000;-241.991394;-319.400848;2094.404053;0.809039;0.000000;0.000000;0.000000;0.000000;2.000000;-180.636078;-89.780754;2177.984375;0.596096;0.000000;0.000000;0.000000;0.000000;2.000000;-151.884735;-44.027065;2267.543945;0.864304;0.000000;0.000000;0.000000;0.000000;2.000000;-139.824799;59.125561;2212.853760;0.739054;0.000000;0.000000;0.000000;0.000000;2.000000;-122.778717;48.908665;2215.535156;0.729683;0.000000;0.000000;0.000000;0.000000;2.000000;-38.075928;-693.431030;1959.952759;0.410766;0.000000;0.000000;0.000000;0.000000;2.000000;76.227051;-657.881958;1881.987671;0.231823;0.000000;0.000000;0.000000;0.000000;2.000000;166.578735;-369.845795;1832.780518;0.699631;0.000000;0.000000;0.000000;0.000000;2.000000;264.666687;-154.237167;1927.566650;0.606194;0.000000;0.000000;0.000000;0.000000;2.000000;250.541626;-44.002735;1909.317383;1.506691;0.000000;0.000000;0.000000;0.000000;2.000000;278.396912;-6.219753;2014.708374;2.221551;0.000000;0.000000;0.000000;0.000000;2.000000;216.648560;-52.269302;1944.642822;1.261614;0.000000;0.000000;0.000000;0.000000;2.000000;-81.045410;-142.579865;2056.453125;0.127140;0.000000;0.000000;0.000000;0.000000;2.000000;48.762268;243.862686;2207.855225;0.696413;0.000000;0.000000;0.000000;0.000000;2.000000;-91.588379;569.984985;1991.824463;1.574571;0.000000;0.000000;0.000000;0.000000;2.000000;-45.618103;744.379883;2086.084961;1.853515;0.000000;0.000000;0.000000;0.000000;2.000000;73.082275;-156.691055;1949.093872;0.114648;0.000000;0.000000;0.000000;0.000000;2.000000;157.324036;264.627869;2013.104736;0.428453;0.000000;0.000000;0.000000;0.000000;2.000000;176.846436;683.134521;1983.994507;0.693582;0.000000;0.000000;0.000000;0.000000;2.000000;279.279602;765.586792;2117.276367;2.158538;0.000000;0.000000;0.000000;0.000000;2.000000;-74.139771;-816.586670;1994.503906;0.764854;0.000000;0.000000;0.000000;0.000000;2.000000;42.690125;-824.181763;2123.967773;1.893877;0.000000;0.000000;0.000000;0.000000;2.000000;-0.940247;-866.523804;2123.485840;1.949115;0.000000;0.000000;0.000000;0.000000;2.000000;-129.919525;-873.536987;2075.752441;2.000700;0.000000;0.000000;0.000000;0.000000;2.000000;43.421753;-867.387573;2088.034424;1.722486;0.000000;0.000000;0.000000;0.000000;2.000000;1.844604;-892.534302;1954.262939;0.420748;0.000000;0.000000;0.000000;0.000000;2.000000;13005899776.000000
0.000000;-150.000000;2000.000000;0.000000;0.000000;0.000000;0.000000;0.000000;2.000000;-27.443420;-338.618439;1986.376709;0.220052;0.000000;0.000000;0.000000;0.000000;2.000000;-53.300415;-488.302979;1970.130859;0.311514;0.000000;0.000000;0.000000;0.000000;2.000000;-75.038757;-719.808594;1973.011719;0.359774;0.000000;0.000000;0.000000;0.000000;2.000000;-100.578156;-678.878662;1993.717407;0.270458;0.000000;0.000000;0.000000;0.000000;2.000000;-217.195709;-606.530273;2061.620117;0.510555;0.000000;0.000000;0.000000;0.000000;2.000000;-229.940887;-315.142914;2112.033203;0.644370;0.000000;0.000000;0.000000;0.000000;2.000000;-156.106750;-93.253059;2195.876465;0.904336;0.000000;0.000000;0.000000;0.000000;2.000000;-137.641998;-39.990936;2282.247559;0.617449;0.000000;0.000000;0.000000;0.000000;2.000000;-117.279816;56.299561;2221.349121;0.717852;0.000000;0.000000;0.000000;0.000000;2.000000;-104.336243;47.500278;2212.022461;0.557137;0.000000;0.000000;0.000000;0.000000;2.000000;-43.779419;-684.118286;1949.646973;0.444352;0.000000;0.000000;0.000000;0.000000;2.000000;63.383850;-649.568359;1865.005371;0.676416;0.000000;0.000000;0.000000;0.000000;2.000000;154.327393;-366.092865;1816.757813;0.607126;0.000000;0.000000;0.000000;0.000000;2.000000;276.565491;-168.568939;1913.353882;0.693371;0.000000;0.000000;0.000000;0.000000;2.000000;282.995422;-60.155357;1936.544312;1.341655;0.000000;0.000000;0.000000;0.000000;2.000000;286.972107;46.312668;1976.425781;1.940247;0.000000;0.000000;0.000000;0.000000;2.000000;266.958374;-56.989822;1963.234497;1.593349;0.000000;0.000000;0.000000;0.000000;2.000000;-77.908386;-142.887283;2058.464844;0.110657;0.000000;0.000000;0.000000;0.000000;2.000000;40.563721;254.711319;2166.857178;1.278241;0.000000;0.000000;0.000000;0.000000;2.000000;-142.679260;567.572998;1975.871216;1.585523;0.000000;0.000000;0.000000;0.000000;2.000000;-88.586212;751.648682;2034.644287;1.995099;0.000000;0.000000;0.000000;0.000000;2.000000;70.253479;-156.413864;1947.279541;0.099788;0.000000;0.000000;0.000000;0.000000;2.000000;164.386230;256.984619;2008.224854;0.340133;0.000000;0.000000;0.000000;0.000000;2.000000;197.029175;669.774658;2003.037598;0.911376;0.000000;0.000000;0.000000;0.000000;2.000000;331.285889;753.378906;2098.268311;1.677939;0.000000;0.000000;0.000000;0.000000;1.000000;-74.352234;-806.412964;1985.445679;0.403159;0.000000;0.000000;0.000000;0.000000;2.000000;26.953003;-821.463867;2123.771484;0.472636;0.000000;0.000000;0.000000;0.000000;2.000000;-18.069458;-860.695068;2118.468994;0.555646;0.000000;0.000000;0.000000;0.000000;2.000000;-140.111664;-859.988037;2058.946289;0.706457;0.000000;0.000000;0.000000;0.000000;2.000000;28.823425;-863.753906;2088.008545;0.445188;0.000000;0.000000;0.000000;0.000000;2.000000;-0.143311;-885.121460;1952.366333;0.233950;0.000000;0.000000;0.000000;0.000000;2.000000;13005933568.000000
0.000000;-150.000000;2000.000000;0.000000;0.000000;0.000000;0.000000;0.000000;2.000000;-26.953308;-338.076660;1986.427612;0.022349;0.000000;0.000000;0.000000;0.000000;2.000000;-51.686310;-487.552734;1971.104370;0.061913;0.000000;0.000000;0.000000;0.000000;2.000000;-68.414093;-718.746887;1972.284668;0.205947;0.000000;0.000000;0.000000;0.000000;2.000000;-93.546936;-678.731445;1994.775635;0.217039;0.000000;0.000000;0.000000;0.000000;2.000000;-205.563690;-608.953613;2071.449951;0.470606;0.000000;0.000000;0.000000;0.000000;2.000000;-216.508240;-320.410278;2132.084473;0.753873;0.000000;0.000000;0.000000;0.000000;2.000000;-148.253326;-96.511765;2212.921875;0.581311;0.000000;0.000000;0.000000;0.000000;2.000000;-133.038818;-37.932194;2296.030762;0.447896;0.000000;0.000000;0.000000;0.000000;2.000000;-103.240997;52.047234;2230.260498;0.523786;0.000000;0.000000;0.000000;0.000000;2.000000;-92.736542;40.935844;2210.044922;0.411202;0.000000;0.000000;0.000000;0.000000;2.000000;-39.304810;-682.257080;1947.785278;0.158433;0.000000;0.000000;0.000000;0.000000;2.000000;62.294250;-644.775024;1858.407227;0.251096;0.000000;0.000000;0.000000;0.000000;2.000000;144.930786;-359.980469;1808.991455;0.416175;0.000000;0.000000;0.000000;0.000000;2.000000;257.690063;-143.962280;1868.218384;1.671233;0.000000;0.000000;0.000000;0.000000;2.000000;288.446716;-58.329197;1931.267944;0.238138;0.000000;0.000000;0.000000;0.000000;2.000000;309.827148;46.274204;1969.484741;0.728937;0.000000;0.000000;0.000000;0.000000;2.000000;276.078552;-52.047241;1941.243530;0.742029;0.000000;0.000000;0.000000;0.000000;2.000000;-78.421234;-142.892792;2057.249023;0.040270;0.000000;0.000000;0.000000;0.000000;2.000000;21.201843;265.639099;2133.912354;1.212919;0.000000;0.000000;0.000000;0.000000;2.000000;-166.037079;577.148193;1947.439087;1.160334;0.000000;0.000000;0.000000;0.000000;2.000000;-114.191406;770.300720;1950.948730;2.731020;0.000000;0.000000;0.000000;0.000000;2.000000;70.715820;-156.408859;1948.376221;0.036321;0.000000;0.000000;0.000000;0.000000;2.000000;170.601868;253.777420;2012.229736;0.245964;0.000000;0.000000;0.000000;0.000000;2.000000;220.870056;663.451477;2018.401367;0.886805;0.000000;0.000000;0.000000;0.000000;2.000000;338.496399;744.329651;2134.545898;1.162052;0.000000;0.000000;0.000000;0.000000;2.000000;-65.280823;-805.175598;1983.553345;0.285307;0.000000;0.000000;0.000000;0.000000;2.000000;29.126160;-845.699707;2120.958496;0.747532;0.000000;0.000000;0.000000;0.000000;2.000000;-20.570251;-877.569580;2111.687012;0.560227;0.000000;0.000000;0.000000;0.000000;2.000000;-139.414368;-854.885376;2051.007324;0.288791;0.000000;0.000000;0.000000;0.000000;2.000000;26.062622;-884.546692;2081.805664;0.667518;0.000000;0.000000;0.000000;0.000000;2.000000;-2.026123;-890.134277;1944.878418;0.280931;0.000000;0.000000;0.000000;0.000000;2.000000;13005966336.000000
0.000000;-150.000000;2000.000000;0.000000;0.000000;0.000000;0.000000;0.000000;2.000000;-24.980286;-337.643066;1986.807617;0.060829;0.000000;0.000000;0.000000;0.000000;2.000000;-48.045044;-486.839233;1971.907104;0.112345;0.000000;0.000000;0.000000;0.000000;2.000000;-64.036926;-717.203430;1971.204224;0.141022;0.000000;0.000000;0.000000;0.000000;2.000000;-88.250427;-677.666138;1995.046143;0.160078;0.000000;0.000000;0.000000;0.000000;2.000000;-199.479340;-612.734558;2075.859375;0.248928;0.000000;0.000000;0.000000;0.000000;2.000000;-203.720642;-327.514282;2146.738770;0.612748;0.000000;0.000000;0.000000;0.000000;2.000000;-138.500122;-104.427055;2229.422363;0.613680;0.000000;0.000000;0.000000;0.000000;2.000000;-129.295013;-31.605585;2300.851807;0.260155;0.000000;0.000000;0.000000;0.000000;2.000000;-97.372162;58.595001;2237.183350;0.331178;0.000000;0.000000;0.000000;0.000000;2.000000;-92.790009;27.658134;2192.925293;0.641135;0.000000;0.000000;0.000000;0.000000;2.000000;-36.148682;-680.497253;1946.047241;0.118663;0.000000;0.000000;0.000000;0.000000;2.000000;60.714172;-645.160400;1851.522583;0.209344;0.000000;0.000000;0.000000;0.000000;2.000000;147.340332;-362.033264;1806.497925;0.119247;0.000000;0.000000;0.000000;0.000000;2.000000;255.394165;-140.605179;1847.762085;0.617208;0.000000;0.000000;0.000000;0.000000;2.000000;291.936401;-61.207970;1915.007324;0.499473;0.000000;0.000000;0.000000;0.000000;2.000000;324.449402;38.279484;1957.516235;0.607173;0.000000;0.000000;0.000000;0.000000;2.000000;279.140320;-53.460335;1924.070801;0.517894;0.000000;0.000000;0.000000;0.000000;2.000000;-78.306427;-143.572693;2056.856445;0.023480;0.000000;0.000000;0.000000;0.000000;2.000000;0.578918;271.953186;2106.133301;1.040745;0.000000;0.000000;0.000000;0.000000;2.000000;-177.041473;588.006226;1921.301514;0.898650;0.000000;0.000000;0.000000;0.000000;2.000000;-110.560242;774.795776;1901.445557;1.474884;0.000000;0.000000;0.000000;0.000000;2.000000;70.612305;-155.795792;1948.729980;0.021169;0.000000;0.000000;0.000000;0.000000;2.000000;178.598267;251.381973;2007.620850;0.282177;0.000000;0.000000;0.000000;0.000000;2.000000;234.958862;658.385803;2024.210327;0.475238;0.000000;0.000000;0.000000;0.000000;2.000000;385.019653;741.606445;2088.752197;1.933498;0.000000;0.000000;0.000000;0.000000;2.000000;-60.234467;-803.411072;1981.339111;0.171235;0.000000;0.000000;0.000000;0.000000;2.000000;40.819397;-838.628784;2114.603271;0.445977;0.000000;0.000000;0.000000;0.000000;2.000000;-11.245239;-867.352051;2111.685059;0.409359;0.000000;0.000000;0.000000;0.000000;2.000000;-132.028625;-841.445007;2057.633545;0.494385;0.000000;0.000000;0.000000;0.000000;2.000000;32.302551;-880.210510;2079.579346;0.234318;0.000000;0.000000;0.000000;0.000000;2.000000;-6.045471;-895.421265;1946.467773;0.202085;0.000000;0.000000;0.000000;0.000000;2.000000;13006000128.000000
0.000000;-150.000000;2000.000000;0.000000;0.000000;0.000000;0.000000;0.000000;2.000000;-23.502563;-337.834717;1989.797363;0.101944;0.000000;0.000000;0.000000;0.000000;2.000000;-47.309265;-486.732056;1974.571655;0.084422;0.000000;0.000000;0.000000;0.000000;2.000000;-59.477448;-717.106384;1975.193481;0.184908;0.000000;0.000000;0.000000;0.000000;2.000000;-83.693939;-677.907593;1999.477051;0.194100;0.000000;0.000000;0.000000;0.000000;2.000000;-191.980164;-610.120422;2081.653809;0.300016;0.000000;0.000000;0.000000;0.000000;2.000000;-195.770416;-329.333252;2167.500000;0.680715;0.000000;0.000000;0.000000;0.000000;2.000000;-135.479523;-112.338448;2267.594238;1.193236;0.000000;0.000000;0.000000;0.000000;2.000000;-124.648071;-22.379532;2315.129883;0.537818;0.000000;0.000000;0.000000;0.000000;2.000000;-88.568695;65.308617;2250.380859;0.525707;0.000000;0.000000;0.000000;0.000000;2.000000;-92.564728;31.648026;2284.266602;2.790182;0.000000;0.000000;0.000000;0.000000;2.000000;-32.889465;-680.091675;1949.200439;0.138946;0.000000;0.000000;0.000000;0.000000;2.000000;60.790070;-641.397766;1852.997070;0.123350;0.000000;0.000000;0.000000;0.000000;2.000000;150.211151;-359.892639;1805.273315;0.115498;0.000000;0.000000;0.000000;0.000000;2.000000;261.309296;-138.359879;1834.743896;0.441718;0.000000;0.000000;0.000000;0.000000;2.000000;286.828094;-69.260345;1916.668945;0.295401;0.000000;0.000000;0.000000;0.000000;2.000000;326.114960;18.084459;1976.373169;0.844735;0.000000;0.000000;0.000000;0.000000;2.000000;228.477448;-65.887665;1909.978271;1.649013;0.000000;0.000000;0.000000;0.000000;2.000000;-78.249573;-143.291199;2056.742188;0.009432;0.000000;0.000000;0.000000;0.000000;2.000000;-7.041504;275.092224;2085.844238;0.668307;0.000000;0.000000;0.000000;0.000000;2.000000;-168.856445;599.358704;1901.593872;0.737658;0.000000;0.000000;0.000000;0.000000;2.000000;-88.648682;780.627258;1883.263672;0.886956;0.000000;0.000000;0.000000;0.000000;2.000000;70.561066;-156.049622;1948.833130;0.008506;0.000000;0.000000;0.000000;0.000000;2.000000;183.340302;250.705032;1997.867554;0.331607;0.000000;0.000000;0.000000;0.000000;2.000000;266.895660;651.983887;2025.625854;0.994961;0.000000;0.000000;0.000000;0.000000;2.000000;423.458771;714.849670;2096.903076;1.450766;0.000000;0.000000;0.000000;0.000000;2.000000;-53.988892;-803.111206;1985.556396;0.230165;0.000000;0.000000;0.000000;0.000000;2.000000;56.690704;-819.562012;2114.530762;0.757085;0.000000;0.000000;0.000000;0.000000;2.000000;5.654877;-849.834717;2118.569824;0.771963;0.000000;0.000000;0.000000;0.000000;2.000000;-119.146698;-833.850098;2070.452637;0.601092;0.000000;0.000000;0.000000;0.000000;2.000000;47.389008;-865.153381;2085.250977;0.673109;0.000000;0.000000;0.000000;0.000000;2.000000;0.987518;-896.954529;1957.898682;0.412247;0.000000;0.000000;0.000000;0.000000;2.000000;13006032896.000000
0.000000;-150.000000;2000.000000;0.000000;0.000000;0.000000;0.000000;0.000000;2.000000;-19.285095;-339.037903;1991.465332;0.138856;0.000000;0.000000;0.000000;0.000000;2.000000;-37.749542;-489.548401;1980.101196;0.337275;0.000000;0.000000;0.000000;0.000000;2.000000;-57.032166;-720.145325;1985.758179;0.333267;0.000000;0.000000;0.000000;0.000000;2.000000;-80.694641;-679.534424;2008.600220;0.288245;0.000000;0.000000;0.000000;0.000000;2.000000;-188.026093;-608.573792;2090.293457;0.284876;0.000000;0.000000;0.000000;0.000000;2.000000;-192.875519;-327.642700;2178.947754;0.352998;0.000000;0.000000;0.000000;0.000000;2.000000;-138.136017;-111.552399;2285.988281;0.550470;0.000000;0.000000;0.000000;0.000000;2.000000;-79.309784;-95.055817;2368.495117;2.986565;0.000000;0.000000;0.000000;0.000000;2.000000;-70.532715;11.117617;2324.652344;2.772613;0.000000;0.000000;0.000000;0.000000;2.000000;-103.803009;16.216719;2324.093750;1.306993;0.000000;0.000000;0.000000;0.000000;2.000000;-28.612671;-684.455383;1959.495728;0.354281;0.000000;0.000000;0.000000;0.000000;2.000000;68.586639;-645.084412;1866.427246;0.472325;0.000000;0.000000;0.000000;0.000000;2.000000;146.984222;-360.880310;1809.833984;0.167894;0.000000;0.000000;0.000000;0.000000;2.000000;232.931366;-126.150368;1824.733398;0.961010;0.000000;0.000000;0.000000;0.000000;2.000000;280.725983;-72.856781;1908.963745;0.309723;0.000000;0.000000;0.000000;0.000000;2.000000;347.350189;-7.787085;1973.384277;0.994426;0.000000;0.000000;0.000000;0.000000;2.000000;257.507355;-51.002403;1908.332031;0.966655;0.000000;0.000000;0.000000;0.000000;2.000000;-80.226135;-144.280945;2054.606445;0.090960;0.000000;0.000000;0.000000;0.000000;2.000000;9.001984;271.816589;2087.479492;0.486977;0.000000;0.000000;0.000000;0.000000;2.000000;-148.227417;605.348816;1913.043335;0.720345;0.000000;0.000000;0.000000;0.000000;2.000000;-59.366180;783.364014;1895.482788;0.942456;0.000000;0.000000;0.000000;0.000000;2.000000;72.343475;-155.157150;1950.758911;0.082021;0.000000;0.000000;0.000000;0.000000;2.000000;194.856537;251.199142;1991.411255;0.390974;0.000000;0.000000;0.000000;0.000000;2.000000;290.775116;651.457947;2013.873169;0.787764;0.000000;0.000000;0.000000;0.000000;2.000000;452.234955;702.460388;2085.285156;0.988833;0.000000;0.000000;0.000000;0.000000;2.000000;-54.417877;-806.293152;1998.277954;0.388272;0.000000;0.000000;0.000000;0.000000;2.000000;96.591034;-774.442261;2072.661865;2.170755;0.000000;0.000000;0.000000;0.000000;2.000000;55.388763;-802.348755;2105.598145;2.070786;0.000000;0.000000;0.000000;0.000000;1.000000;-79.701385;-806.432312;2107.098389;1.787998;0.000000;0.000000;0.000000;0.000000;1.000000;84.401337;-827.738525;2065.337402;1.665193;0.000000;0.000000;0.000000;0.000000;2.000000;0.732605;-903.232666;1982.792603;0.759785;0.000000;0.000000;0.000000;0.000000;2.000000;13006066688.000000
0.000000;-150.000000;2000.000000;0.000000;0.000000;0.000000;0.000000;0.000000;2.000000;-17.884827;-338.249634;1991.956055;0.049721;0.000000;0.000000;0.000000;0.000000;2.000000;-40.412659;-486.925659;1975.136719;0.183897;0.000000;0.000000;0.000000;0.000000;2.000000;-50.502106;-716.782166;1985.786011;0.217368;0.000000;0.000000;0.000000;0.000000;2.000000;-74.238861;-676.841370;2009.136108;0.207607;0.000000;0.000000;0.000000;0.000000;2.000000;-174.500275;-607.423828;2099.294434;0.481997;0.000000;0.000000;0.000000;0.000000;2.000000;-178.696503;-314.571716;2112.234863;2.055050;0.000000;0.000000;0.000000;0.000000;2.000000;-157.736786;-70.513351;2135.492676;4.652504;0.000000;0.000000;0.000000;0.000000;2.000000;-83.381775;-23.612715;2187.526123;5.758859;0.000000;0.000000;0.000000;0.000000;2.000000;-103.088013;14.669832;2081.286133;7.266800;0.000000;0.000000;0.000000;0.000000;2.000000;-70.488586;-5.947049;2217.377686;3.372723;0.000000;0.000000;0.000000;0.000000;2.000000;-25.125885;-680.756531;1957.466919;0.161966;0.000000;0.000000;0.000000;0.000000;2.000000;67.781830;-641.038269;1861.259644;0.195678;0.000000;0.000000;0.000000;0.000000;2.000000;135.366974;-355.028381;1807.772949;0.389742;0.000000;0.000000;0.000000;0.000000;2.000000;218.115265;-120.188416;1817.268799;0.521692;0.000000;0.000000;0.000000;0.000000;2.000000;279.423553;-55.736809;1881.966675;0.946799;0.000000;0.000000;0.000000;0.000000;2.000000;327.115814;12.567677;1957.835327;0.965975;0.000000;0.000000;0.000000;0.000000;2.000000;241.084808;-30.033804;1883.153564;1.084623;0.000000;0.000000;0.000000;0.000000;2.000000;-75.347412;-145.426407;2060.491699;0.228747;0.000000;0.000000;0.000000;0.000000;2.000000;-0.940887;272.046448;2084.134521;0.310516;0.000000;0.000000;0.000000;0.000000;2.000000;-137.244110;621.446411;1928.926758;0.743980;0.000000;0.000000;0.000000;0.000000;2.000000;-33.460693;789.983337;1910.922485;0.913691;0.000000;0.000000;0.000000;0.000000;2.000000;67.944061;-154.124222;1945.451904;0.206273;0.000000;0.000000;0.000000;0.000000;2.000000;196.651581;248.987808;1975.879761;0.467285;0.000000;0.000000;0.000000;0.000000;2.000000;300.688812;645.403503;1992.112671;0.729963;0.000000;0.000000;0.000000;0.000000;2.000000;471.407135;686.060425;2043.480835;1.444945;0.000000;0.000000;0.000000;0.000000;2.000000;-43.936584;-802.092224;1999.539063;0.336234;0.000000;0.000000;0.000000;0.000000;2.000000;119.432526;-753.683899;2004.852295;2.204769;0.000000;0.000000;0.000000;0.000000;2.000000;95.000397;-772.143982;2055.727539;2.085922;0.000000;0.000000;0.000000;0.000000;1.000000;-29.552704;-774.984924;2106.385254;1.751818;0.000000;0.000000;0.000000;0.000000;1.000000;110.087372;-806.786438;2015.121216;1.780599;0.000000;0.000000;0.000000;0.000000;2.000000;10.101166;-899.629639;1988.597900;0.343140;0.000000;0.000000;0.000000;0.000000;2.000000;13006100480.000000
0.000000;-150.000000;2000.000000;0.000000;0.000000;0.000000;0.000000;0.000000;2.000000;-21.947235;-338.054382;1983.754517;0.279376;0.000000;0.000000;0.000000;0.000000;2.000000;-43.797852;-487.299469;1965.665894;0.307147;0.000000;0.000000;0.000000;0.000000;2.000000;-51.520264;-717.330444;1988.052856;0.077660;0.000000;0.000000;0.000000;0.000000;2.000000;-74.745300;-676.280457;2010.438843;0.045961;0.000000;0.000000;0.000000;0.000000;2.000000;-164.769531;-598.503601;2105.468750;0.444741;0.000000;0.000000;0.000000;0.000000;2.000000;-177.249725;-306.410583;2071.360840;1.272763;0.000000;0.000000;0.000000;0.000000;2.000000;-175.203064;-60.501846;2047.792480;2.746010;0.000000;0.000000;0.000000;0.000000;2.000000;-82.112396;-17.704998;2043.085938;4.411820;0.000000;0.000000;0.000000;0.000000;2.000000;-41.597992;70.557549;1981.323242;3.966938;0.000000;0.000000;0.000000;0.000000;1.000000;-69.932892;15.457941;2069.684570;4.554358;0.000000;0.000000;0.000000;0.000000;1.000000;-27.501221;-682.439453;1956.884155;0.090602;0.000000;0.000000;0.000000;0.000000;2.000000;64.430878;-638.668457;1860.686279;0.126468;0.000000;0.000000;0.000000;0.000000;2.000000;127.663788;-351.125732;1803.525513;0.293684;0.000000;0.000000;0.000000;0.000000;2.000000;205.548492;-113.388298;1804.292480;0.589037;0.000000;0.000000;0.000000;0.000000;2.000000;265.494659;-41.254848;1862.592407;0.851820;0.000000;0.000000;0.000000;0.000000;2.000000;294.857208;31.552708;1944.047607;1.217323;0.000000;0.000000;0.000000;0.000000;2.000000;226.121246;-16.907320;1870.079346;0.726772;0.000000;0.000000;0.000000;0.000000;2.000000;-73.846710;-146.824036;2063.000977;0.098897;0.000000;0.000000;0.000000;0.000000;2.000000;-9.217255;274.162170;2083.506348;0.261401;0.000000;0.000000;0.000000;0.000000;2.000000;-126.513641;634.643799;1933.955933;0.541295;0.000000;0.000000;0.000000;0.000000;2.000000;-8.888062;795.699463;1940.450928;1.185252;0.000000;0.000000;0.000000;0.000000;2.000000;66.590851;-152.863892;1943.189575;0.089171;0.000000;0.000000;0.000000;0.000000;2.000000;188.822784;254.852158;1959.395020;0.584973;0.000000;0.000000;0.000000;0.000000;2.000000;279.495087;656.520691;1964.301025;1.119730;0.000000;0.000000;0.000000;0.000000;2.000000;455.278351;706.330383;1982.302979;2.027465;0.000000;0.000000;0.000000;0.000000;2.000000;-43.653015;-802.151794;2005.767212;0.190274;0.000000;0.000000;0.000000;0.000000;2.000000;115.682465;-760.047302;1959.574829;1.400024;0.000000;0.000000;0.000000;0.000000;2.000000;106.785614;-774.034241;2016.841919;1.241340;0.000000;0.000000;0.000000;0.000000;1.000000;2.005402;-768.293335;2101.818848;0.994304;0.000000;0.000000;0.000000;0.000000;1.000000;108.695404;-812.106384;1976.244507;1.198233;0.000000;0.000000;0.000000;0.000000;2.000000;3.133881;-902.737793;1987.125000;0.237122;0.000000;0.000000;0.000000;0.000000;2.000000;13006133248.000000
0.000000;-150.000000;2000.000000;0.000000;0.000000;0.000000;0.000000;0.000000;2.000000;-25.349579;-336.215332;1979.870850;0.162197;0.000000;0.000000;0.000000;0.000000;2.000000;-48.491730;-484.212585;1960.041138;0.235257;0.000000;0.000000;0.000000;0.000000;2.000000;-50.529968;-712.977173;1983.828857;0.181879;0.000000;0.000000;0.000000;0.000000;2.000000;-75.314514;-672.644104;2005.170410;0.190186;0.000000;0.000000;0.000000;0.000000;2.000000;-167.574417;-594.401794;2096.289063;0.308900;0.000000;0.000000;0.000000;0.000000;2.000000;-166.869415;-302.397705;2075.217285;0.348550;0.000000;0.000000;0.000000;0.000000;2.000000;-88.620300;-71.477783;2105.732910;3.100069;0.000000;0.000000;0.000000;0.000000;1.000000;-32.431488;1.235739;2061.431152;1.664445;0.000000;0.000000;0.000000;0.000000;1.000000;-23.060974;93.158340;1993.850708;0.941104;0.000000;0.000000;0.000000;0.000000;1.000000;-57.713135;49.185799;2097.121094;1.336486;0.000000;0.000000;0.000000;0.000000;1.000000;-26.780609;-677.844421;1953.204102;0.175514;0.000000;0.000000;0.000000;0.000000;2.000000;63.535919;-634.242737;1856.490845;0.182397;0.000000;0.000000;0.000000;0.000000;2.000000;131.017975;-348.255005;1805.091553;0.138626;0.000000;0.000000;0.000000;0.000000;2.000000;201.350372;-109.951691;1791.625610;0.407784;0.000000;0.000000;0.000000;0.000000;2.000000;247.974396;-41.202312;1863.493286;0.519161;0.000000;0.000000;0.000000;0.000000;2.000000;280.190033;30.214935;1944.257935;0.435889;0.000000;0.000000;0.000000;0.000000;2.000000;213.770660;-20.197420;1864.565063;0.411935;0.000000;0.000000;0.000000;0.000000;2.000000;-76.044159;-146.073715;2059.443359;0.125720;0.000000;0.000000;0.000000;0.000000;2.000000;1.872314;270.549072;2074.839111;0.430017;0.000000;0.000000;0.000000;0.000000;2.000000;-100.499512;635.270264;1930.639771;0.776282;0.000000;0.000000;0.000000;0.000000;2.000000;9.674652;797.521240;1961.093384;0.823299;0.000000;0.000000;0.000000;0.000000;2.000000;68.572327;-153.540527;1946.397217;0.113356;0.000000;0.000000;0.000000;0.000000;2.000000;186.307892;253.376999;1939.182251;0.604343;0.000000;0.000000;0.000000;0.000000;2.000000;252.071686;657.032959;1916.668091;1.626582;0.000000;0.000000;0.000000;0.000000;2.000000;425.041168;711.369690;1938.427979;1.583892;0.000000;0.000000;0.000000;0.000000;2.000000;-40.880920;-796.975037;2002.285522;0.202025;0.000000;0.000000;0.000000;0.000000;2.000000;107.111908;-763.914063;1924.915161;1.062748;0.000000;0.000000;0.000000;0.000000;2.000000;109.053497;-776.040894;1982.927856;1.007605;0.000000;0.000000;0.000000;0.000000;1.000000;23.843658;-763.306519;2085.957520;0.812245;0.000000;0.000000;0.000000;0.000000;1.000000;101.344818;-814.893372;1944.208374;0.976164;0.000000;0.000000;0.000000;0.000000;2.000000;-3.239105;-899.566772;1978.267822;0.336266;0.000000;0.000000;0.000000;0.000000;2.000000;13006167040.000000
0.000000;-150.000000;2000.000000;0.000000;0.000000;0.000000;0.000000;0.000000;2.000000;-23.903442;-334.233948;1975.144775;0.162499;0.000000;0.000000;0.000000;0.000000;2.000000;-48.412598;-479.659729;1948.614380;0.375386;0.000000;0.000000;0.000000;0.000000;2.000000;-44.316376;-706.473877;1972.368164;0.444604;0.000000;0.000000;0.000000;0.000000;2.000000;-68.969482;-667.021851;1994.447998;0.417142;0.000000;0.000000;0.000000;0.000000;2.000000;-153.575790;-592.345459;2093.549316;0.439809;0.000000;0.000000;0.000000;0.000000;2.000000;-156.329041;-302.746643;2073.200928;0.327673;0.000000;0.000000;0.000000;0.000000;2.000000;-51.638611;-86.574974;2114.265381;1.246513;0.000000;0.000000;0.000000;0.000000;1.000000;-4.445129;-11.079390;2066.227051;0.944517;0.000000;0.000000;0.000000;0.000000;1.000000;10.254303;83.688103;2005.479004;1.114962;0.000000;0.000000;0.000000;0.000000;1.000000;-24.757568;37.646416;2093.780762;1.070460;0.000000;0.000000;0.000000;0.000000;1.000000;-22.761169;-671.144287;1941.094604;0.439800;0.000000;0.000000;0.000000;0.000000;2.000000;63.303223;-627.217896;1842.337280;0.482261;0.000000;0.000000;0.000000;0.000000;2.000000;116.579407;-340.336121;1793.663330;0.611712;0.000000;0.000000;0.000000;0.000000;2.000000;179.269653;-101.721947;1788.914673;0.723875;0.000000;0.000000;0.000000;0.000000;2.000000;260.665649;-32.517647;1810.141113;1.694467;0.000000;0.000000;0.000000;0.000000;2.000000;277.843811;48.681137;1884.725464;1.903529;0.000000;0.000000;0.000000;0.000000;2.000000;215.688965;0.969273;1803.306763;1.978775;0.000000;0.000000;0.000000;0.000000;2.000000;-74.204071;-148.543686;2060.568115;0.100067;0.000000;0.000000;0.000000;0.000000;2.000000;0.507813;265.358368;2061.914063;0.427096;0.000000;0.000000;0.000000;0.000000;2.000000;-63.235474;638.384155;1926.421631;1.148409;0.000000;0.000000;0.000000;0.000000;2.000000;44.133820;799.382568;1962.324951;1.053814;0.000000;0.000000;0.000000;0.000000;2.000000;66.913116;-151.313202;1945.383057;0.090233;0.000000;0.000000;0.000000;0.000000;2.000000;188.992126;250.031876;1922.213257;0.534138;0.000000;0.000000;0.000000;0.000000;2.000000;219.044678;650.725098;1862.812012;1.937578;0.000000;0.000000;0.000000;0.000000;2.000000;365.848083;749.971436;1900.097778;2.453416;0.000000;0.000000;0.000000;0.000000;2.000000;-32.139374;-789.506470;1990.325439;0.506296;0.000000;0.000000;0.000000;0.000000;2.000000;119.076233;-842.836548;2043.146606;4.353499;0.000000;0.000000;0.000000;0.000000;2.000000;71.802246;-866.633911;2068.775391;3.974854;0.000000;0.000000;0.000000;0.000000;2.000000;-53.369629;-827.234497;2091.544434;3.063924;0.000000;0.000000;0.000000;0.000000;2.000000;88.416840;-880.143188;2018.191650;3.036184;0.000000;0.000000;0.000000;0.000000;2.000000;-17.132935;-881.308716;1929.841919;1.635316;0.000000;0.000000;0.000000;0.000000;2.000000;13006199808.000000
0.000000;-150.000000;2000.000000;0.000000;0.000000;0.000000;0.000000;0.000000;2.000000;-22.037231;-335.545349;1973.155029;0.089572;0.000000;0.000000;0.000000;0.000000;2.000000;-45.312256;-481.874634;1944.517334;0.165571;0.000000;0.000000;0.000000;0.000000;2.000000;-43.636200;-709.320862;1976.681763;0.154266;0.000000;0.000000;0.000000;0.000000;2.000000;-67.857239;-668.522217;1997.621216;0.108962;0.000000;0.000000;0.000000;0.000000;2.000000;-146.659790;-588.135132;2098.647461;0.283148;0.000000;0.000000;0.000000;0.000000;2.000000;-150.263626;-298.366821;2059.723145;0.456174;0.000000;0.000000;0.000000;0.000000;2.000000;-40.709442;-80.806496;2089.563965;0.817363;0.000000;0.000000;0.000000;0.000000;1.000000;26.086456;-5.912558;2071.958984;0.931929;0.000000;0.000000;0.000000;0.000000;1.000000;32.419708;87.303795;2006.064697;0.664832;0.000000;0.000000;0.000000;0.000000;1.000000;-2.450775;39.641586;2098.781738;0.679078;0.000000;0.000000;0.000000;0.000000;1.000000;-21.736755;-675.158813;1943.778198;0.146080;0.000000;0.000000;0.000000;0.000000;2.000000;62.904999;-628.757263;1843.552856;0.059229;0.000000;0.000000;0.000000;0.000000;2.000000;121.327240;-339.727844;1801.031982;0.260028;0.000000;0.000000;0.000000;0.000000;2.000000;174.507965;-98.393890;1774.778687;0.452272;0.000000;0.000000;0.000000;0.000000;2.000000;246.999115;-22.340536;1806.331665;0.516697;0.000000;0.000000;0.000000;0.000000;2.000000;270.090546;71.369873;1863.901123;0.939796;0.000000;0.000000;0.000000;0.000000;2.000000;207.638153;6.122842;1783.139771;0.660445;0.000000;0.000000;0.000000;0.000000;2.000000;-75.719360;-149.656830;2059.786865;0.060253;0.000000;0.000000;0.000000;0.000000;2.000000;0.894867;266.944031;2059.062988;0.097219;0.000000;0.000000;0.000000;0.000000;2.000000;-39.693390;647.753296;1927.855469;0.751020;0.000000;0.000000;0.000000;0.000000;2.000000;75.727173;802.913757;1971.382935;0.978200;0.000000;0.000000;0.000000;0.000000;2.000000;68.279480;-150.309464;1946.087646;0.054332;0.000000;0.000000;0.000000;0.000000;2.000000;180.398590;256.159363;1910.689819;0.462429;0.000000;0.000000;0.000000;0.000000;2.000000;149.780914;654.669922;1823.532471;2.359256;0.000000;0.000000;0.000000;0.000000;2.000000;291.338226;765.399231;1854.523926;2.624718;0.000000;0.000000;0.000000;0.000000;2.000000;-32.206696;-792.372864;1997.709106;0.234399;0.000000;0.000000;0.000000;0.000000;2.000000;115.650543;-767.270386;1917.610962;4.337257;0.000000;0.000000;0.000000;0.000000;2.000000;117.889404;-777.120300;1975.966309;4.052187;0.000000;0.000000;0.000000;0.000000;1.000000;34.466431;-757.558655;2079.166016;3.337974;0.000000;0.000000;0.000000;0.000000;1.000000;108.494476;-817.163147;1938.970947;3.053300;0.000000;0.000000;0.000000;0.000000;2.000000;1.803223;-896.874207;1977.463989;1.585004;0.000000;0.000000;0.000000;0.000000;2.000000;13006233600.000000
0.000000;-150.000000;2000.000000;0.000000;0.000000;0.000000;0.000000;0.000000;2.000000;-25.616058;-333.394958;1974.766357;0.136576;0.000000;0.000000;0.000000;0.000000;2.000000;-48.170654;-479.469788;1952.952637;0.281537;0.000000;0.000000;0.000000;0.000000;2.000000;-43.634735;-706.375610;1967.641602;0.290156;0.000000;0.000000;0.000000;0.000000;2.000000;-62.448730;-667.594727;1995.541260;0.179090;0.000000;0.000000;0.000000;0.000000;2.000000;-105.643219;-594.685791;2119.003906;1.411633;0.000000;0.000000;0.000000;0.000000;2.000000;-137.862350;-323.323822;2023.490967;1.394962;0.000000;0.000000;0.000000;0.000000;2.000000;-24.518890;-111.375412;1987.969482;3.275210;0.000000;0.000000;0.000000;0.000000;1.000000;3.123962;-32.498718;2044.442383;1.361803;0.000000;0.000000;0.000000;0.000000;1.000000;51.669922;62.906799;2007.655396;0.949638;0.000000;0.000000;0.000000;0.000000;1.000000;18.909210;-0.040888;2063.347168;1.749527;0.000000;0.000000;0.000000;0.000000;1.000000;-28.298798;-670.274048;1933.927368;0.390768;0.000000;0.000000;0.000000;0.000000;2.000000;40.647522;-617.769409;1826.838257;0.913239;0.000000;0.000000;0.000000;0.000000;2.000000;92.281830;-330.591797;1783.690796;1.069344;0.000000;0.000000;0.000000;0.000000;2.000000;143.451721;-91.276611;1758.304077;1.094624;0.000000;0.000000;0.000000;0.000000;2.000000;228.068542;-27.256287;1781.485352;0.964988;0.000000;0.000000;0.000000;0.000000;2.000000;232.412720;66.883545;1840.624512;1.358477;0.000000;0.000000;0.000000;0.000000;2.000000;188.344696;10.186405;1760.396851;0.918569;0.000000;0.000000;0.000000;0.000000;2.000000;-59.529449;-151.959259;2074.671387;0.674820;0.000000;0.000000;0.000000;0.000000;2.000000;17.365509;259.036652;2042.461914;0.753361;0.000000;0.000000;0.000000;0.000000;2.000000;-17.332214;639.670532;1921.870972;0.748252;0.000000;0.000000;0.000000;0.000000;2.000000;114.750305;769.951172;1985.848999;1.620194;0.000000;0.000000;0.000000;0.000000;2.000000;53.680298;-148.233246;1932.665527;0.608518;0.000000;0.000000;0.000000;0.000000;2.000000;160.561432;254.117584;1885.976685;0.969105;0.000000;0.000000;0.000000;0.000000;2.000000;57.685883;636.130005;1799.323975;2.960563;0.000000;0.000000;0.000000;0.000000;2.000000;192.085815;756.618408;1803.739380;3.412953;0.000000;0.000000;0.000000;0.000000;2.000000;-29.668152;-789.907593;1979.871948;0.554955;0.000000;0.000000;0.000000;0.000000;2.000000;120.754059;-846.503296;2029.915405;4.197269;0.000000;0.000000;0.000000;0.000000;2.000000;75.198120;-856.720703;2065.385254;3.878797;0.000000;0.000000;0.000000;0.000000;1.000000;-41.308411;-797.431396;2088.760254;2.629424;0.000000;0.000000;0.000000;0.000000;1.000000;83.810516;-884.643921;2019.062500;3.283670;0.000000;0.000000;0.000000;0.000000;2.000000;-31.434540;-894.964966;1945.242065;1.413938;0.000000;0.000000;0.000000;0.000000;2.000000;13006266368.000000
0.000000;-150.000000;2000.000000;0.000000;0.000000;0.000000;0.000000;0.000000;2.000000;-17.104553;-332.689423;1986.486694;0.429157;0.000000;0.000000;0.000000;0.000000;2.000000;-36.737396;-477.574585;1970.439575;0.620817;0.000000;0.000000;0.000000;0.000000;2.000000;-34.927155;-701.388428;1976.197388;0.390239;0.000000;0.000000;0.000000;0.000000;2.000000;-52.882065;-664.087280;2005.203125;0.415539;0.000000;0.000000;0.000000;0.000000;2.000000;-102.147491;-597.206299;2126.995605;0.268693;0.000000;0.000000;0.000000;0.000000;2.000000;-126.255371;-339.121460;2008.558472;0.729249;0.000000;0.000000;0.000000;0.000000;2.000000;-7.256042;-136.086792;1965.802734;1.107270;0.000000;0.000000;0.000000;0.000000;1.000000;10.543243;-55.689957;2021.308716;0.993916;0.000000;0.000000;0.000000;0.000000;1.000000;64.030762;42.067314;2021.026855;0.818962;0.000000;0.000000;0.000000;0.000000;1.000000;38.131836;-29.778015;2048.968506;1.130953;0.000000;0.000000;0.000000;0.000000;1.000000;-19.523468;-664.767212;1944.348389;0.434852;0.000000;0.000000;0.000000;0.000000;2.000000;37.775604;-608.453979;1835.081055;0.377780;0.000000;0.000000;0.000000;0.000000;2.000000;89.106232;-325.281311;1796.391968;0.418092;0.000000;0.000000;0.000000;0.000000;2.000000;136.181030;-89.320190;1768.536255;0.375943;0.000000;0.000000;0.000000;0.000000;2.000000;224.014099;-36.814682;1799.537476;0.616270;0.000000;0.000000;0.000000;0.000000;2.000000;194.721985;68.410446;1807.716309;1.481377;0.000000;0.000000;0.000000;0.000000;2.000000;191.237457;17.850067;1763.638062;0.260694;0.000000;0.000000;0.000000;0.000000;2.000000;-62.057663;-149.415344;2070.645508;0.159557;0.000000;0.000000;0.000000;0.000000;2.000000;35.308319;251.616943;2058.702393;0.749084;0.000000;0.000000;0.000000;0.000000;2.000000;-48.714737;602.436890;1898.874390;1.593635;0.000000;0.000000;0.000000;0.000000;2.000000;29.750305;769.546631;1955.822510;2.667747;0.000000;0.000000;0.000000;0.000000;1.000000;55.960114;-150.527206;1936.295654;0.143876;0.000000;0.000000;0.000000;0.000000;2.000000;156.442657;246.705170;1889.469604;0.271398;0.000000;0.000000;0.000000;0.000000;2.000000;7.026764;608.713257;1814.655151;1.763957;0.000000;0.000000;0.000000;0.000000;2.000000;103.389709;748.445801;1867.427490;3.240373;0.000000;0.000000;0.000000;0.000000;2.000000;-22.130798;-784.188232;1984.977905;0.318165;0.000000;0.000000;0.000000;0.000000;2.000000;127.073853;-841.924561;2028.173218;0.236631;0.000000;0.000000;0.000000;0.000000;2.000000;85.451172;-844.082031;2068.108398;0.488305;0.000000;0.000000;0.000000;0.000000;2.000000;-23.275940;-775.778320;2092.707031;0.842019;0.000000;0.000000;0.000000;0.000000;2.000000;87.957031;-878.167725;2026.405396;0.314649;0.000000;0.000000;0.000000;0.000000;2.000000;-32.510773;-891.034546;1966.580444;0.642875;0.000000;0.000000;0.000000;0.000000;2.000000;13006300160.000000
0.000000;-150.000000;2000.000000;0.000000;0.000000;0.000000;0.000000;0.000000;2.000000;-4.025757;-331.026825;1983.141479;0.415095;0.000000;0.000000;0.000000;0.000000;2.000000;-13.028687;-475.041199;1965.384766;0.743823;0.000000;0.000000;0.000000;0.000000;2.000000;11.683517;-694.851929;1972.261963;1.441376;0.000000;0.000000;0.000000;0.000000;2.000000;-4.312668;-659.169312;2003.360596;1.490860;0.000000;0.000000;0.000000;0.000000;1.000000;-28.046005;-598.484863;2133.695801;2.270958;0.000000;0.000000;0.000000;0.000000;1.000000;-37.627350;-317.358856;2148.616211;5.101523;0.000000;0.000000;0.000000;0.000000;1.000000;75.650787;-109.843529;2148.762695;6.182096;0.000000;0.000000;0.000000;0.000000;1.000000;79.910858;-50.531502;2070.671387;2.602981;0.000000;0.000000;0.000000;0.000000;1.000000;111.273499;23.043182;1994.943726;1.746215;0.000000;0.000000;0.000000;0.000000;1.000000;97.304749;-37.814987;2035.360352;1.869113;0.000000;0.000000;0.000000;0.000000;1.000000;17.463028;-658.143555;1938.319092;1.161364;0.000000;0.000000;0.000000;0.000000;2.000000;52.915955;-599.441895;1823.135010;0.649642;0.000000;0.000000;0.000000;0.000000;2.000000;101.195923;-319.685760;1780.916382;0.623160;0.000000;0.000000;0.000000;0.000000;2.000000;161.027557;-88.639587;1762.035645;0.784053;0.000000;0.000000;0.000000;0.000000;2.000000;247.430420;-29.706947;1777.227295;1.010583;0.000000;0.000000;0.000000;0.000000;2.000000;210.064362;69.803413;1797.781006;0.559429;0.000000;0.000000;0.000000;0.000000;2.000000;213.768341;16.585131;1752.868530;0.763076;0.000000;0.000000;0.000000;0.000000;2.000000;-55.620056;-155.677658;2074.248779;0.295316;0.000000;0.000000;0.000000;0.000000;2.000000;-44.055283;252.185272;2068.013916;2.438660;0.000000;0.000000;0.000000;0.000000;1.000000;-105.019798;627.688843;1982.135864;3.162716;0.000000;0.000000;0.000000;0.000000;1.000000;-36.126862;794.848145;2043.598022;3.437058;0.000000;0.000000;0.000000;0.000000;1.000000;50.155060;-144.880188;1933.046509;0.266299;0.000000;0.000000;0.000000;0.000000;2.000000;140.346588;247.654358;1870.208252;0.766583;0.000000;0.000000;0.000000;0.000000;2.000000;-50.475800;588.587524;1818.604980;1.863120;0.000000;0.000000;0.000000;0.000000;2.000000;-15.991776;759.119019;1843.063232;3.732572;0.000000;0.000000;0.000000;0.000000;2.000000;33.721466;-774.853027;1979.147339;1.737256;0.000000;0.000000;0.000000;0.000000;2.000000;169.107941;-851.581421;2030.257446;1.317732;0.000000;0.000000;0.000000;0.000000;2.000000;126.819275;-845.487671;2068.069336;1.263183;0.000000;0.000000;0.000000;0.000000;1.000000;30.284241;-761.276123;2085.036621;1.709486;0.000000;0.000000;0.000000;0.000000;1.000000;125.465027;-881.134521;2028.474121;1.149963;0.000000;0.000000;0.000000;0.000000;2.000000;7.923889;-878.424072;1965.122803;1.293352;0.000000;0.000000;0.000000;0.000000;2.000000;13006332928.000000
0.000000;-150.000000;2000.000000;0.000000;0.000000;0.000000;0.000000;0.000000;2.000000;-2.397446;-329.631592;1979.436279;0.126685;0.000000;0.000000;0.000000;0.000000;2.000000;-13.407867;-472.429230;1959.829468;0.182008;0.000000;0.000000;0.000000;0.000000;2.000000;17.037201;-690.333252;1956.614258;0.507351;0.000000;0.000000;0.000000;0.000000;2.000000;4.002472;-656.241821;1990.316162;0.465905;0.000000;0.000000;0.000000;0.000000;1.000000;-5.990067;-601.002869;2123.887207;0.718205;0.000000;0.000000;0.000000;0.000000;1.000000;-11.287506;-325.410828;2173.560547;1.099659;0.000000;0.000000;0.000000;0.000000;1.000000;89.278229;-113.538940;2189.610352;1.278976;0.000000;0.000000;0.000000;0.000000;1.000000;121.196350;-60.006371;2114.506836;1.803902;0.000000;0.000000;0.000000;0.000000;1.000000;125.136932;-4.138925;2020.393677;1.175830;0.000000;0.000000;0.000000;0.000000;1.000000;111.299622;-58.231625;2058.763184;1.008063;0.000000;0.000000;0.000000;0.000000;1.000000;17.926514;-652.701721;1923.638794;0.463521;0.000000;0.000000;0.000000;0.000000;2.000000;43.115982;-588.559814;1809.543579;0.591254;0.000000;0.000000;0.000000;0.000000;2.000000;108.138733;-313.443481;1770.481812;0.414351;0.000000;0.000000;0.000000;0.000000;2.000000;165.997650;-84.410767;1741.070068;0.649790;0.000000;0.000000;0.000000;0.000000;2.000000;214.065308;7.241084;1759.293335;1.565908;0.000000;0.000000;0.000000;0.000000;2.000000;193.525421;108.507904;1789.479858;1.269557;0.000000;0.000000;0.000000;0.000000;2.000000;188.012970;19.772398;1728.582764;1.051813;0.000000;0.000000;0.000000;0.000000;2.000000;-30.986740;-159.494156;2086.547363;0.822563;0.000000;0.000000;0.000000;0.000000;2.000000;-9.596283;244.952896;2111.074707;1.646052;0.000000;0.000000;0.000000;0.000000;1.000000;-119.100578;613.322632;2059.280029;2.359250;0.000000;0.000000;0.000000;0.000000;1.000000;-42.072479;782.788208;2096.705566;1.621190;0.000000;0.000000;0.000000;0.000000;1.000000;27.942108;-141.438705;1921.956543;0.741739;0.000000;0.000000;0.000000;0.000000;2.000000;112.940308;247.881134;1847.877441;1.046189;0.000000;0.000000;0.000000;0.000000;2.000000;-137.310333;549.417175;1846.874390;2.940535;0.000000;0.000000;0.000000;0.000000;2.000000;-121.546394;723.078918;1836.318237;3.306744;0.000000;0.000000;0.000000;0.000000;2.000000;41.503693;-769.411072;1958.266235;0.678830;0.000000;0.000000;0.000000;0.000000;2.000000;168.494354;-860.544556;2004.013550;0.820877;0.000000;0.000000;0.000000;0.000000;2.000000;130.228058;-847.647522;2043.858643;0.726347;0.000000;0.000000;0.000000;0.000000;1.000000;47.039688;-751.577454;2062.815918;0.872144;0.000000;0.000000;0.000000;0.000000;1.000000;121.698853;-884.091736;2006.346313;0.669981;0.000000;0.000000;0.000000;0.000000;2.000000;2.082520;-868.646423;1950.778564;0.542026;0.000000;0.000000;0.000000;0.000000;2.000000;13006366720.000000
0.000000;-150.000000;2000.000000;0.000000;0.000000;0.000000;0.000000;0.000000;2.000000;-8.296066;-330.058777;1982.002930;0.190785;0.000000;0.000000;0.000000;0.000000;2.000000;-14.129196;-474.049744;1967.696533;0.238653;0.000000;0.000000;0.000000;0.000000;2.000000;9.235504;-693.209412;1963.576172;0.320924;0.000000;0.000000;0.000000;0.000000;2.000000;2.374924;-658.262573;1998.339600;0.249543;0.000000;0.000000;0.000000;0.000000;1.000000;10.275513;-603.356140;2132.469727;0.548678;0.000000;0.000000;0.000000;0.000000;1.000000;19.927872;-330.298340;2196.307617;1.152113;0.000000;0.000000;0.000000;0.000000;1.000000;123.776596;-119.370110;2209.893555;1.196789;0.000000;0.000000;0.000000;0.000000;1.000000;134.759995;-71.272781;2125.481445;0.614609;0.000000;0.000000;0.000000;0.000000;1.000000;138.437332;-15.337250;2031.168945;0.605323;0.000000;0.000000;0.000000;0.000000;1.000000;124.713089;-75.337654;2073.607666;0.778969;0.000000;0.000000;0.000000;0.000000;1.000000;6.252441;-655.957764;1930.158325;0.407253;0.000000;0.000000;0.000000;0.000000;2.000000;12.809769;-594.735901;1811.670898;0.917442;0.000000;0.000000;0.000000;0.000000;2.000000;67.108780;-318.005920;1764.678345;1.233687;0.000000;0.000000;0.000000;0.000000;2.000000;123.687363;-88.572968;1732.550415;1.283137;0.000000;0.000000;0.000000;0.000000;2.000000;208.233444;-30.296566;1755.750488;1.129049;0.000000;0.000000;0.000000;0.000000;2.000000;159.218460;65.667030;1760.033691;1.843179;0.000000;0.000000;0.000000;0.000000;2.000000;192.848831;9.238263;1734.646606;0.387116;0.000000;0.000000;0.000000;0.000000;2.000000;-9.793549;-158.709259;2091.650146;0.645507;0.000000;0.000000;0.000000;0.000000;1.000000;37.507507;243.396454;2127.748535;1.479405;0.000000;0.000000;0.000000;0.000000;1.000000;-89.284409;609.942505;2105.850586;1.639464;0.000000;0.000000;0.000000;0.000000;1.000000;-8.773895;780.633362;2129.622070;1.387058;0.000000;0.000000;0.000000;0.000000;1.000000;8.831268;-142.146454;1917.355103;0.582083;0.000000;0.000000;0.000000;0.000000;2.000000;71.018845;252.335342;1843.932861;1.253006;0.000000;0.000000;0.000000;0.000000;2.000000;-203.217392;530.058167;1885.980347;2.339102;0.000000;0.000000;0.000000;0.000000;2.000000;-204.238602;705.057068;1887.591797;2.928307;0.000000;0.000000;0.000000;0.000000;2.000000;31.422394;-773.125305;1962.864014;0.345828;0.000000;0.000000;0.000000;0.000000;2.000000;159.280624;-867.034485;2000.990967;0.345296;0.000000;0.000000;0.000000;0.000000;2.000000;122.856216;-854.632324;2042.815918;0.302106;0.000000;0.000000;0.000000;0.000000;1.000000;41.667007;-757.887573;2067.663086;0.284119;0.000000;0.000000;0.000000;0.000000;1.000000;112.239761;-890.109436;2004.777954;0.334996;0.000000;0.000000;0.000000;0.000000;2.000000;-9.647018;-871.845459;1954.698486;0.378026;0.000000;0.000000;0.000000;0.000000;2.000000;13006400512.000000
0.000000;-150.000000;2000.000000;0.000000;0.000000;0.000000;0.000000;0.000000;2.000000;-0.491791;-331.872742;1987.924927;0.304056;0.000000;0.000000;0.000000;0.000000;2.000000;3.683075;-477.154755;1977.448120;0.626920;0.000000;0.000000;0.000000;0.000000;2.000000;26.973953;-697.363281;1964.543945;0.556763;0.000000;0.000000;0.000000;0.000000;2.000000;29.145615;-662.633667;2000.556519;0.830555;0.000000;0.000000;0.000000;0.000000;2.000000;88.695694;-621.561768;2127.434570;2.461640;0.000000;0.000000;0.000000;0.000000;2.000000;161.126160;-361.282776;2209.416992;4.429661;0.000000;0.000000;0.000000;0.000000;2.000000;280.882751;-157.108215;2198.297363;4.943563;0.000000;0.000000;0.000000;0.000000;2.000000;248.237335;-91.548637;2132.608887;3.524617;0.000000;0.000000;0.000000;0.000000;1.000000;198.267517;-18.252743;2066.895508;2.128486;0.000000;0.000000;0.000000;0.000000;1.000000;190.380890;-102.397354;2094.233398;2.257044;0.000000;0.000000;0.000000;0.000000;1.000000;15.040985;-659.571899;1933.332764;0.305751;0.000000;0.000000;0.000000;0.000000;2.000000;-5.504425;-596.741699;1816.356934;0.580149;0.000000;0.000000;0.000000;0.000000;2.000000;37.736496;-319.071747;1754.820801;0.946064;0.000000;0.000000;0.000000;0.000000;2.000000;115.264862;-93.705284;1726.847778;0.347685;0.000000;0.000000;0.000000;0.000000;2.000000;199.929871;-46.691540;1769.770874;0.705422;0.000000;0.000000;0.000000;0.000000;2.000000;164.408142;48.148746;1730.801392;1.052016;0.000000;0.000000;0.000000;0.000000;2.000000;181.910675;11.605385;1717.266602;0.630844;0.000000;0.000000;0.000000;0.000000;2.000000;16.640839;-156.117020;2091.456055;0.810605;0.000000;0.000000;0.000000;0.000000;1.000000;97.395477;244.069092;2116.417480;1.860174;0.000000;0.000000;0.000000;0.000000;1.000000;-28.737190;613.933960;2125.756348;1.948861;0.000000;0.000000;0.000000;0.000000;1.000000;63.668671;781.238525;2135.988770;2.219370;0.000000;0.000000;0.000000;0.000000;1.000000;-15.005783;-144.484009;1917.529907;0.730958;0.000000;0.000000;0.000000;0.000000;2.000000;49.828171;252.255371;1844.538208;0.646957;0.000000;0.000000;0.000000;0.000000;2.000000;-227.761536;522.146362;1922.839355;1.372816;0.000000;0.000000;0.000000;0.000000;2.000000;-224.082840;697.162476;1941.986938;1.783373;0.000000;0.000000;0.000000;0.000000;2.000000;48.951706;-777.524048;1957.028809;0.579573;0.000000;0.000000;0.000000;0.000000;2.000000;172.299896;-882.543091;1983.656372;0.813456;0.000000;0.000000;0.000000;0.000000;2.000000;142.845734;-864.798218;2029.348755;0.798308;0.000000;0.000000;0.000000;0.000000;2.000000;74.490341;-758.946045;2059.322266;1.034029;0.000000;0.000000;0.000000;0.000000;1.000000;123.951752;-900.820313;1994.724487;0.573345;0.000000;0.000000;0.000000;0.000000;2.000000;-2.065689;-872.570068;1959.503906;0.274817;0.000000;0.000000;0.000000;0.000000;2.000000;13006433280.000000
0.000000;-150.000000;2000.000000;0.000000;0.000000;0.000000;0.000000;0.000000;2.000000;-7.900665;-332.117371;1995.708130;0.318077;0.000000;0.000000;0.000000;0.000000;2.000000;-8.556213;-477.741516;1989.192261;0.502267;0.000000;0.000000;0.000000;0.000000;2.000000;8.137314;-698.654480;1976.750366;0.665333;0.000000;0.000000;0.000000;0.000000;2.000000;14.806290;-663.611816;2011.922852;0.542257;0.000000;0.000000;0.000000;0.000000;2.000000;91.246796;-622.401367;2129.417480;0.098793;0.000000;0.000000;0.000000;0.000000;2.000000;143.752945;-363.690247;2229.822754;0.796272;0.000000;0.000000;0.000000;0.000000;2.000000;258.457581;-157.163589;2210.268555;0.752263;0.000000;0.000000;0.000000;0.000000;2.000000;252.720810;-83.939377;2144.762939;0.444605;0.000000;0.000000;0.000000;0.000000;1.000000;213.463120;-20.344383;2063.456055;0.465192;0.000000;0.000000;0.000000;0.000000;1.000000;198.031296;-97.580872;2091.815430;0.276932;0.000000;0.000000;0.000000;0.000000;1.000000;-6.052765;-660.887207;1946.438354;0.735923;0.000000;0.000000;0.000000;0.000000;2.000000;-33.999413;-599.401184;1830.229370;0.941164;0.000000;0.000000;0.000000;0.000000;2.000000;11.884476;-323.481384;1762.558716;0.809160;0.000000;0.000000;0.000000;0.000000;2.000000;86.250336;-98.526154;1723.966919;0.874558;0.000000;0.000000;0.000000;0.000000;2.000000;167.684158;-41.958336;1761.350342;0.996137;0.000000;0.000000;0.000000;0.000000;2.000000;134.734085;56.654541;1730.152100;0.913704;0.000000;0.000000;0.000000;0.000000;2.000000;139.547409;18.241800;1717.737915;1.269014;0.000000;0.000000;0.000000;0.000000;2.000000;44.538971;-153.859222;2081.769043;0.876487;0.000000;0.000000;0.000000;0.000000;2.000000;110.722824;240.813019;1996.524048;3.571136;0.000000;0.000000;0.000000;0.000000;2.000000;109.484619;627.039734;1935.421021;6.971889;0.000000;0.000000;0.000000;0.000000;2.000000;246.016953;739.264404;1861.765259;9.824243;0.000000;0.000000;0.000000;0.000000;2.000000;-40.162758;-146.519974;1926.265259;0.790369;0.000000;0.000000;0.000000;0.000000;2.000000;0.696274;256.797485;1874.124878;1.702537;0.000000;0.000000;0.000000;0.000000;2.000000;-256.675140;535.561768;1984.535889;2.055035;0.000000;0.000000;0.000000;0.000000;2.000000;-247.083099;710.787659;1999.927612;1.888331;0.000000;0.000000;0.000000;0.000000;2.000000;27.354156;-779.432007;1968.035889;0.719568;0.000000;0.000000;0.000000;0.000000;2.000000;155.267166;-880.184570;1989.467651;0.537130;0.000000;0.000000;0.000000;0.000000;2.000000;122.533279;-869.514038;2035.153442;0.640552;0.000000;0.000000;0.000000;0.000000;1.000000;46.561295;-771.660706;2073.108398;0.995547;0.000000;0.000000;0.000000;0.000000;1.000000;107.576172;-902.185669;1995.602051;0.486974;0.000000;0.000000;0.000000;0.000000;2.000000;-18.005127;-876.721436;1956.708130;0.494400;0.000000;0.000000;0.000000;0.000000;2.000000;13006467072.000000
0.000000;-150.000000;2000.000000;0.000000;0.000000;0.000000;0.000000;0.000000;2.000000;-10.523972;-332.492249;1995.016113;0.083582;0.000000;0.000000;0.000000;0.000000;2.000000;-14.063583;-478.489624;1988.392334;0.171363;0.000000;0.000000;0.000000;0.000000;2.000000;-2.949608;-700.433472;1976.688843;0.342679;0.000000;0.000000;0.000000;0.000000;2.000000;4.023918;-665.387024;2012.003784;0.333491;0.000000;0.000000;0.000000;0.000000;2.000000;73.058838;-620.655640;2133.258301;0.569790;0.000000;0.000000;0.000000;0.000000;2.000000;123.578995;-355.833008;2220.123535;0.723980;0.000000;0.000000;0.000000;0.000000;2.000000;227.836288;-142.216797;2216.265625;1.055853;0.000000;0.000000;0.000000;0.000000;2.000000;214.375900;-81.877380;2139.327637;1.183565;0.000000;0.000000;0.000000;0.000000;2.000000;195.504959;-45.479733;2036.441284;1.252366;0.000000;0.000000;0.000000;0.000000;2.000000;211.868423;-100.483986;2079.273926;0.576761;0.000000;0.000000;0.000000;0.000000;1.000000;-15.623871;-662.274780;1945.956299;0.295507;0.000000;0.000000;0.000000;0.000000;2.000000;-37.765480;-605.074280;1825.923340;0.245869;0.000000;0.000000;0.000000;0.000000;2.000000;6.975525;-325.339844;1770.785645;0.297815;0.000000;0.000000;0.000000;0.000000;2.000000;46.089249;-92.119499;1725.678467;1.242214;0.000000;0.000000;0.000000;0.000000;2.000000;135.137589;-48.697361;1764.129272;1.017850;0.000000;0.000000;0.000000;0.000000;2.000000;105.461853;49.149742;1726.757202;0.928011;0.000000;0.000000;0.000000;0.000000;2.000000;109.509430;16.107534;1707.778564;0.967953;0.000000;0.000000;0.000000;0.000000;2.000000;44.366379;-154.801208;2082.118164;0.031107;0.000000;0.000000;0.000000;0.000000;2.000000;116.302063;239.997345;1996.463867;0.172085;0.000000;0.000000;0.000000;0.000000;2.000000;124.071762;626.051514;1927.991577;0.500486;0.000000;0.000000;0.000000;0.000000;2.000000;260.503906;737.792053;1852.017700;0.534759;0.000000;0.000000;0.000000;0.000000;2.000000;-40.007111;-145.670517;1925.950562;0.028050;0.000000;0.000000;0.000000;0.000000;2.000000;-21.744637;263.522217;1910.368164;1.317000;0.000000;0.000000;0.000000;0.000000;2.000000;-267.247375;553.000916;2024.253052;1.362516;0.000000;0.000000;0.000000;0.000000;2.000000;-254.949402;729.222046;2021.676147;0.902570;0.000000;0.000000;0.000000;0.000000;2.000000;14.333618;-781.945068;1968.471802;0.404907;0.000000;0.000000;0.000000;0.000000;2.000000;143.517807;-882.840515;1984.565308;0.396886;0.000000;0.000000;0.000000;0.000000;2.000000;111.343887;-873.899353;2031.216064;0.385944;0.000000;0.000000;0.000000;0.000000;1.000000;35.184967;-777.589294;2073.742188;0.391971;0.000000;0.000000;0.000000;0.000000;1.000000;95.920074;-905.402283;1990.699829;0.398185;0.000000;0.000000;0.000000;0.000000;2.000000;-30.759277;-879.361511;1954.515625;0.403069;0.000000;0.000000;0.000000;0.000000;2.000000;13006499840.000000
0.000000;-150.000000;2000.000000;0.000000;0.000000;0.000000;0.000000;0.000000;2.000000;-5.359093;-332.973175;1994.847412;0.153586;0.000000;0.000000;0.000000;0.000000;2.000000;-4.927963;-479.194336;1987.648926;0.272043;0.000000;0.000000;0.000000;0.000000;2.000000;4.292290;-701.419678;1973.800659;0.232561;0.000000;0.000000;0.000000;0.000000;2.000000;13.332405;-666.620361;2008.993164;0.291805;0.000000;0.000000;0.000000;0.000000;2.000000;77.968178;-623.066772;2133.315186;0.161866;0.000000;0.000000;0.000000;0.000000;2.000000;138.634460;-363.205750;2229.490479;0.568277;0.000000;0.000000;0.000000;0.000000;1.000000;279.026733;-172.935547;2201.833496;1.817583;0.000000;0.000000;0.000000;0.000000;1.000000;258.595612;-102.106544;2135.992188;1.442396;0.000000;0.000000;0.000000;0.000000;1.000000;230.157715;-59.206116;2037.745605;1.103668;0.000000;0.000000;0.000000;0.000000;1.000000;252.165588;-112.213097;2073.120117;1.255273;0.000000;0.000000;0.000000;0.000000;1.000000;-9.785828;-662.915405;1944.005615;0.183137;0.000000;0.000000;0.000000;0.000000;2.000000;-46.625992;-601.221069;1829.731812;0.307339;0.000000;0.000000;0.000000;0.000000;2.000000;-32.645199;-321.450897;1758.568726;1.232347;0.000000;0.000000;0.000000;0.000000;2.000000;51.070488;-99.299286;1716.592407;0.373055;0.000000;0.000000;0.000000;0.000000;2.000000;131.071106;-33.094265;1739.885620;0.861627;0.000000;0.000000;0.000000;0.000000;2.000000;84.675850;63.881027;1721.761719;0.768287;0.000000;0.000000;0.000000;0.000000;2.000000;105.031654;9.342894;1701.537842;0.302886;0.000000;0.000000;0.000000;0.000000;2.000000;51.166054;-153.703033;2078.281982;0.233310;0.000000;0.000000;0.000000;0.000000;2.000000;132.728516;238.981293;1988.814697;0.537067;0.000000;0.000000;0.000000;0.000000;2.000000;162.320709;624.514893;1920.157959;1.156283;0.000000;0.000000;0.000000;0.000000;2.000000;310.141815;715.715576;1837.645630;1.662960;0.000000;0.000000;0.000000;0.000000;2.000000;-46.138676;-146.660812;1929.409790;0.210386;0.000000;0.000000;0.000000;0.000000;2.000000;-70.772217;263.058594;1933.621094;1.605834;0.000000;0.000000;0.000000;0.000000;2.000000;-278.152740;582.419067;2045.377930;1.119303;0.000000;0.000000;0.000000;0.000000;2.000000;-221.108917;744.458252;2003.067627;1.228582;0.000000;0.000000;0.000000;0.000000;2.000000;20.673279;-783.076904;1964.098267;0.230368;0.000000;0.000000;0.000000;0.000000;2.000000;150.223541;-885.162598;1963.763184;0.650428;0.000000;0.000000;0.000000;0.000000;2.000000;126.047310;-873.692505;2014.603516;0.656540;0.000000;0.000000;0.000000;0.000000;2.000000;58.358284;-774.370117;2064.460449;0.744843;0.000000;0.000000;0.000000;0.000000;1.000000;104.019402;-906.773560;1978.540894;0.434238;0.000000;0.000000;0.000000;0.000000;2.000000;-26.842060;-880.492310;1962.075195;0.254172;0.000000;0.000000;0.000000;0.000000;2.000000;13006533632.000000
0.000000;-150.000000;2000.000000;0.000000;0.000000;0.000000;0.000000;0.000000;2.000000;-7.326859;-333.975769;1996.108398;0.077609;0.000000;0.000000;0.000000;0.000000;2.000000;-6.795628;-481.042419;1989.213257;0.093320;0.000000;0.000000;0.000000;0.000000;2.000000;1.486336;-704.048889;1968.590088;0.197626;0.000000;0.000000;0.000000;0.000000;2.000000;10.201286;-670.204590;2005.177490;0.186157;0.000000;0.000000;0.000000;0.000000;2.000000;69.647163;-631.097717;2134.453857;0.354624;0.000000;0.000000;0.000000;0.000000;2.000000;148.054810;-373.520142;2228.683105;0.427008;0.000000;0.000000;0.000000;0.000000;1.000000;302.726318;-193.047867;2199.893066;0.950436;0.000000;0.000000;0.000000;0.000000;1.000000;285.348206;-120.880013;2133.785645;0.999661;0.000000;0.000000;0.000000;0.000000;1.000000;251.568115;-69.878639;2040.515991;0.734950;0.000000;0.000000;0.000000;0.000000;1.000000;279.613800;-124.934906;2071.731689;0.924222;0.000000;0.000000;0.000000;0.000000;1.000000;-11.981468;-664.345520;1939.607544;0.156234;0.000000;0.000000;0.000000;0.000000;2.000000;-45.285069;-599.418152;1825.132446;0.156215;0.000000;0.000000;0.000000;0.000000;2.000000;-31.477409;-316.934814;1758.097290;0.143078;0.000000;0.000000;0.000000;0.000000;2.000000;30.451042;-87.941246;1708.000854;0.764757;0.000000;0.000000;0.000000;0.000000;2.000000;113.622841;-27.173794;1737.059082;0.568875;0.000000;0.000000;0.000000;0.000000;2.000000;101.245232;78.590218;1763.158325;1.432892;0.000000;0.000000;0.000000;0.000000;2.000000;99.576820;-3.930297;1700.313599;0.439529;0.000000;0.000000;0.000000;0.000000;2.000000;47.936462;-153.620819;2080.921875;0.127321;0.000000;0.000000;0.000000;0.000000;2.000000;141.410278;236.923782;1983.371338;0.318958;0.000000;0.000000;0.000000;0.000000;2.000000;183.233948;622.200867;1907.264404;0.753087;0.000000;0.000000;0.000000;0.000000;2.000000;341.158783;699.772583;1827.015015;1.112633;0.000000;0.000000;0.000000;0.000000;2.000000;-43.226410;-146.734955;1927.029175;0.114813;0.000000;0.000000;0.000000;0.000000;2.000000;-72.937897;264.188965;1952.913086;0.593446;0.000000;0.000000;0.000000;0.000000;2.000000;-284.280640;592.299500;2036.319458;0.449790;0.000000;0.000000;0.000000;0.000000;2.000000;-203.399323;742.711243;1986.405884;0.743963;0.000000;0.000000;0.000000;0.000000;2.000000;17.668434;-785.928589;1956.581177;0.261932;0.000000;0.000000;0.000000;0.000000;2.000000;151.395325;-884.055908;1958.150757;0.178201;0.000000;0.000000;0.000000;0.000000;2.000000;122.818520;-877.678040;2007.960693;0.256124;0.000000;0.000000;0.000000;0.000000;2.000000;47.368050;-784.601685;2060.582520;0.473277;0.000000;0.000000;0.000000;0.000000;1.000000;104.785164;-908.420959;1967.432495;0.343505;0.000000;0.000000;0.000000;0.000000;2.000000;-26.071335;-884.818970;1942.697876;0.606367;0.000000;0.000000;0.000000;0.000000;2.000000;13006566400.000000
0.000000;-150.000000;2000.000000;0.000000;0.000000;0.000000;0.000000;0.000000;2.000000;2.770250;-334.043823;1987.217529;0.398135;0.000000;0.000000;0.000000;0.000000;2.000000;14.025591;-479.964050;1968.822876;0.863001;0.000000;0.000000;0.000000;0.000000;2.000000;15.036489;-704.362122;1961.156860;0.457453;0.000000;0.000000;0.000000;0.000000;2.000000;29.996080;-668.597656;1993.817871;0.677059;0.000000;0.000000;0.000000;0.000000;2.000000;104.021423;-621.530396;2112.822754;1.234778;0.000000;0.000000;0.000000;0.000000;2.000000;126.942352;-346.980530;2188.819824;1.548800;0.000000;0.000000;0.000000;0.000000;2.000000;217.019119;-125.428436;2170.425049;3.346274;0.000000;0.000000;0.000000;0.000000;2.000000;205.397827;-66.262802;2091.166992;3.130612;0.000000;0.000000;0.000000;0.000000;2.000000;187.628113;-1.997301;2001.487915;2.991566;0.000000;0.000000;0.000000;0.000000;2.000000;221.836044;-32.643173;2064.348145;3.229624;0.000000;0.000000;0.000000;0.000000;2.000000;-2.130495;-666.017395;1932.131714;0.369288;0.000000;0.000000;0.000000;0.000000;2.000000;-53.689236;-603.386658;1822.964600;0.282419;0.000000;0.000000;0.000000;0.000000;2.000000;-51.262886;-318.472107;1762.831055;0.603749;0.000000;0.000000;0.000000;0.000000;2.000000;9.264673;-88.799774;1711.934326;0.638184;0.000000;0.000000;0.000000;0.000000;2.000000;93.840652;-33.685493;1748.085815;0.697365;0.000000;0.000000;0.000000;0.000000;2.000000;114.965714;65.167053;1791.067383;1.002383;0.000000;0.000000;0.000000;0.000000;2.000000;77.650475;-6.407359;1710.773438;0.722640;0.000000;0.000000;0.000000;0.000000;2.000000;63.482819;-153.880112;2069.624023;0.568766;0.000000;0.000000;0.000000;0.000000;2.000000;168.174652;235.719269;1976.503540;0.818469;0.000000;0.000000;0.000000;0.000000;2.000000;220.695190;622.363953;1910.832153;1.113610;0.000000;0.000000;0.000000;0.000000;2.000000;371.066345;685.963257;1806.517456;1.148151;0.000000;0.000000;0.000000;0.000000;2.000000;-57.245247;-146.501129;1937.217041;0.512883;0.000000;0.000000;0.000000;0.000000;2.000000;-86.973946;264.900574;1967.474854;0.598889;0.000000;0.000000;0.000000;0.000000;2.000000;-252.177353;618.283264;2055.253418;1.344527;0.000000;0.000000;0.000000;0.000000;2.000000;-165.921509;741.651733;1959.776855;1.360888;0.000000;0.000000;0.000000;0.000000;2.000000;27.713305;-787.373901;1951.916626;0.330522;0.000000;0.000000;0.000000;0.000000;2.000000;155.083237;-893.894043;1944.991455;0.498318;0.000000;0.000000;0.000000;0.000000;2.000000;133.912186;-881.445923;1997.410034;0.466575;0.000000;0.000000;0.000000;0.000000;2.000000;71.417145;-779.277893;2050.751953;0.784819;0.000000;0.000000;0.000000;0.000000;2.000000;108.825333;-914.278809;1962.532471;0.255678;0.000000;0.000000;0.000000;0.000000;2.000000;-22.941145;-884.134766;1953.052246;0.320750;0.000000;0.000000;0.000000;0.000000;2.000000;13006600192.000000
0.000000;-150.000000;2000.000000;0.000000;0.000000;0.000000;0.000000;0.000000;2.000000;1.696472;-334.419189;1994.848877;0.235463;0.000000;0.000000;0.000000;0.000000;2.000000;14.934582;-480.656189;1980.880005;0.369603;0.000000;0.000000;0.000000;0.000000;2.000000;6.722935;-704.730713;1969.369263;0.356801;0.000000;0.000000;0.000000;0.000000;2.000000;24.411949;-670.191895;2001.981079;0.305728;0.000000;0.000000;0.000000;0.000000;2.000000;102.312248;-625.389771;2119.366943;0.237650;0.000000;0.000000;0.000000;0.000000;2.000000;120.388069;-349.337463;2191.052490;0.223214;0.000000;0.000000;0.000000;0.000000;2.000000;213.640076;-130.462006;2160.565430;0.353223;0.000000;0.000000;0.000000;0.000000;2.000000;201.266724;-55.615452;2096.056641;0.379132;0.000000;0.000000;0.000000;0.000000;2.000000;203.331512;-9.935426;1994.095947;0.582440;0.000000;0.000000;0.000000;0.000000;2.000000;208.263580;-52.312202;2040.733398;1.025290;0.000000;0.000000;0.000000;0.000000;2.000000;-10.079402;-665.214722;1941.739502;0.381334;0.000000;0.000000;0.000000;0.000000;2.000000;-68.922668;-598.845825;1838.641479;0.681329;0.000000;0.000000;0.000000;0.000000;2.000000;-111.293526;-314.478027;1792.494385;2.047077;0.000000;0.000000;0.000000;0.000000;2.000000;-40.524513;-89.571724;1734.129028;1.663744;0.000000;0.000000;0.000000;0.000000;2.000000;50.916725;-34.918995;1721.961426;1.533935;0.000000;0.000000;0.000000;0.000000;2.000000;26.013512;45.943924;1791.999634;2.777417;0.000000;0.000000;0.000000;0.000000;2.000000;40.117344;-14.028082;1709.697144;1.169253;0.000000;0.000000;0.000000;0.000000;2.000000;60.264465;-151.470947;2072.510498;0.151035;0.000000;0.000000;0.000000;0.000000;2.000000;177.572388;234.335648;1978.729980;0.297744;0.000000;0.000000;0.000000;0.000000;2.000000;222.343536;622.277039;1915.114502;0.140059;0.000000;0.000000;0.000000;0.000000;2.000000;370.697327;669.058105;1799.628906;0.557205;0.000000;0.000000;0.000000;0.000000;2.000000;-54.343124;-148.673584;1934.614014;0.136197;0.000000;0.000000;0.000000;0.000000;2.000000;-94.487106;260.113342;1982.735107;0.539256;0.000000;0.000000;0.000000;0.000000;2.000000;-243.772675;623.222656;2058.408447;0.312698;0.000000;0.000000;0.000000;0.000000;2.000000;-157.368195;737.280396;1952.118164;0.374911;0.000000;0.000000;0.000000;0.000000;2.000000;15.705723;-787.983032;1958.202026;0.414027;0.000000;0.000000;0.000000;0.000000;2.000000;146.057220;-888.697876;1936.295898;0.414053;0.000000;0.000000;0.000000;0.000000;2.000000;126.265846;-882.528320;1990.340210;0.319518;0.000000;0.000000;0.000000;0.000000;2.000000;62.402779;-788.721252;2055.986084;0.429238;0.000000;0.000000;0.000000;0.000000;2.000000;101.076904;-912.396912;1952.965210;0.380078;0.000000;0.000000;0.000000;0.000000;2.000000;-31.809423;-886.033936;1950.652710;0.286298;0.000000;0.000000;0.000000;0.000000;2.000000;13006632960.000000
0.000000;-150.000000;2000.000000;0.000000;0.000000;0.000000;0.000000;0.000000;2.000000;3.156481;-334.392914;1996.873413;0.073870;0.000000;0.000000;0.000000;0.000000;2.000000;12.388737;-481.282471;1987.847412;0.220299;0.000000;0.000000;0.000000;0.000000;2.000000;10.105894;-705.464722;1976.995728;0.247849;0.000000;0.000000;0.000000;0.000000;2.000000;30.157349;-670.321899;2007.505493;0.235901;0.000000;0.000000;0.000000;0.000000;2.000000;124.510452;-627.487549;2112.887695;0.687128;0.000000;0.000000;0.000000;0.000000;2.000000;102.158707;-349.156403;2173.353516;0.751911;0.000000;0.000000;0.000000;0.000000;2.000000;194.011322;-151.486832;2073.408936;2.716030;0.000000;0.000000;0.000000;0.000000;2.000000;230.963150;-59.201408;2078.777832;1.022256;0.000000;0.000000;0.000000;0.000000;2.000000;229.635315;11.354456;1992.175903;1.003033;0.000000;0.000000;0.000000;0.000000;2.000000;214.040985;-32.176018;1993.351440;1.533094;0.000000;0.000000;0.000000;0.000000;2.000000;-10.876322;-666.572632;1951.443970;0.290938;0.000000;0.000000;0.000000;0.000000;2.000000;-77.478683;-602.435913;1851.761230;0.475535;0.000000;0.000000;0.000000;0.000000;2.000000;-105.058182;-318.106232;1795.746338;0.234173;0.000000;0.000000;0.000000;0.000000;2.000000;-34.718613;-95.824577;1727.869507;0.313164;0.000000;0.000000;0.000000;0.000000;2.000000;-4.236074;6.649906;1735.597656;2.083247;0.000000;0.000000;0.000000;0.000000;2.000000;-36.352608;33.368164;1837.146362;2.308601;0.000000;0.000000;0.000000;0.000000;2.000000;12.509106;14.498199;1730.078491;1.320570;0.000000;0.000000;0.000000;0.000000;2.000000;65.734901;-150.020462;2067.569336;0.222330;0.000000;0.000000;0.000000;0.000000;2.000000;206.353577;229.232224;1979.825684;0.865610;0.000000;0.000000;0.000000;0.000000;2.000000;220.557526;622.215454;1937.126221;0.653532;0.000000;0.000000;0.000000;0.000000;2.000000;356.306366;687.642700;1815.452759;0.838517;0.000000;0.000000;0.000000;0.000000;2.000000;-59.276047;-149.981552;1939.069824;0.200487;0.000000;0.000000;0.000000;0.000000;2.000000;-87.062889;260.591492;1978.998047;0.246374;0.000000;0.000000;0.000000;0.000000;2.000000;-207.451523;634.104248;2054.923828;1.126774;0.000000;0.000000;0.000000;0.000000;2.000000;-120.911057;737.346680;1938.278076;1.153996;0.000000;0.000000;0.000000;0.000000;2.000000;20.451765;-788.388672;1964.794678;0.240691;0.000000;0.000000;0.000000;0.000000;2.000000;150.419434;-886.473877;1931.827515;0.196166;0.000000;0.000000;0.000000;0.000000;2.000000;131.775345;-884.901489;1986.586548;0.209413;0.000000;0.000000;0.000000;0.000000;2.000000;69.199944;-797.133301;2061.144531;0.354587;0.000000;0.000000;0.000000;0.000000;2.000000;105.850288;-911.619507;1947.396362;0.218269;0.000000;0.000000;0.000000;0.000000;2.000000;-27.055811;-885.592285;1950.086548;0.142269;0.000000;0.000000;0.000000;0.000000;2.000000;13006666752.000000
0.000000;-150.000000;2000.000000;0.000000;0.000000;0.000000;0.000000;0.000000;2.000000;-9.936264;-333.894348;2003.355225;0.446102;0.000000;0.000000;0.000000;0.000000;2.000000;-4.266041;-480.575195;1991.686401;0.522038;0.000000;0.000000;0.000000;0.000000;2.000000;-1.004646;-704.643982;1986.699463;0.450876;0.000000;0.000000;0.000000;0.000000;2.000000;22.620327;-668.134949;2012.580078;0.285206;0.000000;0.000000;0.000000;0.000000;2.000000;135.650543;-603.682251;2082.241699;1.232083;0.000000;0.000000;0.000000;0.000000;2.000000;126.010048;-329.177368;2005.079102;5.222371;0.000000;0.000000;0.000000;0.000000;2.000000;149.221069;-118.540161;1893.568970;5.744610;0.000000;0.000000;0.000000;0.000000;1.000000;180.774506;-66.655922;1972.284058;3.599961;0.000000;0.000000;0.000000;0.000000;1.000000;252.990326;18.355078;1974.168701;0.925002;0.000000;0.000000;0.000000;0.000000;1.000000;230.919037;-27.421774;1974.289551;0.790415;0.000000;0.000000;0.000000;0.000000;1.000000;-27.138458;-667.163696;1964.097534;0.629076;0.000000;0.000000;0.000000;0.000000;2.000000;-99.507988;-606.454712;1866.566284;0.819231;0.000000;0.000000;0.000000;0.000000;2.000000;-115.677986;-321.401672;1811.864014;0.597568;0.000000;0.000000;0.000000;0.000000;2.000000;-60.137924;-95.703552;1742.741943;0.898765;0.000000;0.000000;0.000000;0.000000;2.000000;-39.301590;7.639302;1761.302612;1.327186;0.000000;0.000000;0.000000;0.000000;2.000000;-44.880966;56.541142;1859.291626;1.012214;0.000000;0.000000;0.000000;0.000000;2.000000;-4.624474;14.266535;1749.903076;0.799670;0.000000;0.000000;0.000000;0.000000;2.000000;68.303352;-152.509460;2064.735352;0.139260;0.000000;0.000000;0.000000;0.000000;2.000000;220.320038;222.452118;1980.297485;0.474010;0.000000;0.000000;0.000000;0.000000;2.000000;170.553040;613.637695;1957.309082;1.666320;0.000000;0.000000;0.000000;0.000000;2.000000;285.841766;719.678101;1843.846191;2.516121;0.000000;0.000000;0.000000;0.000000;2.000000;-61.592140;-147.737106;1941.625366;0.125578;0.000000;0.000000;0.000000;0.000000;2.000000;-113.209846;261.136902;1966.626221;0.882915;0.000000;0.000000;0.000000;0.000000;2.000000;-199.701996;644.394043;2037.084961;0.671498;0.000000;0.000000;0.000000;0.000000;2.000000;-114.122627;745.334290;1918.112183;0.693594;0.000000;0.000000;0.000000;0.000000;2.000000;9.867271;-787.446350;1974.940430;0.448365;0.000000;0.000000;0.000000;0.000000;2.000000;144.009216;-868.070435;1919.903076;0.697225;0.000000;0.000000;0.000000;0.000000;2.000000;128.896973;-876.629333;1975.019409;0.442781;0.000000;0.000000;0.000000;0.000000;2.000000;65.165863;-807.159851;2065.810547;0.359249;0.000000;0.000000;0.000000;0.000000;2.000000;102.533516;-898.865112;1933.494019;0.584593;0.000000;0.000000;0.000000;0.000000;2.000000;-31.272141;-884.559387;1947.268188;0.157949;0.000000;0.000000;0.000000;0.000000;2.000000;13006699520.000000
0.000000;-150.000000;2000.000000;0.000000;0.000000;0.000000;0.000000;0.000000;2.000000;-8.069782;-334.206299;1998.932739;0.142352;0.000000;0.000000;0.000000;0.000000;2.000000;-7.830559;-481.254883;1988.652344;0.139975;0.000000;0.000000;0.000000;0.000000;2.000000;-21.267967;-705.233459;1989.478149;0.605511;0.000000;0.000000;0.000000;0.000000;2.000000;6.693787;-669.992004;2012.767822;0.474537;0.000000;0.000000;0.000000;0.000000;2.000000;126.080559;-622.273865;2085.556396;0.626515;0.000000;0.000000;0.000000;0.000000;2.000000;143.477600;-339.392700;2050.255615;1.464884;0.000000;0.000000;0.000000;0.000000;2.000000;175.274628;-110.023285;1988.286987;2.917980;0.000000;0.000000;0.000000;0.000000;2.000000;219.451660;-30.442642;1948.041626;1.724278;0.000000;0.000000;0.000000;0.000000;1.000000;290.047638;53.867958;1928.559204;2.031937;0.000000;0.000000;0.000000;0.000000;1.000000;249.546783;-7.427680;1949.269897;1.096428;0.000000;0.000000;0.000000;0.000000;1.000000;-46.107376;-666.372681;1967.640503;0.571531;0.000000;0.000000;0.000000;0.000000;2.000000;-126.551125;-602.608154;1878.551514;0.882726;0.000000;0.000000;0.000000;0.000000;2.000000;-151.529846;-317.497803;1825.879761;1.144992;0.000000;0.000000;0.000000;0.000000;2.000000;-99.645226;-92.149567;1752.044678;1.205702;0.000000;0.000000;0.000000;0.000000;2.000000;-68.097900;10.203657;1755.360229;0.873422;0.000000;0.000000;0.000000;0.000000;2.000000;-78.962761;63.704063;1850.592651;1.062274;0.000000;0.000000;0.000000;0.000000;2.000000;-42.266159;4.720343;1850.258057;3.184376;0.000000;0.000000;0.000000;0.000000;2.000000;76.832100;-153.681305;2054.443848;0.397060;0.000000;0.000000;0.000000;0.000000;2.000000;218.516693;225.498001;1968.760864;0.357109;0.000000;0.000000;0.000000;0.000000;2.000000;129.717255;609.816833;1996.548950;1.679747;0.000000;0.000000;0.000000;0.000000;2.000000;221.919342;735.793396;1882.019531;2.254300;0.000000;0.000000;0.000000;0.000000;2.000000;-69.282890;-146.680405;1950.905396;0.358040;0.000000;0.000000;0.000000;0.000000;2.000000;-108.222603;264.790710;1951.016602;0.496845;0.000000;0.000000;0.000000;0.000000;2.000000;-187.374146;651.802246;2011.203613;0.876218;0.000000;0.000000;0.000000;0.000000;2.000000;-106.630089;755.453979;1890.910522;0.887032;0.000000;0.000000;0.000000;0.000000;2.000000;-17.282066;-788.940674;1979.239746;0.814638;0.000000;0.000000;0.000000;0.000000;2.000000;108.234192;-852.816650;1891.224976;1.429968;0.000000;0.000000;0.000000;0.000000;2.000000;104.331909;-868.466736;1946.779175;1.133671;0.000000;0.000000;0.000000;0.000000;2.000000;55.306496;-814.256165;2055.519043;0.471148;0.000000;0.000000;0.000000;0.000000;2.000000;71.763687;-887.981689;1908.329224;1.219603;0.000000;0.000000;0.000000;0.000000;2.000000;-57.703346;-885.376282;1947.929443;0.782792;0.000000;0.000000;0.000000;0.000000;2.000000;13006733312.000000
