posX0;posY0;posZ0;posVel0;rotX0;rotY0;rotZ0;rotVel0;confidence0;posX1;posY1;posZ1;posVel1;rotX1;rotY1;rotZ1;rotVel1;confidence1;posX2;posY2;posZ2;posVel2;rotX2;rotY2;rotZ2;rotVel2;confidence2;posX3;posY3;posZ3;posVel3;rotX3;rotY3;rotZ3;rotVel3;confidence3;posX4;posY4;posZ4;posVel4;rotX4;rotY4;rotZ4;rotVel4;confidence4;posX5;posY5;posZ5;posVel5;rotX5;rotY5;rotZ5;rotVel5;confidence5;posX6;posY6;posZ6;posVel6;rotX6;rotY6;rotZ6;rotVel6;confidence6;posX7;posY7;posZ7;posVel7;rotX7;rotY7;rotZ7;rotVel7;confidence7;posX8;posY8;posZ8;posVel8;rotX8;rotY8;rotZ8;rotVel8;confidence8;posX9;posY9;posZ9;posVel9;rotX9;rotY9;rotZ9;rotVel9;confidence9;posX10;posY10;posZ10;posVel10;rotX10;rotY10;rotZ10;rotVel10;confidence10;posX11;posY11;posZ11;posVel11;rotX11;rotY11;rotZ11;rotVel11;confidence11;posX12;posY12;posZ12;posVel12;rotX12;rotY12;rotZ12;rotVel12;confidence12;posX13;posY13;posZ13;posVel13;rotX13;rotY13;rotZ13;rotVel13;confidence13;posX14;posY14;posZ14;posVel14;rotX14;rotY14;rotZ14;rotVel14;confidence14;posX15;posY15;posZ15;posVel15;rotX15;rotY15;rotZ15;rotVel15;confidence15;posX16;posY16;posZ16;posVel16;rotX16;rotY16;rotZ16;rotVel16;confidence16;posX17;posY17;posZ17;posVel17;rotX17;rotY17;rotZ17;rotVel17;confidence17;posX18;posY18;posZ18;posVel18;rotX18;rotY18;rotZ18;rotVel18;confidence18;posX19;posY19;posZ19;posVel19;rotX19;rotY19;rotZ19;rotVel19;confidence19;posX20;posY20;posZ20;posVel20;rotX20;rotY20;rotZ20;rotVel20;confidence20;posX21;posY21;posZ21;posVel21;rotX21;rotY21;rotZ21;rotVel21;confidence21;posX22;posY22;posZ22;posVel22;rotX22;rotY22;rotZ22;rotVel22;confidence22;posX23;posY23;posZ23;posVel23;rotX23;rotY23;rotZ23;rotVel23;confidence23;posX24;posY24;posZ24;posVel24;rotX24;rotY24;rotZ24;rotVel24;confidence24;posX25;posY25;posZ25;posVel25;rotX25;rotY25;rotZ25;rotVel25;confidence25;posX26;posY26;posZ26;posVel26;rotX26;rotY26;rotZ26;rotVel26;confidence26;posX27;posY27;posZ27;posVel27;rotX27;rotY27;rotZ27;rotVel27;confidence27;posX28;posY28;posZ28;posVel28;rotX28;rotY28;rotZ28;rotVel28;confidence28;posX29;posY29;posZ29;posVel29;rotX29;rotY29;rotZ29;rotVel29;confidence29;posX30;posY30;posZ30;posVel30;rotX30;rotY30;rotZ30;rotVel30;confidence30;posX31;posY31;posZ31;posVel31;rotX31;rotY31;rotZ31;rotVel31;confidence31;TimeStamp
0.000000;-150.000000;2000.000000;0.000000;0.000000;0.000000;0.000000;0.000000;2.000000;-2.917674;-291.004456;2110.778564;0.000000;0.000000;0.000000;0.000000;0.000000;2.000000;-6.166032;-412.340118;2187.087158;0.000000;0.000000;0.000000;0.000000;0.000000;2.000000;-27.838392;-620.272583;2249.727539;0.000000;0.000000;0.000000;0.000000;0.000000;2.000000;9.234313;-590.483276;2236.847656;0.000000;0.000000;0.000000;0.000000;0.000000;2.000000;150.826996;-593.719543;2212.538574;0.000000;0.000000;0.000000;0.000000;0.000000;2.000000;214.585999;-471.542297;1971.345459;0.000000;0.000000;0.000000;0.000000;0.000000;2.000000;48.703526;-635.273254;1977.208374;0.000000;0.000000;0.000000;0.000000;0.000000;2.000000;18.732037;-714.682007;2023.744507;0.000000;0.000000;0.000000;0.000000;0.000000;2.000000;-20.671473;-802.758545;2073.626221;0.000000;0.000000;0.000000;0.000000;0.000000;2.000000;-39.989891;-719.577637;2021.160156;0.000000;0.000000;0.000000;0.000000;0.000000;2.000000;-57.343380;-580.788574;2243.904297;0.000000;0.000000;0.000000;0.000000;0.000000;2.000000;-183.295731;-541.294434;2236.640625;0.000000;0.000000;0.000000;0.000000;0.000000;2.000000;-255.726166;-277.094208;2165.464111;0.000000;0.000000;0.000000;0.000000;0.000000;2.000000;-137.634933;-223.165604;1968.257813;0.000000;0.000000;0.000000;0.000000;0.000000;2.000000;-118.381584;-162.502243;1885.724487;0.000000;0.000000;0.000000;0.000000;0.000000;2.000000;-24.363169;-112.297882;1891.976318;0.000000;0.000000;0.000000;0.000000;0.000000;2.000000;-39.832699;-184.105026;1869.618408;0.000000;0.000000;0.000000;0.000000;0.000000;2.000000;91.470818;-154.680222;1996.451904;0.000000;0.000000;0.000000;0.000000;0.000000;2.000000;209.486572;-16.542480;1637.368896;0.000000;0.000000;0.000000;0.000000;0.000000;2.000000;222.174896;347.178467;1761.718506;0.000000;0.000000;0.000000;0.000000;0.000000;2.000000;250.602463;454.703796;1609.749756;0.000000;0.000000;0.000000;0.000000;0.000000;2.000000;-82.483261;-145.779633;2003.199463;0.000000;0.000000;0.000000;0.000000;0.000000;2.000000;-260.882874;-28.330231;1662.639526;0.000000;0.000000;0.000000;0.000000;0.000000;2.000000;-185.514389;334.253906;1780.526978;0.000000;0.000000;0.000000;0.000000;0.000000;2.000000;-214.200851;455.208496;1659.831177;0.000000;0.000000;0.000000;0.000000;0.000000;2.000000;-37.775902;-701.115112;2260.145508;0.000000;0.000000;0.000000;0.000000;0.000000;2.000000;-18.255814;-743.890503;2105.609863;0.000000;0.000000;0.000000;0.000000;0.000000;2.000000;-11.539345;-784.092346;2144.397461;0.000000;0.000000;0.000000;0.000000;0.000000;2.000000;23.228436;-786.714050;2266.970215;0.000000;0.000000;0.000000;0.000000;0.000000;2.000000;-58.644043;-765.726440;2130.040527;0.000000;0.000000;0.000000;0.000000;0.000000;2.000000;-133.544678;-739.518250;2235.158203;0.000000;0.000000;0.000000;0.000000;0.000000;2.000000;3377299968.000000
0.000000;-150.000000;2000.000000;0.000000;0.000000;0.000000;0.000000;0.000000;2.000000;-3.103832;-291.137329;2110.547363;0.009772;0.000000;0.000000;0.000000;0.000000;2.000000;-6.476225;-412.520355;2186.722656;0.015368;0.000000;0.000000;0.000000;0.000000;2.000000;-27.806955;-620.501953;2249.168457;0.018183;0.000000;0.000000;0.000000;0.000000;2.000000;9.215110;-590.634460;2236.361084;0.015321;0.000000;0.000000;0.000000;0.000000;2.000000;150.899506;-594.923462;2212.931152;0.038112;0.000000;0.000000;0.000000;0.000000;2.000000;215.240280;-472.404938;1972.128418;0.040148;0.000000;0.000000;0.000000;0.000000;2.000000;50.032547;-636.690186;1979.526855;0.090889;0.000000;0.000000;0.000000;0.000000;2.000000;20.098604;-715.866577;2026.442383;0.097595;0.000000;0.000000;0.000000;0.000000;2.000000;-19.452330;-803.561646;2076.831055;0.105820;0.000000;0.000000;0.000000;0.000000;2.000000;-38.847050;-720.666626;2023.570190;0.086569;0.000000;0.000000;0.000000;0.000000;2.000000;-57.377975;-581.080688;2243.337402;0.019191;0.000000;0.000000;0.000000;0.000000;2.000000;-183.567154;-542.325073;2236.702881;0.032079;0.000000;0.000000;0.000000;0.000000;2.000000;-255.432922;-277.165741;2168.816406;0.101138;0.000000;0.000000;0.000000;0.000000;2.000000;-138.918625;-224.561798;1970.373169;0.085370;0.000000;0.000000;0.000000;0.000000;2.000000;-123.512199;-166.145630;1885.470703;0.189236;0.000000;0.000000;0.000000;0.000000;2.000000;-33.032768;-110.393890;1895.460327;0.286523;0.000000;0.000000;0.000000;0.000000;2.000000;-39.034218;-185.358185;1872.282349;0.091657;0.000000;0.000000;0.000000;0.000000;2.000000;91.458679;-154.675903;1996.598022;0.004408;0.000000;0.000000;0.000000;0.000000;2.000000;210.856415;-16.404572;1638.111694;0.047006;0.000000;0.000000;0.000000;0.000000;2.000000;220.648193;348.860809;1757.879517;0.134039;0.000000;0.000000;0.000000;0.000000;2.000000;252.876480;456.145966;1606.546387;0.125745;0.000000;0.000000;0.000000;0.000000;2.000000;-82.472313;-145.783524;2003.067749;0.003973;0.000000;0.000000;0.000000;0.000000;2.000000;-254.943268;-26.538208;1660.178223;0.200554;0.000000;0.000000;0.000000;0.000000;2.000000;-184.993118;335.783417;1781.900269;0.063721;0.000000;0.000000;0.000000;0.000000;2.000000;-214.893188;455.872711;1660.684570;0.038583;0.000000;0.000000;0.000000;0.000000;2.000000;-37.593384;-701.356201;2259.511719;0.021101;0.000000;0.000000;0.000000;0.000000;2.000000;-14.796498;-744.482178;2105.556152;0.105468;0.000000;0.000000;0.000000;0.000000;2.000000;-8.988511;-784.603882;2144.556641;0.078320;0.000000;0.000000;0.000000;0.000000;2.000000;23.100380;-787.017822;2267.836670;0.027856;0.000000;0.000000;0.000000;0.000000;2.000000;-55.732109;-766.199463;2129.145264;0.092637;0.000000;0.000000;0.000000;0.000000;2.000000;-132.839645;-739.656982;2232.537109;0.081665;0.000000;0.000000;0.000000;0.000000;2.000000;3377333248.000000
0.000000;-150.000000;2000.000000;0.000000;0.000000;0.000000;0.000000;0.000000;2.000000;-3.199496;-293.499451;2108.655762;0.090282;0.000000;0.000000;0.000000;0.000000;2.000000;-6.474944;-415.245117;2185.338623;0.091130;0.000000;0.000000;0.000000;0.000000;2.000000;-28.381279;-625.004028;2244.623779;0.191520;0.000000;0.000000;0.000000;0.000000;2.000000;8.842970;-594.937134;2232.110840;0.180683;0.000000;0.000000;0.000000;0.000000;2.000000;151.124130;-604.898071;2210.557617;0.305808;0.000000;0.000000;0.000000;0.000000;2.000000;214.791367;-472.336914;1973.639404;0.047046;0.000000;0.000000;0.000000;0.000000;2.000000;50.008266;-638.521057;1975.629883;0.128390;0.000000;0.000000;0.000000;0.000000;2.000000;18.316975;-716.765991;2023.740601;0.100161;0.000000;0.000000;0.000000;0.000000;2.000000;-19.397816;-806.195190;2073.424316;0.128409;0.000000;0.000000;0.000000;0.000000;2.000000;-39.971634;-724.144043;2021.065918;0.132109;0.000000;0.000000;0.000000;0.000000;2.000000;-57.952263;-585.227478;2239.558105;0.168175;0.000000;0.000000;0.000000;0.000000;2.000000;-185.161102;-547.855896;2233.957764;0.190154;0.000000;0.000000;0.000000;0.000000;2.000000;-254.057938;-279.877747;2169.404053;0.092346;0.000000;0.000000;0.000000;0.000000;2.000000;-141.303360;-228.024261;1967.493774;0.151948;0.000000;0.000000;0.000000;0.000000;2.000000;-120.640503;-166.772583;1885.233398;0.087932;0.000000;0.000000;0.000000;0.000000;2.000000;-30.184769;-110.310745;1896.001465;0.086479;0.000000;0.000000;0.000000;0.000000;2.000000;-39.540596;-188.869476;1871.405396;0.108969;0.000000;0.000000;0.000000;0.000000;2.000000;91.835342;-154.563980;1996.676636;0.011949;0.000000;0.000000;0.000000;0.000000;2.000000;215.482864;-10.608185;1640.059082;0.228642;0.000000;0.000000;0.000000;0.000000;2.000000;225.333954;355.701782;1761.579102;0.270747;0.000000;0.000000;0.000000;0.000000;2.000000;249.760071;449.617798;1599.349365;0.304277;0.000000;0.000000;0.000000;0.000000;2.000000;-82.811951;-145.884445;2002.996948;0.010774;0.000000;0.000000;0.000000;0.000000;2.000000;-257.657257;-25.163544;1659.933594;0.091010;0.000000;0.000000;0.000000;0.000000;2.000000;-191.656906;337.639038;1787.282227;0.261343;0.000000;0.000000;0.000000;0.000000;2.000000;-215.743134;448.323608;1655.302734;0.277611;0.000000;0.000000;0.000000;0.000000;2.000000;-38.455910;-706.309692;2253.690674;0.229363;0.000000;0.000000;0.000000;0.000000;2.000000;-23.053530;-747.385010;2097.591309;0.352875;0.000000;0.000000;0.000000;0.000000;2.000000;-16.364206;-788.438110;2135.799561;0.360040;0.000000;0.000000;0.000000;0.000000;2.000000;21.049379;-793.604919;2258.018311;0.357820;0.000000;0.000000;0.000000;0.000000;2.000000;-63.533504;-768.795349;2122.661621;0.312226;0.000000;0.000000;0.000000;0.000000;2.000000;-135.902573;-742.442078;2230.120605;0.142936;0.000000;0.000000;0.000000;0.000000;2.000000;3377366784.000000
0.000000;-150.000000;2000.000000;0.000000;0.000000;0.000000;0.000000;0.000000;2.000000;-3.231715;-293.455933;2108.677734;0.001756;0.000000;0.000000;0.000000;0.000000;2.000000;-6.535425;-415.178101;2185.364746;0.002824;0.000000;0.000000;0.000000;0.000000;2.000000;-28.451950;-624.903564;2244.669434;0.003938;0.000000;0.000000;0.000000;0.000000;2.000000;8.769345;-594.845093;2232.150879;0.003740;0.000000;0.000000;0.000000;0.000000;2.000000;151.029266;-604.775085;2210.556152;0.004667;0.000000;0.000000;0.000000;0.000000;2.000000;214.609818;-472.194458;1973.663696;0.006972;0.000000;0.000000;0.000000;0.000000;2.000000;49.856327;-638.368164;1975.747192;0.007374;0.000000;0.000000;0.000000;0.000000;2.000000;18.137877;-716.489258;2024.017822;0.012942;0.000000;0.000000;0.000000;0.000000;2.000000;-19.629971;-805.773315;2073.893799;0.020208;0.000000;0.000000;0.000000;0.000000;2.000000;-40.274708;-723.748169;2021.122925;0.015079;0.000000;0.000000;0.000000;0.000000;2.000000;-58.016403;-585.129578;2239.603027;0.003767;0.000000;0.000000;0.000000;0.000000;2.000000;-185.215576;-547.778625;2234.013672;0.003300;0.000000;0.000000;0.000000;0.000000;2.000000;-254.245956;-279.922943;2169.241211;0.007596;0.000000;0.000000;0.000000;0.000000;2.000000;-141.465714;-228.186798;1967.347778;0.008179;0.000000;0.000000;0.000000;0.000000;2.000000;-121.048157;-167.148300;1884.883545;0.019698;0.000000;0.000000;0.000000;0.000000;2.000000;-30.878967;-110.102234;1894.818604;0.041685;0.000000;0.000000;0.000000;0.000000;2.000000;-40.190617;-189.391815;1870.673706;0.033335;0.000000;0.000000;0.000000;0.000000;2.000000;91.823578;-154.584824;1996.678589;0.000722;0.000000;0.000000;0.000000;0.000000;2.000000;215.575439;-11.014343;1639.995605;0.012662;0.000000;0.000000;0.000000;0.000000;2.000000;225.803574;355.350586;1761.174194;0.021413;0.000000;0.000000;0.000000;0.000000;2.000000;250.263748;449.107117;1598.883179;0.025705;0.000000;0.000000;0.000000;0.000000;2.000000;-82.801353;-145.865662;2002.995239;0.000650;0.000000;0.000000;0.000000;0.000000;2.000000;-257.466217;-25.433807;1659.793945;0.010794;0.000000;0.000000;0.000000;0.000000;2.000000;-191.561035;337.495117;1786.690796;0.018515;0.000000;0.000000;0.000000;0.000000;2.000000;-215.896744;447.734558;1654.411621;0.032428;0.000000;0.000000;0.000000;0.000000;2.000000;-38.531815;-706.197754;2253.746094;0.004392;0.000000;0.000000;0.000000;0.000000;2.000000;-23.639259;-748.350098;2097.904297;0.035202;0.000000;0.000000;0.000000;0.000000;2.000000;-16.504776;-789.065613;2136.382324;0.026077;0.000000;0.000000;0.000000;0.000000;2.000000;21.535728;-793.073242;2258.435059;0.025012;0.000000;0.000000;0.000000;0.000000;2.000000;-63.855278;-769.820801;2123.332031;0.038062;0.000000;0.000000;0.000000;0.000000;2.000000;-135.852066;-743.112549;2230.934570;0.031723;0.000000;0.000000;0.000000;0.000000;2.000000;3377400064.000000
0.000000;-149.999985;2000.000000;0.000000;0.000000;0.000000;0.000000;0.000000;2.000000;-3.000631;-295.267090;2108.379395;0.055591;0.000000;0.000000;0.000000;0.000000;2.000000;-6.012351;-418.798035;2184.083008;0.116455;0.000000;0.000000;0.000000;0.000000;2.000000;-28.118900;-631.092896;2239.767578;0.237450;0.000000;0.000000;0.000000;0.000000;2.000000;9.377720;-600.576050;2227.814941;0.216710;0.000000;0.000000;0.000000;0.000000;2.000000;152.659744;-610.270508;2206.081543;0.218506;0.000000;0.000000;0.000000;0.000000;2.000000;216.363953;-470.791321;1970.876709;0.107558;0.000000;0.000000;0.000000;0.000000;2.000000;49.499424;-637.174316;1968.297974;0.226945;0.000000;0.000000;0.000000;0.000000;2.000000;15.389048;-714.176147;2018.090576;0.208263;0.000000;0.000000;0.000000;0.000000;2.000000;-19.326679;-805.881348;2067.468750;0.193303;0.000000;0.000000;0.000000;0.000000;2.000000;-38.714752;-724.047607;2021.925659;0.053478;0.000000;0.000000;0.000000;0.000000;2.000000;-57.897614;-590.962585;2235.355469;0.216846;0.000000;0.000000;0.000000;0.000000;2.000000;-185.471619;-551.669739;2229.431641;0.180792;0.000000;0.000000;0.000000;0.000000;2.000000;-254.792313;-283.364227;2158.355469;0.343444;0.000000;0.000000;0.000000;0.000000;2.000000;-138.560059;-232.239349;1956.303589;0.364115;0.000000;0.000000;0.000000;0.000000;2.000000;-110.388527;-167.161774;1878.403320;0.374844;0.000000;0.000000;0.000000;0.000000;2.000000;-36.880478;-113.484116;1936.374023;1.265701;0.000000;0.000000;0.000000;0.000000;2.000000;-37.597595;-193.628448;1863.263672;0.268054;0.000000;0.000000;0.000000;0.000000;2.000000;92.528305;-153.840881;1997.413574;0.037893;0.000000;0.000000;0.000000;0.000000;2.000000;222.583313;-9.832428;1639.926514;0.213557;0.000000;0.000000;0.000000;0.000000;2.000000;231.739792;359.091064;1762.092163;0.212626;0.000000;0.000000;0.000000;0.000000;2.000000;249.752335;442.169373;1591.786133;0.298615;0.000000;0.000000;0.000000;0.000000;2.000000;-83.436844;-146.536484;2002.332397;0.034170;0.000000;0.000000;0.000000;0.000000;2.000000;-256.168335;-31.146332;1653.129639;0.266617;0.000000;0.000000;0.000000;0.000000;2.000000;-193.971710;332.355652;1788.432373;0.178422;0.000000;0.000000;0.000000;0.000000;2.000000;-214.071854;437.881226;1650.123291;0.327522;0.000000;0.000000;0.000000;0.000000;2.000000;-38.253067;-713.119751;2247.341797;0.283484;0.000000;0.000000;0.000000;0.000000;2.000000;-24.183716;-755.534546;2090.310547;0.314541;0.000000;0.000000;0.000000;0.000000;2.000000;-15.876737;-796.347351;2129.033691;0.311430;0.000000;0.000000;0.000000;0.000000;2.000000;23.795731;-799.533813;2251.535156;0.292032;0.000000;0.000000;0.000000;0.000000;2.000000;-64.026306;-777.818604;2116.374023;0.318578;0.000000;0.000000;0.000000;0.000000;2.000000;-135.833298;-752.025879;2225.460938;0.314298;0.000000;0.000000;0.000000;0.000000;2.000000;3377433344.000000
0.000000;-150.000000;2000.000000;0.000000;0.000000;0.000000;0.000000;0.000000;2.000000;-2.056313;-296.239288;2106.641113;0.066232;0.000000;0.000000;0.000000;0.000000;2.000000;-4.022824;-418.273254;2184.378418;0.062460;0.000000;0.000000;0.000000;0.000000;2.000000;-26.215252;-630.462280;2239.159424;0.062968;0.000000;0.000000;0.000000;0.000000;2.000000;11.273675;-599.898376;2227.610352;0.060811;0.000000;0.000000;0.000000;0.000000;2.000000;154.942215;-605.877197;2208.673828;0.167922;0.000000;0.000000;0.000000;0.000000;2.000000;217.282059;-468.579773;1972.307983;0.083825;0.000000;0.000000;0.000000;0.000000;2.000000;52.487923;-636.547485;1970.680786;0.116383;0.000000;0.000000;0.000000;0.000000;2.000000;17.341940;-713.064819;2020.221069;0.093042;0.000000;0.000000;0.000000;0.000000;2.000000;-17.320675;-804.660522;2069.486084;0.093023;0.000000;0.000000;0.000000;0.000000;2.000000;-38.182274;-723.477783;2014.386841;0.227736;0.000000;0.000000;0.000000;0.000000;2.000000;-55.975113;-590.420288;2234.644531;0.063710;0.000000;0.000000;0.000000;0.000000;2.000000;-183.527176;-551.627075;2229.351563;0.058490;0.000000;0.000000;0.000000;0.000000;2.000000;-252.140808;-283.085999;2160.171387;0.096928;0.000000;0.000000;0.000000;0.000000;2.000000;-140.426666;-229.275208;1956.681885;0.105868;0.000000;0.000000;0.000000;0.000000;2.000000;-110.698372;-168.278687;1876.303345;0.072074;0.000000;0.000000;0.000000;0.000000;2.000000;-33.135445;-110.898834;1924.294312;0.387874;0.000000;0.000000;0.000000;0.000000;2.000000;-38.365284;-191.692688;1864.197266;0.068574;0.000000;0.000000;0.000000;0.000000;2.000000;92.444557;-152.800903;1997.941650;0.035137;0.000000;0.000000;0.000000;0.000000;2.000000;223.377289;-10.857819;1640.619141;0.044177;0.000000;0.000000;0.000000;0.000000;2.000000;230.482010;357.200195;1763.736938;0.084256;0.000000;0.000000;0.000000;0.000000;2.000000;252.024857;441.740723;1594.874512;0.115933;0.000000;0.000000;0.000000;0.000000;2.000000;-83.361328;-147.474289;2001.856079;0.031687;0.000000;0.000000;0.000000;0.000000;2.000000;-256.276947;-29.936310;1654.148315;0.047640;0.000000;0.000000;0.000000;0.000000;2.000000;-186.382660;333.609558;1783.806152;0.269710;0.000000;0.000000;0.000000;0.000000;2.000000;-213.746796;442.463806;1649.708374;0.138606;0.000000;0.000000;0.000000;0.000000;2.000000;-36.271591;-712.407837;2246.393066;0.069392;0.000000;0.000000;0.000000;0.000000;2.000000;-21.085882;-751.928467;2088.957031;0.148525;0.000000;0.000000;0.000000;0.000000;2.000000;-4.674475;-790.687744;2127.077637;0.381679;0.000000;0.000000;0.000000;0.000000;2.000000;39.369320;-787.097046;2247.866211;0.608925;0.000000;0.000000;0.000000;0.000000;2.000000;-55.603546;-780.509705;2116.287598;0.265704;0.000000;0.000000;0.000000;0.000000;2.000000;-126.566040;-767.045166;2227.881348;0.535260;0.000000;0.000000;0.000000;0.000000;2.000000;3377466624.000000
0.000000;-149.999985;2000.000000;0.000000;0.000000;0.000000;0.000000;0.000000;2.000000;-1.857308;-296.062439;2106.795166;0.009242;0.000000;0.000000;0.000000;0.000000;2.000000;-3.676702;-418.108337;2184.437012;0.011654;0.000000;0.000000;0.000000;0.000000;2.000000;-25.526674;-630.468079;2238.424316;0.030266;0.000000;0.000000;0.000000;0.000000;2.000000;11.905998;-599.804260;2227.022217;0.026102;0.000000;0.000000;0.000000;0.000000;2.000000;155.537170;-605.079346;2207.925293;0.037420;0.000000;0.000000;0.000000;0.000000;2.000000;217.414688;-465.633057;1972.798462;0.089850;0.000000;0.000000;0.000000;0.000000;2.000000;52.937698;-633.807190;1970.637207;0.083453;0.000000;0.000000;0.000000;0.000000;2.000000;17.553654;-710.404785;2019.825195;0.081059;0.000000;0.000000;0.000000;0.000000;2.000000;-16.604204;-802.483276;2068.466309;0.075382;0.000000;0.000000;0.000000;0.000000;2.000000;-37.843124;-720.945557;2010.131104;0.149150;0.000000;0.000000;0.000000;0.000000;2.000000;-55.346336;-590.476440;2234.025391;0.026569;0.000000;0.000000;0.000000;0.000000;2.000000;-182.902603;-551.861145;2228.540527;0.031553;0.000000;0.000000;0.000000;0.000000;2.000000;-252.474869;-283.514801;2159.916016;0.018046;0.000000;0.000000;0.000000;0.000000;2.000000;-139.882202;-228.425903;1957.337769;0.036157;0.000000;0.000000;0.000000;0.000000;2.000000;-108.267448;-166.068176;1878.785400;0.123732;0.000000;0.000000;0.000000;0.000000;2.000000;-34.880714;-118.660248;1941.805664;0.577934;0.000000;0.000000;0.000000;0.000000;2.000000;-35.747856;-191.833740;1866.916992;0.113500;0.000000;0.000000;0.000000;0.000000;2.000000;92.417259;-152.734116;1997.867798;0.003102;0.000000;0.000000;0.000000;0.000000;2.000000;222.919403;-11.645844;1640.187256;0.030305;0.000000;0.000000;0.000000;0.000000;2.000000;230.573318;357.726807;1758.890625;0.146505;0.000000;0.000000;0.000000;0.000000;2.000000;252.260300;442.995667;1590.477295;0.137586;0.000000;0.000000;0.000000;0.000000;2.000000;-83.336716;-147.534515;2001.922607;0.002796;0.000000;0.000000;0.000000;0.000000;2.000000;-259.032135;-30.881531;1655.453857;0.095914;0.000000;0.000000;0.000000;0.000000;2.000000;-187.892426;333.557556;1781.523071;0.082260;0.000000;0.000000;0.000000;0.000000;2.000000;-214.619965;443.056152;1647.890381;0.063161;0.000000;0.000000;0.000000;0.000000;2.000000;-35.437462;-712.432678;2245.354004;0.040045;0.000000;0.000000;0.000000;0.000000;2.000000;-14.901695;-751.652832;2088.501465;0.186510;0.000000;0.000000;0.000000;0.000000;2.000000;-3.836944;-791.957764;2126.919434;0.045959;0.000000;0.000000;0.000000;0.000000;2.000000;33.631428;-793.080933;2249.914063;0.256597;0.000000;0.000000;0.000000;0.000000;2.000000;-53.078598;-777.530518;2113.531982;0.143617;0.000000;0.000000;0.000000;0.000000;2.000000;-128.711090;-759.270813;2221.262939;0.313488;0.000000;0.000000;0.000000;0.000000;2.000000;3377499904.000000
0.000000;-150.000000;2000.000000;0.000000;0.000000;0.000000;0.000000;0.000000;2.000000;-3.088429;-294.852112;2107.424805;0.054797;0.000000;0.000000;0.000000;0.000000;2.000000;-5.854064;-415.192017;2186.812988;0.129604;0.000000;0.000000;0.000000;0.000000;2.000000;-28.650473;-627.611206;2237.156494;0.131768;0.000000;0.000000;0.000000;0.000000;2.000000;8.820060;-597.017578;2226.408203;0.125329;0.000000;0.000000;0.000000;0.000000;2.000000;151.783218;-606.865601;2207.661377;0.124214;0.000000;0.000000;0.000000;0.000000;2.000000;213.443878;-463.223419;1976.107544;0.170055;0.000000;0.000000;0.000000;0.000000;2.000000;48.443375;-629.788452;1972.364746;0.187012;0.000000;0.000000;0.000000;0.000000;2.000000;13.491735;-706.479980;2021.088135;0.172584;0.000000;0.000000;0.000000;0.000000;2.000000;-18.283173;-798.896729;2069.906250;0.125649;0.000000;0.000000;0.000000;0.000000;2.000000;-41.434120;-719.729675;2011.879883;0.124497;0.000000;0.000000;0.000000;0.000000;2.000000;-58.201607;-587.565491;2233.310791;0.123440;0.000000;0.000000;0.000000;0.000000;2.000000;-185.938705;-550.816772;2230.166016;0.107309;0.000000;0.000000;0.000000;0.000000;2.000000;-254.613052;-283.397034;2160.854736;0.069720;0.000000;0.000000;0.000000;0.000000;2.000000;-144.276352;-228.215256;1957.963989;0.132501;0.000000;0.000000;0.000000;0.000000;2.000000;-113.054779;-166.691925;1879.051147;0.144176;0.000000;0.000000;0.000000;0.000000;2.000000;-34.582306;-110.153275;1925.691284;0.543430;0.000000;0.000000;0.000000;0.000000;2.000000;-41.672970;-191.267868;1866.748657;0.177554;0.000000;0.000000;0.000000;0.000000;2.000000;92.103905;-153.348404;1998.132935;0.022030;0.000000;0.000000;0.000000;0.000000;2.000000;220.721695;-11.629303;1641.506592;0.076436;0.000000;0.000000;0.000000;0.000000;2.000000;223.198761;357.445465;1757.231079;0.225555;0.000000;0.000000;0.000000;0.000000;2.000000;250.988144;446.425385;1592.362305;0.122709;0.000000;0.000000;0.000000;0.000000;2.000000;-83.054146;-146.980591;2001.683594;0.019865;0.000000;0.000000;0.000000;0.000000;2.000000;-257.877625;-32.483856;1655.585449;0.059020;0.000000;0.000000;0.000000;0.000000;2.000000;-190.513245;332.344513;1778.634521;0.121797;0.000000;0.000000;0.000000;0.000000;2.000000;-216.582809;444.239471;1647.619873;0.068817;0.000000;0.000000;0.000000;0.000000;2.000000;-38.874180;-709.371216;2242.721680;0.158103;0.000000;0.000000;0.000000;0.000000;2.000000;-17.700432;-751.749512;2087.328125;0.090538;0.000000;0.000000;0.000000;0.000000;2.000000;-15.702073;-793.144165;2125.858398;0.356972;0.000000;0.000000;0.000000;0.000000;2.000000;14.731956;-800.442139;2250.143066;0.604834;0.000000;0.000000;0.000000;0.000000;2.000000;-60.834381;-770.521973;2110.196533;0.327188;0.000000;0.000000;0.000000;0.000000;2.000000;-137.201111;-739.330688;2213.835449;0.683139;0.000000;0.000000;0.000000;0.000000;2.000000;3377533440.000000
0.000000;-150.000000;2000.000000;0.000000;0.000000;0.000000;0.000000;0.000000;2.000000;-2.677592;-294.375702;2108.862793;0.047163;0.000000;0.000000;0.000000;0.000000;2.000000;-4.995210;-415.048523;2188.447266;0.055642;0.000000;0.000000;0.000000;0.000000;2.000000;-27.785374;-628.207886;2238.174316;0.043961;0.000000;0.000000;0.000000;0.000000;2.000000;9.768358;-597.496643;2227.451660;0.044746;0.000000;0.000000;0.000000;0.000000;2.000000;153.234879;-604.805176;2208.464355;0.079485;0.000000;0.000000;0.000000;0.000000;2.000000;211.212067;-457.040710;1977.668945;0.203008;0.000000;0.000000;0.000000;0.000000;2.000000;48.133327;-626.317139;1972.911499;0.106002;0.000000;0.000000;0.000000;0.000000;2.000000;6.796620;-700.179077;2021.518555;0.276559;0.000000;0.000000;0.000000;0.000000;2.000000;-18.954039;-795.049438;2069.818359;0.117378;0.000000;0.000000;0.000000;0.000000;2.000000;-40.139648;-718.400635;2008.350098;0.119821;0.000000;0.000000;0.000000;0.000000;2.000000;-57.417522;-588.041504;2234.512939;0.045437;0.000000;0.000000;0.000000;0.000000;2.000000;-185.343704;-550.611206;2232.559570;0.074368;0.000000;0.000000;0.000000;0.000000;2.000000;-253.484833;-282.924316;2160.729492;0.036948;0.000000;0.000000;0.000000;0.000000;2.000000;-145.468048;-227.135452;1956.034424;0.075476;0.000000;0.000000;0.000000;0.000000;2.000000;-109.586098;-161.675583;1882.059204;0.204335;0.000000;0.000000;0.000000;0.000000;2.000000;-39.141659;-108.234894;1943.476440;0.554694;0.000000;0.000000;0.000000;0.000000;2.000000;-38.766068;-191.680603;1870.097900;0.133833;0.000000;0.000000;0.000000;0.000000;2.000000;92.396965;-152.199936;1999.354980;0.051155;0.000000;0.000000;0.000000;0.000000;2.000000;221.324158;-13.139771;1640.593994;0.056032;0.000000;0.000000;0.000000;0.000000;2.000000;222.398621;357.031189;1756.233398;0.040394;0.000000;0.000000;0.000000;0.000000;2.000000;251.261459;449.033630;1592.641602;0.079248;0.000000;0.000000;0.000000;0.000000;2.000000;-83.318405;-148.016220;2000.581665;0.046128;0.000000;0.000000;0.000000;0.000000;2.000000;-256.878754;-39.199188;1650.794922;0.249675;0.000000;0.000000;0.000000;0.000000;2.000000;-187.319946;325.816589;1775.318115;0.240027;0.000000;0.000000;0.000000;0.000000;2.000000;-217.767181;447.118652;1653.321533;0.195200;0.000000;0.000000;0.000000;0.000000;2.000000;-38.032219;-710.201599;2243.468506;0.042026;0.000000;0.000000;0.000000;0.000000;2.000000;-15.672145;-748.788452;2086.812500;0.108954;0.000000;0.000000;0.000000;0.000000;2.000000;-9.971936;-790.539917;2124.802246;0.191772;0.000000;0.000000;0.000000;0.000000;2.000000;22.666733;-797.193481;2248.910645;0.260282;0.000000;0.000000;0.000000;0.000000;2.000000;-57.036446;-771.198303;2109.987305;0.116086;0.000000;0.000000;0.000000;0.000000;2.000000;-134.393082;-747.344421;2215.271973;0.258778;0.000000;0.000000;0.000000;0.000000;2.000000;3377566720.000000
0.000000;-150.000000;2000.000000;0.000000;0.000000;0.000000;0.000000;0.000000;2.000000;-2.653305;-294.293427;2108.901367;0.002826;0.000000;0.000000;0.000000;0.000000;2.000000;-4.954195;-414.903473;2188.519043;0.005017;0.000000;0.000000;0.000000;0.000000;2.000000;-27.749371;-627.995605;2238.300293;0.007496;0.000000;0.000000;0.000000;0.000000;2.000000;9.795885;-597.299072;2227.560547;0.006829;0.000000;0.000000;0.000000;0.000000;2.000000;153.224991;-604.561646;2208.536133;0.007635;0.000000;0.000000;0.000000;0.000000;2.000000;211.141922;-456.721222;1977.855225;0.011311;0.000000;0.000000;0.000000;0.000000;2.000000;48.127209;-625.979004;1973.006592;0.010556;0.000000;0.000000;0.000000;0.000000;2.000000;6.768857;-699.873352;2021.499268;0.009242;0.000000;0.000000;0.000000;0.000000;2.000000;-19.037071;-794.761292;2069.676025;0.009974;0.000000;0.000000;0.000000;0.000000;2.000000;-40.190971;-718.044556;2008.087769;0.013379;0.000000;0.000000;0.000000;0.000000;2.000000;-57.370831;-587.836304;2234.637207;0.007344;0.000000;0.000000;0.000000;0.000000;2.000000;-185.258667;-550.387512;2232.690430;0.008196;0.000000;0.000000;0.000000;0.000000;2.000000;-253.331284;-282.776367;2160.782715;0.006604;0.000000;0.000000;0.000000;0.000000;2.000000;-145.317505;-227.141479;1956.110352;0.005070;0.000000;0.000000;0.000000;0.000000;2.000000;-109.279869;-161.756775;1882.179810;0.010186;0.000000;0.000000;0.000000;0.000000;2.000000;-40.579910;-112.598511;1948.878052;0.213081;0.000000;0.000000;0.000000;0.000000;2.000000;-38.577030;-191.964447;1870.219116;0.010875;0.000000;0.000000;0.000000;0.000000;2.000000;92.374603;-152.206314;1999.327393;0.001084;0.000000;0.000000;0.000000;0.000000;2.000000;220.716644;-13.716187;1640.245483;0.027256;0.000000;0.000000;0.000000;0.000000;2.000000;222.435959;356.542816;1755.284058;0.032099;0.000000;0.000000;0.000000;0.000000;2.000000;251.041687;448.331146;1591.579468;0.038830;0.000000;0.000000;0.000000;0.000000;2.000000;-83.298248;-148.010483;2000.606567;0.000978;0.000000;0.000000;0.000000;0.000000;2.000000;-257.202118;-39.404144;1651.036865;0.013608;0.000000;0.000000;0.000000;0.000000;2.000000;-187.413666;325.603790;1775.160767;0.008436;0.000000;0.000000;0.000000;0.000000;2.000000;-217.938934;446.871490;1653.208862;0.009657;0.000000;0.000000;0.000000;0.000000;2.000000;-38.001835;-709.967163;2243.618896;0.008419;0.000000;0.000000;0.000000;0.000000;2.000000;-16.144176;-748.495544;2086.917969;0.016991;0.000000;0.000000;0.000000;0.000000;2.000000;-9.843067;-790.141846;2124.908203;0.012969;0.000000;0.000000;0.000000;0.000000;2.000000;23.529963;-796.356201;2248.812256;0.036256;0.000000;0.000000;0.000000;0.000000;2.000000;-57.157448;-771.265015;2110.336426;0.011282;0.000000;0.000000;0.000000;0.000000;2.000000;-134.138229;-748.037720;2215.996094;0.031081;0.000000;0.000000;0.000000;0.000000;2.000000;3377600000.000000
0.000000;-149.999985;2000.000000;0.000000;0.000000;0.000000;0.000000;0.000000;2.000000;-1.930042;-292.378326;2109.716064;0.066204;0.000000;0.000000;0.000000;0.000000;2.000000;-4.009012;-412.325317;2188.838379;0.083067;0.000000;0.000000;0.000000;0.000000;2.000000;-26.173952;-624.816040;2235.832031;0.129882;0.000000;0.000000;0.000000;0.000000;2.000000;11.011947;-594.216919;2224.881104;0.128041;0.000000;0.000000;0.000000;0.000000;2.000000;153.200027;-599.669434;2202.538574;0.232567;0.000000;0.000000;0.000000;0.000000;2.000000;211.374435;-444.777985;1978.592896;0.359623;0.000000;0.000000;0.000000;0.000000;2.000000;44.476261;-608.340942;1976.275879;0.550068;0.000000;0.000000;0.000000;0.000000;2.000000;7.086002;-685.918091;2020.965698;0.419743;0.000000;0.000000;0.000000;0.000000;2.000000;-12.949026;-781.365723;2069.357422;0.442235;0.000000;0.000000;0.000000;0.000000;2.000000;-38.386547;-709.164063;2006.967285;0.274368;0.000000;0.000000;0.000000;0.000000;2.000000;-55.607895;-584.789490;2233.287842;0.113277;0.000000;0.000000;0.000000;0.000000;2.000000;-182.567657;-546.930115;2235.755371;0.160663;0.000000;0.000000;0.000000;0.000000;2.000000;-250.573517;-282.459106;2158.822510;0.102112;0.000000;0.000000;0.000000;0.000000;2.000000;-143.854599;-225.653076;1955.380127;0.066437;0.000000;0.000000;0.000000;0.000000;2.000000;-100.865807;-159.804810;1886.610962;0.291701;0.000000;0.000000;0.000000;0.000000;2.000000;-51.963089;-104.615768;1964.167236;0.620957;0.000000;0.000000;0.000000;0.000000;2.000000;-44.023403;-189.756912;1873.881226;0.208065;0.000000;0.000000;0.000000;0.000000;2.000000;91.747398;-153.650238;1996.876953;0.087517;0.000000;0.000000;0.000000;0.000000;2.000000;220.820801;-10.459076;1642.555664;0.120029;0.000000;0.000000;0.000000;0.000000;2.000000;224.635376;357.697510;1756.810303;0.087605;0.000000;0.000000;0.000000;0.000000;2.000000;251.785583;451.165039;1595.079712;0.137159;0.000000;0.000000;0.000000;0.000000;2.000000;-82.732666;-146.708405;2002.816040;0.078913;0.000000;0.000000;0.000000;0.000000;2.000000;-258.061798;-34.613770;1657.777466;0.249819;0.000000;0.000000;0.000000;0.000000;2.000000;-185.503021;328.686523;1778.189697;0.141985;0.000000;0.000000;0.000000;0.000000;2.000000;-217.116119;448.948242;1656.952637;0.130996;0.000000;0.000000;0.000000;0.000000;2.000000;-36.430920;-706.364319;2240.188965;0.156748;0.000000;0.000000;0.000000;0.000000;2.000000;-16.357107;-741.890747;2083.508301;0.223438;0.000000;0.000000;0.000000;0.000000;2.000000;-6.190090;-783.040466;2120.708984;0.271112;0.000000;0.000000;0.000000;0.000000;2.000000;30.702467;-787.806702;2242.905273;0.379405;0.000000;0.000000;0.000000;0.000000;2.000000;-54.805428;-767.498657;2107.663574;0.155734;0.000000;0.000000;0.000000;0.000000;2.000000;-129.861877;-750.599243;2214.941895;0.153098;0.000000;0.000000;0.000000;0.000000;2.000000;3377633280.000000
0.000000;-149.999985;2000.000000;0.000000;0.000000;0.000000;0.000000;0.000000;2.000000;-1.275530;-296.068939;2105.281250;0.174477;0.000000;0.000000;0.000000;0.000000;2.000000;-2.669688;-415.971008;2184.925293;0.165666;0.000000;0.000000;0.000000;0.000000;2.000000;-25.308050;-629.643188;2227.879639;0.280739;0.000000;0.000000;0.000000;0.000000;2.000000;12.004278;-598.861084;2217.511230;0.263445;0.000000;0.000000;0.000000;0.000000;2.000000;154.333252;-604.193604;2194.481445;0.279737;0.000000;0.000000;0.000000;0.000000;2.000000;210.867630;-445.595612;1972.132324;0.196268;0.000000;0.000000;0.000000;0.000000;2.000000;43.860970;-609.623169;1971.074829;0.162019;0.000000;0.000000;0.000000;0.000000;2.000000;9.089652;-688.571960;2015.832153;0.183787;0.000000;0.000000;0.000000;0.000000;2.000000;-7.685675;-781.449463;2070.474365;0.161695;0.000000;0.000000;0.000000;0.000000;2.000000;-38.890686;-715.164307;2007.747070;0.182442;0.000000;0.000000;0.000000;0.000000;2.000000;-54.710953;-589.448547;2226.098633;0.258825;0.000000;0.000000;0.000000;0.000000;2.000000;-181.679245;-550.787109;2227.426758;0.277081;0.000000;0.000000;0.000000;0.000000;2.000000;-251.930237;-286.021942;2151.769531;0.240908;0.000000;0.000000;0.000000;0.000000;2.000000;-143.707932;-228.487228;1948.862549;0.213601;0.000000;0.000000;0.000000;0.000000;2.000000;-101.620872;-164.027634;1877.984497;0.289490;0.000000;0.000000;0.000000;0.000000;2.000000;-51.010540;-110.115585;1955.592529;0.307433;0.000000;0.000000;0.000000;0.000000;2.000000;-44.180981;-193.516281;1865.304688;0.281419;0.000000;0.000000;0.000000;0.000000;2.000000;91.812035;-154.191116;1995.297485;0.050203;0.000000;0.000000;0.000000;0.000000;2.000000;216.631149;-17.001373;1636.333618;0.299078;0.000000;0.000000;0.000000;0.000000;2.000000;223.241928;353.043945;1746.478516;0.343053;0.000000;0.000000;0.000000;0.000000;2.000000;250.977570;447.768860;1585.208252;0.314620;0.000000;0.000000;0.000000;0.000000;2.000000;-82.790939;-146.220642;2004.240356;0.045272;0.000000;0.000000;0.000000;0.000000;2.000000;-260.715210;-37.805298;1658.561646;0.126920;0.000000;0.000000;0.000000;0.000000;2.000000;-189.278152;327.214478;1776.544800;0.131404;0.000000;0.000000;0.000000;0.000000;2.000000;-216.296967;444.268188;1650.724121;0.235390;0.000000;0.000000;0.000000;0.000000;2.000000;-35.746220;-711.377075;2230.665527;0.324035;0.000000;0.000000;0.000000;0.000000;2.000000;-17.118450;-745.033813;2073.113770;0.327103;0.000000;0.000000;0.000000;0.000000;2.000000;-6.539505;-786.692261;2109.773926;0.346575;0.000000;0.000000;0.000000;0.000000;2.000000;31.595804;-792.916016;2231.748047;0.369710;0.000000;0.000000;0.000000;0.000000;2.000000;-55.374084;-771.015625;2097.365234;0.327439;0.000000;0.000000;0.000000;0.000000;2.000000;-129.534271;-755.470093;2205.740234;0.312995;0.000000;0.000000;0.000000;0.000000;2.000000;3377666560.000000
0.000000;-150.000000;2000.000000;0.000000;0.000000;0.000000;0.000000;0.000000;2.000000;-1.292841;-296.046753;2105.300537;0.001017;0.000000;0.000000;0.000000;0.000000;2.000000;-2.696595;-415.901855;2185.005371;0.003255;0.000000;0.000000;0.000000;0.000000;2.000000;-25.315119;-629.533875;2228.128418;0.008106;0.000000;0.000000;0.000000;0.000000;2.000000;11.993992;-598.756470;2217.743164;0.007593;0.000000;0.000000;0.000000;0.000000;2.000000;154.323425;-604.086914;2194.749023;0.008595;0.000000;0.000000;0.000000;0.000000;2.000000;210.851807;-445.765381;1972.214111;0.005639;0.000000;0.000000;0.000000;0.000000;2.000000;43.853157;-609.790771;1971.521606;0.014231;0.000000;0.000000;0.000000;0.000000;2.000000;9.098999;-688.574829;2016.573730;0.022115;0.000000;0.000000;0.000000;0.000000;2.000000;-7.610425;-781.257813;2071.557129;0.032865;0.000000;0.000000;0.000000;0.000000;2.000000;-38.894558;-715.119019;2009.014893;0.037829;0.000000;0.000000;0.000000;0.000000;2.000000;-54.721863;-589.346130;2226.308594;0.006973;0.000000;0.000000;0.000000;0.000000;2.000000;-181.689484;-550.696777;2227.563965;0.004908;0.000000;0.000000;0.000000;0.000000;2.000000;-251.899368;-286.016418;2151.611572;0.004802;0.000000;0.000000;0.000000;0.000000;2.000000;-143.616089;-228.748230;1948.671997;0.010018;0.000000;0.000000;0.000000;0.000000;2.000000;-101.529800;-164.466461;1877.637939;0.016893;0.000000;0.000000;0.000000;0.000000;2.000000;-52.179863;-112.462723;1957.326538;0.093743;0.000000;0.000000;0.000000;0.000000;2.000000;-44.056286;-194.273819;1864.986450;0.024782;0.000000;0.000000;0.000000;0.000000;2.000000;91.809227;-154.193420;1995.311157;0.000422;0.000000;0.000000;0.000000;0.000000;2.000000;216.982208;-16.920868;1636.518921;0.012078;0.000000;0.000000;0.000000;0.000000;2.000000;223.311203;353.042175;1746.906494;0.012928;0.000000;0.000000;0.000000;0.000000;2.000000;251.326187;448.062134;1585.866211;0.023863;0.000000;0.000000;0.000000;0.000000;2.000000;-82.788414;-146.218597;2004.228027;0.000380;0.000000;0.000000;0.000000;0.000000;2.000000;-260.410156;-38.040100;1658.337158;0.013288;0.000000;0.000000;0.000000;0.000000;2.000000;-189.227295;327.135864;1775.942383;0.018179;0.000000;0.000000;0.000000;0.000000;2.000000;-216.216660;444.102966;1650.043823;0.021012;0.000000;0.000000;0.000000;0.000000;2.000000;-35.742710;-711.263855;2230.979004;0.009939;0.000000;0.000000;0.000000;0.000000;2.000000;-16.545639;-744.687012;2073.452148;0.022372;0.000000;0.000000;0.000000;0.000000;2.000000;-5.809952;-786.309692;2110.104004;0.026462;0.000000;0.000000;0.000000;0.000000;2.000000;32.070820;-792.404663;2232.158691;0.024147;0.000000;0.000000;0.000000;0.000000;2.000000;-54.704254;-770.910400;2097.591797;0.021317;0.000000;0.000000;0.000000;0.000000;2.000000;-129.207977;-755.884583;2205.798340;0.015825;0.000000;0.000000;0.000000;0.000000;2.000000;3377700096.000000
0.000000;-150.000000;2000.000000;0.000000;0.000000;0.000000;0.000000;0.000000;2.000000;-4.351036;-293.340027;2108.216553;0.150786;0.000000;0.000000;0.000000;0.000000;2.000000;-8.288979;-412.448303;2188.379883;0.222009;0.000000;0.000000;0.000000;0.000000;2.000000;-31.296335;-625.290955;2232.720703;0.259992;0.000000;0.000000;0.000000;0.000000;2.000000;6.023153;-594.674072;2222.419922;0.258813;0.000000;0.000000;0.000000;0.000000;2.000000;148.270767;-599.658569;2200.890625;0.291271;0.000000;0.000000;0.000000;0.000000;2.000000;210.179810;-440.861328;1980.914185;0.300770;0.000000;0.000000;0.000000;0.000000;2.000000;38.468784;-599.184448;1980.631470;0.450195;0.000000;0.000000;0.000000;0.000000;2.000000;5.245983;-678.142578;2026.068726;0.439393;0.000000;0.000000;0.000000;0.000000;2.000000;-10.387074;-773.518860;2076.057617;0.281645;0.000000;0.000000;0.000000;0.000000;2.000000;-43.327950;-702.092651;2012.187866;0.424316;0.000000;0.000000;0.000000;0.000000;2.000000;-60.600758;-585.190491;2230.409424;0.248960;0.000000;0.000000;0.000000;0.000000;2.000000;-187.491379;-547.489868;2234.362793;0.285331;0.000000;0.000000;0.000000;0.000000;2.000000;-253.405106;-282.438812;2158.205322;0.229910;0.000000;0.000000;0.000000;0.000000;2.000000;-146.268051;-226.917236;1954.785156;0.207650;0.000000;0.000000;0.000000;0.000000;2.000000;-103.914688;-166.105545;1881.239746;0.138832;0.000000;0.000000;0.000000;0.000000;2.000000;-51.548065;-103.973816;1950.785522;0.322574;0.000000;0.000000;0.000000;0.000000;2.000000;-44.931705;-192.443375;1872.307617;0.228279;0.000000;0.000000;0.000000;0.000000;2.000000;91.630798;-155.067062;1996.972534;0.056657;0.000000;0.000000;0.000000;0.000000;2.000000;213.979141;-12.040405;1640.467285;0.209103;0.000000;0.000000;0.000000;0.000000;2.000000;221.756012;356.151398;1753.661011;0.228265;0.000000;0.000000;0.000000;0.000000;2.000000;248.234970;449.422821;1591.831543;0.205982;0.000000;0.000000;0.000000;0.000000;2.000000;-82.627525;-145.430817;2002.729980;0.051087;0.000000;0.000000;0.000000;0.000000;2.000000;-261.768616;-24.634918;1662.893311;0.427383;0.000000;0.000000;0.000000;0.000000;2.000000;-189.382385;339.511078;1780.093994;0.392246;0.000000;0.000000;0.000000;0.000000;2.000000;-219.328522;448.144806;1648.077881;0.164265;0.000000;0.000000;0.000000;0.000000;2.000000;-41.768353;-706.812744;2236.054932;0.271907;0.000000;0.000000;0.000000;0.000000;2.000000;-20.541891;-739.382080;2078.979492;0.259640;0.000000;0.000000;0.000000;0.000000;2.000000;-11.563847;-781.461914;2115.388672;0.276272;0.000000;0.000000;0.000000;0.000000;2.000000;23.795961;-789.473022;2237.791992;0.313426;0.000000;0.000000;0.000000;0.000000;2.000000;-59.705803;-764.763428;2102.139648;0.274548;0.000000;0.000000;0.000000;0.000000;2.000000;-135.637512;-748.749878;2208.843750;0.302752;0.000000;0.000000;0.000000;0.000000;2.000000;3377733376.000000
0.000000;-150.000015;2000.000000;0.000000;0.000000;0.000000;0.000000;0.000000;2.000000;-4.217824;-293.258331;2108.489014;0.009438;0.000000;0.000000;0.000000;0.000000;2.000000;-8.041662;-412.288879;2188.910156;0.018222;0.000000;0.000000;0.000000;0.000000;2.000000;-30.749325;-625.232300;2233.496094;0.028568;0.000000;0.000000;0.000000;0.000000;2.000000;6.548131;-594.550049;2223.183838;0.028100;0.000000;0.000000;0.000000;0.000000;2.000000;148.895584;-599.195984;2201.725098;0.034270;0.000000;0.000000;0.000000;0.000000;2.000000;210.532547;-440.526428;1981.392456;0.020497;0.000000;0.000000;0.000000;0.000000;2.000000;38.950382;-599.172607;1981.778198;0.037374;0.000000;0.000000;0.000000;0.000000;2.000000;5.611784;-677.783203;2027.839600;0.055397;0.000000;0.000000;0.000000;0.000000;2.000000;-10.068739;-772.812195;2078.595703;0.079741;0.000000;0.000000;0.000000;0.000000;2.000000;-44.389328;-701.048584;2013.359497;0.056928;0.000000;0.000000;0.000000;0.000000;2.000000;-60.132694;-585.160767;2231.116699;0.025500;0.000000;0.000000;0.000000;0.000000;2.000000;-187.133286;-547.565674;2234.909180;0.019761;0.000000;0.000000;0.000000;0.000000;2.000000;-253.458466;-282.348206;2159.125732;0.027836;0.000000;0.000000;0.000000;0.000000;2.000000;-146.184830;-226.026550;1955.850586;0.041802;0.000000;0.000000;0.000000;0.000000;2.000000;-104.042603;-164.049530;1883.081543;0.083032;0.000000;0.000000;0.000000;0.000000;2.000000;-53.828838;-102.685562;1954.945923;0.147727;0.000000;0.000000;0.000000;0.000000;2.000000;-45.363216;-190.407425;1873.737793;0.075878;0.000000;0.000000;0.000000;0.000000;2.000000;91.685158;-154.980423;1996.987915;0.003108;0.000000;0.000000;0.000000;0.000000;2.000000;212.287430;-13.070953;1639.200195;0.070657;0.000000;0.000000;0.000000;0.000000;2.000000;221.823090;355.272217;1752.467407;0.044590;0.000000;0.000000;0.000000;0.000000;2.000000;248.294083;450.170044;1591.467041;0.025045;0.000000;0.000000;0.000000;0.000000;2.000000;-82.676544;-145.508972;2002.716064;0.002803;0.000000;0.000000;0.000000;0.000000;2.000000;-258.782257;-28.058197;1659.878906;0.163821;0.000000;0.000000;0.000000;0.000000;2.000000;-190.591202;336.736389;1778.262817;0.106293;0.000000;0.000000;0.000000;0.000000;2.000000;-218.679230;447.447021;1647.447266;0.034341;0.000000;0.000000;0.000000;0.000000;2.000000;-41.097057;-706.810730;2236.915771;0.032802;0.000000;0.000000;0.000000;0.000000;2.000000;-18.250439;-741.020813;2080.328125;0.093849;0.000000;0.000000;0.000000;0.000000;2.000000;-7.008820;-781.925781;2117.486328;0.151329;0.000000;0.000000;0.000000;0.000000;2.000000;28.826061;-785.851379;2240.021973;0.197932;0.000000;0.000000;0.000000;0.000000;2.000000;-56.008404;-768.052979;2104.011475;0.158987;0.000000;0.000000;0.000000;0.000000;2.000000;-132.659195;-754.203613;2210.591553;0.193964;0.000000;0.000000;0.000000;0.000000;2.000000;3377766656.000000
0.000000;-150.000000;2000.000000;0.000000;0.000000;0.000000;0.000000;0.000000;2.000000;-2.679657;-292.288727;2109.489258;0.062357;0.000000;0.000000;0.000000;0.000000;2.000000;-5.306288;-411.415039;2189.540039;0.088336;0.000000;0.000000;0.000000;0.000000;2.000000;-26.122198;-625.597839;2227.462402;0.228739;0.000000;0.000000;0.000000;0.000000;2.000000;10.879625;-594.296143;2218.260498;0.197189;0.000000;0.000000;0.000000;0.000000;2.000000;153.361404;-595.050049;2198.293457;0.210140;0.000000;0.000000;0.000000;0.000000;2.000000;213.548370;-431.314026;1981.676270;0.291395;0.000000;0.000000;0.000000;0.000000;2.000000;40.659771;-588.139832;1984.338501;0.344177;0.000000;0.000000;0.000000;0.000000;2.000000;8.087273;-669.780762;2025.158936;0.264275;0.000000;0.000000;0.000000;0.000000;2.000000;-13.053654;-766.404907;2070.368896;0.325912;0.000000;0.000000;0.000000;0.000000;2.000000;-44.988068;-691.842163;2018.585083;0.318599;0.000000;0.000000;0.000000;0.000000;2.000000;-55.847301;-585.795227;2226.184814;0.197246;0.000000;0.000000;0.000000;0.000000;2.000000;-182.728561;-548.300049;2229.987793;0.199681;0.000000;0.000000;0.000000;0.000000;2.000000;-252.567947;-281.383698;2165.275391;0.188949;0.000000;0.000000;0.000000;0.000000;2.000000;-142.787628;-227.256195;1963.041016;0.241799;0.000000;0.000000;0.000000;0.000000;2.000000;-103.258194;-176.219955;1881.054932;0.371482;0.000000;0.000000;0.000000;0.000000;2.000000;-30.996353;-101.397308;1905.685181;1.631918;0.000000;0.000000;0.000000;0.000000;2.000000;-44.151520;-192.872238;1874.224365;0.083813;0.000000;0.000000;0.000000;0.000000;2.000000;91.631653;-154.051636;1996.977173;0.027956;0.000000;0.000000;0.000000;0.000000;2.000000;216.607498;-17.222137;1639.200073;0.180026;0.000000;0.000000;0.000000;0.000000;2.000000;224.806885;351.371429;1750.327881;0.160966;0.000000;0.000000;0.000000;0.000000;2.000000;251.570892;451.784698;1593.000977;0.119051;0.000000;0.000000;0.000000;0.000000;2.000000;-82.628296;-146.346466;2002.725708;0.025208;0.000000;0.000000;0.000000;0.000000;2.000000;-253.892838;-28.422852;1658.111450;0.156606;0.000000;0.000000;0.000000;0.000000;2.000000;-186.951202;335.782623;1777.639526;0.114608;0.000000;0.000000;0.000000;0.000000;2.000000;-216.110611;452.215485;1652.392578;0.220382;0.000000;0.000000;0.000000;0.000000;2.000000;-35.689442;-707.249207;2228.343750;0.304828;0.000000;0.000000;0.000000;0.000000;2.000000;-6.150049;-741.361511;2073.039063;0.424589;0.000000;0.000000;0.000000;0.000000;2.000000;-0.313722;-783.367432;2110.119141;0.302246;0.000000;0.000000;0.000000;0.000000;2.000000;27.643517;-791.363403;2234.352539;0.240241;0.000000;0.000000;0.000000;0.000000;2.000000;-47.166386;-765.646301;2094.000488;0.407806;0.000000;0.000000;0.000000;0.000000;2.000000;-128.735458;-747.139282;2195.946533;0.502600;0.000000;0.000000;0.000000;0.000000;2.000000;3377799936.000000
0.000000;-150.000000;2000.000000;0.000000;0.000000;0.000000;0.000000;0.000000;2.000000;-2.717909;-292.093933;2109.504395;0.005937;0.000000;0.000000;0.000000;0.000000;2.000000;-5.363249;-410.956665;2189.738770;0.014994;0.000000;0.000000;0.000000;0.000000;2.000000;-26.306479;-624.846741;2228.226074;0.032409;0.000000;0.000000;0.000000;0.000000;2.000000;10.692406;-593.611633;2218.999023;0.030541;0.000000;0.000000;0.000000;0.000000;2.000000;153.145981;-594.307068;2199.673340;0.047171;0.000000;0.000000;0.000000;0.000000;2.000000;214.080948;-431.325165;1982.983887;0.042103;0.000000;0.000000;0.000000;0.000000;2.000000;41.608433;-588.319824;1986.159302;0.061456;0.000000;0.000000;0.000000;0.000000;2.000000;9.037002;-669.213379;2028.263062;0.098264;0.000000;0.000000;0.000000;0.000000;2.000000;-12.115095;-764.987305;2075.039063;0.148199;0.000000;0.000000;0.000000;0.000000;2.000000;-43.791409;-691.471802;2022.377075;0.119082;0.000000;0.000000;0.000000;0.000000;2.000000;-55.990036;-585.068604;2226.785156;0.028426;0.000000;0.000000;0.000000;0.000000;2.000000;-182.742249;-547.473145;2230.169922;0.025252;0.000000;0.000000;0.000000;0.000000;2.000000;-252.382034;-280.882263;2164.901855;0.019451;0.000000;0.000000;0.000000;0.000000;2.000000;-142.239410;-226.503540;1963.154907;0.027972;0.000000;0.000000;0.000000;0.000000;2.000000;-101.991577;-174.419312;1882.291870;0.075298;0.000000;0.000000;0.000000;0.000000;2.000000;-36.793015;-114.446991;1941.965332;1.162602;0.000000;0.000000;0.000000;0.000000;2.000000;-43.636845;-191.812805;1875.006470;0.042159;0.000000;0.000000;0.000000;0.000000;2.000000;91.558243;-154.059128;1997.005371;0.002356;0.000000;0.000000;0.000000;0.000000;2.000000;217.564896;-17.305664;1639.926514;0.035923;0.000000;0.000000;0.000000;0.000000;2.000000;224.405365;350.714417;1751.969116;0.054058;0.000000;0.000000;0.000000;0.000000;2.000000;251.820557;451.452515;1595.144531;0.065108;0.000000;0.000000;0.000000;0.000000;2.000000;-82.562088;-146.339722;2002.700439;0.002123;0.000000;0.000000;0.000000;0.000000;2.000000;-254.217728;-28.656738;1658.577393;0.018317;0.000000;0.000000;0.000000;0.000000;2.000000;-186.715820;335.351868;1777.368652;0.016718;0.000000;0.000000;0.000000;0.000000;2.000000;-215.968781;451.308472;1651.895142;0.031135;0.000000;0.000000;0.000000;0.000000;2.000000;-35.899250;-706.425720;2229.331055;0.038844;0.000000;0.000000;0.000000;0.000000;2.000000;-8.118797;-741.965942;2074.157715;0.069885;0.000000;0.000000;0.000000;0.000000;2.000000;-1.219788;-783.416504;2111.609619;0.052032;0.000000;0.000000;0.000000;0.000000;2.000000;28.554625;-789.570679;2235.419434;0.067881;0.000000;0.000000;0.000000;0.000000;2.000000;-48.483524;-766.508179;2095.963135;0.075020;0.000000;0.000000;0.000000;0.000000;2.000000;-128.785721;-747.862427;2198.749023;0.086317;0.000000;0.000000;0.000000;0.000000;2.000000;3377833472.000000
0.000000;-150.000000;2000.000000;0.000000;0.000000;0.000000;0.000000;0.000000;2.000000;-3.135471;-292.976471;2108.237793;0.048054;0.000000;0.000000;0.000000;0.000000;2.000000;-6.368722;-412.657349;2187.136475;0.098176;0.000000;0.000000;0.000000;0.000000;2.000000;-27.887197;-626.293823;2226.290527;0.086771;0.000000;0.000000;0.000000;0.000000;2.000000;9.156519;-595.242493;2216.718262;0.096062;0.000000;0.000000;0.000000;0.000000;2.000000;151.460724;-594.413269;2196.672852;0.103456;0.000000;0.000000;0.000000;0.000000;2.000000;215.976944;-427.637238;1984.065918;0.128774;0.000000;0.000000;0.000000;0.000000;2.000000;45.943672;-587.129578;1988.337524;0.150107;0.000000;0.000000;0.000000;0.000000;2.000000;22.246090;-667.198242;2037.311890;0.484904;0.000000;0.000000;0.000000;0.000000;2.000000;7.679790;-764.768188;2082.787109;0.638773;0.000000;0.000000;0.000000;0.000000;2.000000;-40.066925;-676.508240;2025.128906;0.470665;0.000000;0.000000;0.000000;0.000000;2.000000;-57.409233;-586.412354;2224.970215;0.080143;0.000000;0.000000;0.000000;0.000000;2.000000;-184.061554;-548.593506;2227.815430;0.087807;0.000000;0.000000;0.000000;0.000000;2.000000;-252.587158;-281.897705;2162.212891;0.086587;0.000000;0.000000;0.000000;0.000000;2.000000;-142.741837;-225.629303;1960.916016;0.073782;0.000000;0.000000;0.000000;0.000000;2.000000;-102.282127;-174.651260;1879.501221;0.084595;0.000000;0.000000;0.000000;0.000000;2.000000;-39.754654;-113.843582;1941.092285;0.094533;0.000000;0.000000;0.000000;0.000000;2.000000;-43.737015;-190.686996;1873.437866;0.058095;0.000000;0.000000;0.000000;0.000000;2.000000;91.371315;-155.601089;1995.248047;0.070474;0.000000;0.000000;0.000000;0.000000;2.000000;218.538483;-19.679138;1638.416748;0.089444;0.000000;0.000000;0.000000;0.000000;2.000000;228.145279;347.334930;1753.078857;0.155088;0.000000;0.000000;0.000000;0.000000;2.000000;251.419815;449.949860;1596.879883;0.070019;0.000000;0.000000;0.000000;0.000000;2.000000;-82.393532;-144.949249;2004.284912;0.063546;0.000000;0.000000;0.000000;0.000000;2.000000;-255.689423;-32.879486;1659.270142;0.135973;0.000000;0.000000;0.000000;0.000000;2.000000;-184.496613;331.752838;1773.474854;0.172717;0.000000;0.000000;0.000000;0.000000;2.000000;-215.717560;448.626495;1649.415527;0.110013;0.000000;0.000000;0.000000;0.000000;2.000000;-37.798508;-707.802551;2227.666504;0.086430;0.000000;0.000000;0.000000;0.000000;2.000000;-5.835286;-748.499268;2074.636963;0.208458;0.000000;0.000000;0.000000;0.000000;2.000000;4.789599;-787.080078;2114.195557;0.225304;0.000000;0.000000;0.000000;0.000000;2.000000;34.281517;-783.905884;2238.140625;0.255483;0.000000;0.000000;0.000000;0.000000;2.000000;-43.770618;-775.636780;2097.652832;0.312844;0.000000;0.000000;0.000000;0.000000;2.000000;-126.065369;-759.498169;2199.222656;0.359342;0.000000;0.000000;0.000000;0.000000;2.000000;3377866752.000000
0.000000;-150.000015;2000.000000;0.000000;0.000000;0.000000;0.000000;0.000000;2.000000;-3.636687;-292.314087;2107.620605;0.031095;0.000000;0.000000;0.000000;0.000000;2.000000;-7.565236;-411.864319;2185.386230;0.068017;0.000000;0.000000;0.000000;0.000000;2.000000;-28.980667;-624.061279;2226.353271;0.074722;0.000000;0.000000;0.000000;0.000000;2.000000;7.737999;-593.450073;2215.459473;0.078411;0.000000;0.000000;0.000000;0.000000;2.000000;145.957367;-593.127075;2178.804443;0.563128;0.000000;0.000000;0.000000;0.000000;2.000000;218.285553;-410.312195;1984.483398;0.525335;0.000000;0.000000;0.000000;0.000000;2.000000;46.932011;-566.277100;1996.377563;0.672194;0.000000;0.000000;0.000000;0.000000;2.000000;19.912086;-650.862671;2033.705688;0.507540;0.000000;0.000000;0.000000;0.000000;2.000000;-13.203881;-746.692627;2071.163574;0.900420;0.000000;0.000000;0.000000;0.000000;2.000000;-38.881775;-664.854248;2024.360596;0.352742;0.000000;0.000000;0.000000;0.000000;2.000000;-58.146797;-584.207214;2225.728760;0.073492;0.000000;0.000000;0.000000;0.000000;2.000000;-184.363937;-547.349121;2229.808594;0.071187;0.000000;0.000000;0.000000;0.000000;2.000000;-254.975769;-282.015259;2167.008545;0.161024;0.000000;0.000000;0.000000;0.000000;2.000000;-142.650772;-226.877975;1968.154541;0.220733;0.000000;0.000000;0.000000;0.000000;2.000000;-104.051048;-182.229599;1882.872559;0.254836;0.000000;0.000000;0.000000;0.000000;2.000000;-39.673210;-101.351746;1907.408447;1.079497;0.000000;0.000000;0.000000;0.000000;2.000000;-45.658302;-196.625504;1878.361328;0.238873;0.000000;0.000000;0.000000;0.000000;2.000000;90.720665;-157.059540;1993.730347;0.066200;0.000000;0.000000;0.000000;0.000000;2.000000;210.664154;-16.823395;1638.319580;0.251705;0.000000;0.000000;0.000000;0.000000;2.000000;228.788071;347.534729;1754.023682;0.034858;0.000000;0.000000;0.000000;0.000000;2.000000;253.973480;450.973572;1599.802490;0.120608;0.000000;0.000000;0.000000;0.000000;2.000000;-81.806816;-143.634125;2005.653687;0.059699;0.000000;0.000000;0.000000;0.000000;2.000000;-255.748016;-35.610168;1661.997314;0.115978;0.000000;0.000000;0.000000;0.000000;2.000000;-185.856171;327.937561;1773.884766;0.122325;0.000000;0.000000;0.000000;0.000000;2.000000;-216.682480;450.227600;1656.316772;0.214842;0.000000;0.000000;0.000000;0.000000;2.000000;-39.275455;-705.093140;2228.549805;0.096447;0.000000;0.000000;0.000000;0.000000;2.000000;-5.366903;-748.917480;2077.662598;0.092852;0.000000;0.000000;0.000000;0.000000;2.000000;4.895468;-786.336182;2118.028320;0.117359;0.000000;0.000000;0.000000;0.000000;2.000000;32.674763;-780.190552;2241.607422;0.160143;0.000000;0.000000;0.000000;0.000000;2.000000;-43.267475;-775.578857;2100.709961;0.093113;0.000000;0.000000;0.000000;0.000000;2.000000;-126.492203;-757.618225;2200.351074;0.067120;0.000000;0.000000;0.000000;0.000000;2.000000;3377900032.000000
0.000000;-149.999985;2000.000000;0.000001;0.000000;0.000000;0.000000;0.000000;2.000000;-3.723909;-292.231323;2107.673340;0.003945;0.000000;0.000000;0.000000;0.000000;2.000000;-7.719157;-411.707886;2185.501465;0.007448;0.000000;0.000000;0.000000;0.000000;2.000000;-29.306446;-623.846924;2226.469727;0.012229;0.000000;0.000000;0.000000;0.000000;2.000000;7.438645;-593.262878;2215.628906;0.011767;0.000000;0.000000;0.000000;0.000000;2.000000;145.752808;-593.062012;2179.434082;0.019989;0.000000;0.000000;0.000000;0.000000;2.000000;219.198959;-410.117523;1985.726685;0.046724;0.000000;0.000000;0.000000;0.000000;2.000000;47.513435;-565.695313;1997.069702;0.032301;0.000000;0.000000;0.000000;0.000000;2.000000;19.969049;-650.086182;2034.410156;0.031550;0.000000;0.000000;0.000000;0.000000;2.000000;-13.747187;-745.682007;2071.874023;0.040551;0.000000;0.000000;0.000000;0.000000;2.000000;-39.806267;-663.043701;2024.076538;0.061679;0.000000;0.000000;0.000000;0.000000;2.000000;-58.445251;-583.984863;2225.791748;0.011342;0.000000;0.000000;0.000000;0.000000;2.000000;-184.599777;-546.972595;2229.638184;0.014298;0.000000;0.000000;0.000000;0.000000;2.000000;-254.802185;-281.487793;2167.246582;0.018154;0.000000;0.000000;0.000000;0.000000;2.000000;-142.274933;-225.553772;1968.780151;0.045433;0.000000;0.000000;0.000000;0.000000;2.000000;-102.827713;-179.259796;1884.796021;0.112494;0.000000;0.000000;0.000000;0.000000;2.000000;-43.490566;-109.318741;1938.377808;0.967691;0.000000;0.000000;0.000000;0.000000;2.000000;-45.064007;-194.882111;1879.677734;0.068028;0.000000;0.000000;0.000000;0.000000;2.000000;90.704002;-157.093124;1993.767334;0.001582;0.000000;0.000000;0.000000;0.000000;2.000000;212.088898;-17.431122;1638.701660;0.047938;0.000000;0.000000;0.000000;0.000000;2.000000;229.459076;346.886719;1754.419067;0.030444;0.000000;0.000000;0.000000;0.000000;2.000000;253.988052;449.455139;1599.553223;0.046239;0.000000;0.000000;0.000000;0.000000;2.000000;-81.791786;-143.603806;2005.620239;0.001430;0.000000;0.000000;0.000000;0.000000;2.000000;-255.826111;-35.650940;1662.072998;0.003490;0.000000;0.000000;0.000000;0.000000;2.000000;-185.957474;327.917175;1773.666260;0.007263;0.000000;0.000000;0.000000;0.000000;2.000000;-216.596085;450.072754;1655.955200;0.012101;0.000000;0.000000;0.000000;0.000000;2.000000;-39.645535;-704.858276;2228.665527;0.013622;0.000000;0.000000;0.000000;0.000000;2.000000;-5.632771;-748.553101;2077.795166;0.014127;0.000000;0.000000;0.000000;0.000000;2.000000;3.253026;-786.505371;2117.974609;0.049640;0.000000;0.000000;0.000000;0.000000;2.000000;30.104736;-781.963806;2241.804443;0.094009;0.000000;0.000000;0.000000;0.000000;2.000000;-44.437660;-774.322632;2100.325439;0.052865;0.000000;0.000000;0.000000;0.000000;2.000000;-127.994133;-754.782227;2199.358887;0.100933;0.000000;0.000000;0.000000;0.000000;2.000000;3377933312.000000
0.000000;-149.999985;2000.000000;0.000000;0.000000;0.000000;0.000000;0.000000;2.000000;-4.115675;-293.023987;2108.702881;0.040779;0.000000;0.000000;0.000000;0.000000;2.000000;-8.341599;-413.097412;2187.450684;0.074321;0.000000;0.000000;0.000000;0.000000;2.000000;-28.459520;-626.686523;2229.778320;0.133460;0.000000;0.000000;0.000000;0.000000;2.000000;8.367216;-595.585938;2219.112061;0.128861;0.000000;0.000000;0.000000;0.000000;2.000000;148.567719;-593.682678;2186.381836;0.226021;0.000000;0.000000;0.000000;0.000000;2.000000;218.120575;-406.228455;1992.750000;0.243398;0.000000;0.000000;0.000000;0.000000;2.000000;46.906982;-565.037781;1998.946533;0.062473;0.000000;0.000000;0.000000;0.000000;2.000000;19.006918;-650.437866;2035.482788;0.044568;0.000000;0.000000;0.000000;0.000000;2.000000;-19.072821;-745.861938;2071.383789;0.160793;0.000000;0.000000;0.000000;0.000000;2.000000;-41.731068;-666.190186;2026.549316;0.133435;0.000000;0.000000;0.000000;0.000000;2.000000;-58.190117;-586.842102;2228.494629;0.118431;0.000000;0.000000;0.000000;0.000000;2.000000;-184.947296;-548.557190;2231.977295;0.085535;0.000000;0.000000;0.000000;0.000000;2.000000;-254.687286;-280.945129;2169.135498;0.059155;0.000000;0.000000;0.000000;0.000000;2.000000;-140.156128;-224.184937;1970.077271;0.085230;0.000000;0.000000;0.000000;0.000000;2.000000;-99.967712;-186.492874;1881.367676;0.255410;0.000000;0.000000;0.000000;0.000000;2.000000;-41.924149;-100.584045;1907.720093;0.959021;0.000000;0.000000;0.000000;0.000000;2.000000;-45.036011;-195.334473;1878.541870;0.036747;0.000000;0.000000;0.000000;0.000000;2.000000;91.405655;-156.909424;1994.369751;0.028331;0.000000;0.000000;0.000000;0.000000;2.000000;212.664948;-19.495483;1635.203003;0.123285;0.000000;0.000000;0.000000;0.000000;2.000000;221.442123;347.068054;1753.745972;0.241803;0.000000;0.000000;0.000000;0.000000;2.000000;254.150803;454.229431;1601.922485;0.160226;0.000000;0.000000;0.000000;0.000000;2.000000;-82.424500;-143.769455;2005.076904;0.025549;0.000000;0.000000;0.000000;0.000000;2.000000;-257.288513;-38.547119;1657.818970;0.160759;0.000000;0.000000;0.000000;0.000000;2.000000;-184.956055;325.643616;1775.173462;0.087313;0.000000;0.000000;0.000000;0.000000;2.000000;-216.967926;449.279541;1657.581787;0.055514;0.000000;0.000000;0.000000;0.000000;2.000000;-38.089314;-708.355530;2232.374512;0.160157;0.000000;0.000000;0.000000;0.000000;2.000000;-3.835602;-753.522034;2080.778809;0.182336;0.000000;0.000000;0.000000;0.000000;2.000000;-1.395932;-793.325562;2120.627441;0.260511;0.000000;0.000000;0.000000;0.000000;2.000000;21.146070;-794.588379;2246.301270;0.484379;0.000000;0.000000;0.000000;0.000000;2.000000;-46.748096;-774.682495;2101.424561;0.077636;0.000000;0.000000;0.000000;0.000000;2.000000;-131.518997;-746.275513;2198.490723;0.277912;0.000000;0.000000;0.000000;0.000000;2.000000;3377966592.000000
0.000000;-150.000000;2000.000000;0.000000;0.000000;0.000000;0.000000;0.000000;2.000000;-4.219262;-292.917694;2108.609375;0.005231;0.000000;0.000000;0.000000;0.000000;2.000000;-8.524467;-412.896698;2187.294678;0.009338;0.000000;0.000000;0.000000;0.000000;2.000000;-28.914999;-626.320862;2229.451904;0.019952;0.000000;0.000000;0.000000;0.000000;2.000000;7.930957;-595.279175;2218.856934;0.017629;0.000000;0.000000;0.000000;0.000000;2.000000;148.116592;-593.411987;2186.552734;0.016495;0.000000;0.000000;0.000000;0.000000;2.000000;218.465591;-405.763947;1993.706421;0.033332;0.000000;0.000000;0.000000;0.000000;2.000000;47.263397;-564.337463;1999.446289;0.027769;0.000000;0.000000;0.000000;0.000000;2.000000;19.185074;-649.511353;2036.174683;0.034888;0.000000;0.000000;0.000000;0.000000;2.000000;-20.568588;-744.122192;2072.158691;0.072211;0.000000;0.000000;0.000000;0.000000;2.000000;-41.136787;-665.486084;2027.660278;0.043038;0.000000;0.000000;0.000000;0.000000;2.000000;-58.577263;-586.473938;2228.152100;0.018924;0.000000;0.000000;0.000000;0.000000;2.000000;-185.190659;-548.046021;2231.394043;0.024238;0.000000;0.000000;0.000000;0.000000;2.000000;-254.763397;-280.556183;2168.834473;0.014840;0.000000;0.000000;0.000000;0.000000;2.000000;-139.804382;-222.979919;1970.475464;0.039270;0.000000;0.000000;0.000000;0.000000;2.000000;-98.514496;-183.529419;1883.141968;0.111739;0.000000;0.000000;0.000000;0.000000;2.000000;-44.398312;-105.463165;1932.165039;0.746947;0.000000;0.000000;0.000000;0.000000;2.000000;-44.317986;-193.147141;1880.037476;0.081862;0.000000;0.000000;0.000000;0.000000;2.000000;91.335464;-156.936676;1994.420288;0.002704;0.000000;0.000000;0.000000;0.000000;2.000000;213.349533;-19.534058;1635.854614;0.028206;0.000000;0.000000;0.000000;0.000000;2.000000;221.814499;346.485321;1755.132690;0.046207;0.000000;0.000000;0.000000;0.000000;2.000000;254.279816;452.490082;1602.627686;0.056098;0.000000;0.000000;0.000000;0.000000;2.000000;-82.361214;-143.744904;2005.031372;0.002437;0.000000;0.000000;0.000000;0.000000;2.000000;-256.458923;-38.742615;1657.682251;0.025740;0.000000;0.000000;0.000000;0.000000;2.000000;-184.750336;325.251007;1775.034058;0.013855;0.000000;0.000000;0.000000;0.000000;2.000000;-216.537689;448.700714;1657.383301;0.022305;0.000000;0.000000;0.000000;0.000000;2.000000;-38.630215;-707.917603;2231.990723;0.023699;0.000000;0.000000;0.000000;0.000000;2.000000;-7.742310;-753.649536;2079.975586;0.118990;0.000000;0.000000;0.000000;0.000000;2.000000;-4.657275;-793.315063;2119.855957;0.099933;0.000000;0.000000;0.000000;0.000000;2.000000;20.453531;-794.306519;2244.943848;0.046211;0.000000;0.000000;0.000000;0.000000;2.000000;-50.278835;-774.540405;2101.551758;0.105436;0.000000;0.000000;0.000000;0.000000;2.000000;-132.834320;-745.489807;2200.185547;0.068127;0.000000;0.000000;0.000000;0.000000;2.000000;3378000128.000000
0.000000;-150.000000;2000.000000;0.000000;0.000000;0.000000;0.000000;0.000000;2.000000;-4.409433;-291.660980;2108.680664;0.038252;0.000000;0.000000;0.000000;0.000000;2.000000;-8.743753;-411.727570;2185.833008;0.056626;0.000000;0.000000;0.000000;0.000000;2.000000;-28.549307;-623.663330;2229.760742;0.081139;0.000000;0.000000;0.000000;0.000000;2.000000;8.045084;-592.784607;2219.031250;0.075218;0.000000;0.000000;0.000000;0.000000;2.000000;147.483154;-590.818237;2186.881348;0.080833;0.000000;0.000000;0.000000;0.000000;2.000000;213.808975;-400.881836;1996.990234;0.225466;0.000000;0.000000;0.000000;0.000000;2.000000;47.278728;-562.597229;2002.377930;0.102442;0.000000;0.000000;0.000000;0.000000;2.000000;20.169725;-647.420532;2039.295166;0.116680;0.000000;0.000000;0.000000;0.000000;2.000000;-24.289677;-739.338013;2075.016846;0.201353;0.000000;0.000000;0.000000;0.000000;2.000000;-41.224545;-662.800415;2032.961792;0.178594;0.000000;0.000000;0.000000;0.000000;2.000000;-58.162724;-584.126343;2227.997070;0.071783;0.000000;0.000000;0.000000;0.000000;2.000000;-183.759537;-544.705017;2230.132324;0.115606;0.000000;0.000000;0.000000;0.000000;2.000000;-252.094727;-278.872711;2165.943115;0.128597;0.000000;0.000000;0.000000;0.000000;2.000000;-139.221329;-220.003876;1968.254272;0.112952;0.000000;0.000000;0.000000;0.000000;2.000000;-98.036484;-182.484055;1880.678955;0.081672;0.000000;0.000000;0.000000;0.000000;2.000000;-44.660530;-99.218643;1919.709473;0.418741;0.000000;0.000000;0.000000;0.000000;2.000000;-44.262238;-190.358810;1878.461792;0.096251;0.000000;0.000000;0.000000;0.000000;2.000000;91.036713;-155.620758;1996.367065;0.071175;0.000000;0.000000;0.000000;0.000000;2.000000;220.710922;-15.012787;1644.180054;0.360508;0.000000;0.000000;0.000000;0.000000;2.000000;224.369568;350.380096;1758.974976;0.181439;0.000000;0.000000;0.000000;0.000000;2.000000;254.450882;449.683197;1602.746460;0.084573;0.000000;0.000000;0.000000;0.000000;2.000000;-82.091812;-144.931519;2003.275879;0.064182;0.000000;0.000000;0.000000;0.000000;2.000000;-255.382965;-32.163086;1660.450073;0.216906;0.000000;0.000000;0.000000;0.000000;2.000000;-184.227814;330.477936;1775.490601;0.158437;0.000000;0.000000;0.000000;0.000000;2.000000;-215.497162;452.230865;1657.284912;0.110626;0.000000;0.000000;0.000000;0.000000;2.000000;-37.990570;-704.827148;2233.043457;0.099967;0.000000;0.000000;0.000000;0.000000;2.000000;-16.536800;-750.297729;2080.235840;0.282908;0.000000;0.000000;0.000000;0.000000;2.000000;-4.659730;-787.948975;2119.999023;0.161298;0.000000;0.000000;0.000000;0.000000;2.000000;32.175720;-782.367188;2241.319092;0.514425;0.000000;0.000000;0.000000;0.000000;2.000000;-53.590698;-775.591187;2106.118652;0.172428;0.000000;0.000000;0.000000;0.000000;2.000000;-128.818268;-754.458008;2211.468506;0.449580;0.000000;0.000000;0.000000;0.000000;2.000000;3378033408.000000
0.000000;-150.000000;2000.000000;0.000000;0.000000;0.000000;0.000000;0.000000;2.000000;-3.895398;-292.974121;2107.363281;0.057986;0.000000;0.000000;0.000000;0.000000;2.000000;-8.051393;-412.607635;2185.542480;0.034761;0.000000;0.000000;0.000000;0.000000;2.000000;-30.068186;-624.990723;2227.648682;0.087758;0.000000;0.000000;0.000000;0.000000;2.000000;6.880903;-594.370789;2217.096680;0.082912;0.000000;0.000000;0.000000;0.000000;2.000000;146.473724;-593.053101;2184.738525;0.097854;0.000000;0.000000;0.000000;0.000000;2.000000;210.048737;-399.019836;1997.531982;0.127128;0.000000;0.000000;0.000000;0.000000;2.000000;46.145184;-563.862061;2001.917969;0.052873;0.000000;0.000000;0.000000;0.000000;2.000000;18.444450;-647.888672;2040.514404;0.065020;0.000000;0.000000;0.000000;0.000000;2.000000;-24.891636;-740.258850;2076.878418;0.064974;0.000000;0.000000;0.000000;0.000000;2.000000;-41.308636;-665.863159;2038.215332;0.182744;0.000000;0.000000;0.000000;0.000000;2.000000;-59.296154;-585.069763;2226.314941;0.067218;0.000000;0.000000;0.000000;0.000000;2.000000;-184.822968;-544.796143;2226.858887;0.103457;0.000000;0.000000;0.000000;0.000000;2.000000;-255.034363;-278.924866;2163.212402;0.120571;0.000000;0.000000;0.000000;0.000000;2.000000;-141.096832;-221.497803;1965.338257;0.113439;0.000000;0.000000;0.000000;0.000000;2.000000;-100.776306;-184.416168;1877.013794;0.149255;0.000000;0.000000;0.000000;0.000000;2.000000;-39.895786;-100.869675;1902.491211;0.539107;0.000000;0.000000;0.000000;0.000000;2.000000;-47.574520;-189.804260;1874.124878;0.164820;0.000000;0.000000;0.000000;0.000000;2.000000;90.808998;-157.718719;1993.015991;0.118996;0.000000;0.000000;0.000000;0.000000;2.000000;218.410950;-19.852570;1638.390137;0.237050;0.000000;0.000000;0.000000;0.000000;2.000000;221.753586;346.516785;1751.772339;0.257865;0.000000;0.000000;0.000000;0.000000;2.000000;253.883545;454.062622;1601.211914;0.140476;0.000000;0.000000;0.000000;0.000000;2.000000;-81.886475;-143.039673;2006.297974;0.107311;0.000000;0.000000;0.000000;0.000000;2.000000;-263.212189;-33.373077;1666.009033;0.290804;0.000000;0.000000;0.000000;0.000000;2.000000;-188.822769;330.678894;1776.175537;0.139726;0.000000;0.000000;0.000000;0.000000;2.000000;-216.060730;450.199646;1654.412842;0.107050;0.000000;0.000000;0.000000;0.000000;2.000000;-40.390530;-706.182434;2230.220947;0.118540;0.000000;0.000000;0.000000;0.000000;2.000000;-14.357856;-751.338623;2077.807129;0.102911;0.000000;0.000000;0.000000;0.000000;2.000000;-11.480663;-791.236328;2117.152344;0.243065;0.000000;0.000000;0.000000;0.000000;2.000000;16.323097;-793.921753;2241.124512;0.589472;0.000000;0.000000;0.000000;0.000000;2.000000;-56.787037;-771.141968;2100.109863;0.244329;0.000000;0.000000;0.000000;0.000000;2.000000;-135.920914;-740.742920;2200.428711;0.570461;0.000000;0.000000;0.000000;0.000000;2.000000;3378066688.000000
0.000000;-149.999985;2000.000000;0.000000;0.000000;0.000000;0.000000;0.000000;2.000000;-3.886739;-293.124878;2107.584717;0.008054;0.000000;0.000000;0.000000;0.000000;2.000000;-8.029902;-412.861359;2185.977539;0.015147;0.000000;0.000000;0.000000;0.000000;2.000000;-29.845831;-625.535522;2228.313232;0.026671;0.000000;0.000000;0.000000;0.000000;2.000000;7.123774;-594.838013;2217.733887;0.024839;0.000000;0.000000;0.000000;0.000000;2.000000;146.891388;-593.356018;2185.238281;0.021584;0.000000;0.000000;0.000000;0.000000;2.000000;210.032654;-399.474670;1997.148315;0.017886;0.000000;0.000000;0.000000;0.000000;2.000000;46.078182;-564.688171;2002.916138;0.038985;0.000000;0.000000;0.000000;0.000000;2.000000;18.537306;-648.468567;2042.492065;0.061990;0.000000;0.000000;0.000000;0.000000;2.000000;-25.072882;-740.459778;2079.930664;0.092074;0.000000;0.000000;0.000000;0.000000;2.000000;-41.247890;-666.027832;2044.530396;0.189829;0.000000;0.000000;0.000000;0.000000;2.000000;-59.161240;-585.593262;2226.933594;0.024687;0.000000;0.000000;0.000000;0.000000;2.000000;-184.899719;-545.366882;2227.379395;0.023325;0.000000;0.000000;0.000000;0.000000;2.000000;-255.323486;-279.002075;2164.258789;0.032702;0.000000;0.000000;0.000000;0.000000;2.000000;-141.497238;-220.423248;1966.261230;0.044232;0.000000;0.000000;0.000000;0.000000;2.000000;-100.314636;-181.284851;1879.055542;0.113178;0.000000;0.000000;0.000000;0.000000;2.000000;-45.015781;-106.317383;1930.917114;0.883191;0.000000;0.000000;0.000000;0.000000;2.000000;-48.511658;-188.106400;1875.252686;0.067410;0.000000;0.000000;0.000000;0.000000;2.000000;90.939484;-157.718430;1993.017212;0.003921;0.000000;0.000000;0.000000;0.000000;2.000000;216.044769;-20.688110;1636.538818;0.093701;0.000000;0.000000;0.000000;0.000000;2.000000;222.743149;346.298340;1749.616211;0.071587;0.000000;0.000000;0.000000;0.000000;2.000000;253.657364;454.228760;1598.744629;0.074615;0.000000;0.000000;0.000000;0.000000;2.000000;-82.004120;-143.039917;2006.296631;0.003535;0.000000;0.000000;0.000000;0.000000;2.000000;-260.567444;-34.603485;1663.492554;0.115758;0.000000;0.000000;0.000000;0.000000;2.000000;-188.869873;330.591431;1773.593506;0.077642;0.000000;0.000000;0.000000;0.000000;2.000000;-215.799850;450.310608;1651.609619;0.084661;0.000000;0.000000;0.000000;0.000000;2.000000;-40.089111;-706.852051;2230.953369;0.031164;0.000000;0.000000;0.000000;0.000000;2.000000;-11.429599;-753.852539;2079.329102;0.124657;0.000000;0.000000;0.000000;0.000000;2.000000;-6.678274;-792.797974;2119.550537;0.167982;0.000000;0.000000;0.000000;0.000000;2.000000;20.948050;-791.557495;2243.770020;0.175154;0.000000;0.000000;0.000000;0.000000;2.000000;-52.943981;-775.297607;2102.002930;0.179340;0.000000;0.000000;0.000000;0.000000;2.000000;-133.852173;-746.754456;2201.693359;0.194775;0.000000;0.000000;0.000000;0.000000;2.000000;3378099968.000000
0.000000;-150.000015;2000.000000;0.000001;0.000000;0.000000;0.000000;0.000000;2.000000;-3.890698;-293.710236;2107.554688;0.017612;0.000000;0.000000;0.000000;0.000000;2.000000;-8.018706;-413.892059;2185.924805;0.031013;0.000000;0.000000;0.000000;0.000000;2.000000;-29.879042;-627.242798;2227.653076;0.055011;0.000000;0.000000;0.000000;0.000000;2.000000;7.195405;-596.412231;2217.252930;0.049507;0.000000;0.000000;0.000000;0.000000;2.000000;147.456024;-593.952148;2185.351563;0.024906;0.000000;0.000000;0.000000;0.000000;2.000000;211.015350;-397.389587;1999.165161;0.092032;0.000000;0.000000;0.000000;0.000000;2.000000;47.134468;-563.455383;2006.086792;0.107034;0.000000;0.000000;0.000000;0.000000;2.000000;18.935459;-647.640076;2044.928711;0.078253;0.000000;0.000000;0.000000;0.000000;2.000000;-25.149137;-740.018799;2081.641602;0.053140;0.000000;0.000000;0.000000;0.000000;2.000000;-42.869946;-663.130005;2049.820313;0.187678;0.000000;0.000000;0.000000;0.000000;2.000000;-59.289886;-587.215027;2226.302246;0.052436;0.000000;0.000000;0.000000;0.000000;2.000000;-185.217621;-546.492065;2226.612549;0.042015;0.000000;0.000000;0.000000;0.000000;2.000000;-254.030701;-278.733276;2164.435059;0.040028;0.000000;0.000000;0.000000;0.000000;2.000000;-140.022095;-219.093491;1966.152588;0.059766;0.000000;0.000000;0.000000;0.000000;2.000000;-97.173248;-176.658142;1881.003418;0.177942;0.000000;0.000000;0.000000;0.000000;2.000000;-44.321198;-97.209015;1929.163696;0.279494;0.000000;0.000000;0.000000;0.000000;2.000000;-48.446304;-186.674210;1875.820190;0.046332;0.000000;0.000000;0.000000;0.000000;2.000000;91.186302;-157.623291;1993.112671;0.008450;0.000000;0.000000;0.000000;0.000000;2.000000;216.654068;-19.301361;1636.120605;0.047217;0.000000;0.000000;0.000000;0.000000;2.000000;221.297653;348.208862;1750.870361;0.081255;0.000000;0.000000;0.000000;0.000000;2.000000;253.391922;453.729736;1597.964355;0.028951;0.000000;0.000000;0.000000;0.000000;2.000000;-82.226692;-143.125763;2006.210693;0.007619;0.000000;0.000000;0.000000;0.000000;2.000000;-262.355011;-30.516449;1664.389038;0.136720;0.000000;0.000000;0.000000;0.000000;2.000000;-189.104462;333.804321;1779.684570;0.207046;0.000000;0.000000;0.000000;0.000000;2.000000;-215.854797;451.420776;1655.027344;0.107991;0.000000;0.000000;0.000000;0.000000;2.000000;-40.102894;-708.777954;2230.021240;0.064293;0.000000;0.000000;0.000000;0.000000;2.000000;-12.123747;-757.687683;2078.441895;0.120107;0.000000;0.000000;0.000000;0.000000;2.000000;-6.177620;-796.005493;2119.299805;0.097837;0.000000;0.000000;0.000000;0.000000;2.000000;22.837027;-792.311646;2243.481689;0.061727;0.000000;0.000000;0.000000;0.000000;2.000000;-53.074722;-779.618164;2101.959717;0.129890;0.000000;0.000000;0.000000;0.000000;2.000000;-133.631302;-751.005005;2202.349121;0.129402;0.000000;0.000000;0.000000;0.000000;2.000000;3378133248.000000
0.000000;-150.000000;2000.000000;0.000000;0.000000;0.000000;0.000000;0.000000;2.000000;-4.087546;-293.936981;2107.641113;0.009317;0.000000;0.000000;0.000000;0.000000;2.000000;-8.361629;-414.273254;2186.114746;0.016305;0.000000;0.000000;0.000000;0.000000;2.000000;-30.426422;-627.871948;2227.981934;0.026731;0.000000;0.000000;0.000000;0.000000;2.000000;6.732434;-597.020935;2217.634277;0.025482;0.000000;0.000000;0.000000;0.000000;2.000000;147.312561;-594.374146;2186.299316;0.031230;0.000000;0.000000;0.000000;0.000000;2.000000;211.289978;-397.118378;2000.439453;0.039703;0.000000;0.000000;0.000000;0.000000;2.000000;47.680302;-563.886658;2007.313232;0.042044;0.000000;0.000000;0.000000;0.000000;2.000000;19.634975;-648.077515;2046.570923;0.054801;0.000000;0.000000;0.000000;0.000000;2.000000;-24.461329;-740.455200;2083.696533;0.065914;0.000000;0.000000;0.000000;0.000000;2.000000;-41.769890;-663.662659;2053.454590;0.114334;0.000000;0.000000;0.000000;0.000000;2.000000;-59.858101;-587.781128;2226.536377;0.024915;0.000000;0.000000;0.000000;0.000000;2.000000;-185.900528;-546.842651;2226.497070;0.023148;0.000000;0.000000;0.000000;0.000000;2.000000;-254.040131;-278.611237;2163.905273;0.016214;0.000000;0.000000;0.000000;0.000000;2.000000;-139.761261;-218.778442;1965.463257;0.023901;0.000000;0.000000;0.000000;0.000000;2.000000;-97.203400;-175.274551;1880.538330;0.043535;0.000000;0.000000;0.000000;0.000000;2.000000;-50.192196;-102.960220;1943.908447;0.503356;0.000000;0.000000;0.000000;0.000000;2.000000;-48.444855;-186.223053;1874.830078;0.032444;0.000000;0.000000;0.000000;0.000000;2.000000;91.311592;-157.672394;1993.208008;0.004918;0.000000;0.000000;0.000000;0.000000;2.000000;217.426971;-19.051514;1635.957886;0.024702;0.000000;0.000000;0.000000;0.000000;2.000000;222.477402;348.403107;1752.564941;0.061842;0.000000;0.000000;0.000000;0.000000;2.000000;253.959030;454.370392;1599.532471;0.053267;0.000000;0.000000;0.000000;0.000000;2.000000;-82.339676;-143.081451;2006.124634;0.004436;0.000000;0.000000;0.000000;0.000000;2.000000;-260.168579;-30.609161;1662.431274;0.087557;0.000000;0.000000;0.000000;0.000000;2.000000;-188.444550;334.700531;1777.296143;0.078572;0.000000;0.000000;0.000000;0.000000;2.000000;-215.493073;451.803925;1651.902710;0.094488;0.000000;0.000000;0.000000;0.000000;2.000000;-40.699642;-709.509766;2230.380859;0.030130;0.000000;0.000000;0.000000;0.000000;2.000000;-13.705780;-761.799683;2079.524414;0.135284;0.000000;0.000000;0.000000;0.000000;2.000000;-8.055965;-799.413574;2121.173584;0.128789;0.000000;0.000000;0.000000;0.000000;2.000000;21.422277;-793.575867;2245.337891;0.079147;0.000000;0.000000;0.000000;0.000000;2.000000;-54.881641;-782.823425;2103.623047;0.120407;0.000000;0.000000;0.000000;0.000000;2.000000;-134.906052;-751.274780;2203.787598;0.057874;0.000000;0.000000;0.000000;0.000000;2.000000;3378166784.000000
0.000000;-150.000000;2000.000000;0.000000;0.000000;0.000000;0.000000;0.000000;2.000000;-3.728249;-292.104095;2108.462646;0.061312;0.000000;0.000000;0.000000;0.000000;2.000000;-7.104777;-411.753082;2186.606934;0.085904;0.000000;0.000000;0.000000;0.000000;2.000000;-26.336954;-624.899048;2225.918945;0.164080;0.000000;0.000000;0.000000;0.000000;2.000000;10.253312;-593.595825;2216.196777;0.153787;0.000000;0.000000;0.000000;0.000000;2.000000;151.070740;-591.796631;2189.844727;0.173493;0.000000;0.000000;0.000000;0.000000;2.000000;210.822159;-391.295593;2008.358032;0.295676;0.000000;0.000000;0.000000;0.000000;2.000000;45.410973;-554.453857;2015.762939;0.386588;0.000000;0.000000;0.000000;0.000000;2.000000;17.848204;-638.729736;2053.866211;0.360320;0.000000;0.000000;0.000000;0.000000;2.000000;-19.612982;-735.921204;2083.509277;0.199540;0.000000;0.000000;0.000000;0.000000;2.000000;-45.559887;-657.622986;2062.277832;0.340872;0.000000;0.000000;0.000000;0.000000;2.000000;-56.157211;-585.426880;2224.687988;0.143023;0.000000;0.000000;0.000000;0.000000;2.000000;-182.011139;-546.660950;2230.230469;0.162089;0.000000;0.000000;0.000000;0.000000;2.000000;-251.194397;-281.045654;2164.653564;0.114753;0.000000;0.000000;0.000000;0.000000;2.000000;-140.619690;-220.524200;1965.848633;0.059591;0.000000;0.000000;0.000000;0.000000;2.000000;-98.573959;-177.394058;1881.173218;0.078205;0.000000;0.000000;0.000000;0.000000;2.000000;-39.194790;-93.795761;1909.752197;1.112826;0.000000;0.000000;0.000000;0.000000;2.000000;-47.922955;-187.095993;1876.505493;0.058893;0.000000;0.000000;0.000000;0.000000;2.000000;91.298782;-153.650620;1998.355347;0.196281;0.000000;0.000000;0.000000;0.000000;2.000000;217.649216;-22.026215;1641.005371;0.176173;0.000000;0.000000;0.000000;0.000000;2.000000;220.625122;345.862000;1749.114502;0.140276;0.000000;0.000000;0.000000;0.000000;2.000000;254.013687;458.356750;1602.541016;0.150076;0.000000;0.000000;0.000000;0.000000;2.000000;-82.328133;-146.708084;2001.483154;0.176993;0.000000;0.000000;0.000000;0.000000;2.000000;-253.227798;-37.438385;1655.801880;0.353958;0.000000;0.000000;0.000000;0.000000;2.000000;-185.081635;326.664612;1769.525269;0.350768;0.000000;0.000000;0.000000;0.000000;2.000000;-216.811447;455.608582;1659.031982;0.246028;0.000000;0.000000;0.000000;0.000000;2.000000;-35.426079;-706.249695;2227.403809;0.206659;0.000000;0.000000;0.000000;0.000000;2.000000;-11.771755;-760.328247;2077.560303;0.093889;0.000000;0.000000;0.000000;0.000000;2.000000;-4.896214;-797.068237;2119.391602;0.129800;0.000000;0.000000;0.000000;0.000000;2.000000;27.305222;-789.193726;2242.047363;0.241583;0.000000;0.000000;0.000000;0.000000;2.000000;-51.989140;-781.158142;2102.808594;0.103232;0.000000;0.000000;0.000000;0.000000;2.000000;-129.417313;-748.834167;2203.822021;0.180499;0.000000;0.000000;0.000000;0.000000;2.000000;3378200064.000000
0.000000;-150.000000;2000.000000;0.000000;0.000000;0.000000;0.000000;0.000000;2.000000;-3.823166;-292.318024;2108.525391;0.007281;0.000000;0.000000;0.000000;0.000000;2.000000;-7.279372;-412.048676;2186.848389;0.012612;0.000000;0.000000;0.000000;0.000000;2.000000;-27.108955;-625.339111;2226.494629;0.031815;0.000000;0.000000;0.000000;0.000000;2.000000;9.610466;-594.108398;2216.734375;0.029517;0.000000;0.000000;0.000000;0.000000;2.000000;150.530060;-592.708679;2189.990723;0.032160;0.000000;0.000000;0.000000;0.000000;2.000000;210.356613;-392.682037;2007.511230;0.050781;0.000000;0.000000;0.000000;0.000000;2.000000;44.151184;-555.361450;2016.145874;0.048053;0.000000;0.000000;0.000000;0.000000;2.000000;16.014046;-639.319946;2054.813477;0.064515;0.000000;0.000000;0.000000;0.000000;2.000000;-22.774326;-736.131165;2084.458496;0.099382;0.000000;0.000000;0.000000;0.000000;2.000000;-46.292038;-657.815796;2065.150391;0.089263;0.000000;0.000000;0.000000;0.000000;2.000000;-56.860531;-585.744629;2225.192871;0.027712;0.000000;0.000000;0.000000;0.000000;2.000000;-182.741531;-546.504639;2230.464844;0.023523;0.000000;0.000000;0.000000;0.000000;2.000000;-250.975311;-280.225494;2165.157227;0.029660;0.000000;0.000000;0.000000;0.000000;2.000000;-140.026596;-219.246170;1966.372925;0.045172;0.000000;0.000000;0.000000;0.000000;2.000000;-96.781410;-174.216431;1883.153198;0.124730;0.000000;0.000000;0.000000;0.000000;2.000000;-46.653061;-105.675232;1947.552002;1.211490;0.000000;0.000000;0.000000;0.000000;2.000000;-47.221264;-186.037048;1877.497925;0.048439;0.000000;0.000000;0.000000;0.000000;2.000000;91.401749;-153.743286;1998.311035;0.004370;0.000000;0.000000;0.000000;0.000000;2.000000;216.686127;-22.511902;1639.912842;0.046132;0.000000;0.000000;0.000000;0.000000;2.000000;221.484055;345.952362;1747.593018;0.052570;0.000000;0.000000;0.000000;0.000000;2.000000;254.593842;458.829559;1600.967407;0.052359;0.000000;0.000000;0.000000;0.000000;2.000000;-82.420982;-146.624512;2001.522949;0.003940;0.000000;0.000000;0.000000;0.000000;2.000000;-254.836304;-34.793121;1656.868652;0.098394;0.000000;0.000000;0.000000;0.000000;2.000000;-184.791046;328.581024;1773.290039;0.127237;0.000000;0.000000;0.000000;0.000000;2.000000;-216.474838;455.740265;1660.423096;0.043188;0.000000;0.000000;0.000000;0.000000;2.000000;-36.421822;-706.759277;2228.089844;0.039429;0.000000;0.000000;0.000000;0.000000;2.000000;-9.876542;-759.124268;2077.919189;0.068324;0.000000;0.000000;0.000000;0.000000;2.000000;-4.370317;-796.548828;2119.433594;0.022246;0.000000;0.000000;0.000000;0.000000;2.000000;25.105610;-790.701050;2243.039063;0.085486;0.000000;0.000000;0.000000;0.000000;2.000000;-50.943073;-779.860962;2101.974609;0.055993;0.000000;0.000000;0.000000;0.000000;2.000000;-130.417877;-747.996399;2201.737305;0.073903;0.000000;0.000000;0.000000;0.000000;2.000000;3378233344.000000
0.000000;-150.000015;2000.000000;0.000000;0.000000;0.000000;0.000000;0.000000;2.000000;-3.467462;-294.514709;2107.573242;0.072730;0.000000;0.000000;0.000000;0.000000;2.000000;-6.726363;-414.265106;2187.576660;0.072045;0.000000;0.000000;0.000000;0.000000;2.000000;-27.891718;-629.232056;2225.306396;0.124544;0.000000;0.000000;0.000000;0.000000;2.000000;9.249678;-597.899414;2215.843750;0.117515;0.000000;0.000000;0.000000;0.000000;2.000000;150.667755;-594.836792;2186.899414;0.112846;0.000000;0.000000;0.000000;0.000000;2.000000;209.556305;-390.075745;2006.606689;0.086314;0.000000;0.000000;0.000000;0.000000;2.000000;43.410957;-554.926086;2016.412354;0.027018;0.000000;0.000000;0.000000;0.000000;2.000000;12.723029;-639.228271;2053.964111;0.102166;0.000000;0.000000;0.000000;0.000000;2.000000;-30.276283;-735.010986;2083.750488;0.228909;0.000000;0.000000;0.000000;0.000000;2.000000;-45.762615;-658.393372;2065.498535;0.025762;0.000000;0.000000;0.000000;0.000000;2.000000;-57.621960;-589.205994;2224.357910;0.109410;0.000000;0.000000;0.000000;0.000000;2.000000;-183.843887;-547.976929;2227.659912;0.100786;0.000000;0.000000;0.000000;0.000000;2.000000;-252.189880;-279.383514;2163.924561;0.057827;0.000000;0.000000;0.000000;0.000000;2.000000;-139.730133;-221.096924;1963.351318;0.106843;0.000000;0.000000;0.000000;0.000000;2.000000;-99.171303;-181.151566;1875.458618;0.319436;0.000000;0.000000;0.000000;0.000000;2.000000;-45.586235;-98.160355;1917.273804;0.937953;0.000000;0.000000;0.000000;0.000000;2.000000;-47.808681;-187.189957;1871.479126;0.184985;0.000000;0.000000;0.000000;0.000000;2.000000;91.871262;-155.091034;1996.122070;0.078519;0.000000;0.000000;0.000000;0.000000;2.000000;212.449707;-28.698792;1631.463135;0.339453;0.000000;0.000000;0.000000;0.000000;2.000000;219.676285;340.389832;1745.675903;0.184949;0.000000;0.000000;0.000000;0.000000;2.000000;254.880356;457.042480;1600.919678;0.054403;0.000000;0.000000;0.000000;0.000000;2.000000;-82.844353;-145.409210;2003.497070;0.070810;0.000000;0.000000;0.000000;0.000000;2.000000;-256.194031;-24.417511;1659.332275;0.323022;0.000000;0.000000;0.000000;0.000000;2.000000;-186.426483;341.802185;1775.508667;0.405812;0.000000;0.000000;0.000000;0.000000;2.000000;-216.518860;456.408447;1647.971680;0.374682;0.000000;0.000000;0.000000;0.000000;2.000000;-37.708187;-711.146362;2226.080078;0.150061;0.000000;0.000000;0.000000;0.000000;2.000000;-5.500383;-764.963196;2076.392090;0.224006;0.000000;0.000000;0.000000;0.000000;2.000000;-5.100964;-803.091370;2118.128662;0.201662;0.000000;0.000000;0.000000;0.000000;2.000000;17.270290;-799.754700;2244.154785;0.361334;0.000000;0.000000;0.000000;0.000000;2.000000;-49.563866;-783.041809;2097.890137;0.160983;0.000000;0.000000;0.000000;0.000000;2.000000;-133.145706;-745.946777;2193.543945;0.266689;0.000000;0.000000;0.000000;0.000000;2.000000;3378266624.000000
