posX0;posY0;posZ0;posVel0;rotX0;rotY0;rotZ0;rotVel0;confidence0;posX1;posY1;posZ1;posVel1;rotX1;rotY1;rotZ1;rotVel1;confidence1;posX2;posY2;posZ2;posVel2;rotX2;rotY2;rotZ2;rotVel2;confidence2;posX3;posY3;posZ3;posVel3;rotX3;rotY3;rotZ3;rotVel3;confidence3;posX4;posY4;posZ4;posVel4;rotX4;rotY4;rotZ4;rotVel4;confidence4;posX5;posY5;posZ5;posVel5;rotX5;rotY5;rotZ5;rotVel5;confidence5;posX6;posY6;posZ6;posVel6;rotX6;rotY6;rotZ6;rotVel6;confidence6;posX7;posY7;posZ7;posVel7;rotX7;rotY7;rotZ7;rotVel7;confidence7;posX8;posY8;posZ8;posVel8;rotX8;rotY8;rotZ8;rotVel8;confidence8;posX9;posY9;posZ9;posVel9;rotX9;rotY9;rotZ9;rotVel9;confidence9;posX10;posY10;posZ10;posVel10;rotX10;rotY10;rotZ10;rotVel10;confidence10;posX11;posY11;posZ11;posVel11;rotX11;rotY11;rotZ11;rotVel11;confidence11;posX12;posY12;posZ12;posVel12;rotX12;rotY12;rotZ12;rotVel12;confidence12;posX13;posY13;posZ13;posVel13;rotX13;rotY13;rotZ13;rotVel13;confidence13;posX14;posY14;posZ14;posVel14;rotX14;rotY14;rotZ14;rotVel14;confidence14;posX15;posY15;posZ15;posVel15;rotX15;rotY15;rotZ15;rotVel15;confidence15;posX16;posY16;posZ16;posVel16;rotX16;rotY16;rotZ16;rotVel16;confidence16;posX17;posY17;posZ17;posVel17;rotX17;rotY17;rotZ17;rotVel17;confidence17;posX18;posY18;posZ18;posVel18;rotX18;rotY18;rotZ18;rotVel18;confidence18;posX19;posY19;posZ19;posVel19;rotX19;rotY19;rotZ19;rotVel19;confidence19;posX20;posY20;posZ20;posVel20;rotX20;rotY20;rotZ20;rotVel20;confidence20;posX21;posY21;posZ21;posVel21;rotX21;rotY21;rotZ21;rotVel21;confidence21;posX22;posY22;posZ22;posVel22;rotX22;rotY22;rotZ22;rotVel22;confidence22;posX23;posY23;posZ23;posVel23;rotX23;rotY23;rotZ23;rotVel23;confidence23;posX24;posY24;posZ24;posVel24;rotX24;rotY24;rotZ24;rotVel24;confidence24;posX25;posY25;posZ25;posVel25;rotX25;rotY25;rotZ25;rotVel25;confidence25;posX26;posY26;posZ26;posVel26;rotX26;rotY26;rotZ26;rotVel26;confidence26;posX27;posY27;posZ27;posVel27;rotX27;rotY27;rotZ27;rotVel27;confidence27;posX28;posY28;posZ28;posVel28;rotX28;rotY28;rotZ28;rotVel28;confidence28;posX29;posY29;posZ29;posVel29;rotX29;rotY29;rotZ29;rotVel29;confidence29;posX30;posY30;posZ30;posVel30;rotX30;rotY30;rotZ30;rotVel30;confidence30;posX31;posY31;posZ31;posVel31;rotX31;rotY31;rotZ31;rotVel31;confidence31;TimeStamp
0.000000;-150.000000;2000.000000;0.000000;0.000000;0.000000;0.000000;0.000000;2.000000;3.260986;-320.960449;1948.068115;0.000000;0.000000;0.000000;0.000000;0.000000;2.000000;5.595093;-457.165527;1905.020264;0.000000;0.000000;0.000000;0.000000;0.000000;2.000000;1.354675;-672.420715;1874.368774;0.000000;0.000000;0.000000;0.000000;0.000000;2.000000;35.563904;-638.379517;1883.392212;0.000000;0.000000;0.000000;0.000000;0.000000;2.000000;174.936523;-610.506958;1900.774048;0.000000;0.000000;0.000000;0.000000;0.000000;2.000000;315.246826;-394.646484;2002.448486;0.000000;0.000000;0.000000;0.000000;0.000000;2.000000;415.275116;-190.656082;2050.993896;0.000000;0.000000;0.000000;0.000000;0.000000;2.000000;428.815887;-125.983101;2121.260498;0.000000;0.000000;0.000000;0.000000;0.000000;0.000000;448.045959;-35.336746;2177.191162;0.000000;0.000000;0.000000;0.000000;0.000000;0.000000;393.341675;-81.758606;2121.417725;0.000000;0.000000;0.000000;0.000000;0.000000;0.000000;-31.535522;-635.622864;1877.557617;0.000000;0.000000;0.000000;0.000000;0.000000;2.000000;-159.422119;-604.228638;1881.059814;0.000000;0.000000;0.000000;0.000000;0.000000;2.000000;-327.341553;-380.577759;1844.586426;0.000000;0.000000;0.000000;0.000000;0.000000;2.000000;-359.313110;-229.271515;1667.290649;0.000000;0.000000;0.000000;0.000000;0.000000;2.000000;-324.247314;-201.646805;1573.520386;0.000000;0.000000;0.000000;0.000000;0.000000;0.000000;-304.161133;-185.241043;1470.342285;0.000000;0.000000;0.000000;0.000000;0.000000;2.000000;-282.738525;-142.274048;1604.575684;0.000000;0.000000;0.000000;0.000000;0.000000;0.000000;90.021057;-143.968170;1985.796143;0.000000;0.000000;0.000000;0.000000;0.000000;2.000000;5.250305;186.266418;1774.696289;0.000000;0.000000;0.000000;0.000000;0.000000;2.000000;-51.865601;563.050293;1815.210815;0.000000;0.000000;0.000000;0.000000;0.000000;2.000000;-78.472900;696.719299;1686.222656;0.000000;0.000000;0.000000;0.000000;0.000000;2.000000;-81.176025;-155.439178;2012.808350;0.000000;0.000000;0.000000;0.000000;0.000000;2.000000;-92.453369;186.651581;2220.906738;0.000000;0.000000;0.000000;0.000000;0.000000;2.000000;-99.519165;501.580933;2446.174805;0.000000;0.000000;0.000000;0.000000;0.000000;2.000000;-107.589478;658.168091;2373.902344;0.000000;0.000000;0.000000;0.000000;0.000000;2.000000;1.009338;-750.451233;1849.747803;0.000000;0.000000;0.000000;0.000000;0.000000;2.000000;37.523132;-746.515137;1693.036011;0.000000;0.000000;0.000000;0.000000;0.000000;2.000000;54.509827;-791.336304;1722.119873;0.000000;0.000000;0.000000;0.000000;0.000000;2.000000;84.160950;-814.192932;1843.459229;0.000000;0.000000;0.000000;0.000000;0.000000;2.000000;4.770630;-783.997253;1707.461182;0.000000;0.000000;0.000000;0.000000;0.000000;2.000000;-77.793274;-806.570313;1806.947632;0.000000;0.000000;0.000000;0.000000;0.000000;2.000000;8396533248.000000
0.000000;-150.000000;2000.000000;0.000000;0.000000;0.000000;0.000000;0.000000;2.000000;9.840332;-319.096832;1947.533691;0.206101;0.000000;0.000000;0.000000;0.000000;2.000000;17.407532;-453.882080;1904.269409;0.369088;0.000000;0.000000;0.000000;0.000000;2.000000;18.468323;-667.482483;1873.645264;0.535654;0.000000;0.000000;0.000000;0.000000;2.000000;51.480103;-632.984619;1883.315186;0.504983;0.000000;0.000000;0.000000;0.000000;2.000000;188.348022;-601.848511;1905.354248;0.499029;0.000000;0.000000;0.000000;0.000000;2.000000;328.333740;-394.334900;2018.415039;0.620400;0.000000;0.000000;0.000000;0.000000;2.000000;434.298828;-200.810150;2085.220215;1.215536;0.000000;0.000000;0.000000;0.000000;2.000000;444.270844;-139.678741;2158.183105;1.271181;0.000000;0.000000;0.000000;0.000000;0.000000;460.832062;-54.157211;2221.001953;1.483377;0.000000;0.000000;0.000000;0.000000;0.000000;406.797424;-97.348335;2162.485840;1.380475;0.000000;0.000000;0.000000;0.000000;0.000000;-15.011658;-631.689819;1876.160400;0.512105;0.000000;0.000000;0.000000;0.000000;2.000000;-143.427979;-607.299744;1876.260010;0.510183;0.000000;0.000000;0.000000;0.000000;2.000000;-312.954590;-387.764496;1839.015381;0.511409;0.000000;0.000000;0.000000;0.000000;2.000000;-327.083008;-265.843292;1640.438110;1.672286;0.000000;0.000000;0.000000;0.000000;2.000000;-301.183472;-234.587799;1545.718506;1.468977;0.000000;0.000000;0.000000;0.000000;0.000000;-276.202881;-197.561005;1450.067749;1.101786;0.000000;0.000000;0.000000;0.000000;2.000000;-296.311279;-196.908234;1568.080566;2.015912;0.000000;0.000000;0.000000;0.000000;0.000000;88.423523;-139.601318;1983.069824;0.161965;0.000000;0.000000;0.000000;0.000000;2.000000;12.760620;194.239075;1780.205933;0.368410;0.000000;0.000000;0.000000;0.000000;2.000000;-30.869141;568.684937;1830.156738;0.792712;0.000000;0.000000;0.000000;0.000000;2.000000;-60.324463;707.298157;1709.368042;0.939206;0.000000;0.000000;0.000000;0.000000;2.000000;-79.735413;-159.376953;2015.266602;0.146049;0.000000;0.000000;0.000000;0.000000;2.000000;-89.523804;176.356689;2227.810059;0.382713;0.000000;0.000000;0.000000;0.000000;2.000000;-95.421875;484.388428;2457.479980;0.630421;0.000000;0.000000;0.000000;0.000000;2.000000;-102.768066;645.853027;2400.698242;0.897893;0.000000;0.000000;0.000000;0.000000;2.000000;20.310120;-744.873352;1849.165771;0.603938;0.000000;0.000000;0.000000;0.000000;2.000000;47.361816;-737.502014;1691.932739;0.402300;0.000000;0.000000;0.000000;0.000000;2.000000;65.789917;-782.626587;1718.749512;0.440037;0.000000;0.000000;0.000000;0.000000;2.000000;102.179993;-808.027832;1836.677856;0.607448;0.000000;0.000000;0.000000;0.000000;2.000000;15.681702;-774.982483;1707.293823;0.425311;0.000000;0.000000;0.000000;0.000000;2.000000;-60.355774;-799.532104;1810.125244;0.573045;0.000000;0.000000;0.000000;0.000000;2.000000;8396566528.000000
0.000000;-150.000000;2000.000000;0.000000;0.000000;0.000000;0.000000;0.000000;2.000000;14.477173;-318.390015;1946.065796;0.147678;0.000000;0.000000;0.000000;0.000000;2.000000;25.433899;-452.296356;1900.628052;0.269088;0.000000;0.000000;0.000000;0.000000;2.000000;29.249634;-665.429504;1866.440186;0.394494;0.000000;0.000000;0.000000;0.000000;2.000000;61.778748;-630.714661;1877.042480;0.368701;0.000000;0.000000;0.000000;0.000000;2.000000;198.089661;-597.986450;1900.616333;0.345570;0.000000;0.000000;0.000000;0.000000;2.000000;336.111328;-396.137726;2025.998413;0.330868;0.000000;0.000000;0.000000;0.000000;2.000000;440.978668;-206.970581;2106.081543;0.683728;0.000000;0.000000;0.000000;0.000000;2.000000;447.039429;-142.295090;2176.433105;0.560196;0.000000;0.000000;0.000000;0.000000;0.000000;473.079376;-57.455128;2237.010742;0.613713;0.000000;0.000000;0.000000;0.000000;0.000000;411.567749;-107.978737;2201.623535;1.227022;0.000000;0.000000;0.000000;0.000000;0.000000;-4.676514;-630.044495;1869.195190;0.377742;0.000000;0.000000;0.000000;0.000000;2.000000;-132.531128;-603.082458;1863.864868;0.511847;0.000000;0.000000;0.000000;0.000000;2.000000;-306.837036;-387.698730;1823.551514;0.499702;0.000000;0.000000;0.000000;0.000000;2.000000;-320.053345;-266.326172;1624.443604;0.525174;0.000000;0.000000;0.000000;0.000000;2.000000;-291.930664;-238.770264;1529.156738;0.583737;0.000000;0.000000;0.000000;0.000000;0.000000;-260.488403;-205.839905;1433.858154;0.722552;0.000000;0.000000;0.000000;0.000000;2.000000;-274.855713;-231.242371;1530.489380;1.660077;0.000000;0.000000;0.000000;0.000000;0.000000;87.580750;-136.352814;1980.900269;0.120080;0.000000;0.000000;0.000000;0.000000;2.000000;15.277466;198.163727;1777.548218;0.161257;0.000000;0.000000;0.000000;0.000000;2.000000;-24.367920;567.968262;1857.678711;0.850015;0.000000;0.000000;0.000000;0.000000;2.000000;-58.161865;715.377502;1748.898438;1.214108;0.000000;0.000000;0.000000;0.000000;2.000000;-78.975403;-162.306274;2017.223267;0.108286;0.000000;0.000000;0.000000;0.000000;2.000000;-92.408691;173.115906;2230.417480;0.152104;0.000000;0.000000;0.000000;0.000000;2.000000;-99.109863;477.794800;2464.800293;0.316097;0.000000;0.000000;0.000000;0.000000;2.000000;-104.194214;644.284424;2424.394043;0.714857;0.000000;0.000000;0.000000;0.000000;2.000000;32.230957;-742.409668;1840.681519;0.445846;0.000000;0.000000;0.000000;0.000000;2.000000;57.393860;-732.488220;1683.196655;0.427168;0.000000;0.000000;0.000000;0.000000;2.000000;77.345215;-777.416260;1709.299561;0.475077;0.000000;0.000000;0.000000;0.000000;2.000000;115.698486;-803.173584;1826.591919;0.527375;0.000000;0.000000;0.000000;0.000000;2.000000;26.902344;-771.017029;1698.451782;0.445492;0.000000;0.000000;0.000000;0.000000;2.000000;-47.363098;-798.838501;1801.823364;0.463766;0.000000;0.000000;0.000000;0.000000;2.000000;8396599808.000000
0.000000;-150.000000;2000.000000;0.000000;0.000000;0.000000;0.000000;0.000000;2.000000;11.063538;-317.694824;1944.811035;0.111262;0.000000;0.000000;0.000000;0.000000;2.000000;18.656555;-450.335876;1896.368408;0.247638;0.000000;0.000000;0.000000;0.000000;2.000000;23.314514;-662.622131;1861.018188;0.255859;0.000000;0.000000;0.000000;0.000000;2.000000;55.560730;-627.994995;1872.106079;0.252168;0.000000;0.000000;0.000000;0.000000;2.000000;191.308899;-595.562622;1896.804565;0.244819;0.000000;0.000000;0.000000;0.000000;2.000000;330.757751;-397.405334;2024.711182;0.169777;0.000000;0.000000;0.000000;0.000000;2.000000;438.749451;-210.771210;2104.644531;0.139260;0.000000;0.000000;0.000000;0.000000;2.000000;449.337921;-145.663269;2173.667969;0.148042;0.000000;0.000000;0.000000;0.000000;0.000000;468.956116;-70.996056;2247.951172;0.537559;0.000000;0.000000;0.000000;0.000000;0.000000;404.528564;-109.168144;2197.473145;0.248130;0.000000;0.000000;0.000000;0.000000;0.000000;-10.625061;-627.441101;1863.661987;0.256342;0.000000;0.000000;0.000000;0.000000;2.000000;-138.150269;-600.856873;1857.933472;0.254451;0.000000;0.000000;0.000000;0.000000;2.000000;-304.779175;-381.498718;1812.584106;0.383580;0.000000;0.000000;0.000000;0.000000;2.000000;-291.781616;-274.119995;1606.351074;1.035405;0.000000;0.000000;0.000000;0.000000;2.000000;-269.472900;-239.887695;1512.021118;0.849478;0.000000;0.000000;0.000000;0.000000;2.000000;-222.492065;-206.150208;1424.019653;1.179407;0.000000;0.000000;0.000000;0.000000;2.000000;-246.345581;-211.027054;1536.982178;1.068142;0.000000;0.000000;0.000000;0.000000;2.000000;87.009766;-137.337769;1978.967651;0.067399;0.000000;0.000000;0.000000;0.000000;2.000000;21.012207;205.896194;1790.845703;0.493284;0.000000;0.000000;0.000000;0.000000;2.000000;-20.915222;571.496582;1882.937012;0.773323;0.000000;0.000000;0.000000;0.000000;2.000000;-47.108704;726.416931;1783.864014;1.150740;0.000000;0.000000;0.000000;0.000000;2.000000;-78.460449;-161.418091;2018.965698;0.060769;0.000000;0.000000;0.000000;0.000000;2.000000;-89.315552;167.191193;2240.583008;0.365560;0.000000;0.000000;0.000000;0.000000;2.000000;-89.324219;468.013123;2478.179199;0.578326;0.000000;0.000000;0.000000;0.000000;2.000000;-120.831665;634.785583;2458.182129;1.167114;0.000000;0.000000;0.000000;0.000000;2.000000;26.721069;-739.210327;1834.894653;0.258627;0.000000;0.000000;0.000000;0.000000;2.000000;44.741516;-728.006531;1676.990723;0.444347;0.000000;0.000000;0.000000;0.000000;2.000000;71.450195;-769.346313;1702.632813;0.360978;0.000000;0.000000;0.000000;0.000000;2.000000;116.886292;-788.093933;1818.318359;0.518065;0.000000;0.000000;0.000000;0.000000;2.000000;20.408630;-770.001709;1693.597168;0.245525;0.000000;0.000000;0.000000;0.000000;2.000000;-45.530457;-806.231750;1799.499756;0.239289;0.000000;0.000000;0.000000;0.000000;2.000000;8396633088.000000
0.000000;-150.000000;2000.000000;0.000000;0.000000;0.000000;0.000000;0.000000;2.000000;14.963745;-317.962341;1943.065918;0.126693;0.000000;0.000000;0.000000;0.000000;2.000000;26.361084;-451.445190;1895.131104;0.233242;0.000000;0.000000;0.000000;0.000000;2.000000;33.501343;-665.200562;1860.962646;0.310968;0.000000;0.000000;0.000000;0.000000;2.000000;65.412415;-630.044373;1872.655518;0.298224;0.000000;0.000000;0.000000;0.000000;2.000000;199.371765;-590.203186;1901.036499;0.312681;0.000000;0.000000;0.000000;0.000000;2.000000;333.006226;-385.607452;2028.642090;0.373969;0.000000;0.000000;0.000000;0.000000;2.000000;439.643127;-200.550797;2117.639404;0.489957;0.000000;0.000000;0.000000;0.000000;2.000000;449.583130;-136.171204;2188.240967;0.514721;0.000000;0.000000;0.000000;0.000000;0.000000;465.693298;-64.066101;2266.735352;0.600315;0.000000;0.000000;0.000000;0.000000;0.000000;419.419861;-98.315559;2198.686279;0.546467;0.000000;0.000000;0.000000;0.000000;0.000000;-0.969421;-630.054565;1862.621582;0.297616;0.000000;0.000000;0.000000;0.000000;2.000000;-129.770081;-606.385437;1854.704468;0.312087;0.000000;0.000000;0.000000;0.000000;2.000000;-292.042419;-378.288971;1831.394409;0.678931;0.000000;0.000000;0.000000;0.000000;2.000000;-280.006287;-260.585571;1629.149658;0.858505;0.000000;0.000000;0.000000;0.000000;2.000000;-248.989319;-219.444809;1539.462646;1.180202;0.000000;0.000000;0.000000;0.000000;2.000000;-199.327209;-173.320313;1458.019409;1.557604;0.000000;0.000000;0.000000;0.000000;2.000000;-235.224915;-184.808838;1574.532593;1.394665;0.000000;0.000000;0.000000;0.000000;2.000000;88.486694;-136.598892;1983.721680;0.148932;0.000000;0.000000;0.000000;0.000000;2.000000;34.207214;222.748932;1818.112183;1.025801;0.000000;0.000000;0.000000;0.000000;2.000000;-6.596069;586.539917;1926.154907;1.418951;0.000000;0.000000;0.000000;0.000000;2.000000;-34.846130;741.366089;1825.361450;1.354783;0.000000;0.000000;0.000000;0.000000;2.000000;-79.792419;-162.084366;2014.678833;0.134298;0.000000;0.000000;0.000000;0.000000;2.000000;-82.149231;162.809433;2246.193359;0.298920;0.000000;0.000000;0.000000;0.000000;2.000000;-73.605408;458.782593;2493.357422;0.701956;0.000000;0.000000;0.000000;0.000000;2.000000;-109.972717;626.335693;2480.310791;0.771115;0.000000;0.000000;0.000000;0.000000;2.000000;38.124634;-742.383606;1835.226929;0.350424;0.000000;0.000000;0.000000;0.000000;2.000000;65.751404;-729.388794;1677.855835;0.623611;0.000000;0.000000;0.000000;0.000000;2.000000;88.337524;-773.174377;1704.135498;0.514348;0.000000;0.000000;0.000000;0.000000;2.000000;126.174133;-797.247559;1822.386597;0.404246;0.000000;0.000000;0.000000;0.000000;2.000000;37.634216;-770.202637;1692.265869;0.511308;0.000000;0.000000;0.000000;0.000000;2.000000;-36.790649;-804.090088;1794.232422;0.308555;0.000000;0.000000;0.000000;0.000000;2.000000;8396666880.000000
0.000000;-150.000000;2000.000000;0.000000;0.000000;0.000000;0.000000;0.000000;2.000000;14.818115;-316.882568;1940.892456;0.073055;0.000000;0.000000;0.000000;0.000000;2.000000;26.151855;-449.542969;1891.441284;0.124897;0.000000;0.000000;0.000000;0.000000;2.000000;36.618103;-661.751648;1851.448975;0.318168;0.000000;0.000000;0.000000;0.000000;2.000000;67.887878;-626.533752;1864.267700;0.283167;0.000000;0.000000;0.000000;0.000000;2.000000;200.635986;-584.861450;1894.372070;0.259437;0.000000;0.000000;0.000000;0.000000;2.000000;326.551880;-375.198425;2020.525146;0.441503;0.000000;0.000000;0.000000;0.000000;2.000000;426.827332;-186.830185;2108.887939;0.622429;0.000000;0.000000;0.000000;0.000000;2.000000;433.769592;-121.806122;2179.020996;0.699179;0.000000;0.000000;0.000000;0.000000;0.000000;446.600403;-47.373001;2255.659180;0.831567;0.000000;0.000000;0.000000;0.000000;0.000000;401.592163;-78.574860;2177.350586;1.024606;0.000000;0.000000;0.000000;0.000000;0.000000;1.684509;-627.237976;1853.891724;0.286935;0.000000;0.000000;0.000000;0.000000;2.000000;-126.907410;-605.516602;1841.933228;0.394139;0.000000;0.000000;0.000000;0.000000;2.000000;-287.644592;-375.778748;1844.069702;0.410137;0.000000;0.000000;0.000000;0.000000;2.000000;-282.764099;-227.219101;1663.484253;1.440990;0.000000;0.000000;0.000000;0.000000;2.000000;-260.781555;-181.789749;1573.412598;1.564105;0.000000;0.000000;0.000000;0.000000;2.000000;-207.581970;-142.115402;1491.058105;1.387897;0.000000;0.000000;0.000000;0.000000;2.000000;-224.119568;-168.783005;1582.666016;0.634796;0.000000;0.000000;0.000000;0.000000;2.000000;88.357605;-136.494980;1984.021484;0.010293;0.000000;0.000000;0.000000;0.000000;2.000000;39.310486;228.995377;1832.554199;0.497051;0.000000;0.000000;0.000000;0.000000;2.000000;1.122131;589.195190;1950.693481;0.777057;0.000000;0.000000;0.000000;0.000000;2.000000;-35.752930;749.977295;1863.558472;1.176868;0.000000;0.000000;0.000000;0.000000;2.000000;-79.675964;-162.178085;2014.408691;0.009277;0.000000;0.000000;0.000000;0.000000;2.000000;-80.111267;164.019928;2242.846680;0.123230;0.000000;0.000000;0.000000;0.000000;2.000000;-68.186707;460.284546;2488.436035;0.224534;0.000000;0.000000;0.000000;0.000000;2.000000;-108.102356;627.217834;2489.291504;0.276915;0.000000;0.000000;0.000000;0.000000;2.000000;42.506287;-737.973022;1823.651001;0.394826;0.000000;0.000000;0.000000;0.000000;2.000000;67.300842;-740.055786;1665.579956;0.490882;0.000000;0.000000;0.000000;0.000000;2.000000;90.808838;-780.766052;1695.526611;0.352798;0.000000;0.000000;0.000000;0.000000;2.000000;130.829102;-792.804749;1814.650513;0.302359;0.000000;0.000000;0.000000;0.000000;2.000000;39.973816;-779.494873;1684.347656;0.373513;0.000000;0.000000;0.000000;0.000000;2.000000;-32.194336;-804.034424;1790.238525;0.182974;0.000000;0.000000;0.000000;0.000000;2.000000;8396700160.000000
0.000000;-150.000000;2000.000000;0.000000;0.000000;0.000000;0.000000;0.000000;2.000000;16.242310;-317.282654;1941.702515;0.050679;0.000000;0.000000;0.000000;0.000000;2.000000;29.343079;-451.229553;1895.743896;0.168754;0.000000;0.000000;0.000000;0.000000;2.000000;41.886292;-663.697693;1856.195313;0.220948;0.000000;0.000000;0.000000;0.000000;2.000000;72.769165;-628.187439;1869.384155;0.218216;0.000000;0.000000;0.000000;0.000000;2.000000;204.334717;-582.518188;1899.763794;0.208704;0.000000;0.000000;0.000000;0.000000;2.000000;319.453552;-363.643616;2021.288574;0.408126;0.000000;0.000000;0.000000;0.000000;2.000000;408.817322;-165.462814;2100.182373;0.879496;0.000000;0.000000;0.000000;0.000000;2.000000;400.476379;-101.499092;2171.303223;1.194530;0.000000;0.000000;0.000000;0.000000;0.000000;407.756470;-14.427067;2234.344238;1.659082;0.000000;0.000000;0.000000;0.000000;0.000000;386.961060;-54.970898;2165.765137;0.904162;0.000000;0.000000;0.000000;0.000000;0.000000;6.628784;-629.389282;1858.121704;0.205926;0.000000;0.000000;0.000000;0.000000;2.000000;-121.856140;-606.467834;1845.395386;0.186217;0.000000;0.000000;0.000000;0.000000;2.000000;-278.468567;-374.536926;1867.920288;0.768780;0.000000;0.000000;0.000000;0.000000;2.000000;-261.479797;-207.636780;1704.506226;1.508189;0.000000;0.000000;0.000000;0.000000;2.000000;-235.151672;-138.212662;1632.568359;2.338207;0.000000;0.000000;0.000000;0.000000;2.000000;-196.341736;-63.074860;1568.819092;3.348780;0.000000;0.000000;0.000000;0.000000;2.000000;-229.973328;-113.401855;1675.066895;3.241749;0.000000;0.000000;0.000000;0.000000;2.000000;89.243652;-137.228165;1988.215820;0.130684;0.000000;0.000000;0.000000;0.000000;2.000000;44.930664;240.753220;1867.739014;1.127426;0.000000;0.000000;0.000000;0.000000;2.000000;7.052734;598.631165;1994.343628;1.353680;0.000000;0.000000;0.000000;0.000000;2.000000;-23.737000;760.922180;1907.119019;1.397056;0.000000;0.000000;0.000000;0.000000;2.000000;-80.474792;-161.516922;2010.626343;0.117846;0.000000;0.000000;0.000000;0.000000;2.000000;-104.653503;191.042252;2195.349609;1.800003;0.000000;0.000000;0.000000;0.000000;2.000000;-72.012024;437.954407;2489.606934;0.681660;0.000000;0.000000;0.000000;0.000000;2.000000;-109.179749;604.883789;2506.671387;0.850966;0.000000;0.000000;0.000000;0.000000;2.000000;48.700806;-740.017883;1828.568604;0.245470;0.000000;0.000000;0.000000;0.000000;2.000000;75.314209;-742.675781;1670.589355;0.294674;0.000000;0.000000;0.000000;0.000000;2.000000;96.691223;-784.524048;1700.700073;0.261072;0.000000;0.000000;0.000000;0.000000;2.000000;134.763489;-798.699280;1820.401367;0.274241;0.000000;0.000000;0.000000;0.000000;2.000000;46.031677;-780.995117;1688.907837;0.232254;0.000000;0.000000;0.000000;0.000000;2.000000;-28.502991;-802.730896;1793.979736;0.162709;0.000000;0.000000;0.000000;0.000000;2.000000;8396733440.000000
0.000000;-150.000000;2000.000000;0.000000;0.000000;0.000000;0.000000;0.000000;2.000000;10.617554;-322.923218;1951.372314;0.376452;0.000000;0.000000;0.000000;0.000000;2.000000;19.065002;-461.673676;1914.336914;0.711333;0.000000;0.000000;0.000000;0.000000;2.000000;29.486389;-676.739258;1874.472046;0.770708;0.000000;0.000000;0.000000;0.000000;2.000000;60.935730;-641.294434;1888.567261;0.783451;0.000000;0.000000;0.000000;0.000000;2.000000;195.934387;-597.416016;1913.852539;0.665823;0.000000;0.000000;0.000000;0.000000;2.000000;288.795044;-360.314667;2027.199219;0.943510;0.000000;0.000000;0.000000;0.000000;2.000000;358.166016;-145.205734;2087.548340;1.682564;0.000000;0.000000;0.000000;0.000000;2.000000;335.392944;-78.193329;2154.058594;2.140889;0.000000;0.000000;0.000000;0.000000;0.000000;331.406189;12.051393;2215.033691;2.496590;0.000000;0.000000;0.000000;0.000000;0.000000;312.970520;-26.444834;2125.771973;2.668667;0.000000;0.000000;0.000000;0.000000;0.000000;-5.693359;-641.509033;1875.613647;0.738897;0.000000;0.000000;0.000000;0.000000;2.000000;-134.007507;-614.116211;1856.129639;0.538672;0.000000;0.000000;0.000000;0.000000;2.000000;-286.050720;-376.403107;1888.227417;0.653745;0.000000;0.000000;0.000000;0.000000;2.000000;-261.978455;-182.679535;1754.017944;1.666117;0.000000;0.000000;0.000000;0.000000;2.000000;-231.981384;-90.895241;1713.872803;2.828257;0.000000;0.000000;0.000000;0.000000;2.000000;-160.338806;-21.111090;1675.486450;3.610160;0.000000;0.000000;0.000000;0.000000;2.000000;-226.158142;-80.595985;1700.801758;1.258101;0.000000;0.000000;0.000000;0.000000;2.000000;91.787598;-145.299820;2003.327148;0.520427;0.000000;0.000000;0.000000;0.000000;2.000000;40.181152;246.369125;1919.804321;1.579995;0.000000;0.000000;0.000000;0.000000;2.000000;-7.889221;607.799927;2046.186401;1.644429;0.000000;0.000000;0.000000;0.000000;2.000000;-36.429626;766.304443;1947.365479;1.278315;0.000000;0.000000;0.000000;0.000000;2.000000;-82.768982;-154.238342;1996.999756;0.469294;0.000000;0.000000;0.000000;0.000000;2.000000;-137.027771;234.608734;2089.449707;3.575711;0.000000;0.000000;0.000000;0.000000;2.000000;-103.618347;412.104095;2435.056641;2.047448;0.000000;0.000000;0.000000;0.000000;2.000000;-136.755310;573.931030;2489.251465;1.351141;0.000000;0.000000;0.000000;0.000000;2.000000;35.881775;-754.021362;1846.635254;0.787483;0.000000;0.000000;0.000000;0.000000;2.000000;76.719788;-754.612061;1689.791016;0.680676;0.000000;0.000000;0.000000;0.000000;2.000000;94.020142;-798.320190;1721.055176;0.743226;0.000000;0.000000;0.000000;0.000000;2.000000;121.124512;-816.471924;1844.688843;0.992847;0.000000;0.000000;0.000000;0.000000;2.000000;44.195313;-792.573975;1704.764160;0.592538;0.000000;0.000000;0.000000;0.000000;2.000000;-41.051208;-813.749390;1803.498291;0.577570;0.000000;0.000000;0.000000;0.000000;2.000000;8396766720.000000
0.000000;-150.000000;2000.000000;0.000000;0.000000;0.000000;0.000000;0.000000;2.000000;4.748901;-326.513824;1948.989624;0.218775;0.000000;0.000000;0.000000;0.000000;2.000000;8.094727;-468.565002;1911.560303;0.398119;0.000000;0.000000;0.000000;0.000000;2.000000;20.721802;-688.616455;1873.546997;0.444408;0.000000;0.000000;0.000000;0.000000;2.000000;52.587646;-651.889526;1887.170410;0.407479;0.000000;0.000000;0.000000;0.000000;2.000000;190.414978;-603.964111;1907.074707;0.328172;0.000000;0.000000;0.000000;0.000000;2.000000;269.809570;-361.088776;2032.610718;0.593654;0.000000;0.000000;0.000000;0.000000;2.000000;313.226563;-126.561798;2047.021851;1.902674;0.000000;0.000000;0.000000;0.000000;2.000000;269.646423;-49.699677;2092.125000;2.845898;0.000000;0.000000;0.000000;0.000000;0.000000;239.562256;52.775021;2123.527344;4.083348;0.000000;0.000000;0.000000;0.000000;0.000000;256.478699;-10.518258;2081.163574;2.215196;0.000000;0.000000;0.000000;0.000000;0.000000;-15.584961;-653.005127;1874.600708;0.456721;0.000000;0.000000;0.000000;0.000000;2.000000;-144.531372;-619.035889;1850.617065;0.386376;0.000000;0.000000;0.000000;0.000000;2.000000;-289.933716;-376.773560;1916.299194;0.851607;0.000000;0.000000;0.000000;0.000000;2.000000;-269.631958;-165.649734;1799.830811;1.486517;0.000000;0.000000;0.000000;0.000000;2.000000;-247.122192;-62.024414;1787.008789;2.406031;0.000000;0.000000;0.000000;0.000000;2.000000;-223.748291;44.647457;1780.108398;4.173407;0.000000;0.000000;0.000000;0.000000;2.000000;-235.125244;-48.192917;1773.562622;2.408445;0.000000;0.000000;0.000000;0.000000;2.000000;93.131958;-151.030396;2012.235718;0.320839;0.000000;0.000000;0.000000;0.000000;2.000000;33.279846;252.750671;1953.230591;1.043351;0.000000;0.000000;0.000000;0.000000;2.000000;-17.869751;618.552002;2090.838623;1.412272;0.000000;0.000000;0.000000;0.000000;2.000000;-44.566711;774.203979;1979.890869;1.035031;0.000000;0.000000;0.000000;0.000000;2.000000;-83.981201;-149.070862;1988.966431;0.289316;0.000000;0.000000;0.000000;0.000000;2.000000;-154.905640;250.229599;2061.533447;1.101149;0.000000;0.000000;0.000000;0.000000;2.000000;-165.843628;513.075073;2360.601074;4.207885;0.000000;0.000000;0.000000;0.000000;2.000000;-191.975220;686.272217;2331.419434;6.053082;0.000000;0.000000;0.000000;0.000000;2.000000;27.834961;-767.838867;1846.061768;0.480773;0.000000;0.000000;0.000000;0.000000;2.000000;63.480652;-776.858521;1684.650879;0.793065;0.000000;0.000000;0.000000;0.000000;2.000000;87.442749;-816.396851;1719.113403;0.580945;0.000000;0.000000;0.000000;0.000000;2.000000;121.690247;-821.168091;1845.056519;0.142560;0.000000;0.000000;0.000000;0.000000;2.000000;35.643188;-817.793457;1704.410278;0.800253;0.000000;0.000000;0.000000;0.000000;2.000000;-44.548828;-840.876953;1810.506104;0.848425;0.000000;0.000000;0.000000;0.000000;2.000000;8396800000.000000
0.000000;-150.000000;2000.000000;0.000000;0.000000;0.000000;0.000000;0.000000;2.000000;13.651917;-326.012268;1951.684448;0.279911;0.000000;0.000000;0.000000;0.000000;2.000000;23.739868;-468.098816;1918.203735;0.510926;0.000000;0.000000;0.000000;0.000000;2.000000;36.359253;-686.976318;1878.898926;0.499072;0.000000;0.000000;0.000000;0.000000;2.000000;68.171875;-650.406372;1892.288940;0.494898;0.000000;0.000000;0.000000;0.000000;2.000000;201.718262;-594.595581;1915.947876;0.515451;0.000000;0.000000;0.000000;0.000000;2.000000;258.530762;-332.127136;2006.835083;1.213277;0.000000;0.000000;0.000000;0.000000;2.000000;269.027893;-94.447365;2011.243408;1.962339;0.000000;0.000000;0.000000;0.000000;2.000000;245.862915;-7.158720;2051.288818;1.910590;0.000000;0.000000;0.000000;0.000000;2.000000;224.030762;90.385612;2099.223633;1.424182;0.000000;0.000000;0.000000;0.000000;0.000000;218.788696;30.540405;2049.805908;1.921587;0.000000;0.000000;0.000000;0.000000;2.000000;0.136169;-651.607544;1880.604614;0.507407;0.000000;0.000000;0.000000;0.000000;2.000000;-130.455566;-626.066650;1858.304932;0.526196;0.000000;0.000000;0.000000;0.000000;2.000000;-275.531616;-390.223541;1940.638916;0.941011;0.000000;0.000000;0.000000;0.000000;2.000000;-274.241089;-165.201904;1854.456055;1.647271;0.000000;0.000000;0.000000;0.000000;2.000000;-248.968018;-62.035118;1860.148560;2.198409;0.000000;0.000000;0.000000;0.000000;0.000000;-226.118286;42.310379;1881.672729;3.053451;0.000000;0.000000;0.000000;0.000000;0.000000;-227.814453;-54.029533;1842.002930;2.075622;0.000000;0.000000;0.000000;0.000000;0.000000;92.197205;-147.122787;2015.569336;0.156873;0.000000;0.000000;0.000000;0.000000;2.000000;43.040527;259.659729;1987.259888;1.083815;0.000000;0.000000;0.000000;0.000000;2.000000;-21.553528;616.686279;2137.032227;1.393564;0.000000;0.000000;0.000000;0.000000;2.000000;-20.631775;765.308716;2015.168945;1.308576;0.000000;0.000000;0.000000;0.000000;2.000000;-83.138306;-152.594498;1985.960571;0.141455;0.000000;0.000000;0.000000;0.000000;2.000000;-134.277100;252.761078;2023.359009;1.306049;0.000000;0.000000;0.000000;0.000000;2.000000;-145.636597;529.444824;2307.344727;1.780848;0.000000;0.000000;0.000000;0.000000;2.000000;-173.961792;698.429565;2263.623535;2.139239;0.000000;0.000000;0.000000;0.000000;2.000000;43.288818;-765.688965;1850.975830;0.491533;0.000000;0.000000;0.000000;0.000000;2.000000;71.255005;-783.344604;1689.470581;0.336940;0.000000;0.000000;0.000000;0.000000;2.000000;90.504272;-824.934326;1724.072144;0.310603;0.000000;0.000000;0.000000;0.000000;2.000000;128.139587;-831.648315;1848.386597;0.383061;0.000000;0.000000;0.000000;0.000000;2.000000;38.748169;-819.255127;1711.176880;0.227978;0.000000;0.000000;0.000000;0.000000;2.000000;-39.659546;-828.136841;1819.997314;0.499466;0.000000;0.000000;0.000000;0.000000;2.000000;8396833280.000000
0.000000;-150.000000;2000.000000;0.000000;0.000000;0.000000;0.000000;0.000000;2.000000;14.088074;-326.480103;1949.931519;0.056069;0.000000;0.000000;0.000000;0.000000;2.000000;24.225952;-469.224670;1915.933228;0.077539;0.000000;0.000000;0.000000;0.000000;2.000000;33.082520;-690.502991;1882.971680;0.189474;0.000000;0.000000;0.000000;0.000000;2.000000;65.773987;-653.858459;1894.952026;0.149514;0.000000;0.000000;0.000000;0.000000;2.000000;203.296143;-604.837036;1915.400391;0.311801;0.000000;0.000000;0.000000;0.000000;2.000000;256.525085;-336.460083;1995.129517;0.379865;0.000000;0.000000;0.000000;0.000000;2.000000;258.315125;-99.904701;1959.770630;1.588288;0.000000;0.000000;0.000000;0.000000;2.000000;218.553894;-13.800283;1989.205811;2.047726;0.000000;0.000000;0.000000;0.000000;2.000000;176.053711;80.217484;2031.299194;2.517397;0.000000;0.000000;0.000000;0.000000;2.000000;196.668640;19.451464;1964.354370;2.673135;0.000000;0.000000;0.000000;0.000000;2.000000;-2.758423;-654.349609;1884.015625;0.157667;0.000000;0.000000;0.000000;0.000000;2.000000;-133.129089;-625.737122;1859.963867;0.095060;0.000000;0.000000;0.000000;0.000000;2.000000;-272.735657;-393.855164;1965.126587;0.748584;0.000000;0.000000;0.000000;0.000000;2.000000;-280.963074;-161.761047;1896.321411;1.278274;0.000000;0.000000;0.000000;0.000000;2.000000;-248.914246;-63.265930;1922.856812;1.884626;0.000000;0.000000;0.000000;0.000000;0.000000;-222.347229;42.887787;1918.080078;1.099961;0.000000;0.000000;0.000000;0.000000;0.000000;-229.374695;-53.611961;1912.448608;2.117313;0.000000;0.000000;0.000000;0.000000;0.000000;92.294434;-147.697372;2017.853271;0.070827;0.000000;0.000000;0.000000;0.000000;2.000000;44.631714;262.385498;2020.983765;1.017766;0.000000;0.000000;0.000000;0.000000;2.000000;-22.759521;617.212280;2179.841309;1.286938;0.000000;0.000000;0.000000;0.000000;2.000000;-20.808472;766.270386;2056.945557;1.255651;0.000000;0.000000;0.000000;0.000000;2.000000;-83.226013;-152.076385;1983.900879;0.063872;0.000000;0.000000;0.000000;0.000000;2.000000;-134.396179;256.816162;2000.372070;0.701388;0.000000;0.000000;0.000000;0.000000;2.000000;-153.633240;560.706055;2257.768311;1.777422;0.000000;0.000000;0.000000;0.000000;2.000000;-142.733337;729.462341;2203.011230;2.251020;0.000000;0.000000;0.000000;0.000000;2.000000;38.509216;-770.534241;1857.238281;0.277907;0.000000;0.000000;0.000000;0.000000;2.000000;64.703552;-780.093384;1693.886475;0.256717;0.000000;0.000000;0.000000;0.000000;2.000000;86.591492;-822.342712;1726.564087;0.159668;0.000000;0.000000;0.000000;0.000000;2.000000;126.789795;-832.497192;1850.552002;0.080804;0.000000;0.000000;0.000000;0.000000;2.000000;34.144165;-818.600647;1714.626099;0.173974;0.000000;0.000000;0.000000;0.000000;2.000000;-42.315002;-835.878601;1824.682983;0.283380;0.000000;0.000000;0.000000;0.000000;2.000000;8396866560.000000
0.000000;-150.000000;2000.000000;0.000000;0.000000;0.000000;0.000000;0.000000;2.000000;17.893188;-326.222229;1956.343872;0.224183;0.000000;0.000000;0.000000;0.000000;2.000000;30.699829;-468.944305;1929.203979;0.443759;0.000000;0.000000;0.000000;0.000000;2.000000;42.342590;-688.157715;1896.121948;0.488389;0.000000;0.000000;0.000000;0.000000;2.000000;74.387573;-651.329834;1907.473633;0.462953;0.000000;0.000000;0.000000;0.000000;2.000000;210.735291;-604.828735;1932.260498;0.553737;0.000000;0.000000;0.000000;0.000000;2.000000;243.888550;-331.533966;1995.969849;0.408317;0.000000;0.000000;0.000000;0.000000;2.000000;217.438782;-113.148392;1907.334473;2.037034;0.000000;0.000000;0.000000;0.000000;2.000000;161.567627;-32.070740;1907.091919;3.053088;0.000000;0.000000;0.000000;0.000000;2.000000;128.405457;43.928146;1980.117310;2.367296;0.000000;0.000000;0.000000;0.000000;2.000000;146.396362;-4.854283;1888.458496;2.831265;0.000000;0.000000;0.000000;0.000000;2.000000;6.271362;-652.872559;1897.819580;0.497627;0.000000;0.000000;0.000000;0.000000;2.000000;-124.261292;-630.199707;1874.776367;0.535802;0.000000;0.000000;0.000000;0.000000;2.000000;-247.361267;-394.341309;1984.845215;0.965717;0.000000;0.000000;0.000000;0.000000;2.000000;-282.016174;-157.618820;1963.805908;2.031842;0.000000;0.000000;0.000000;0.000000;2.000000;-215.832092;-78.133415;1940.531982;1.212351;0.000000;0.000000;0.000000;0.000000;0.000000;-135.737000;-39.304466;1878.304932;3.781639;0.000000;0.000000;0.000000;0.000000;2.000000;-191.094788;-86.450180;1918.034790;1.524745;0.000000;0.000000;0.000000;0.000000;2.000000;91.224976;-145.371384;2018.706055;0.081081;0.000000;0.000000;0.000000;0.000000;2.000000;56.159424;259.919769;2064.395020;1.351664;0.000000;0.000000;0.000000;0.000000;2.000000;-11.657043;609.073853;2227.333496;1.485788;0.000000;0.000000;0.000000;0.000000;2.000000;-4.356018;772.964600;2128.423828;2.213105;0.000000;0.000000;0.000000;0.000000;2.000000;-82.261536;-154.173828;1983.131958;0.073115;0.000000;0.000000;0.000000;0.000000;2.000000;-127.622131;250.798477;1949.113647;1.564096;0.000000;0.000000;0.000000;0.000000;2.000000;-121.489319;572.022827;2179.485107;2.565472;0.000000;0.000000;0.000000;0.000000;2.000000;-122.710388;740.340820;2127.224609;2.377954;0.000000;0.000000;0.000000;0.000000;2.000000;48.517761;-767.395630;1870.425537;0.506313;0.000000;0.000000;0.000000;0.000000;2.000000;73.492126;-790.045532;1709.609131;0.618353;0.000000;0.000000;0.000000;0.000000;2.000000;91.916260;-831.149658;1744.918823;0.632304;0.000000;0.000000;0.000000;0.000000;2.000000;131.013428;-835.742676;1868.427612;0.560467;0.000000;0.000000;0.000000;0.000000;2.000000;40.343750;-824.249512;1732.633667;0.596904;0.000000;0.000000;0.000000;0.000000;2.000000;-36.444824;-827.861938;1842.360229;0.609325;0.000000;0.000000;0.000000;0.000000;2.000000;8396899840.000000
0.000000;-150.000000;2000.000000;0.000000;0.000000;0.000000;0.000000;0.000000;2.000000;15.513428;-327.894226;1958.500488;0.108797;0.000000;0.000000;0.000000;0.000000;2.000000;26.622986;-472.014801;1934.287964;0.216462;0.000000;0.000000;0.000000;0.000000;2.000000;33.470093;-693.159302;1905.655640;0.419199;0.000000;0.000000;0.000000;0.000000;2.000000;66.592285;-656.544922;1915.614136;0.373167;0.000000;0.000000;0.000000;0.000000;2.000000;204.681641;-612.547852;1939.577271;0.367726;0.000000;0.000000;0.000000;0.000000;2.000000;246.587524;-336.151489;1989.438965;0.253650;0.000000;0.000000;0.000000;0.000000;2.000000;218.190674;-136.744873;1862.023682;1.535226;0.000000;0.000000;0.000000;0.000000;2.000000;165.591248;-53.597847;1872.555908;1.228794;0.000000;0.000000;0.000000;0.000000;2.000000;98.492920;-1.233782;1943.863525;1.958595;0.000000;0.000000;0.000000;0.000000;2.000000;137.532471;-33.073750;1833.163208;1.884299;0.000000;0.000000;0.000000;0.000000;2.000000;-2.057739;-656.974731;1907.296021;0.398638;0.000000;0.000000;0.000000;0.000000;2.000000;-133.008057;-634.046387;1883.028809;0.379375;0.000000;0.000000;0.000000;0.000000;2.000000;-248.946289;-399.503143;2006.580566;0.672958;0.000000;0.000000;0.000000;0.000000;2.000000;-269.288086;-159.486908;1991.424316;0.915491;0.000000;0.000000;0.000000;0.000000;2.000000;-195.160156;-110.971748;1932.243408;1.192263;0.000000;0.000000;0.000000;0.000000;2.000000;-118.580322;-74.771530;1863.419189;1.265538;0.000000;0.000000;0.000000;0.000000;2.000000;-182.858276;-115.348969;1922.743164;0.913950;0.000000;0.000000;0.000000;0.000000;2.000000;92.474060;-145.280136;2014.336426;0.136586;0.000000;0.000000;0.000000;0.000000;2.000000;45.968384;253.203201;2105.345215;1.283967;0.000000;0.000000;0.000000;0.000000;2.000000;-8.973572;611.490356;2257.598877;0.915867;0.000000;0.000000;0.000000;0.000000;2.000000;-22.998230;780.130005;2165.819824;1.273888;0.000000;0.000000;0.000000;0.000000;2.000000;-83.387939;-154.256088;1987.072144;0.123163;0.000000;0.000000;0.000000;0.000000;2.000000;-134.576294;248.407791;1922.948608;0.816669;0.000000;0.000000;0.000000;0.000000;2.000000;-133.295532;621.695435;2058.938721;3.933681;0.000000;0.000000;0.000000;0.000000;2.000000;-148.453369;768.965332;1961.715210;5.106001;0.000000;0.000000;0.000000;0.000000;2.000000;37.643677;-773.431030;1881.466797;0.499721;0.000000;0.000000;0.000000;0.000000;2.000000;69.024536;-784.444092;1719.728027;0.372557;0.000000;0.000000;0.000000;0.000000;2.000000;91.709167;-824.969604;1753.658081;0.321684;0.000000;0.000000;0.000000;0.000000;2.000000;128.446045;-831.226807;1878.483765;0.340102;0.000000;0.000000;0.000000;0.000000;2.000000;39.715759;-823.807983;1740.173096;0.227717;0.000000;0.000000;0.000000;0.000000;2.000000;-38.884155;-842.648315;1847.848389;0.479554;0.000000;0.000000;0.000000;0.000000;2.000000;8396933120.000000
0.000000;-150.000000;2000.000000;0.000000;0.000000;0.000000;0.000000;0.000000;2.000000;12.043579;-330.006622;1959.897095;0.127120;0.000000;0.000000;0.000000;0.000000;2.000000;20.425720;-475.008911;1932.809692;0.208322;0.000000;0.000000;0.000000;0.000000;2.000000;25.690002;-697.681519;1901.664185;0.291323;0.000000;0.000000;0.000000;0.000000;2.000000;59.291443;-661.175110;1912.450439;0.272431;0.000000;0.000000;0.000000;0.000000;2.000000;197.255249;-613.804932;1937.975464;0.227879;0.000000;0.000000;0.000000;0.000000;2.000000;245.868347;-332.882019;1963.809448;0.764892;0.000000;0.000000;0.000000;0.000000;2.000000;176.748047;-171.041412;1800.231934;2.424437;0.000000;0.000000;0.000000;0.000000;2.000000;105.615356;-101.479851;1807.414551;2.978923;0.000000;0.000000;0.000000;0.000000;2.000000;56.982239;-68.253784;1902.599854;2.633179;0.000000;0.000000;0.000000;0.000000;2.000000;88.521973;-72.515793;1792.458862;2.217397;0.000000;0.000000;0.000000;0.000000;2.000000;-9.820862;-660.907471;1903.319946;0.283136;0.000000;0.000000;0.000000;0.000000;2.000000;-140.300659;-631.434143;1877.515991;0.281361;0.000000;0.000000;0.000000;0.000000;2.000000;-272.020996;-410.998566;2015.849976;0.810707;0.000000;0.000000;0.000000;0.000000;2.000000;-203.943726;-180.628113;1977.206665;2.075504;0.000000;0.000000;0.000000;0.000000;2.000000;-130.166138;-153.243240;1904.114136;2.440708;0.000000;0.000000;0.000000;0.000000;2.000000;-49.081848;-102.280251;1849.952515;2.247518;0.000000;0.000000;0.000000;0.000000;2.000000;-123.625366;-159.328064;1882.150269;2.491862;0.000000;0.000000;0.000000;0.000000;2.000000;91.568237;-149.032928;2023.158691;0.284978;0.000000;0.000000;0.000000;0.000000;2.000000;49.050171;252.407684;2118.150635;0.390478;0.000000;0.000000;0.000000;0.000000;2.000000;-14.585205;600.399109;2296.854492;1.218530;0.000000;0.000000;0.000000;0.000000;2.000000;-12.613953;766.217773;2196.046631;1.031530;0.000000;0.000000;0.000000;0.000000;2.000000;-82.571045;-150.872055;1979.116821;0.256974;0.000000;0.000000;0.000000;0.000000;2.000000;-118.304688;254.518768;1901.675171;0.812951;0.000000;0.000000;0.000000;0.000000;2.000000;-140.713379;654.080139;1917.593018;4.296810;0.000000;0.000000;0.000000;0.000000;2.000000;-158.915039;772.636597;1785.329102;5.230061;0.000000;0.000000;0.000000;0.000000;2.000000;29.452820;-778.377136;1876.471313;0.319423;0.000000;0.000000;0.000000;0.000000;2.000000;72.121826;-784.743103;1715.699341;0.150641;0.000000;0.000000;0.000000;0.000000;2.000000;93.949707;-825.678223;1750.481445;0.116932;0.000000;0.000000;0.000000;0.000000;2.000000;122.769775;-833.795654;1878.347046;0.184422;0.000000;0.000000;0.000000;0.000000;2.000000;42.536865;-825.757874;1733.447388;0.223413;0.000000;0.000000;0.000000;0.000000;2.000000;-43.062744;-849.622192;1836.037720;0.424311;0.000000;0.000000;0.000000;0.000000;2.000000;8396966912.000000
0.000000;-150.000000;2000.000000;0.000000;0.000000;0.000000;0.000000;0.000000;2.000000;8.792969;-330.782227;1968.146240;0.267439;0.000000;0.000000;0.000000;0.000000;2.000000;16.226807;-475.023743;1941.220825;0.282481;0.000000;0.000000;0.000000;0.000000;2.000000;15.709167;-696.696594;1911.610718;0.424434;0.000000;0.000000;0.000000;0.000000;2.000000;50.214355;-661.069214;1921.065674;0.376054;0.000000;0.000000;0.000000;0.000000;2.000000;189.092834;-615.931519;1940.037109;0.260913;0.000000;0.000000;0.000000;0.000000;2.000000;257.881287;-341.799133;1973.987915;0.543718;0.000000;0.000000;0.000000;0.000000;2.000000;182.286804;-230.303909;1776.662964;1.923598;0.000000;0.000000;0.000000;0.000000;2.000000;89.345886;-195.912018;1772.384155;3.065678;0.000000;0.000000;0.000000;0.000000;2.000000;-12.004944;-164.991394;1738.305054;6.092442;0.000000;0.000000;0.000000;0.000000;2.000000;49.447205;-226.217514;1753.406738;4.907701;0.000000;0.000000;0.000000;0.000000;2.000000;-18.734863;-659.355408;1914.084595;0.422543;0.000000;0.000000;0.000000;0.000000;2.000000;-146.736572;-623.687439;1887.711182;0.430616;0.000000;0.000000;0.000000;0.000000;2.000000;-282.423096;-430.736572;2056.492920;1.393156;0.000000;0.000000;0.000000;0.000000;2.000000;-231.475830;-206.080154;1982.526245;1.137915;0.000000;0.000000;0.000000;0.000000;2.000000;-156.881836;-186.304840;1908.692627;1.284625;0.000000;0.000000;0.000000;0.000000;2.000000;-72.280151;-143.970764;1853.732910;1.438092;0.000000;0.000000;0.000000;0.000000;2.000000;-140.460571;-211.216461;1918.581421;1.971085;0.000000;0.000000;0.000000;0.000000;2.000000;90.520264;-150.014343;2025.068604;0.071797;0.000000;0.000000;0.000000;0.000000;2.000000;49.899475;242.939240;2143.400391;0.810699;0.000000;0.000000;0.000000;0.000000;2.000000;-19.381592;580.729736;2334.255859;1.277927;0.000000;0.000000;0.000000;0.000000;2.000000;-10.299255;754.669495;2251.166992;1.693650;0.000000;0.000000;0.000000;0.000000;2.000000;-81.626099;-149.987061;1977.394531;0.064742;0.000000;0.000000;0.000000;0.000000;2.000000;-115.305786;249.732498;1883.644775;0.567739;0.000000;0.000000;0.000000;0.000000;2.000000;-142.707764;643.890930;1833.629272;2.542165;0.000000;0.000000;0.000000;0.000000;2.000000;-158.720947;747.666260;1690.455078;2.947873;0.000000;0.000000;0.000000;0.000000;2.000000;16.941406;-777.155090;1887.002686;0.492769;0.000000;0.000000;0.000000;0.000000;2.000000;57.894348;-778.264648;1726.625122;0.573095;0.000000;0.000000;0.000000;0.000000;2.000000;80.220520;-819.847595;1759.742798;0.527564;0.000000;0.000000;0.000000;0.000000;2.000000;110.144104;-831.597595;1886.312988;0.453413;0.000000;0.000000;0.000000;0.000000;2.000000;28.938782;-819.790833;1743.284790;0.535234;0.000000;0.000000;0.000000;0.000000;2.000000;-55.034546;-847.274170;1845.309204;0.460430;0.000000;0.000000;0.000000;0.000000;2.000000;8397000192.000000
0.000000;-150.000000;2000.000000;0.000000;0.000000;0.000000;0.000000;0.000000;2.000000;10.249634;-331.679474;1968.772949;0.054748;0.000000;0.000000;0.000000;0.000000;2.000000;16.864746;-477.813141;1949.091187;0.251634;0.000000;0.000000;0.000000;0.000000;2.000000;18.062073;-701.134277;1924.467407;0.414755;0.000000;0.000000;0.000000;0.000000;2.000000;52.500244;-664.823730;1932.745605;0.374990;0.000000;0.000000;0.000000;0.000000;2.000000;190.528442;-615.333984;1952.361206;0.373251;0.000000;0.000000;0.000000;0.000000;2.000000;263.172180;-339.075165;1966.111694;0.296622;0.000000;0.000000;0.000000;0.000000;2.000000;179.507080;-255.245132;1757.340820;0.951693;0.000000;0.000000;0.000000;0.000000;2.000000;89.780945;-223.207016;1728.131104;1.562367;0.000000;0.000000;0.000000;0.000000;2.000000;-2.898865;-201.293076;1669.524902;2.352870;0.000000;0.000000;0.000000;0.000000;2.000000;55.372742;-245.565689;1705.545532;1.561390;0.000000;0.000000;0.000000;0.000000;2.000000;-16.855408;-663.884033;1926.487061;0.400736;0.000000;0.000000;0.000000;0.000000;2.000000;-146.812866;-634.242310;1899.011108;0.464629;0.000000;0.000000;0.000000;0.000000;2.000000;-315.235107;-461.569855;2062.495605;1.364908;0.000000;0.000000;0.000000;0.000000;2.000000;-238.992676;-245.399612;1981.637695;1.203167;0.000000;0.000000;0.000000;0.000000;2.000000;-160.269409;-233.305878;1909.741943;1.416305;0.000000;0.000000;0.000000;0.000000;2.000000;-77.864746;-192.655670;1849.423706;1.478163;0.000000;0.000000;0.000000;0.000000;2.000000;-140.357544;-254.620911;1932.101074;1.366027;0.000000;0.000000;0.000000;0.000000;2.000000;90.388977;-149.556885;2027.090088;0.062402;0.000000;0.000000;0.000000;0.000000;2.000000;52.022461;239.393494;2164.526855;0.646842;0.000000;0.000000;0.000000;0.000000;2.000000;-6.386658;572.581055;2370.303467;1.177141;0.000000;0.000000;0.000000;0.000000;2.000000;-16.659119;754.984009;2305.414551;1.641226;0.000000;0.000000;0.000000;0.000000;2.000000;-81.507690;-150.399582;1975.571655;0.056272;0.000000;0.000000;0.000000;0.000000;2.000000;-113.503174;244.832367;1857.072998;0.813698;0.000000;0.000000;0.000000;0.000000;2.000000;-142.622070;633.237061;1765.535278;2.070987;0.000000;0.000000;0.000000;0.000000;2.000000;-156.647949;712.334473;1606.274536;2.743934;0.000000;0.000000;0.000000;0.000000;2.000000;19.766846;-782.499023;1901.593262;0.474556;0.000000;0.000000;0.000000;0.000000;2.000000;56.209167;-773.786255;1739.575806;0.414855;0.000000;0.000000;0.000000;0.000000;2.000000;82.940796;-814.838867;1770.484375;0.365389;0.000000;0.000000;0.000000;0.000000;2.000000;117.516541;-829.141846;1896.228760;0.378541;0.000000;0.000000;0.000000;0.000000;2.000000;31.136536;-818.412231;1755.280518;0.368782;0.000000;0.000000;0.000000;0.000000;2.000000;-47.689941;-856.995728;1858.637207;0.542605;0.000000;0.000000;0.000000;0.000000;2.000000;8397033472.000000
0.000000;-150.000000;2000.000000;0.000000;0.000000;0.000000;0.000000;0.000000;2.000000;10.592468;-331.629791;1968.486450;0.013508;0.000000;0.000000;0.000000;0.000000;2.000000;15.577393;-478.231415;1951.939331;0.094755;0.000000;0.000000;0.000000;0.000000;2.000000;9.141785;-702.119385;1933.958862;0.392504;0.000000;0.000000;0.000000;0.000000;2.000000;44.576843;-666.888550;1942.713989;0.387623;0.000000;0.000000;0.000000;0.000000;2.000000;183.107971;-623.233887;1970.887451;0.644945;0.000000;0.000000;0.000000;0.000000;2.000000;258.341064;-347.322815;1974.774902;0.387626;0.000000;0.000000;0.000000;0.000000;2.000000;190.108215;-272.806030;1757.022583;0.616440;0.000000;0.000000;0.000000;0.000000;2.000000;95.532471;-254.768799;1731.282227;0.968628;0.000000;0.000000;0.000000;0.000000;2.000000;-1.304260;-246.388641;1675.969971;1.369643;0.000000;0.000000;0.000000;0.000000;2.000000;63.537964;-281.952240;1710.097900;1.128855;0.000000;0.000000;0.000000;0.000000;2.000000;-24.354370;-663.531677;1933.306763;0.304758;0.000000;0.000000;0.000000;0.000000;2.000000;-151.068542;-625.349731;1901.494751;0.305483;0.000000;0.000000;0.000000;0.000000;2.000000;-310.558655;-451.782867;2072.854004;0.450672;0.000000;0.000000;0.000000;0.000000;2.000000;-256.364197;-227.286346;1996.979370;0.883856;0.000000;0.000000;0.000000;0.000000;2.000000;-163.794373;-218.128235;1943.482056;1.116714;0.000000;0.000000;0.000000;0.000000;1.000000;-66.950867;-205.384949;1893.057007;1.404571;0.000000;0.000000;0.000000;0.000000;1.000000;-125.122620;-268.770874;1984.653687;1.698209;0.000000;0.000000;0.000000;0.000000;1.000000;87.586365;-150.986313;2035.124512;0.259268;0.000000;0.000000;0.000000;0.000000;2.000000;52.295715;237.099976;2175.916504;0.349203;0.000000;0.000000;0.000000;0.000000;2.000000;-8.920593;555.085388;2403.820068;1.138613;0.000000;0.000000;0.000000;0.000000;2.000000;-16.556702;741.990417;2352.801514;1.476449;0.000000;0.000000;0.000000;0.000000;2.000000;-78.980408;-149.110596;1968.326660;0.233794;0.000000;0.000000;0.000000;0.000000;2.000000;-117.468201;245.608826;1849.900513;0.247361;0.000000;0.000000;0.000000;0.000000;2.000000;-153.488953;633.127441;1756.893433;0.417206;0.000000;0.000000;0.000000;0.000000;2.000000;-156.540222;694.497681;1589.417725;0.737443;0.000000;0.000000;0.000000;0.000000;2.000000;8.674683;-784.170471;1913.581177;0.493319;0.000000;0.000000;0.000000;0.000000;2.000000;50.809143;-787.420715;1752.728882;0.591926;0.000000;0.000000;0.000000;0.000000;2.000000;75.785583;-826.564758;1787.367920;0.654019;0.000000;0.000000;0.000000;0.000000;2.000000;105.780273;-832.444275;1914.965332;0.671697;0.000000;0.000000;0.000000;0.000000;2.000000;24.477661;-830.476624;1770.622437;0.619650;0.000000;0.000000;0.000000;0.000000;2.000000;-58.488831;-860.568359;1873.577637;0.564229;0.000000;0.000000;0.000000;0.000000;2.000000;8397066752.000000
0.000000;-150.000000;2000.000000;0.000000;0.000000;0.000000;0.000000;0.000000;2.000000;6.011108;-331.218323;1969.695679;0.142911;0.000000;0.000000;0.000000;0.000000;2.000000;6.041809;-477.628418;1956.930176;0.323906;0.000000;0.000000;0.000000;0.000000;2.000000;-0.387756;-700.266602;1936.026123;0.298247;0.000000;0.000000;0.000000;0.000000;2.000000;34.841187;-665.342163;1945.516479;0.307943;0.000000;0.000000;0.000000;0.000000;2.000000;173.133606;-624.763428;1975.950195;0.339236;0.000000;0.000000;0.000000;0.000000;2.000000;250.489136;-350.730103;1974.005493;0.258229;0.000000;0.000000;0.000000;0.000000;2.000000;188.818176;-265.656036;1759.351440;0.229254;0.000000;0.000000;0.000000;0.000000;2.000000;101.936768;-233.017685;1724.259766;0.713248;0.000000;0.000000;0.000000;0.000000;2.000000;12.327576;-213.569687;1661.102173;1.157519;0.000000;0.000000;0.000000;0.000000;2.000000;64.023315;-270.384552;1708.718628;0.350353;0.000000;0.000000;0.000000;0.000000;2.000000;-33.697998;-661.812988;1935.591553;0.293608;0.000000;0.000000;0.000000;0.000000;2.000000;-160.546753;-629.100769;1900.913330;0.306792;0.000000;0.000000;0.000000;0.000000;2.000000;-322.612305;-452.549133;2064.446777;0.442186;0.000000;0.000000;0.000000;0.000000;2.000000;-281.885742;-226.527191;1988.105957;0.812223;0.000000;0.000000;0.000000;0.000000;2.000000;-179.535889;-202.628571;1968.948730;1.013020;0.000000;0.000000;0.000000;0.000000;1.000000;-74.452515;-175.262802;1955.310913;2.090268;0.000000;0.000000;0.000000;0.000000;1.000000;-147.864502;-272.426331;2022.777222;1.338391;0.000000;0.000000;0.000000;0.000000;1.000000;86.829468;-153.099625;2035.759033;0.070094;0.000000;0.000000;0.000000;0.000000;2.000000;67.920959;235.123611;2173.935547;0.476978;0.000000;0.000000;0.000000;0.000000;2.000000;-9.829651;531.820435;2421.620117;0.880632;0.000000;0.000000;0.000000;0.000000;2.000000;-22.308716;723.976135;2408.048340;1.754615;0.000000;0.000000;0.000000;0.000000;2.000000;-78.297974;-147.204926;1967.754395;0.063207;0.000000;0.000000;0.000000;0.000000;2.000000;-118.830933;246.125229;1851.780640;0.071478;0.000000;0.000000;0.000000;0.000000;2.000000;-157.032471;631.587219;1758.674683;0.127843;0.000000;0.000000;0.000000;0.000000;2.000000;-157.041748;715.010132;1601.881104;0.721372;0.000000;0.000000;0.000000;0.000000;2.000000;-0.739929;-781.679810;1914.656250;0.294401;0.000000;0.000000;0.000000;0.000000;2.000000;42.128296;-793.855896;1755.188599;0.333004;0.000000;0.000000;0.000000;0.000000;2.000000;64.987793;-832.328247;1791.571411;0.388864;0.000000;0.000000;0.000000;0.000000;2.000000;93.679504;-833.875122;1919.000488;0.385692;0.000000;0.000000;0.000000;0.000000;2.000000;13.899597;-834.686279;1774.634033;0.362711;0.000000;0.000000;0.000000;0.000000;2.000000;-70.664795;-856.386230;1877.613770;0.405409;0.000000;0.000000;0.000000;0.000000;2.000000;8397100032.000000
0.000000;-150.000000;2000.000000;0.000000;0.000000;0.000000;0.000000;0.000000;2.000000;4.765198;-332.893524;1974.733765;0.163868;0.000000;0.000000;0.000000;0.000000;2.000000;5.186401;-479.977631;1961.800293;0.164494;0.000000;0.000000;0.000000;0.000000;2.000000;2.456116;-703.976685;1943.583862;0.267025;0.000000;0.000000;0.000000;0.000000;2.000000;37.126038;-668.243652;1953.376465;0.260949;0.000000;0.000000;0.000000;0.000000;2.000000;172.757019;-621.570801;1989.801392;0.427265;0.000000;0.000000;0.000000;0.000000;2.000000;261.012451;-350.131531;2009.118774;1.101597;0.000000;0.000000;0.000000;0.000000;2.000000;217.637512;-254.871979;1793.024780;1.370648;0.000000;0.000000;0.000000;0.000000;2.000000;125.114380;-229.733566;1765.733765;1.431021;0.000000;0.000000;0.000000;0.000000;2.000000;29.945740;-210.100754;1710.321289;1.574288;0.000000;0.000000;0.000000;0.000000;2.000000;69.634705;-264.538391;1791.456421;2.498007;0.000000;0.000000;0.000000;0.000000;2.000000;-31.559753;-665.858521;1941.966187;0.235785;0.000000;0.000000;0.000000;0.000000;2.000000;-159.258728;-632.112305;1908.959229;0.261029;0.000000;0.000000;0.000000;0.000000;2.000000;-335.369934;-476.837799;2081.708008;0.973969;0.000000;0.000000;0.000000;0.000000;2.000000;-223.792297;-294.119812;1966.444336;2.756055;0.000000;0.000000;0.000000;0.000000;2.000000;-141.412659;-278.544983;1899.425049;3.298483;0.000000;0.000000;0.000000;0.000000;2.000000;-65.266052;-301.537506;1975.337036;3.851636;0.000000;0.000000;0.000000;0.000000;1.000000;-112.693054;-305.562592;1892.746582;4.168244;0.000000;0.000000;0.000000;0.000000;2.000000;85.646545;-153.232910;2039.554932;0.119537;0.000000;0.000000;0.000000;0.000000;2.000000;79.328491;244.584229;2155.585938;0.708742;0.000000;0.000000;0.000000;0.000000;2.000000;5.541870;514.532043;2435.874023;0.816482;0.000000;0.000000;0.000000;0.000000;2.000000;-19.871094;705.005493;2462.082520;1.722339;0.000000;0.000000;0.000000;0.000000;2.000000;-77.231384;-147.084747;1964.331665;0.107785;0.000000;0.000000;0.000000;0.000000;2.000000;-109.449768;251.907196;1858.693237;0.390881;0.000000;0.000000;0.000000;0.000000;2.000000;-138.656921;643.533386;1781.417358;0.949063;0.000000;0.000000;0.000000;0.000000;2.000000;-149.041809;743.459961;1633.952393;1.310441;0.000000;0.000000;0.000000;0.000000;2.000000;3.747498;-786.032654;1923.177246;0.317561;0.000000;0.000000;0.000000;0.000000;2.000000;57.472839;-803.192261;1766.678589;0.640696;0.000000;0.000000;0.000000;0.000000;2.000000;78.898682;-839.826965;1806.129639;0.645639;0.000000;0.000000;0.000000;0.000000;2.000000;99.321228;-835.793396;1935.706909;0.532973;0.000000;0.000000;0.000000;0.000000;2.000000;28.863525;-844.166870;1785.948364;0.631592;0.000000;0.000000;0.000000;0.000000;2.000000;-62.144836;-864.236572;1884.499268;0.404956;0.000000;0.000000;0.000000;0.000000;2.000000;8397133312.000000
0.000000;-150.000000;2000.000000;0.000000;0.000000;0.000000;0.000000;0.000000;2.000000;6.104736;-332.371399;1980.229248;0.170686;0.000000;0.000000;0.000000;0.000000;2.000000;7.830017;-478.783142;1970.686768;0.280889;0.000000;0.000000;0.000000;0.000000;2.000000;5.171204;-701.215881;1950.583862;0.240373;0.000000;0.000000;0.000000;0.000000;2.000000;39.247681;-665.928589;1962.261963;0.283175;0.000000;0.000000;0.000000;0.000000;2.000000;171.301697;-616.587219;2004.167358;0.458994;0.000000;0.000000;0.000000;0.000000;2.000000;252.933350;-345.169922;2026.392700;0.592090;0.000000;0.000000;0.000000;0.000000;2.000000;213.300415;-197.306305;1843.357544;2.301378;0.000000;0.000000;0.000000;0.000000;2.000000;119.571167;-192.097397;1811.710083;1.793100;0.000000;0.000000;0.000000;0.000000;2.000000;18.946960;-184.495483;1858.343018;4.525907;0.000000;0.000000;0.000000;0.000000;2.000000;73.522095;-217.019791;1812.515259;1.566137;0.000000;0.000000;0.000000;0.000000;2.000000;-28.376526;-663.185303;1947.674927;0.212193;0.000000;0.000000;0.000000;0.000000;2.000000;-152.453552;-629.232056;1905.756226;0.242005;0.000000;0.000000;0.000000;0.000000;2.000000;-344.615051;-472.273682;2055.256348;0.853066;0.000000;0.000000;0.000000;0.000000;2.000000;-243.016785;-262.158508;1992.675415;1.370131;0.000000;0.000000;0.000000;0.000000;2.000000;-165.563049;-248.319809;1920.655273;1.326045;0.000000;0.000000;0.000000;0.000000;2.000000;-79.835510;-218.372925;1859.881714;4.297878;0.000000;0.000000;0.000000;0.000000;2.000000;-109.809265;-262.610168;1945.544067;2.046978;0.000000;0.000000;0.000000;0.000000;2.000000;83.831360;-151.753387;2042.058838;0.103015;0.000000;0.000000;0.000000;0.000000;2.000000;90.909180;253.553879;2114.889648;1.299646;0.000000;0.000000;0.000000;0.000000;2.000000;14.871216;477.812561;2429.302979;1.155401;0.000000;0.000000;0.000000;0.000000;2.000000;-31.690247;657.497864;2481.177002;1.578959;0.000000;0.000000;0.000000;0.000000;2.000000;-75.594421;-148.418900;1962.073730;0.092896;0.000000;0.000000;0.000000;0.000000;2.000000;-112.839661;250.099350;1866.892456;0.272075;0.000000;0.000000;0.000000;0.000000;2.000000;-146.103821;642.018433;1807.739746;0.823240;0.000000;0.000000;0.000000;0.000000;2.000000;-154.042175;753.607788;1670.159058;1.139811;0.000000;0.000000;0.000000;0.000000;2.000000;7.128479;-782.593994;1929.697388;0.243682;0.000000;0.000000;0.000000;0.000000;2.000000;54.868958;-796.800903;1772.064819;0.263056;0.000000;0.000000;0.000000;0.000000;2.000000;75.426880;-835.600281;1809.318481;0.190247;0.000000;0.000000;0.000000;0.000000;2.000000;99.764709;-837.182312;1937.439087;0.068032;0.000000;0.000000;0.000000;0.000000;2.000000;24.966858;-836.686890;1790.721680;0.291201;0.000000;0.000000;0.000000;0.000000;2.000000;-63.396057;-855.499268;1890.757690;0.325122;0.000000;0.000000;0.000000;0.000000;2.000000;8397166592.000000
0.000000;-150.000000;2000.000000;0.000000;0.000000;0.000000;0.000000;0.000000;2.000000;4.696655;-329.879700;1978.465088;0.101024;0.000000;0.000000;0.000000;0.000000;2.000000;7.272827;-473.936707;1963.255371;0.267114;0.000000;0.000000;0.000000;0.000000;2.000000;3.718384;-694.010376;1949.428711;0.223579;0.000000;0.000000;0.000000;0.000000;2.000000;36.821838;-659.146057;1962.376465;0.216472;0.000000;0.000000;0.000000;0.000000;2.000000;165.073303;-618.222107;2016.811279;0.426359;0.000000;0.000000;0.000000;0.000000;2.000000;235.879211;-349.792175;2058.400146;1.098579;0.000000;0.000000;0.000000;0.000000;2.000000;232.628296;-184.012070;1891.024414;1.596352;0.000000;0.000000;0.000000;0.000000;2.000000;193.196228;-98.825760;1863.527100;3.895285;0.000000;0.000000;0.000000;0.000000;2.000000;92.440186;-62.661201;1839.277466;4.313583;0.000000;0.000000;0.000000;0.000000;2.000000;161.737549;-76.756439;1828.516479;5.002063;0.000000;0.000000;0.000000;0.000000;2.000000;-28.707947;-656.270569;1943.123169;0.248950;0.000000;0.000000;0.000000;0.000000;2.000000;-148.972839;-627.683228;1892.476563;0.415125;0.000000;0.000000;0.000000;0.000000;2.000000;-303.534119;-411.474915;1998.175415;2.793399;0.000000;0.000000;0.000000;0.000000;2.000000;-316.605652;-175.638443;1964.519531;3.516241;0.000000;0.000000;0.000000;0.000000;2.000000;-231.371521;-165.053223;1903.567261;3.230145;0.000000;0.000000;0.000000;0.000000;2.000000;-144.960999;-135.452789;1846.147583;3.194961;0.000000;0.000000;0.000000;0.000000;2.000000;-206.578674;-145.211884;1908.115601;4.707831;0.000000;0.000000;0.000000;0.000000;2.000000;79.997375;-153.484619;2046.553833;0.184989;0.000000;0.000000;0.000000;0.000000;2.000000;102.416077;251.464493;2076.341797;1.210423;0.000000;0.000000;0.000000;0.000000;2.000000;12.355957;439.513367;2404.320801;1.376079;0.000000;0.000000;0.000000;0.000000;2.000000;-34.108398;613.069702;2467.036377;1.402851;0.000000;0.000000;0.000000;0.000000;2.000000;-72.137146;-146.857773;1958.020264;0.166815;0.000000;0.000000;0.000000;0.000000;2.000000;-118.459290;250.534378;1887.651733;0.646360;0.000000;0.000000;0.000000;0.000000;2.000000;-162.370056;638.521179;1845.509033;1.240131;0.000000;0.000000;0.000000;0.000000;2.000000;-167.187073;748.683167;1709.508545;1.255356;0.000000;0.000000;0.000000;0.000000;2.000000;6.263672;-774.934265;1931.258179;0.236323;0.000000;0.000000;0.000000;0.000000;2.000000;43.231323;-796.428772;1773.730591;0.353430;0.000000;0.000000;0.000000;0.000000;2.000000;63.584656;-834.646179;1810.579712;0.358995;0.000000;0.000000;0.000000;0.000000;2.000000;94.980286;-833.598328;1935.464844;0.189168;0.000000;0.000000;0.000000;0.000000;2.000000;12.772095;-833.504517;1795.170410;0.401601;0.000000;0.000000;0.000000;0.000000;2.000000;-69.319153;-844.078857;1899.394043;0.465595;0.000000;0.000000;0.000000;0.000000;2.000000;8397199872.000000
0.000000;-150.000000;2000.000000;0.000000;0.000000;0.000000;0.000000;0.000000;2.000000;8.191895;-332.810974;1991.077515;0.403006;0.000000;0.000000;0.000000;0.000000;2.000000;13.640442;-479.109192;1986.571167;0.742697;0.000000;0.000000;0.000000;0.000000;2.000000;5.263733;-701.384644;1971.342285;0.696294;0.000000;0.000000;0.000000;0.000000;2.000000;38.736938;-667.050964;1986.651978;0.769287;0.000000;0.000000;0.000000;0.000000;2.000000;167.954712;-628.260681;2044.525635;0.889931;0.000000;0.000000;0.000000;0.000000;2.000000;230.002075;-357.184692;2101.119629;1.314631;0.000000;0.000000;0.000000;0.000000;2.000000;259.494446;-160.693649;1969.767090;2.596326;0.000000;0.000000;0.000000;0.000000;2.000000;205.720703;-81.052139;1946.437744;2.575550;0.000000;0.000000;0.000000;0.000000;2.000000;143.586731;10.803196;1950.344849;4.286351;0.000000;0.000000;0.000000;0.000000;2.000000;170.247437;-71.280533;1918.126709;2.709730;0.000000;0.000000;0.000000;0.000000;2.000000;-26.076660;-662.381653;1963.125122;0.633400;0.000000;0.000000;0.000000;0.000000;2.000000;-139.759338;-622.387268;1902.165161;0.432113;0.000000;0.000000;0.000000;0.000000;2.000000;-288.696350;-390.058594;1988.490845;0.835212;0.000000;0.000000;0.000000;0.000000;2.000000;-320.050354;-150.952896;1983.718262;0.945361;0.000000;0.000000;0.000000;0.000000;2.000000;-243.255920;-123.112732;1915.423462;1.357433;0.000000;0.000000;0.000000;0.000000;2.000000;-167.381775;-83.276474;1847.949341;1.707277;0.000000;0.000000;0.000000;0.000000;2.000000;-216.811462;-96.021164;1924.359009;1.586665;0.000000;0.000000;0.000000;0.000000;2.000000;86.301575;-147.903168;2036.273438;0.399291;0.000000;0.000000;0.000000;0.000000;2.000000;110.220947;261.030029;2071.216553;0.401660;0.000000;0.000000;0.000000;0.000000;2.000000;5.002869;466.687378;2389.033447;0.962570;0.000000;0.000000;0.000000;0.000000;2.000000;-36.982788;643.285278;2452.772949;1.007704;0.000000;0.000000;0.000000;0.000000;2.000000;-77.821960;-151.890793;1967.290649;0.360061;0.000000;0.000000;0.000000;0.000000;2.000000;-118.470398;254.331772;1922.716675;1.059795;0.000000;0.000000;0.000000;0.000000;2.000000;-157.216492;649.233887;1908.957520;1.939680;0.000000;0.000000;0.000000;0.000000;2.000000;-154.314758;755.101257;1767.132080;1.784603;0.000000;0.000000;0.000000;0.000000;2.000000;6.892151;-783.176514;1952.780029;0.692750;0.000000;0.000000;0.000000;0.000000;2.000000;56.919189;-805.096191;1797.063232;0.853542;0.000000;0.000000;0.000000;0.000000;2.000000;76.912048;-841.893921;1836.435425;0.900774;0.000000;0.000000;0.000000;0.000000;2.000000;99.282166;-837.066101;1964.595337;0.890923;0.000000;0.000000;0.000000;0.000000;2.000000;26.828308;-843.982056;1817.197021;0.845909;0.000000;0.000000;0.000000;0.000000;2.000000;-62.850891;-857.908386;1916.532837;0.689689;0.000000;0.000000;0.000000;0.000000;2.000000;8397233152.000000
0.000000;-150.000000;2000.000000;0.000000;0.000000;0.000000;0.000000;0.000000;2.000000;13.169800;-333.543518;1978.000366;0.421025;0.000000;0.000000;0.000000;0.000000;2.000000;17.077515;-481.496826;1971.245483;0.477368;0.000000;0.000000;0.000000;0.000000;2.000000;5.885376;-705.570862;1948.273071;0.704754;0.000000;0.000000;0.000000;0.000000;2.000000;38.699158;-672.045410;1968.065918;0.578289;0.000000;0.000000;0.000000;0.000000;2.000000;162.427551;-635.977173;2041.834717;0.296450;0.000000;0.000000;0.000000;0.000000;2.000000;222.236450;-362.242249;2104.254395;0.293966;0.000000;0.000000;0.000000;0.000000;2.000000;250.641418;-142.273926;2010.149048;1.359942;0.000000;0.000000;0.000000;0.000000;2.000000;213.116028;-49.725079;2004.479004;1.994265;0.000000;0.000000;0.000000;0.000000;2.000000;171.406311;54.476677;2003.304810;2.225599;0.000000;0.000000;0.000000;0.000000;2.000000;170.303955;-24.785013;1966.362305;2.013111;0.000000;0.000000;0.000000;0.000000;2.000000;-24.078064;-665.211304;1938.077515;0.759797;0.000000;0.000000;0.000000;0.000000;2.000000;-134.099487;-612.757507;1876.379761;0.844374;0.000000;0.000000;0.000000;0.000000;2.000000;-282.096313;-368.044617;1937.732788;1.674235;0.000000;0.000000;0.000000;0.000000;2.000000;-290.244995;-125.548363;1912.104614;2.452605;0.000000;0.000000;0.000000;0.000000;2.000000;-231.491821;-46.289452;1868.909302;2.721596;0.000000;0.000000;0.000000;0.000000;2.000000;-156.110352;10.547588;1811.813721;3.040025;0.000000;0.000000;0.000000;0.000000;2.000000;-213.052612;-20.441675;1888.373413;2.517834;0.000000;0.000000;0.000000;0.000000;2.000000;80.824646;-150.120041;2049.386230;0.432167;0.000000;0.000000;0.000000;0.000000;2.000000;118.238098;262.306458;2011.344971;1.815488;0.000000;0.000000;0.000000;0.000000;2.000000;-18.135010;482.704163;2312.647949;2.446040;0.000000;0.000000;0.000000;0.000000;2.000000;-59.309814;666.269348;2362.446289;2.879865;0.000000;0.000000;0.000000;0.000000;2.000000;-72.883179;-149.891754;1955.466431;0.389699;0.000000;0.000000;0.000000;0.000000;2.000000;-122.659424;261.426819;1925.303467;0.259493;0.000000;0.000000;0.000000;0.000000;2.000000;-173.753662;659.779114;1923.930054;0.741437;0.000000;0.000000;0.000000;0.000000;2.000000;-160.655029;756.492554;1773.820435;0.280058;0.000000;0.000000;0.000000;0.000000;2.000000;7.807190;-787.758667;1927.251343;0.779831;0.000000;0.000000;0.000000;0.000000;2.000000;59.875549;-819.370605;1771.840576;0.875365;0.000000;0.000000;0.000000;0.000000;2.000000;77.851685;-855.516357;1813.685303;0.797278;0.000000;0.000000;0.000000;0.000000;2.000000;98.632507;-845.553162;1943.342407;0.687923;0.000000;0.000000;0.000000;0.000000;2.000000;27.457703;-856.391418;1793.450684;0.805309;0.000000;0.000000;0.000000;0.000000;2.000000;-65.343506;-861.932251;1892.855469;0.725536;0.000000;0.000000;0.000000;0.000000;2.000000;8397266432.000000
0.000000;-150.000000;2000.000000;0.000000;0.000000;0.000000;0.000000;0.000000;2.000000;15.246033;-333.785645;1976.879272;0.070193;0.000000;0.000000;0.000000;0.000000;2.000000;21.292664;-482.060303;1969.392944;0.137270;0.000000;0.000000;0.000000;0.000000;2.000000;13.257446;-707.348328;1951.036621;0.238849;0.000000;0.000000;0.000000;0.000000;2.000000;44.691528;-672.966064;1971.945923;0.213008;0.000000;0.000000;0.000000;0.000000;2.000000;162.436096;-639.281433;2056.683594;0.450168;0.000000;0.000000;0.000000;0.000000;2.000000;216.550293;-369.326416;2140.805176;1.114544;0.000000;0.000000;0.000000;0.000000;2.000000;256.371948;-141.562881;2070.646484;1.798426;0.000000;0.000000;0.000000;0.000000;2.000000;221.964050;-47.361961;2068.256104;1.906702;0.000000;0.000000;0.000000;0.000000;2.000000;208.077087;62.426003;2047.624390;1.718464;0.000000;0.000000;0.000000;0.000000;2.000000;213.392883;-17.453030;2032.848022;2.354584;0.000000;0.000000;0.000000;0.000000;2.000000;-16.485046;-667.406677;1938.156128;0.233914;0.000000;0.000000;0.000000;0.000000;2.000000;-124.818115;-621.525635;1867.945923;0.452831;0.000000;0.000000;0.000000;0.000000;2.000000;-267.425781;-370.725769;1920.942749;0.664567;0.000000;0.000000;0.000000;0.000000;2.000000;-258.748901;-133.812286;1860.374756;1.808862;0.000000;0.000000;0.000000;0.000000;2.000000;-231.561523;-34.054859;1829.131836;1.231550;0.000000;0.000000;0.000000;0.000000;2.000000;-202.425049;72.638763;1825.873779;2.329773;0.000000;0.000000;0.000000;0.000000;2.000000;-173.444946;-24.912699;1834.648438;1.979653;0.000000;0.000000;0.000000;0.000000;2.000000;82.876465;-148.963486;2046.410156;0.112315;0.000000;0.000000;0.000000;0.000000;2.000000;134.414490;257.865540;1970.409302;1.309169;0.000000;0.000000;0.000000;0.000000;2.000000;-10.633301;487.614441;2262.035645;1.521079;0.000000;0.000000;0.000000;0.000000;2.000000;-30.128967;681.101746;2278.554443;2.664891;0.000000;0.000000;0.000000;0.000000;2.000000;-74.733398;-150.934662;1958.149902;0.101275;0.000000;0.000000;0.000000;0.000000;2.000000;-124.350708;262.517639;1945.370483;0.596818;0.000000;0.000000;0.000000;0.000000;2.000000;-175.780884;661.790344;1958.240356;1.018849;0.000000;0.000000;0.000000;0.000000;2.000000;-163.133301;755.635071;1805.674072;0.945828;0.000000;0.000000;0.000000;0.000000;2.000000;17.071594;-790.214233;1932.042603;0.317092;0.000000;0.000000;0.000000;0.000000;2.000000;77.358948;-820.649597;1778.865845;0.558873;0.000000;0.000000;0.000000;0.000000;2.000000;95.751587;-855.266418;1822.034912;0.584550;0.000000;0.000000;0.000000;0.000000;2.000000;110.659241;-842.502014;1952.637817;0.458790;0.000000;0.000000;0.000000;0.000000;2.000000;46.218384;-859.368042;1799.753662;0.592264;0.000000;0.000000;0.000000;0.000000;2.000000;-50.349365;-869.209473;1895.717041;0.500434;0.000000;0.000000;0.000000;0.000000;2.000000;8397300224.000000
0.000000;-150.000000;2000.000000;0.000000;0.000000;0.000000;0.000000;0.000000;2.000000;13.725464;-335.420868;1980.752563;0.134340;0.000000;0.000000;0.000000;0.000000;2.000000;20.180969;-484.512695;1972.959839;0.134288;0.000000;0.000000;0.000000;0.000000;2.000000;15.327454;-711.474609;1958.581909;0.265790;0.000000;0.000000;0.000000;0.000000;2.000000;44.709961;-676.205811;1981.605591;0.306145;0.000000;0.000000;0.000000;0.000000;2.000000;163.841736;-649.984375;2068.513184;0.481208;0.000000;0.000000;0.000000;0.000000;2.000000;184.771912;-393.855713;2201.890625;2.196386;0.000000;0.000000;0.000000;0.000000;2.000000;248.472900;-168.687759;2136.359375;2.149296;0.000000;0.000000;0.000000;0.000000;2.000000;219.567810;-72.036545;2135.054443;2.140932;0.000000;0.000000;0.000000;0.000000;2.000000;214.166077;39.867638;2118.766846;2.250038;0.000000;0.000000;0.000000;0.000000;2.000000;215.154907;-41.387684;2095.419678;2.013711;0.000000;0.000000;0.000000;0.000000;2.000000;-13.590881;-671.835571;1942.192139;0.199951;0.000000;0.000000;0.000000;0.000000;2.000000;-118.005188;-631.288452;1861.947876;0.400559;0.000000;0.000000;0.000000;0.000000;2.000000;-263.621399;-377.533173;1899.837646;0.676075;0.000000;0.000000;0.000000;0.000000;2.000000;-215.067932;-147.242645;1827.961670;1.683500;0.000000;0.000000;0.000000;0.000000;2.000000;-232.166443;-53.381203;1776.018799;1.698412;0.000000;0.000000;0.000000;0.000000;2.000000;-170.437561;37.680893;1759.270508;2.456097;0.000000;0.000000;0.000000;0.000000;2.000000;-154.206604;-30.957571;1766.769287;2.127742;0.000000;0.000000;0.000000;0.000000;2.000000;82.053284;-149.004120;2048.919189;0.079355;0.000000;0.000000;0.000000;0.000000;2.000000;128.440674;259.588226;1966.248535;0.224791;0.000000;0.000000;0.000000;0.000000;2.000000;-34.712830;546.087158;2194.256836;2.785385;0.000000;0.000000;0.000000;0.000000;2.000000;-11.380371;739.670044;2171.723145;3.703928;0.000000;0.000000;0.000000;0.000000;2.000000;-73.991150;-150.898010;1955.887451;0.071556;0.000000;0.000000;0.000000;0.000000;2.000000;-127.220764;264.631104;1963.475342;0.554458;0.000000;0.000000;0.000000;0.000000;2.000000;-184.178284;664.241943;1997.447510;1.207068;0.000000;0.000000;0.000000;0.000000;2.000000;-168.791321;761.703735;1846.196411;1.242880;0.000000;0.000000;0.000000;0.000000;2.000000;21.417236;-795.145142;1941.636353;0.349435;0.000000;0.000000;0.000000;0.000000;2.000000;91.650818;-820.013184;1790.660400;0.557126;0.000000;0.000000;0.000000;0.000000;2.000000;109.398804;-854.748047;1834.451050;0.554609;0.000000;0.000000;0.000000;0.000000;2.000000;116.658386;-843.709229;1966.615601;0.458492;0.000000;0.000000;0.000000;0.000000;2.000000;61.114868;-860.746460;1809.282227;0.532961;0.000000;0.000000;0.000000;0.000000;2.000000;-40.497009;-876.935791;1900.152588;0.399130;0.000000;0.000000;0.000000;0.000000;2.000000;8397333504.000000
0.000000;-150.000000;2000.000000;0.000000;0.000000;0.000000;0.000000;0.000000;2.000000;14.434448;-337.218292;1985.218750;0.146221;0.000000;0.000000;0.000000;0.000000;2.000000;23.702942;-487.300568;1977.225342;0.186131;0.000000;0.000000;0.000000;0.000000;2.000000;18.567993;-716.234497;1967.162964;0.310518;0.000000;0.000000;0.000000;0.000000;2.000000;46.989197;-680.327454;1991.262939;0.322856;0.000000;0.000000;0.000000;0.000000;2.000000;161.168457;-647.380310;2084.299316;0.487418;0.000000;0.000000;0.000000;0.000000;2.000000;170.743835;-404.906372;2246.269775;1.437421;0.000000;0.000000;0.000000;0.000000;2.000000;242.734741;-176.417877;2195.554688;1.802075;0.000000;0.000000;0.000000;0.000000;2.000000;216.959473;-78.348419;2188.250488;1.611558;0.000000;0.000000;0.000000;0.000000;2.000000;218.822754;35.143196;2176.828125;1.755980;0.000000;0.000000;0.000000;0.000000;2.000000;212.145386;-44.754257;2147.714355;1.577202;0.000000;0.000000;0.000000;0.000000;2.000000;-9.410217;-676.539551;1948.218750;0.261824;0.000000;0.000000;0.000000;0.000000;2.000000;-110.528870;-631.252014;1864.541992;0.237790;0.000000;0.000000;0.000000;0.000000;2.000000;-261.714294;-375.398468;1871.815918;0.846381;0.000000;0.000000;0.000000;0.000000;2.000000;-187.026428;-167.167816;1759.784180;2.294601;0.000000;0.000000;0.000000;0.000000;2.000000;-226.261047;-65.655609;1748.039185;0.935067;0.000000;0.000000;0.000000;0.000000;2.000000;-243.962341;43.118813;1768.742920;2.233522;0.000000;0.000000;0.000000;0.000000;2.000000;-100.563904;-39.588531;1726.812744;2.026533;0.000000;0.000000;0.000000;0.000000;2.000000;82.621338;-147.525787;2049.344727;0.049275;0.000000;0.000000;0.000000;0.000000;2.000000;139.960449;256.790894;1940.339233;0.856145;0.000000;0.000000;0.000000;0.000000;2.000000;-8.092468;592.441284;2109.398438;3.013554;0.000000;0.000000;0.000000;0.000000;2.000000;26.175049;773.048096;2036.416260;4.336975;0.000000;0.000000;0.000000;0.000000;2.000000;-74.503296;-152.231110;1955.503784;0.044433;0.000000;0.000000;0.000000;0.000000;2.000000;-130.381042;265.520416;1980.382446;0.517515;0.000000;0.000000;0.000000;0.000000;2.000000;-192.377380;665.576721;2032.575684;1.084646;0.000000;0.000000;0.000000;0.000000;2.000000;-182.637512;765.810486;1881.008057;1.132471;0.000000;0.000000;0.000000;0.000000;2.000000;25.261841;-800.902466;1952.187378;0.379192;0.000000;0.000000;0.000000;0.000000;2.000000;109.426208;-815.061829;1805.568604;0.712802;0.000000;0.000000;0.000000;0.000000;2.000000;119.599854;-856.382385;1846.570557;0.478524;0.000000;0.000000;0.000000;0.000000;2.000000;113.676147;-861.212952;1980.193604;0.671651;0.000000;0.000000;0.000000;0.000000;2.000000;73.570190;-854.889465;1816.140137;0.462067;0.000000;0.000000;0.000000;0.000000;2.000000;-38.926086;-871.780884;1894.840820;0.227366;0.000000;0.000000;0.000000;0.000000;2.000000;8397366784.000000
0.000000;-150.000000;2000.000000;0.000000;0.000000;0.000000;0.000000;0.000000;2.000000;11.762207;-337.599731;1988.201660;0.120882;0.000000;0.000000;0.000000;0.000000;2.000000;20.753296;-487.640717;1979.408447;0.110739;0.000000;0.000000;0.000000;0.000000;2.000000;16.921936;-716.620605;1970.321899;0.107660;0.000000;0.000000;0.000000;0.000000;2.000000;43.696289;-680.494995;1995.924438;0.171566;0.000000;0.000000;0.000000;0.000000;2.000000;154.178101;-646.342896;2092.885742;0.334153;0.000000;0.000000;0.000000;0.000000;2.000000;166.350464;-409.196625;2262.350098;0.517215;0.000000;0.000000;0.000000;0.000000;2.000000;232.122314;-174.246628;2241.768311;1.426267;0.000000;0.000000;0.000000;0.000000;2.000000;207.903198;-76.355576;2228.951660;1.254331;0.000000;0.000000;0.000000;0.000000;2.000000;210.595276;35.307098;2205.796143;0.904873;0.000000;0.000000;0.000000;0.000000;2.000000;204.459717;-42.811604;2199.077637;1.561642;0.000000;0.000000;0.000000;0.000000;2.000000;-9.950317;-677.123291;1949.472168;0.044604;0.000000;0.000000;0.000000;0.000000;2.000000;-106.092346;-628.322266;1862.010864;0.176934;0.000000;0.000000;0.000000;0.000000;2.000000;-238.921570;-362.470642;1856.128784;0.917684;0.000000;0.000000;0.000000;0.000000;2.000000;-144.113464;-172.030258;1728.761841;1.597798;0.000000;0.000000;0.000000;0.000000;2.000000;-146.284485;-64.216263;1710.018188;2.661235;0.000000;0.000000;0.000000;0.000000;2.000000;-61.742371;5.215397;1685.452148;6.127018;0.000000;0.000000;0.000000;0.000000;2.000000;-52.804138;-73.121262;1705.397705;1.867831;0.000000;0.000000;0.000000;0.000000;2.000000;80.794800;-148.223129;2052.294434;0.106335;0.000000;0.000000;0.000000;0.000000;2.000000;159.285095;244.972565;1918.703369;0.941242;0.000000;0.000000;0.000000;0.000000;2.000000;12.898621;604.830688;2029.183960;2.519112;0.000000;0.000000;0.000000;0.000000;2.000000;50.265869;788.082397;1964.879639;2.312704;0.000000;0.000000;0.000000;0.000000;2.000000;-72.856262;-151.602295;1952.843994;0.095884;0.000000;0.000000;0.000000;0.000000;2.000000;-133.400085;264.519409;1990.300415;0.312966;0.000000;0.000000;0.000000;0.000000;2.000000;-201.535583;661.679688;2055.140625;0.741059;0.000000;0.000000;0.000000;0.000000;2.000000;-187.569275;776.967285;1915.061279;1.086901;0.000000;0.000000;0.000000;0.000000;2.000000;24.774048;-801.337769;1956.259033;0.123913;0.000000;0.000000;0.000000;0.000000;2.000000;121.745300;-812.587646;1817.528809;0.521252;0.000000;0.000000;0.000000;0.000000;2.000000;131.559998;-851.921265;1860.516846;0.568096;0.000000;0.000000;0.000000;0.000000;2.000000;114.852173;-853.792969;1993.286255;0.453573;0.000000;0.000000;0.000000;0.000000;2.000000;88.264587;-854.817383;1826.406006;0.538623;0.000000;0.000000;0.000000;0.000000;2.000000;-28.806519;-878.462036;1896.165771;0.366536;0.000000;0.000000;0.000000;0.000000;2.000000;8397400064.000000
0.000000;-150.000000;2000.000000;0.000000;0.000000;0.000000;0.000000;0.000000;2.000000;9.925659;-338.132904;1987.581299;0.060411;0.000000;0.000000;0.000000;0.000000;2.000000;17.311768;-488.613556;1978.434448;0.111378;0.000000;0.000000;0.000000;0.000000;2.000000;13.088867;-718.134033;1968.870850;0.131281;0.000000;0.000000;0.000000;0.000000;2.000000;39.216187;-682.034363;1995.419678;0.143149;0.000000;0.000000;0.000000;0.000000;2.000000;147.285645;-649.553894;2096.180908;0.249009;0.000000;0.000000;0.000000;0.000000;2.000000;154.473633;-421.297943;2278.864746;0.711216;0.000000;0.000000;0.000000;0.000000;2.000000;221.282471;-185.165283;2273.797363;1.067692;0.000000;0.000000;0.000000;0.000000;2.000000;193.348816;-88.612755;2257.006104;1.018590;0.000000;0.000000;0.000000;0.000000;2.000000;192.883423;23.728306;2235.660400;1.099797;0.000000;0.000000;0.000000;0.000000;2.000000;185.339966;-53.068817;2233.890381;1.232595;0.000000;0.000000;0.000000;0.000000;2.000000;-13.064880;-678.430664;1947.192871;0.122443;0.000000;0.000000;0.000000;0.000000;2.000000;-111.777100;-626.706970;1863.824707;0.185754;0.000000;0.000000;0.000000;0.000000;2.000000;-214.167969;-348.293854;1835.633545;1.055444;0.000000;0.000000;0.000000;0.000000;2.000000;-103.226074;-161.910049;1714.243164;1.338739;0.000000;0.000000;0.000000;0.000000;2.000000;-106.208008;-52.278481;1717.590332;1.276945;0.000000;0.000000;0.000000;0.000000;1.000000;-48.037659;43.486267;1708.693604;1.407022;0.000000;0.000000;0.000000;0.000000;1.000000;15.157104;-95.445679;1678.582520;2.295516;0.000000;0.000000;0.000000;0.000000;2.000000;78.930847;-149.499832;2055.508301;0.118044;0.000000;0.000000;0.000000;0.000000;2.000000;158.654846;243.615326;1919.132080;0.046774;0.000000;0.000000;0.000000;0.000000;2.000000;39.625549;626.496399;1975.472046;1.916658;0.000000;0.000000;0.000000;0.000000;2.000000;107.203796;783.201477;1874.562500;3.211483;0.000000;0.000000;0.000000;0.000000;2.000000;-71.175415;-150.451019;1949.945801;0.106449;0.000000;0.000000;0.000000;0.000000;2.000000;-136.987061;265.433685;1992.566650;0.130417;0.000000;0.000000;0.000000;0.000000;2.000000;-218.162354;658.182861;2073.597656;0.753805;0.000000;0.000000;0.000000;0.000000;2.000000;-206.475220;777.358276;1936.000366;0.847778;0.000000;0.000000;0.000000;0.000000;2.000000;21.151123;-803.063904;1954.901978;0.127294;0.000000;0.000000;0.000000;0.000000;2.000000;132.180542;-820.288513;1827.253174;0.487076;0.000000;0.000000;0.000000;0.000000;2.000000;136.221985;-858.938599;1871.958252;0.426940;0.000000;0.000000;0.000000;0.000000;2.000000;105.408752;-857.196289;2002.520508;0.409837;0.000000;0.000000;0.000000;0.000000;2.000000;96.622437;-861.468079;1833.396729;0.383576;0.000000;0.000000;0.000000;0.000000;2.000000;-28.141296;-880.293579;1890.889404;0.169011;0.000000;0.000000;0.000000;0.000000;2.000000;8397433344.000000
0.000000;-150.000000;2000.000000;0.000000;0.000000;0.000000;0.000000;0.000000;2.000000;10.412964;-336.278778;1996.740234;0.281173;0.000000;0.000000;0.000000;0.000000;2.000000;22.293091;-484.812012;1989.652344;0.386099;0.000000;0.000000;0.000000;0.000000;2.000000;15.589966;-711.644104;1981.577881;0.435276;0.000000;0.000000;0.000000;0.000000;2.000000;40.423401;-676.104126;2008.934448;0.444949;0.000000;0.000000;0.000000;0.000000;2.000000;144.577332;-636.437988;2108.603027;0.548878;0.000000;0.000000;0.000000;0.000000;2.000000;148.098938;-415.118988;2294.465576;0.539363;0.000000;0.000000;0.000000;0.000000;2.000000;210.444946;-180.758148;2300.500000;0.875996;0.000000;0.000000;0.000000;0.000000;2.000000;179.755310;-85.856140;2286.528809;0.980126;0.000000;0.000000;0.000000;0.000000;2.000000;174.594299;26.172302;2272.541016;1.239149;0.000000;0.000000;0.000000;0.000000;2.000000;181.773376;-52.524498;2249.547852;0.482806;0.000000;0.000000;0.000000;0.000000;2.000000;-8.523987;-672.237488;1958.501099;0.410738;0.000000;0.000000;0.000000;0.000000;2.000000;-107.464844;-617.626221;1880.091064;0.574579;0.000000;0.000000;0.000000;0.000000;2.000000;-207.824646;-347.728577;1818.338135;0.553805;0.000000;0.000000;0.000000;0.000000;2.000000;-80.651733;-163.247940;1717.632202;0.687094;0.000000;0.000000;0.000000;0.000000;2.000000;-82.289551;-56.471436;1736.490967;0.924635;0.000000;0.000000;0.000000;0.000000;1.000000;-67.099670;49.286552;1766.903442;1.848723;0.000000;0.000000;0.000000;0.000000;1.000000;58.616272;-106.330254;1688.858643;1.381157;0.000000;0.000000;0.000000;0.000000;2.000000;74.542114;-146.872665;2059.404785;0.193211;0.000000;0.000000;0.000000;0.000000;2.000000;144.129211;249.455688;1943.617920;0.873288;0.000000;0.000000;0.000000;0.000000;2.000000;60.466003;640.605347;1932.001953;1.509310;0.000000;0.000000;0.000000;0.000000;2.000000;142.890930;775.047363;1815.706543;2.082678;0.000000;0.000000;0.000000;0.000000;2.000000;-67.217896;-152.820068;1946.432129;0.174228;0.000000;0.000000;0.000000;0.000000;2.000000;-119.802917;260.386871;1984.416016;0.591266;0.000000;0.000000;0.000000;0.000000;2.000000;-226.994934;631.137085;2105.136230;1.276308;0.000000;0.000000;0.000000;0.000000;2.000000;-200.888123;758.006042;1979.747803;1.447171;0.000000;0.000000;0.000000;0.000000;2.000000;23.168091;-795.783020;1968.815918;0.475745;0.000000;0.000000;0.000000;0.000000;2.000000;142.958740;-817.002808;1852.855957;0.840524;0.000000;0.000000;0.000000;0.000000;2.000000;144.318970;-852.448181;1899.428345;0.882356;0.000000;0.000000;0.000000;0.000000;2.000000;103.663879;-844.103882;2025.358887;0.792750;0.000000;0.000000;0.000000;0.000000;2.000000;108.407654;-858.252014;1858.598267;0.841535;0.000000;0.000000;0.000000;0.000000;2.000000;-18.558655;-876.988586;1906.637451;0.562751;0.000000;0.000000;0.000000;0.000000;2.000000;8397466624.000000
0.000000;-150.000000;2000.000000;0.000000;0.000000;0.000000;0.000000;0.000000;2.000000;10.139160;-333.133087;1998.447998;0.107867;0.000000;0.000000;0.000000;0.000000;2.000000;20.459595;-479.362549;1994.928467;0.234482;0.000000;0.000000;0.000000;0.000000;2.000000;17.525208;-702.524963;1991.546875;0.410115;0.000000;0.000000;0.000000;0.000000;2.000000;39.620544;-666.653015;2019.194824;0.419860;0.000000;0.000000;0.000000;0.000000;2.000000;138.425598;-622.924133;2118.822266;0.541617;0.000000;0.000000;0.000000;0.000000;2.000000;137.027405;-404.052521;2299.961426;0.498517;0.000000;0.000000;0.000000;0.000000;2.000000;194.713806;-172.873611;2309.426758;0.592886;0.000000;0.000000;0.000000;0.000000;2.000000;168.752380;-77.475487;2304.320313;0.677141;0.000000;0.000000;0.000000;0.000000;2.000000;166.438171;33.413620;2298.031494;0.833109;0.000000;0.000000;0.000000;0.000000;2.000000;165.085205;-43.413059;2265.579102;0.747294;0.000000;0.000000;0.000000;0.000000;2.000000;-5.171509;-664.651855;1966.500732;0.346238;0.000000;0.000000;0.000000;0.000000;2.000000;-98.078552;-615.648621;1881.366455;0.290769;0.000000;0.000000;0.000000;0.000000;2.000000;-208.762451;-352.902496;1831.218994;0.418052;0.000000;0.000000;0.000000;0.000000;2.000000;-42.917969;-229.232330;1706.675781;2.307610;0.000000;0.000000;0.000000;0.000000;2.000000;-49.184753;-122.840836;1708.674805;2.380172;0.000000;0.000000;0.000000;0.000000;2.000000;54.026672;-87.687012;1714.613037;5.714480;0.000000;0.000000;0.000000;0.000000;2.000000;8.567505;-133.299255;1749.979004;2.508232;0.000000;0.000000;0.000000;0.000000;2.000000;67.067688;-146.841232;2065.421875;0.288326;0.000000;0.000000;0.000000;0.000000;2.000000;141.819946;240.557343;1948.210449;0.308786;0.000000;0.000000;0.000000;0.000000;2.000000;27.155518;615.463074;1916.237549;1.340508;0.000000;0.000000;0.000000;0.000000;2.000000;132.406494;755.895935;1836.881348;0.913913;0.000000;0.000000;0.000000;0.000000;2.000000;-60.477905;-152.848389;1941.006348;0.259994;0.000000;0.000000;0.000000;0.000000;2.000000;-113.937988;252.500946;1984.290283;0.295330;0.000000;0.000000;0.000000;0.000000;2.000000;-231.794312;612.578918;2104.500977;0.576299;0.000000;0.000000;0.000000;0.000000;2.000000;-175.984131;742.877869;1998.154907;1.035631;0.000000;0.000000;0.000000;0.000000;2.000000;26.939758;-785.354858;1981.363525;0.503173;0.000000;0.000000;0.000000;0.000000;2.000000;154.389526;-821.054810;1882.495361;0.962278;0.000000;0.000000;0.000000;0.000000;2.000000;147.943115;-853.353027;1929.683838;0.916022;0.000000;0.000000;0.000000;0.000000;2.000000;95.490295;-835.480774;2047.651978;0.759062;0.000000;0.000000;0.000000;0.000000;2.000000;116.893005;-858.607666;1886.121338;0.865493;0.000000;0.000000;0.000000;0.000000;2.000000;-13.387146;-865.133545;1919.730347;0.553007;0.000000;0.000000;0.000000;0.000000;2.000000;8397499904.000000
0.000000;-150.000000;2000.000000;0.000000;0.000000;0.000000;0.000000;0.000000;2.000000;10.335938;-334.593719;2004.668457;0.192088;0.000000;0.000000;0.000000;0.000000;2.000000;22.758972;-481.922760;2004.477661;0.304998;0.000000;0.000000;0.000000;0.000000;2.000000;17.039734;-706.899963;2006.524170;0.469073;0.000000;0.000000;0.000000;0.000000;2.000000;38.798828;-670.309753;2034.262695;0.466556;0.000000;0.000000;0.000000;0.000000;2.000000;136.564453;-625.127319;2136.049805;0.524858;0.000000;0.000000;0.000000;0.000000;2.000000;135.460144;-392.464752;2303.172363;0.364367;0.000000;0.000000;0.000000;0.000000;2.000000;192.273865;-159.426437;2319.716797;0.514046;0.000000;0.000000;0.000000;0.000000;2.000000;164.482483;-63.618881;2323.283203;0.717280;0.000000;0.000000;0.000000;0.000000;2.000000;160.266541;47.868553;2313.297852;0.658386;0.000000;0.000000;0.000000;0.000000;2.000000;159.130615;-37.190472;2269.699707;0.286888;0.000000;0.000000;0.000000;0.000000;2.000000;-4.464233;-669.088745;1979.549072;0.414669;0.000000;0.000000;0.000000;0.000000;2.000000;-94.501221;-620.751221;1889.314453;0.303477;0.000000;0.000000;0.000000;0.000000;2.000000;-196.477539;-352.656372;1835.245605;0.388531;0.000000;0.000000;0.000000;0.000000;2.000000;-33.759644;-228.233536;1703.628418;0.291573;0.000000;0.000000;0.000000;0.000000;2.000000;-19.662720;-141.841888;1765.994263;2.019738;0.000000;0.000000;0.000000;0.000000;2.000000;87.449707;-132.423645;1742.318237;1.873141;0.000000;0.000000;0.000000;0.000000;2.000000;92.195129;-176.000854;1705.476318;3.122325;0.000000;0.000000;0.000000;0.000000;2.000000;64.580566;-144.643616;2068.812500;0.142567;0.000000;0.000000;0.000000;0.000000;2.000000;130.645264;251.154724;1962.955322;0.640658;0.000000;0.000000;0.000000;0.000000;2.000000;9.775024;626.682434;1922.068237;0.645826;0.000000;0.000000;0.000000;0.000000;2.000000;107.080444;764.661438;1826.109375;0.867905;0.000000;0.000000;0.000000;0.000000;2.000000;-58.235168;-154.830109;1937.948730;0.128563;0.000000;0.000000;0.000000;0.000000;2.000000;-104.415222;257.055298;1946.538940;1.177865;0.000000;0.000000;0.000000;0.000000;2.000000;-261.644775;589.758545;2105.336426;1.129311;0.000000;0.000000;0.000000;0.000000;2.000000;-226.612915;732.819641;2004.185425;1.561578;0.000000;0.000000;0.000000;0.000000;2.000000;25.812927;-790.755981;1998.660645;0.545546;0.000000;0.000000;0.000000;0.000000;2.000000;165.428772;-828.699707;1916.105713;1.087543;0.000000;0.000000;0.000000;0.000000;2.000000;150.562256;-863.306091;1960.242188;0.968898;0.000000;0.000000;0.000000;0.000000;2.000000;82.034973;-848.601135;2071.408936;0.910205;0.000000;0.000000;0.000000;0.000000;2.000000;125.687073;-864.491821;1912.103027;0.842958;0.000000;0.000000;0.000000;0.000000;2.000000;-9.348267;-865.364990;1926.666260;0.241271;0.000000;0.000000;0.000000;0.000000;2.000000;8397533184.000000
0.000000;-150.000000;2000.000000;0.000000;0.000000;0.000000;0.000000;0.000000;2.000000;13.294800;-336.091522;2008.161865;0.144737;0.000000;0.000000;0.000000;0.000000;2.000000;26.541260;-484.741791;2012.162964;0.270961;0.000000;0.000000;0.000000;0.000000;2.000000;23.302185;-711.655884;2024.132813;0.579470;0.000000;0.000000;0.000000;0.000000;2.000000;44.136780;-673.242737;2051.014893;0.535608;0.000000;0.000000;0.000000;0.000000;2.000000;138.269226;-622.802673;2155.825195;0.600493;0.000000;0.000000;0.000000;0.000000;2.000000;148.758423;-372.401428;2300.253662;0.728565;0.000000;0.000000;0.000000;0.000000;2.000000;206.533508;-137.047760;2314.793457;0.810954;0.000000;0.000000;0.000000;0.000000;2.000000;171.779297;-43.008129;2325.187744;0.659467;0.000000;0.000000;0.000000;0.000000;2.000000;161.266541;69.592361;2327.006104;0.772440;0.000000;0.000000;0.000000;0.000000;2.000000;170.802368;-8.823868;2279.337646;0.966121;0.000000;0.000000;0.000000;0.000000;2.000000;1.850403;-674.983826;1994.703979;0.524163;0.000000;0.000000;0.000000;0.000000;2.000000;-87.002747;-634.843323;1897.526855;0.539409;0.000000;0.000000;0.000000;0.000000;2.000000;-167.780273;-367.256165;1804.047852;1.347142;0.000000;0.000000;0.000000;0.000000;2.000000;-13.624512;-212.706787;1690.942261;0.853832;0.000000;0.000000;0.000000;0.000000;2.000000;30.665649;-161.486938;1775.753296;1.649667;0.000000;0.000000;0.000000;0.000000;2.000000;133.626648;-127.932770;1750.595703;1.416089;0.000000;0.000000;0.000000;0.000000;2.000000;110.326721;-178.064606;1710.948853;0.572463;0.000000;0.000000;0.000000;0.000000;2.000000;65.843811;-142.284439;2068.662598;0.080538;0.000000;0.000000;0.000000;0.000000;2.000000;119.789856;259.171173;1961.316528;0.408465;0.000000;0.000000;0.000000;0.000000;2.000000;3.367676;641.382080;1934.036865;0.601248;0.000000;0.000000;0.000000;0.000000;2.000000;99.646606;779.145447;1833.017212;0.531407;0.000000;0.000000;0.000000;0.000000;2.000000;-59.374268;-156.957458;1938.083984;0.072624;0.000000;0.000000;0.000000;0.000000;2.000000;-81.275391;259.863129;1906.411865;1.394411;0.000000;0.000000;0.000000;0.000000;2.000000;-256.967651;567.097351;2102.664307;0.699898;0.000000;0.000000;0.000000;0.000000;2.000000;-232.963623;738.887573;2053.040527;1.491539;0.000000;0.000000;0.000000;0.000000;2.000000;33.321899;-796.479065;2020.167480;0.705767;0.000000;0.000000;0.000000;0.000000;2.000000;178.668579;-826.479431;1941.012939;0.850202;0.000000;0.000000;0.000000;0.000000;2.000000;163.038879;-863.936218;1983.265625;0.787089;0.000000;0.000000;0.000000;0.000000;2.000000;88.991882;-856.539673;2093.133301;0.725751;0.000000;0.000000;0.000000;0.000000;2.000000;139.925232;-863.597107;1933.659912;0.776744;0.000000;0.000000;0.000000;0.000000;2.000000;3.197449;-869.337769;1942.676147;0.622724;0.000000;0.000000;0.000000;0.000000;2.000000;8397566464.000000
0.000000;-150.000000;2000.000000;0.000000;0.000000;0.000000;0.000000;0.000000;2.000000;12.037781;-335.848267;2005.166504;0.096399;0.000000;0.000000;0.000000;0.000000;2.000000;20.989868;-484.451080;2009.830811;0.178397;0.000000;0.000000;0.000000;0.000000;2.000000;20.712341;-710.695862;2024.551514;0.082671;0.000000;0.000000;0.000000;0.000000;2.000000;39.245972;-671.700867;2052.045898;0.154791;0.000000;0.000000;0.000000;0.000000;2.000000;127.475220;-621.219116;2161.377197;0.362247;0.000000;0.000000;0.000000;0.000000;2.000000;140.023682;-360.556885;2284.579590;0.636256;0.000000;0.000000;0.000000;0.000000;2.000000;203.813660;-126.937447;2288.970703;0.824589;0.000000;0.000000;0.000000;0.000000;2.000000;173.122864;-32.482357;2304.730957;0.681969;0.000000;0.000000;0.000000;0.000000;2.000000;167.606873;79.876732;2313.573242;0.534648;0.000000;0.000000;0.000000;0.000000;2.000000;174.137390;0.893642;2248.366943;0.965622;0.000000;0.000000;0.000000;0.000000;2.000000;0.504822;-674.838379;1993.494385;0.053716;0.000000;0.000000;0.000000;0.000000;2.000000;-81.150146;-644.544312;1887.305542;0.451557;0.000000;0.000000;0.000000;0.000000;2.000000;-171.866394;-382.574554;1789.303223;0.640705;0.000000;0.000000;0.000000;0.000000;2.000000;-10.041687;-219.622864;1703.159790;0.428776;0.000000;0.000000;0.000000;0.000000;2.000000;-23.065979;-141.121002;1776.583374;1.700633;0.000000;0.000000;0.000000;0.000000;2.000000;59.995911;-89.142952;1828.557129;3.374633;0.000000;0.000000;0.000000;0.000000;2.000000;118.720337;-164.876938;1715.707520;0.483561;0.000000;0.000000;0.000000;0.000000;2.000000;59.009216;-144.106766;2074.500244;0.271401;0.000000;0.000000;0.000000;0.000000;2.000000;108.208252;256.248413;1964.599365;0.366584;0.000000;0.000000;0.000000;0.000000;2.000000;-11.746033;636.284546;1935.948730;0.475390;0.000000;0.000000;0.000000;0.000000;2.000000;75.895264;788.133484;1849.142212;0.890211;0.000000;0.000000;0.000000;0.000000;2.000000;-53.211121;-155.314178;1932.819824;0.244738;0.000000;0.000000;0.000000;0.000000;2.000000;-66.000305;258.975616;1881.757080;0.858688;0.000000;0.000000;0.000000;0.000000;2.000000;-264.612122;561.014343;2061.589600;1.249424;0.000000;0.000000;0.000000;0.000000;2.000000;-254.458557;740.700989;2058.628418;0.659425;0.000000;0.000000;0.000000;0.000000;2.000000;32.292114;-795.182373;2022.312988;0.080202;0.000000;0.000000;0.000000;0.000000;2.000000;182.365051;-826.235962;1953.951904;0.398284;0.000000;0.000000;0.000000;0.000000;2.000000;164.218506;-862.538513;1996.016846;0.381206;0.000000;0.000000;0.000000;0.000000;2.000000;83.216675;-852.667419;2100.265625;0.294768;0.000000;0.000000;0.000000;0.000000;2.000000;144.481323;-863.733582;1945.123047;0.365061;0.000000;0.000000;0.000000;0.000000;2.000000;7.808533;-870.193909;1945.256470;0.158406;0.000000;0.000000;0.000000;0.000000;2.000000;8397600256.000000
0.000000;-150.000000;2000.000000;0.000000;0.000000;0.000000;0.000000;0.000000;2.000000;10.092346;-337.633270;2004.986816;0.079518;0.000000;0.000000;0.000000;0.000000;2.000000;16.999329;-487.672791;2009.733276;0.154136;0.000000;0.000000;0.000000;0.000000;2.000000;21.204651;-715.696472;2027.391235;0.173428;0.000000;0.000000;0.000000;0.000000;2.000000;37.517151;-675.613281;2055.572998;0.166587;0.000000;0.000000;0.000000;0.000000;2.000000;120.339905;-623.056946;2169.868896;0.337823;0.000000;0.000000;0.000000;0.000000;2.000000;129.800781;-349.458130;2269.000977;0.651692;0.000000;0.000000;0.000000;0.000000;2.000000;203.363403;-116.501816;2262.894775;0.844056;0.000000;0.000000;0.000000;0.000000;2.000000;177.580872;-18.814480;2272.150391;1.070057;0.000000;0.000000;0.000000;0.000000;2.000000;179.546936;94.429192;2283.694336;1.061122;0.000000;0.000000;0.000000;0.000000;2.000000;189.362244;17.077896;2217.940918;1.132087;0.000000;0.000000;0.000000;0.000000;2.000000;1.653198;-680.366089;1994.592163;0.172821;0.000000;0.000000;0.000000;0.000000;2.000000;-73.692200;-651.122192;1882.044067;0.338054;0.000000;0.000000;0.000000;0.000000;2.000000;-143.537476;-375.587860;1797.112427;0.907594;0.000000;0.000000;0.000000;0.000000;2.000000;7.434753;-205.944061;1698.790405;0.679663;0.000000;0.000000;0.000000;0.000000;2.000000;-18.578308;-119.793259;1760.714111;0.810098;0.000000;0.000000;0.000000;0.000000;2.000000;40.508545;-43.451977;1817.312744;1.530347;0.000000;0.000000;0.000000;0.000000;2.000000;115.872681;-143.791565;1748.022583;1.162579;0.000000;0.000000;0.000000;0.000000;2.000000;52.410095;-145.045135;2080.362793;0.266732;0.000000;0.000000;0.000000;0.000000;2.000000;101.675354;263.256927;1986.680908;0.723274;0.000000;0.000000;0.000000;0.000000;2.000000;-28.095642;643.279846;1951.480713;0.709470;0.000000;0.000000;0.000000;0.000000;2.000000;69.280334;796.049255;1873.125732;0.784494;0.000000;0.000000;0.000000;0.000000;2.000000;-47.260559;-154.468018;1927.533447;0.240518;0.000000;0.000000;0.000000;0.000000;2.000000;-28.872314;256.210052;1835.140137;1.792658;0.000000;0.000000;0.000000;0.000000;2.000000;-249.749084;543.062805;2021.855469;1.384160;0.000000;0.000000;0.000000;0.000000;2.000000;-259.506897;723.958191;2034.551514;0.894153;0.000000;0.000000;0.000000;0.000000;2.000000;34.950989;-800.656067;2026.804321;0.227262;0.000000;0.000000;0.000000;0.000000;2.000000;188.383118;-830.542419;1961.771240;0.323495;0.000000;0.000000;0.000000;0.000000;2.000000;170.715454;-865.271362;2006.038452;0.368149;0.000000;0.000000;0.000000;0.000000;2.000000;87.113525;-852.133484;2109.375977;0.298172;0.000000;0.000000;0.000000;0.000000;2.000000;151.635010;-870.159851;1954.593262;0.405546;0.000000;0.000000;0.000000;0.000000;2.000000;14.066101;-881.548096;1953.305420;0.458526;0.000000;0.000000;0.000000;0.000000;2.000000;8397633536.000000
0.000000;-150.000000;2000.000000;0.000000;0.000000;0.000000;0.000000;0.000000;2.000000;9.354919;-336.551147;2003.835205;0.052399;0.000000;0.000000;0.000000;0.000000;2.000000;16.554626;-485.700195;2007.057129;0.100787;0.000000;0.000000;0.000000;0.000000;2.000000;16.190552;-712.568848;2021.849121;0.243442;0.000000;0.000000;0.000000;0.000000;2.000000;31.449951;-673.345581;2051.230225;0.234323;0.000000;0.000000;0.000000;0.000000;2.000000;110.013306;-620.649658;2167.250000;0.328188;0.000000;0.000000;0.000000;0.000000;2.000000;117.016785;-343.654724;2250.721191;0.692581;0.000000;0.000000;0.000000;0.000000;2.000000;201.400146;-116.801208;2230.508545;0.974972;0.000000;0.000000;0.000000;0.000000;2.000000;185.453796;-17.258610;2232.768066;1.207683;0.000000;0.000000;0.000000;0.000000;2.000000;196.990967;95.102173;2226.008545;1.810979;0.000000;0.000000;0.000000;0.000000;2.000000;188.856079;18.403221;2202.271973;0.472748;0.000000;0.000000;0.000000;0.000000;2.000000;-0.849365;-676.745178;1988.687622;0.221292;0.000000;0.000000;0.000000;0.000000;2.000000;-68.036621;-640.687622;1874.007202;0.430702;0.000000;0.000000;0.000000;0.000000;2.000000;-124.380188;-363.170532;1791.843262;0.704021;0.000000;0.000000;0.000000;0.000000;2.000000;13.661255;-173.497955;1717.927734;1.147253;0.000000;0.000000;0.000000;0.000000;2.000000;-26.034363;-82.645309;1762.179688;1.139338;0.000000;0.000000;0.000000;0.000000;2.000000;71.376648;-30.535467;1749.291992;2.277814;0.000000;0.000000;0.000000;0.000000;2.000000;105.297974;-88.161285;1742.554443;1.709430;0.000000;0.000000;0.000000;0.000000;2.000000;46.413818;-145.959030;2083.347412;0.203127;0.000000;0.000000;0.000000;0.000000;2.000000;82.468628;264.783264;2007.567993;0.853862;0.000000;0.000000;0.000000;0.000000;2.000000;-54.976440;639.351074;1971.099365;1.006904;0.000000;0.000000;0.000000;0.000000;2.000000;48.023621;784.902039;1889.291748;0.869552;0.000000;0.000000;0.000000;0.000000;2.000000;-41.853333;-153.643921;1924.841797;0.183176;0.000000;0.000000;0.000000;0.000000;2.000000;4.776489;250.628250;1826.032715;1.060805;0.000000;0.000000;0.000000;0.000000;2.000000;-238.073914;535.725220;1979.852295;1.328389;0.000000;0.000000;0.000000;0.000000;2.000000;-221.214905;713.110657;1951.061523;2.779167;0.000000;0.000000;0.000000;0.000000;1.000000;28.535095;-797.210205;2020.918457;0.281365;0.000000;0.000000;0.000000;0.000000;2.000000;188.872437;-825.610352;1978.481445;0.523730;0.000000;0.000000;0.000000;0.000000;2.000000;167.244324;-856.472778;2023.373535;0.593378;0.000000;0.000000;0.000000;0.000000;2.000000;71.594299;-837.502075;2113.456299;0.652516;0.000000;0.000000;0.000000;0.000000;2.000000;154.981506;-867.232849;1971.109497;0.513947;0.000000;0.000000;0.000000;0.000000;2.000000;19.978394;-885.289978;1954.585693;0.213735;0.000000;0.000000;0.000000;0.000000;2.000000;8397666816.000000
0.000000;-150.000000;2000.000000;0.000000;0.000000;0.000000;0.000000;0.000000;2.000000;12.632813;-333.417053;2002.006836;0.146929;0.000000;0.000000;0.000000;0.000000;2.000000;20.548340;-480.169098;2004.649902;0.217382;0.000000;0.000000;0.000000;0.000000;2.000000;20.838013;-703.437378;2019.255859;0.317584;0.000000;0.000000;0.000000;0.000000;2.000000;34.485901;-664.750732;2048.730469;0.284009;0.000000;0.000000;0.000000;0.000000;2.000000;104.938293;-613.836609;2167.679443;0.255599;0.000000;0.000000;0.000000;0.000000;2.000000;103.515625;-337.168427;2235.212402;0.647866;0.000000;0.000000;0.000000;0.000000;2.000000;196.956360;-120.673920;2196.038330;1.050798;0.000000;0.000000;0.000000;0.000000;2.000000;217.484436;-24.158657;2206.603027;1.259936;0.000000;0.000000;0.000000;0.000000;2.000000;177.242188;58.988007;2268.797363;1.784039;0.000000;0.000000;0.000000;0.000000;2.000000;204.437622;16.645546;2163.641357;1.252756;0.000000;0.000000;0.000000;0.000000;2.000000;5.181458;-668.278137;1985.969727;0.322858;0.000000;0.000000;0.000000;0.000000;2.000000;-58.626587;-631.398499;1872.226074;0.400901;0.000000;0.000000;0.000000;0.000000;2.000000;-116.992371;-358.072968;1794.171387;0.278630;0.000000;0.000000;0.000000;0.000000;2.000000;12.049622;-166.099213;1722.858154;0.271512;0.000000;0.000000;0.000000;0.000000;2.000000;-36.757141;-75.659241;1752.112305;0.489272;0.000000;0.000000;0.000000;0.000000;2.000000;54.732483;-15.624599;1754.707764;0.690905;0.000000;0.000000;0.000000;0.000000;2.000000;56.943420;-72.440910;1781.498657;1.924472;0.000000;0.000000;0.000000;0.000000;2.000000;40.169434;-146.304779;2084.872070;0.193423;0.000000;0.000000;0.000000;0.000000;2.000000;61.998718;261.891022;2028.998657;0.894735;0.000000;0.000000;0.000000;0.000000;2.000000;-79.805298;628.213501;1994.775146;1.083840;0.000000;0.000000;0.000000;0.000000;2.000000;24.496521;772.343384;1919.785645;1.217271;0.000000;0.000000;0.000000;0.000000;2.000000;-36.222534;-153.332153;1923.467041;0.174416;0.000000;0.000000;0.000000;0.000000;2.000000;29.217896;237.760651;1811.128540;0.943094;0.000000;0.000000;0.000000;0.000000;2.000000;-201.911011;544.140198;1918.230957;2.161741;0.000000;0.000000;0.000000;0.000000;2.000000;-169.702332;713.672913;1876.100220;2.733063;0.000000;0.000000;0.000000;0.000000;1.000000;33.470215;-786.668762;2018.849854;0.355224;0.000000;0.000000;0.000000;0.000000;2.000000;190.721985;-836.388062;2003.864746;0.830487;0.000000;0.000000;0.000000;0.000000;2.000000;159.445129;-860.408447;2045.962769;0.727753;0.000000;0.000000;0.000000;0.000000;2.000000;56.557678;-823.702881;2117.629395;0.625933;0.000000;0.000000;0.000000;0.000000;2.000000;153.773315;-873.547241;1994.014893;0.714859;0.000000;0.000000;0.000000;0.000000;2.000000;23.555664;-876.654419;1958.428223;0.303671;0.000000;0.000000;0.000000;0.000000;2.000000;8397700096.000000
0.000000;-150.000000;2000.000000;0.000000;0.000000;0.000000;0.000000;0.000000;2.000000;10.972656;-329.500183;2004.522949;0.148514;0.000000;0.000000;0.000000;0.000000;2.000000;12.247437;-473.191132;2010.358521;0.368240;0.000000;0.000000;0.000000;0.000000;2.000000;28.790527;-691.373352;2017.159668;0.438720;0.000000;0.000000;0.000000;0.000000;2.000000;38.592346;-653.690308;2047.599365;0.356137;0.000000;0.000000;0.000000;0.000000;2.000000;93.849304;-605.216370;2171.592529;0.438111;0.000000;0.000000;0.000000;0.000000;2.000000;83.508545;-334.899872;2238.412598;0.612620;0.000000;0.000000;0.000000;0.000000;2.000000;189.455383;-136.170197;2175.353516;0.808657;0.000000;0.000000;0.000000;0.000000;2.000000;206.472717;-47.088303;2140.679199;2.123227;0.000000;0.000000;0.000000;0.000000;2.000000;199.603882;53.953674;2100.499023;5.103728;0.000000;0.000000;0.000000;0.000000;2.000000;205.147827;-14.680691;2108.379150;1.908881;0.000000;0.000000;0.000000;0.000000;2.000000;11.629395;-657.069092;1985.420654;0.388911;0.000000;0.000000;0.000000;0.000000;2.000000;-50.563599;-618.432129;1874.860107;0.465577;0.000000;0.000000;0.000000;0.000000;2.000000;-128.640503;-351.912109;1815.872192;0.762866;0.000000;0.000000;0.000000;0.000000;2.000000;-16.773926;-161.144241;1731.127441;0.913249;0.000000;0.000000;0.000000;0.000000;2.000000;-60.764221;-66.308281;1730.406128;1.012285;0.000000;0.000000;0.000000;0.000000;2.000000;33.412231;-22.544697;1756.577148;0.675872;0.000000;0.000000;0.000000;0.000000;2.000000;27.113220;-81.524963;1795.930542;1.032465;0.000000;0.000000;0.000000;0.000000;2.000000;25.989502;-146.191116;2088.109375;0.437056;0.000000;0.000000;0.000000;0.000000;2.000000;31.129272;255.966858;2053.576904;1.198955;0.000000;0.000000;0.000000;0.000000;2.000000;-97.275085;617.462219;2012.795898;0.820445;0.000000;0.000000;0.000000;0.000000;2.000000;-13.858582;782.178528;1972.877686;1.990129;0.000000;0.000000;0.000000;0.000000;2.000000;-23.435913;-153.434631;1920.547607;0.394113;0.000000;0.000000;0.000000;0.000000;2.000000;42.742065;232.801483;1825.460449;0.610575;0.000000;0.000000;0.000000;0.000000;2.000000;-161.288391;558.758484;1889.499756;1.558268;0.000000;0.000000;0.000000;0.000000;2.000000;-125.474304;726.798462;1863.315674;1.438497;0.000000;0.000000;0.000000;0.000000;1.000000;47.299500;-771.582642;2014.278809;0.630104;0.000000;0.000000;0.000000;0.000000;2.000000;183.116028;-855.453857;2042.073242;1.303285;0.000000;0.000000;0.000000;0.000000;2.000000;138.236084;-867.854553;2073.968750;1.079058;0.000000;0.000000;0.000000;0.000000;2.000000;34.916931;-804.135620;2114.032227;0.883301;0.000000;0.000000;0.000000;0.000000;2.000000;142.884277;-883.138123;2023.727783;0.993593;0.000000;0.000000;0.000000;0.000000;2.000000;31.835632;-859.481140;1956.183105;0.576829;0.000000;0.000000;0.000000;0.000000;2.000000;8397733376.000000
0.000000;-150.000000;2000.000000;0.000000;0.000000;0.000000;0.000000;0.000000;2.000000;9.556885;-331.614594;2005.379272;0.080675;0.000000;0.000000;0.000000;0.000000;2.000000;13.816528;-476.928467;2010.208130;0.121879;0.000000;0.000000;0.000000;0.000000;2.000000;33.903625;-697.375977;2015.004395;0.245624;0.000000;0.000000;0.000000;0.000000;2.000000;40.930664;-659.601074;2046.979736;0.191905;0.000000;0.000000;0.000000;0.000000;2.000000;89.662842;-606.853210;2173.854492;0.151205;0.000000;0.000000;0.000000;0.000000;2.000000;67.002930;-334.717804;2243.526611;0.519251;0.000000;0.000000;0.000000;0.000000;2.000000;166.884949;-139.713516;2154.379395;0.931923;0.000000;0.000000;0.000000;0.000000;2.000000;234.208740;-79.564613;2115.733154;1.486181;0.000000;0.000000;0.000000;0.000000;2.000000;226.082458;4.757641;2045.253418;2.360915;0.000000;0.000000;0.000000;0.000000;2.000000;224.950867;-49.708466;2053.148193;2.053312;0.000000;0.000000;0.000000;0.000000;2.000000;18.263550;-662.463135;1982.262207;0.273889;0.000000;0.000000;0.000000;0.000000;2.000000;-26.971313;-614.466125;1865.479492;0.772137;0.000000;0.000000;0.000000;0.000000;2.000000;-121.169128;-348.403320;1812.598633;0.266818;0.000000;0.000000;0.000000;0.000000;2.000000;-17.459473;-144.304169;1742.145264;0.605042;0.000000;0.000000;0.000000;0.000000;2.000000;-77.040710;-60.093464;1718.927246;0.626928;0.000000;0.000000;0.000000;0.000000;2.000000;-0.908997;6.769684;1757.215332;1.356393;0.000000;0.000000;0.000000;0.000000;2.000000;-6.940796;-44.170319;1798.907471;1.521486;0.000000;0.000000;0.000000;0.000000;2.000000;14.227661;-146.531342;2091.830566;0.370828;0.000000;0.000000;0.000000;0.000000;2.000000;18.272583;261.621490;2082.563232;0.967845;0.000000;0.000000;0.000000;0.000000;2.000000;-114.006042;624.830566;2029.383789;0.741753;0.000000;0.000000;0.000000;0.000000;2.000000;-34.646973;797.678223;2011.265747;1.391989;0.000000;0.000000;0.000000;0.000000;2.000000;-12.829712;-153.127838;1917.192261;0.334391;0.000000;0.000000;0.000000;0.000000;2.000000;52.354187;244.499115;1854.135376;0.974354;0.000000;0.000000;0.000000;0.000000;2.000000;-113.381958;600.672668;1887.876709;1.913300;0.000000;0.000000;0.000000;0.000000;2.000000;-48.648132;763.001709;1868.956787;2.557576;0.000000;0.000000;0.000000;0.000000;1.000000;54.210449;-778.123352;2012.236084;0.292433;0.000000;0.000000;0.000000;0.000000;2.000000;195.054382;-846.847290;2060.150146;0.700431;0.000000;0.000000;0.000000;0.000000;2.000000;150.831482;-850.381165;2096.070801;0.927344;0.000000;0.000000;0.000000;0.000000;2.000000;45.011047;-779.632324;2118.693359;0.808527;0.000000;0.000000;0.000000;0.000000;2.000000;154.990845;-880.220703;2052.077148;0.930407;0.000000;0.000000;0.000000;0.000000;2.000000;40.468750;-880.939148;1983.239502;1.069570;0.000000;0.000000;0.000000;0.000000;2.000000;8397766656.000000
0.000000;-150.000000;2000.000000;0.000000;0.000000;0.000000;0.000000;0.000000;2.000000;8.365784;-327.770538;2008.615479;0.155173;0.000000;0.000000;0.000000;0.000000;2.000000;15.707825;-469.860962;2015.423950;0.269984;0.000000;0.000000;0.000000;0.000000;2.000000;43.159485;-684.913574;2018.892090;0.480860;0.000000;0.000000;0.000000;0.000000;2.000000;47.003357;-648.085327;2050.910400;0.408632;0.000000;0.000000;0.000000;0.000000;2.000000;87.736084;-593.668823;2176.458984;0.407950;0.000000;0.000000;0.000000;0.000000;2.000000;93.226013;-318.168396;2191.874023;1.810262;0.000000;0.000000;0.000000;0.000000;2.000000;215.681763;-149.491394;2090.836426;2.425244;0.000000;0.000000;0.000000;0.000000;2.000000;221.644043;-74.526085;2030.894043;2.581501;0.000000;0.000000;0.000000;0.000000;2.000000;163.072144;-39.640152;2114.547852;3.114463;0.000000;0.000000;0.000000;0.000000;2.000000;229.545532;-57.525764;1999.565918;1.632936;0.000000;0.000000;0.000000;0.000000;2.000000;28.277771;-650.914551;1986.423828;0.476026;0.000000;0.000000;0.000000;0.000000;2.000000;-8.486267;-608.026245;1867.851318;0.592484;0.000000;0.000000;0.000000;0.000000;2.000000;-82.858765;-346.662964;1795.494385;1.261757;0.000000;0.000000;0.000000;0.000000;2.000000;-23.398376;-122.169334;1762.478882;0.920608;0.000000;0.000000;0.000000;0.000000;2.000000;-57.840149;-32.122177;1724.700195;1.034100;0.000000;0.000000;0.000000;0.000000;2.000000;-63.477112;69.655197;1754.045410;2.667248;0.000000;0.000000;0.000000;0.000000;2.000000;-33.593445;2.737175;1797.547363;1.621630;0.000000;0.000000;0.000000;0.000000;2.000000;10.703674;-145.119965;2090.301270;0.122974;0.000000;0.000000;0.000000;0.000000;2.000000;3.884521;254.619263;2094.456299;0.599075;0.000000;0.000000;0.000000;0.000000;2.000000;-117.693726;614.309814;2051.508057;0.744422;0.000000;0.000000;0.000000;0.000000;2.000000;-52.484680;788.450317;2030.809692;0.842045;0.000000;0.000000;0.000000;0.000000;2.000000;-9.651978;-154.400543;1918.571411;0.110893;0.000000;0.000000;0.000000;0.000000;2.000000;63.845886;236.245117;1879.772827;0.879884;0.000000;0.000000;0.000000;0.000000;2.000000;-50.528259;604.069702;1853.039551;2.161740;0.000000;0.000000;0.000000;0.000000;2.000000;30.633240;754.690308;1834.111450;2.614150;0.000000;0.000000;0.000000;0.000000;1.000000;66.101501;-763.163452;2016.407471;0.587742;0.000000;0.000000;0.000000;0.000000;2.000000;174.491577;-840.718872;2105.800781;1.515677;0.000000;0.000000;0.000000;0.000000;2.000000;120.992920;-844.623413;2121.531494;1.191261;0.000000;0.000000;0.000000;0.000000;1.000000;18.020691;-772.044434;2108.933594;0.892032;0.000000;0.000000;0.000000;0.000000;1.000000;140.643372;-870.679565;2080.770264;1.005681;0.000000;0.000000;0.000000;0.000000;2.000000;62.651184;-860.607178;1976.185059;0.928682;0.000000;0.000000;0.000000;0.000000;2.000000;8397799936.000000
0.000000;-150.000000;2000.000000;0.000000;0.000000;0.000000;0.000000;0.000000;2.000000;10.156311;-326.313446;2006.928223;0.085918;0.000000;0.000000;0.000000;0.000000;2.000000;17.363831;-467.313507;2012.555908;0.125548;0.000000;0.000000;0.000000;0.000000;2.000000;44.394714;-680.523621;2020.937500;0.150184;0.000000;0.000000;0.000000;0.000000;2.000000;46.329590;-643.494324;2052.289551;0.145457;0.000000;0.000000;0.000000;0.000000;2.000000;76.793030;-579.513123;2174.903809;0.539656;0.000000;0.000000;0.000000;0.000000;2.000000;83.558716;-306.576080;2154.737549;1.204533;0.000000;0.000000;0.000000;0.000000;2.000000;241.648254;-193.230652;2032.442139;2.326985;0.000000;0.000000;0.000000;0.000000;2.000000;214.581390;-105.349663;2007.056030;1.189929;0.000000;0.000000;0.000000;0.000000;2.000000;175.507263;-107.785118;2106.686523;2.094799;0.000000;0.000000;0.000000;0.000000;2.000000;212.333527;-81.089989;1979.013306;1.072483;0.000000;0.000000;0.000000;0.000000;2.000000;31.539673;-647.324036;1987.394653;0.148652;0.000000;0.000000;0.000000;0.000000;2.000000;5.291931;-605.265259;1866.912476;0.423180;0.000000;0.000000;0.000000;0.000000;2.000000;-57.069153;-345.549683;1786.484619;0.821538;0.000000;0.000000;0.000000;0.000000;2.000000;-43.351746;-118.804138;1736.095581;0.999088;0.000000;0.000000;0.000000;0.000000;2.000000;-87.200867;-26.270897;1728.039673;0.905161;0.000000;0.000000;0.000000;0.000000;2.000000;-62.873962;73.406700;1751.357666;0.139850;0.000000;0.000000;0.000000;0.000000;2.000000;-26.584045;-19.581289;1792.377930;0.719881;0.000000;0.000000;0.000000;0.000000;2.000000;8.576416;-145.976044;2089.833252;0.070322;0.000000;0.000000;0.000000;0.000000;2.000000;-12.299683;250.074982;2090.029297;0.522333;0.000000;0.000000;0.000000;0.000000;2.000000;-132.762878;606.951416;2047.720947;0.516589;0.000000;0.000000;0.000000;0.000000;2.000000;-75.491699;782.729858;2031.403809;0.712589;0.000000;0.000000;0.000000;0.000000;2.000000;-7.733704;-153.628571;1918.993530;0.063414;0.000000;0.000000;0.000000;0.000000;2.000000;54.042542;236.838196;1893.046631;0.496158;0.000000;0.000000;0.000000;0.000000;2.000000;-0.378601;614.487427;1859.580078;1.551568;0.000000;0.000000;0.000000;0.000000;2.000000;105.361084;747.868896;1845.963623;2.282716;0.000000;0.000000;0.000000;0.000000;1.000000;67.275208;-758.146606;2021.031494;0.208023;0.000000;0.000000;0.000000;0.000000;2.000000;161.072266;-840.338196;2119.966797;0.586437;0.000000;0.000000;0.000000;0.000000;2.000000;106.543274;-841.584290;2129.954346;0.510793;0.000000;0.000000;0.000000;0.000000;1.000000;9.920593;-764.615601;2107.314453;0.333819;0.000000;0.000000;0.000000;0.000000;1.000000;128.838623;-868.350037;2091.622559;0.486882;0.000000;0.000000;0.000000;0.000000;2.000000;63.267395;-854.504089;1980.462891;0.224713;0.000000;0.000000;0.000000;0.000000;2.000000;8397833216.000000
0.000000;-150.000000;2000.000000;0.000000;0.000000;0.000000;0.000000;0.000000;2.000000;6.533936;-326.506104;2006.286377;0.110692;0.000000;0.000000;0.000000;0.000000;2.000000;11.283813;-467.631348;2011.299805;0.186795;0.000000;0.000000;0.000000;0.000000;2.000000;42.885559;-680.065002;2022.759033;0.072402;0.000000;0.000000;0.000000;0.000000;2.000000;37.956116;-643.420166;2054.233398;0.258307;0.000000;0.000000;0.000000;0.000000;2.000000;44.331909;-584.017700;2182.631348;1.011746;0.000000;0.000000;0.000000;0.000000;2.000000;-11.764648;-317.206451;2207.323242;3.286771;0.000000;0.000000;0.000000;0.000000;2.000000;177.727478;-241.458649;2101.734375;3.181866;0.000000;0.000000;0.000000;0.000000;2.000000;201.820892;-213.434326;2013.791016;3.276548;0.000000;0.000000;0.000000;0.000000;2.000000;154.241028;-225.391357;2108.931885;3.591785;0.000000;0.000000;0.000000;0.000000;2.000000;204.567352;-248.623627;1974.853394;5.041019;0.000000;0.000000;0.000000;0.000000;2.000000;35.320435;-646.802490;1987.703613;0.115056;0.000000;0.000000;0.000000;0.000000;2.000000;42.993835;-600.487000;1866.174438;1.142147;0.000000;0.000000;0.000000;0.000000;2.000000;-34.787292;-346.488831;1781.072510;0.689572;0.000000;0.000000;0.000000;0.000000;2.000000;-61.627014;-120.653030;1731.910645;0.566083;0.000000;0.000000;0.000000;0.000000;2.000000;-121.519287;-41.067734;1756.986694;1.420429;0.000000;0.000000;0.000000;0.000000;2.000000;-62.034790;44.776703;1744.214233;0.887009;0.000000;0.000000;0.000000;0.000000;2.000000;-13.107727;-28.177252;1767.502441;0.888474;0.000000;0.000000;0.000000;0.000000;2.000000;-2.445007;-146.876495;2090.242920;0.332504;0.000000;0.000000;0.000000;0.000000;2.000000;-8.163818;249.307251;2073.121094;0.523546;0.000000;0.000000;0.000000;0.000000;2.000000;-132.075134;596.614868;1985.478638;1.895989;0.000000;0.000000;0.000000;0.000000;2.000000;-52.379272;763.043884;2005.307495;1.202952;0.000000;0.000000;0.000000;0.000000;2.000000;2.204834;-152.816589;1918.624146;0.299834;0.000000;0.000000;0.000000;0.000000;2.000000;44.182312;240.160065;1891.123779;0.317937;0.000000;0.000000;0.000000;0.000000;2.000000;33.569519;621.880188;1861.572876;1.045699;0.000000;0.000000;0.000000;0.000000;2.000000;170.329895;723.900085;1854.896240;2.098045;0.000000;0.000000;0.000000;0.000000;1.000000;67.743896;-756.990234;2026.394897;0.165464;0.000000;0.000000;0.000000;0.000000;2.000000;165.252197;-842.015137;2119.150635;0.137534;0.000000;0.000000;0.000000;0.000000;2.000000;112.088989;-838.823120;2134.581299;0.232339;0.000000;0.000000;0.000000;0.000000;2.000000;19.266602;-755.834045;2118.179688;0.505055;0.000000;0.000000;0.000000;0.000000;2.000000;128.394104;-868.635559;2095.490234;0.117295;0.000000;0.000000;0.000000;0.000000;2.000000;52.857300;-854.283875;1990.917480;0.443366;0.000000;0.000000;0.000000;0.000000;2.000000;8397866496.000000
0.000000;-150.000000;2000.000000;0.000000;0.000000;0.000000;0.000000;0.000000;2.000000;8.952148;-324.807373;2000.274658;0.201287;0.000000;0.000000;0.000000;0.000000;2.000000;10.068481;-464.736237;2000.235840;0.345579;0.000000;0.000000;0.000000;0.000000;2.000000;42.643433;-674.460327;2018.291504;0.215489;0.000000;0.000000;0.000000;0.000000;2.000000;29.448853;-638.552490;2047.431030;0.358493;0.000000;0.000000;0.000000;0.000000;2.000000;-9.739380;-594.288879;2174.615479;1.671239;0.000000;0.000000;0.000000;0.000000;2.000000;-47.647949;-325.961914;2183.085938;1.327471;0.000000;0.000000;0.000000;0.000000;2.000000;153.939514;-243.205688;2117.542480;0.859824;0.000000;0.000000;0.000000;0.000000;2.000000;176.034271;-231.526794;2026.433594;1.019920;0.000000;0.000000;0.000000;0.000000;2.000000;139.492188;-268.588837;2118.791748;1.403206;0.000000;0.000000;0.000000;0.000000;2.000000;201.145050;-256.238281;1988.300537;0.475596;0.000000;0.000000;0.000000;0.000000;2.000000;43.060669;-641.400330;1982.886353;0.318425;0.000000;0.000000;0.000000;0.000000;2.000000;77.138733;-595.635803;1867.161377;1.036716;0.000000;0.000000;0.000000;0.000000;2.000000;-5.097107;-344.523346;1786.566040;0.909196;0.000000;0.000000;0.000000;0.000000;2.000000;-64.548157;-129.714844;1728.049561;0.308718;0.000000;0.000000;0.000000;0.000000;2.000000;-132.833557;-77.213242;1782.162354;1.366552;0.000000;0.000000;0.000000;0.000000;2.000000;-53.125122;-24.723835;1740.329102;2.108682;0.000000;0.000000;0.000000;0.000000;2.000000;-37.566467;-24.615244;1770.924194;0.749774;0.000000;0.000000;0.000000;0.000000;2.000000;-3.820190;-150.055222;2089.378418;0.107263;0.000000;0.000000;0.000000;0.000000;2.000000;66.355896;225.886993;1999.851318;3.218113;0.000000;0.000000;0.000000;0.000000;2.000000;-80.699097;567.505493;1949.101196;2.083996;0.000000;0.000000;0.000000;0.000000;2.000000;8.350220;728.258850;1952.499878;2.634432;0.000000;0.000000;0.000000;0.000000;2.000000;3.444824;-149.950195;1919.403564;0.096722;0.000000;0.000000;0.000000;0.000000;2.000000;68.092651;236.866974;1907.844971;0.882282;0.000000;0.000000;0.000000;0.000000;2.000000;13.297913;610.673645;1873.930054;0.788855;0.000000;0.000000;0.000000;0.000000;2.000000;88.737122;759.801880;1899.753174;2.998561;0.000000;0.000000;0.000000;0.000000;2.000000;67.444397;-750.102966;2027.576782;0.210167;0.000000;0.000000;0.000000;0.000000;2.000000;162.689514;-829.994324;2124.534180;0.403193;0.000000;0.000000;0.000000;0.000000;2.000000;110.224487;-824.582336;2139.824951;0.459423;0.000000;0.000000;0.000000;0.000000;2.000000;20.069641;-741.613281;2118.421875;0.428049;0.000000;0.000000;0.000000;0.000000;2.000000;125.447754;-857.060730;2103.154541;0.426428;0.000000;0.000000;0.000000;0.000000;2.000000;50.300110;-848.281799;1999.231201;0.317547;0.000000;0.000000;0.000000;0.000000;2.000000;8397899776.000000
0.000000;-150.000000;2000.000000;0.000000;0.000000;0.000000;0.000000;0.000000;2.000000;9.296448;-322.969849;1999.784912;0.057191;0.000000;0.000000;0.000000;0.000000;2.000000;14.450256;-461.354248;1999.478027;0.165328;0.000000;0.000000;0.000000;0.000000;2.000000;53.384094;-667.581238;2019.195557;0.378396;0.000000;0.000000;0.000000;0.000000;2.000000;35.937744;-632.934021;2046.763916;0.254770;0.000000;0.000000;0.000000;0.000000;2.000000;-22.252625;-592.019287;2165.946289;0.455467;0.000000;0.000000;0.000000;0.000000;2.000000;-101.448364;-335.833252;2175.253906;1.635191;0.000000;0.000000;0.000000;0.000000;2.000000;56.097290;-176.342789;2153.931396;3.668541;0.000000;0.000000;0.000000;0.000000;1.000000;130.059387;-191.939346;2098.909180;2.797039;0.000000;0.000000;0.000000;0.000000;1.000000;56.992554;-197.600250;2173.982666;3.611244;0.000000;0.000000;0.000000;0.000000;1.000000;174.837677;-238.987961;2115.841309;3.887406;0.000000;0.000000;0.000000;0.000000;1.000000;56.029480;-634.491333;1984.608887;0.437825;0.000000;0.000000;0.000000;0.000000;2.000000;102.945801;-587.530212;1875.532471;0.837942;0.000000;0.000000;0.000000;0.000000;2.000000;23.377747;-341.959015;1785.514038;0.846633;0.000000;0.000000;0.000000;0.000000;2.000000;-35.999329;-131.961334;1719.333496;0.885835;0.000000;0.000000;0.000000;0.000000;2.000000;-113.466125;-90.810867;1768.722778;0.805346;0.000000;0.000000;0.000000;0.000000;2.000000;-43.314880;-24.440193;1732.555664;0.370499;0.000000;0.000000;0.000000;0.000000;2.000000;-39.026306;-13.913820;1752.747437;0.625694;0.000000;0.000000;0.000000;0.000000;2.000000;-5.224243;-150.390625;2088.376221;0.052005;0.000000;0.000000;0.000000;0.000000;2.000000;100.431213;211.755432;1994.711426;1.102207;0.000000;0.000000;0.000000;0.000000;2.000000;-41.920288;546.569336;1919.682129;1.568028;0.000000;0.000000;0.000000;0.000000;2.000000;44.909668;706.126648;1910.340820;1.776508;0.000000;0.000000;0.000000;0.000000;2.000000;4.710876;-149.647766;1920.307251;0.046893;0.000000;0.000000;0.000000;0.000000;2.000000;86.746948;229.113770;1896.416992;0.686842;0.000000;0.000000;0.000000;0.000000;2.000000;26.332886;598.052612;1862.555786;0.633711;0.000000;0.000000;0.000000;0.000000;2.000000;139.039429;721.257263;1851.404663;2.358824;0.000000;0.000000;0.000000;0.000000;1.000000;79.979736;-741.460815;2030.373291;0.458108;0.000000;0.000000;0.000000;0.000000;2.000000;141.074829;-825.877625;2146.489014;0.919835;0.000000;0.000000;0.000000;0.000000;2.000000;86.866638;-823.579773;2143.392822;0.699871;0.000000;0.000000;0.000000;0.000000;1.000000;5.157104;-742.773499;2099.299316;0.718442;0.000000;0.000000;0.000000;0.000000;1.000000;115.192993;-851.788940;2112.106445;0.431982;0.000000;0.000000;0.000000;0.000000;2.000000;79.391785;-836.156799;1991.040894;0.963664;0.000000;0.000000;0.000000;0.000000;2.000000;8397933568.000000
0.000000;-150.000000;2000.000000;0.000000;0.000000;0.000000;0.000000;0.000000;2.000000;10.427856;-321.832397;1998.944824;0.054416;0.000000;0.000000;0.000000;0.000000;2.000000;18.914307;-459.194946;1998.114502;0.154535;0.000000;0.000000;0.000000;0.000000;2.000000;56.345032;-664.131165;2020.207520;0.139955;0.000000;0.000000;0.000000;0.000000;2.000000;36.319458;-629.917175;2046.002197;0.094196;0.000000;0.000000;0.000000;0.000000;2.000000;-29.187622;-585.549683;2158.998535;0.353268;0.000000;0.000000;0.000000;0.000000;2.000000;-96.210083;-327.492767;2163.426025;0.462489;0.000000;0.000000;0.000000;0.000000;2.000000;95.389771;-214.746094;2137.603027;1.722289;0.000000;0.000000;0.000000;0.000000;2.000000;183.697815;-233.217972;2115.374023;2.093059;0.000000;0.000000;0.000000;0.000000;1.000000;94.125854;-217.842484;2166.481445;1.290633;0.000000;0.000000;0.000000;0.000000;1.000000;186.053741;-287.648071;2118.149658;1.502084;0.000000;0.000000;0.000000;0.000000;1.000000;62.136963;-631.035400;1986.427979;0.217831;0.000000;0.000000;0.000000;0.000000;2.000000;116.505432;-581.469238;1883.030762;0.499940;0.000000;0.000000;0.000000;0.000000;2.000000;40.323181;-337.190918;1791.678345;0.560444;0.000000;0.000000;0.000000;0.000000;2.000000;-10.567749;-123.679573;1735.213135;0.934643;0.000000;0.000000;0.000000;0.000000;2.000000;-97.017822;-92.163864;1774.485962;0.525276;0.000000;0.000000;0.000000;0.000000;2.000000;-38.283386;-14.166344;1743.337036;0.472344;0.000000;0.000000;0.000000;0.000000;2.000000;-30.948975;-7.475727;1762.021729;0.417122;0.000000;0.000000;0.000000;0.000000;2.000000;-7.630737;-151.001312;2087.648438;0.077742;0.000000;0.000000;0.000000;0.000000;2.000000;158.591248;181.287369;1981.897217;2.010101;0.000000;0.000000;0.000000;0.000000;2.000000;-15.627075;497.845703;1906.158203;1.712535;0.000000;0.000000;0.000000;0.000000;2.000000;46.618042;667.520020;1909.997681;1.161236;0.000000;0.000000;0.000000;0.000000;2.000000;6.880920;-149.097076;1920.963623;0.070104;0.000000;0.000000;0.000000;0.000000;2.000000;78.852417;230.016388;1920.033936;0.748733;0.000000;0.000000;0.000000;0.000000;2.000000;20.075623;593.591675;1860.548340;0.238657;0.000000;0.000000;0.000000;0.000000;2.000000;137.610596;710.632019;1872.766235;0.718177;0.000000;0.000000;0.000000;0.000000;1.000000;81.873047;-737.530090;2033.400146;0.159558;0.000000;0.000000;0.000000;0.000000;2.000000;181.558472;-789.297729;2140.289551;1.650033;0.000000;0.000000;0.000000;0.000000;2.000000;128.908752;-794.488464;2151.159424;1.553856;0.000000;0.000000;0.000000;0.000000;1.000000;27.142761;-735.044922;2118.383301;0.905090;0.000000;0.000000;0.000000;0.000000;1.000000;153.291687;-824.184326;2118.465088;1.426558;0.000000;0.000000;0.000000;0.000000;2.000000;88.187256;-836.704102;2010.814087;0.650483;0.000000;0.000000;0.000000;0.000000;2.000000;8397966848.000000
0.000000;-150.000000;2000.000000;0.000000;0.000000;0.000000;0.000000;0.000000;2.000000;13.314026;-320.636230;1999.185059;0.094154;0.000000;0.000000;0.000000;0.000000;2.000000;27.713684;-456.707977;1999.164917;0.276569;0.000000;0.000000;0.000000;0.000000;2.000000;67.805237;-659.110046;2027.594727;0.436596;0.000000;0.000000;0.000000;0.000000;2.000000;43.146362;-625.761475;2049.753418;0.265289;0.000000;0.000000;0.000000;0.000000;2.000000;-43.843933;-588.326599;2148.949219;0.540454;0.000000;0.000000;0.000000;0.000000;2.000000;-124.060120;-335.651672;2151.446289;0.943388;0.000000;0.000000;0.000000;0.000000;2.000000;75.991089;-239.064911;2164.187744;1.229573;0.000000;0.000000;0.000000;0.000000;2.000000;162.270752;-265.615784;2144.565918;1.460010;0.000000;0.000000;0.000000;0.000000;2.000000;77.724182;-265.363556;2204.549805;1.894809;0.000000;0.000000;0.000000;0.000000;2.000000;162.448059;-304.176086;2120.315186;0.868329;0.000000;0.000000;0.000000;0.000000;2.000000;77.500549;-626.045349;1995.090820;0.550778;0.000000;0.000000;0.000000;0.000000;2.000000;146.889954;-579.807495;1900.405640;1.052913;0.000000;0.000000;0.000000;0.000000;2.000000;83.886414;-342.522186;1787.727783;1.324089;0.000000;0.000000;0.000000;0.000000;2.000000;46.792297;-127.217911;1732.579224;1.728648;0.000000;0.000000;0.000000;0.000000;2.000000;-46.359558;-114.290581;1764.974609;1.685458;0.000000;0.000000;0.000000;0.000000;1.000000;-41.303955;-13.209393;1753.160400;0.310148;0.000000;0.000000;0.000000;0.000000;1.000000;-24.782654;-26.769308;1755.764160;0.637007;0.000000;0.000000;0.000000;0.000000;1.000000;-14.364319;-151.532867;2086.275879;0.207109;0.000000;0.000000;0.000000;0.000000;2.000000;175.269989;174.227234;2012.600342;1.071123;0.000000;0.000000;0.000000;0.000000;2.000000;-5.129578;476.925964;1909.857178;0.712029;0.000000;0.000000;0.000000;0.000000;2.000000;27.393250;653.335999;1920.979004;0.790081;0.000000;0.000000;0.000000;0.000000;2.000000;12.953003;-148.617767;1922.201172;0.186761;0.000000;0.000000;0.000000;0.000000;2.000000;88.060425;227.569305;1928.014893;0.373457;0.000000;0.000000;0.000000;0.000000;2.000000;15.965393;582.549194;1848.217041;0.512486;0.000000;0.000000;0.000000;0.000000;2.000000;115.911926;713.352295;1863.858154;0.709533;0.000000;0.000000;0.000000;0.000000;1.000000;93.276978;-731.201050;2044.787842;0.520262;0.000000;0.000000;0.000000;0.000000;2.000000;191.573059;-782.624146;2151.833984;0.501094;0.000000;0.000000;0.000000;0.000000;2.000000;139.189392;-785.562012;2163.270264;0.547540;0.000000;0.000000;0.000000;0.000000;1.000000;39.834106;-724.011536;2129.629150;0.607889;0.000000;0.000000;0.000000;0.000000;1.000000;162.049164;-816.985596;2131.553467;0.520293;0.000000;0.000000;0.000000;0.000000;2.000000;95.852295;-830.649902;2025.576416;0.531887;0.000000;0.000000;0.000000;0.000000;2.000000;8398000128.000000
0.000000;-150.000000;2000.000000;0.000000;0.000000;0.000000;0.000000;0.000000;2.000000;24.632019;-320.763214;1992.626831;0.393071;0.000000;0.000000;0.000000;0.000000;2.000000;40.167480;-457.712402;1984.692505;0.574505;0.000000;0.000000;0.000000;0.000000;2.000000;95.455872;-655.749878;2028.123779;0.837112;0.000000;0.000000;0.000000;0.000000;2.000000;66.560303;-623.153870;2046.925171;0.712976;0.000000;0.000000;0.000000;0.000000;2.000000;-4.073914;-565.871887;2151.213867;1.374021;0.000000;0.000000;0.000000;0.000000;2.000000;-135.109619;-338.134338;2201.353516;1.537741;0.000000;0.000000;0.000000;0.000000;2.000000;69.660767;-246.097351;2201.483154;1.156158;0.000000;0.000000;0.000000;0.000000;2.000000;155.987366;-271.634277;2177.335693;1.018785;0.000000;0.000000;0.000000;0.000000;2.000000;118.408997;-270.967285;2274.940918;2.448792;0.000000;0.000000;0.000000;0.000000;2.000000;173.396667;-293.044373;2156.854736;1.193982;0.000000;0.000000;0.000000;0.000000;2.000000;104.458008;-623.579346;1993.946045;0.814129;0.000000;0.000000;0.000000;0.000000;2.000000;168.923340;-566.523193;1900.174927;0.773116;0.000000;0.000000;0.000000;0.000000;2.000000;126.603271;-326.055054;1779.073242;1.399995;0.000000;0.000000;0.000000;0.000000;2.000000;95.293701;-106.154419;1730.604004;1.589983;0.000000;0.000000;0.000000;0.000000;2.000000;37.523193;-24.358868;1737.216064;3.788271;0.000000;0.000000;0.000000;0.000000;2.000000;-8.190552;67.083382;1748.065918;2.614249;0.000000;0.000000;0.000000;0.000000;2.000000;75.552856;-12.750607;1773.881836;3.092470;0.000000;0.000000;0.000000;0.000000;2.000000;-37.938782;-158.891846;2079.191895;0.772003;0.000000;0.000000;0.000000;0.000000;2.000000;192.814301;150.584839;2045.468262;1.325888;0.000000;0.000000;0.000000;0.000000;2.000000;42.032776;447.510315;1883.454956;1.849030;0.000000;0.000000;0.000000;0.000000;2.000000;87.408752;622.712036;1894.762695;2.172412;0.000000;0.000000;0.000000;0.000000;2.000000;34.211121;-141.981827;1928.589233;0.696150;0.000000;0.000000;0.000000;0.000000;2.000000;103.729370;238.810181;1927.271362;0.579878;0.000000;0.000000;0.000000;0.000000;2.000000;-71.412720;556.457581;1835.216187;2.767806;0.000000;0.000000;0.000000;0.000000;1.000000;15.093323;697.957764;1853.361694;3.080706;0.000000;0.000000;0.000000;0.000000;1.000000;125.941528;-724.913879;2051.337402;1.018713;0.000000;0.000000;0.000000;0.000000;2.000000;173.348389;-799.429993;2179.370361;1.113332;0.000000;0.000000;0.000000;0.000000;2.000000;119.937439;-796.798950;2170.672852;0.705781;0.000000;0.000000;0.000000;0.000000;1.000000;44.878296;-719.422485;2112.051025;0.566543;0.000000;0.000000;0.000000;0.000000;1.000000;150.567963;-827.834595;2144.987549;0.623085;0.000000;0.000000;0.000000;0.000000;2.000000;127.365479;-822.344788;2020.427002;0.991392;0.000000;0.000000;0.000000;0.000000;2.000000;8398033408.000000
0.000000;-150.000000;2000.000000;0.000000;0.000000;0.000000;0.000000;0.000000;2.000000;26.733643;-321.098602;1990.398682;0.092585;0.000000;0.000000;0.000000;0.000000;2.000000;44.234985;-458.311401;1980.797852;0.170168;0.000000;0.000000;0.000000;0.000000;2.000000;100.158203;-658.004639;2020.076538;0.288139;0.000000;0.000000;0.000000;0.000000;2.000000;70.221985;-626.115723;2038.984863;0.277402;0.000000;0.000000;0.000000;0.000000;2.000000;-4.389648;-573.332947;2143.678711;0.318773;0.000000;0.000000;0.000000;0.000000;2.000000;-146.643738;-358.347198;2219.299805;0.883058;0.000000;0.000000;0.000000;0.000000;2.000000;34.640747;-225.186554;2234.986816;1.586060;0.000000;0.000000;0.000000;0.000000;2.000000;126.211090;-234.758911;2218.056641;1.877612;0.000000;0.000000;0.000000;0.000000;2.000000;147.956757;-263.494781;2316.729004;1.554143;0.000000;0.000000;0.000000;0.000000;2.000000;149.486267;-248.879364;2197.291748;1.937439;0.000000;0.000000;0.000000;0.000000;2.000000;110.025391;-624.563965;1987.085449;0.267129;0.000000;0.000000;0.000000;0.000000;2.000000;180.447388;-565.345520;1898.318115;0.352522;0.000000;0.000000;0.000000;0.000000;2.000000;168.603821;-319.967407;1777.572021;1.276021;0.000000;0.000000;0.000000;0.000000;2.000000;157.332306;-98.404373;1723.534912;1.890601;0.000000;0.000000;0.000000;0.000000;2.000000;113.957520;-7.532211;1728.063721;2.367725;0.000000;0.000000;0.000000;0.000000;2.000000;86.331055;91.407478;1738.512085;2.946745;0.000000;0.000000;0.000000;0.000000;2.000000;145.750397;10.828651;1753.335571;2.309176;0.000000;0.000000;0.000000;0.000000;2.000000;-38.269409;-160.428070;2079.274902;0.047283;0.000000;0.000000;0.000000;0.000000;2.000000;188.716766;155.326050;2063.526367;0.574354;0.000000;0.000000;0.000000;0.000000;2.000000;42.911072;458.689087;1905.230957;0.735982;0.000000;0.000000;0.000000;0.000000;2.000000;85.027527;626.786926;1961.257446;2.003066;0.000000;0.000000;0.000000;0.000000;2.000000;34.509155;-140.596558;1928.514404;0.042636;0.000000;0.000000;0.000000;0.000000;2.000000;104.000427;241.809998;1919.471191;0.251248;0.000000;0.000000;0.000000;0.000000;2.000000;-103.492615;540.734985;1825.331299;1.113820;0.000000;0.000000;0.000000;0.000000;1.000000;-26.407166;688.428467;1843.286865;1.314788;0.000000;0.000000;0.000000;0.000000;1.000000;130.640533;-727.905151;2042.240723;0.320513;0.000000;0.000000;0.000000;0.000000;2.000000;200.085876;-779.610840;2172.270020;1.022565;0.000000;0.000000;0.000000;0.000000;2.000000;146.342468;-787.092285;2168.195557;0.848603;0.000000;0.000000;0.000000;0.000000;2.000000;54.203552;-729.995850;2109.548828;0.430241;0.000000;0.000000;0.000000;0.000000;2.000000;180.221954;-815.088745;2142.662598;0.972380;0.000000;0.000000;0.000000;0.000000;2.000000;147.271362;-826.790649;2020.181641;0.612915;0.000000;0.000000;0.000000;0.000000;2.000000;8398066688.000000
0.000000;-150.000000;2000.000000;0.000000;0.000000;0.000000;0.000000;0.000000;2.000000;8.433044;-326.256775;2008.712646;0.793246;0.000000;0.000000;0.000000;0.000000;2.000000;11.695923;-467.427094;2011.800415;1.377974;0.000000;0.000000;0.000000;0.000000;2.000000;43.976135;-676.687927;2049.105713;1.981393;0.000000;0.000000;0.000000;0.000000;2.000000;14.029602;-642.188721;2065.508301;1.928566;0.000000;0.000000;0.000000;0.000000;2.000000;-84.312195;-590.994019;2153.533691;2.477217;0.000000;0.000000;0.000000;0.000000;2.000000;-162.715027;-333.105042;2200.814941;1.056882;0.000000;0.000000;0.000000;0.000000;2.000000;-5.762451;-184.572632;2278.654053;2.164450;0.000000;0.000000;0.000000;0.000000;2.000000;45.674164;-151.711746;2205.390137;3.496887;0.000000;0.000000;0.000000;0.000000;2.000000;37.761963;-173.258484;2309.904541;4.284571;0.000000;0.000000;0.000000;0.000000;2.000000;98.026947;-194.214752;2214.498047;2.314353;0.000000;0.000000;0.000000;0.000000;2.000000;61.763031;-642.508789;2019.003174;1.820332;0.000000;0.000000;0.000000;0.000000;2.000000;150.133698;-590.858643;1938.482056;1.695250;0.000000;0.000000;0.000000;0.000000;2.000000;118.802979;-365.189362;1777.729248;2.021317;0.000000;0.000000;0.000000;0.000000;1.000000;145.461334;-141.223541;1834.541504;3.592834;0.000000;0.000000;0.000000;0.000000;1.000000;74.397675;-69.961685;1814.203979;3.410498;0.000000;0.000000;0.000000;0.000000;1.000000;28.763367;21.512665;1789.453979;3.121878;0.000000;0.000000;0.000000;0.000000;1.000000;86.064789;-37.422943;1794.324219;2.614469;0.000000;0.000000;0.000000;0.000000;1.000000;-67.203430;-150.234207;2060.308350;1.083742;0.000000;0.000000;0.000000;0.000000;2.000000;-3.370789;187.208374;2258.370850;8.277059;0.000000;0.000000;0.000000;0.000000;2.000000;-49.013794;516.584900;2076.769287;6.101129;0.000000;0.000000;0.000000;0.000000;2.000000;1.408936;686.607849;2131.243652;5.969360;0.000000;0.000000;0.000000;0.000000;2.000000;60.600342;-149.788803;1945.617310;0.977259;0.000000;0.000000;0.000000;0.000000;2.000000;7.867126;242.700806;1947.584595;3.009727;0.000000;0.000000;0.000000;0.000000;2.000000;-128.484985;569.830750;1802.734497;1.337662;0.000000;0.000000;0.000000;0.000000;1.000000;-76.897827;717.503052;1871.043091;1.939218;0.000000;0.000000;0.000000;0.000000;1.000000;64.986969;-751.313782;2072.199463;2.279673;0.000000;0.000000;0.000000;0.000000;2.000000;125.051666;-804.342102;2209.684814;2.626696;0.000000;0.000000;0.000000;0.000000;1.000000;70.474457;-810.236145;2202.008301;2.590920;0.000000;0.000000;0.000000;0.000000;1.000000;-17.247864;-749.919128;2135.471436;2.361064;0.000000;0.000000;0.000000;0.000000;1.000000;105.650391;-840.234741;2178.695313;2.600781;0.000000;0.000000;0.000000;0.000000;1.000000;79.993744;-852.854065;2052.135986;2.371069;0.000000;0.000000;0.000000;0.000000;1.000000;8398099968.000000
0.000000;-150.000000;2000.000000;0.000000;0.000000;0.000000;0.000000;0.000000;2.000000;7.290344;-324.305328;2006.038208;0.105239;0.000000;0.000000;0.000000;0.000000;2.000000;11.691895;-463.750610;2009.348389;0.132787;0.000000;0.000000;0.000000;0.000000;2.000000;45.961639;-672.053711;2033.035278;0.506091;0.000000;0.000000;0.000000;0.000000;2.000000;17.754150;-638.906860;2053.177002;0.399429;0.000000;0.000000;0.000000;0.000000;2.000000;-61.253052;-586.191284;2155.857422;0.711188;0.000000;0.000000;0.000000;0.000000;2.000000;-97.214294;-332.166870;2241.230469;2.312851;0.000000;0.000000;0.000000;0.000000;2.000000;-23.825806;-128.950226;2310.647705;2.003044;0.000000;0.000000;0.000000;0.000000;2.000000;-19.747253;-83.074532;2228.453369;2.932258;0.000000;0.000000;0.000000;0.000000;2.000000;19.047485;-16.700966;2301.031738;4.745239;0.000000;0.000000;0.000000;0.000000;2.000000;44.005127;-66.712875;2231.683105;4.192801;0.000000;0.000000;0.000000;0.000000;2.000000;61.269867;-636.766357;2003.804932;0.488413;0.000000;0.000000;0.000000;0.000000;2.000000;145.480072;-581.977905;1923.401489;0.544150;0.000000;0.000000;0.000000;0.000000;2.000000;146.301331;-331.937042;1807.723022;1.579027;0.000000;0.000000;0.000000;0.000000;2.000000;200.156555;-116.823410;1868.051514;2.062151;0.000000;0.000000;0.000000;0.000000;2.000000;159.854401;-24.272423;1878.127197;3.488236;0.000000;0.000000;0.000000;0.000000;2.000000;162.203156;78.599403;1892.676270;5.351588;0.000000;0.000000;0.000000;0.000000;2.000000;193.511444;5.284790;1883.490234;4.387360;0.000000;0.000000;0.000000;0.000000;2.000000;-64.969177;-150.599289;2061.142578;0.072497;0.000000;0.000000;0.000000;0.000000;2.000000;16.039246;176.169739;2261.384277;0.677037;0.000000;0.000000;0.000000;0.000000;2.000000;-4.948975;515.511230;2104.706299;1.568077;0.000000;0.000000;0.000000;0.000000;2.000000;79.893707;661.670044;2175.694824;2.811970;0.000000;0.000000;0.000000;0.000000;2.000000;58.585510;-149.459595;1944.864990;0.065377;0.000000;0.000000;0.000000;0.000000;2.000000;9.193115;238.618866;1936.963135;0.344225;0.000000;0.000000;0.000000;0.000000;2.000000;-109.308167;574.042419;1808.302490;0.613225;0.000000;0.000000;0.000000;0.000000;1.000000;-40.665833;709.442749;1881.768799;1.160948;0.000000;0.000000;0.000000;0.000000;1.000000;68.279724;-746.811829;2050.397949;0.676192;0.000000;0.000000;0.000000;0.000000;1.000000;117.239807;-814.921570;2183.380859;0.883663;0.000000;0.000000;0.000000;0.000000;1.000000;64.075500;-819.541199;2171.069336;0.989650;0.000000;0.000000;0.000000;0.000000;1.000000;-17.525818;-752.264893;2106.252441;0.880839;0.000000;0.000000;0.000000;0.000000;1.000000;100.600677;-846.492798;2147.477051;0.968669;0.000000;0.000000;0.000000;0.000000;1.000000;84.946777;-844.239319;2020.257935;1.003334;0.000000;0.000000;0.000000;0.000000;1.000000;8398133248.000000
0.000000;-150.000000;2000.000000;0.000000;0.000000;0.000000;0.000000;0.000000;2.000000;25.693726;-319.502686;1986.755371;0.813841;0.000000;0.000000;0.000000;0.000000;2.000000;50.611755;-454.614990;1982.223633;1.451657;0.000000;0.000000;0.000000;0.000000;2.000000;88.808746;-658.488159;2009.826172;1.519899;0.000000;0.000000;0.000000;0.000000;2.000000;57.628082;-626.938599;2026.078125;1.492612;0.000000;0.000000;0.000000;0.000000;2.000000;-20.118042;-567.561523;2123.099121;1.676312;0.000000;0.000000;0.000000;0.000000;2.000000;-19.191528;-313.536316;2203.153320;2.668113;0.000000;0.000000;0.000000;0.000000;2.000000;94.027374;-141.353683;2289.792480;3.615541;0.000000;0.000000;0.000000;0.000000;2.000000;106.161865;-60.275059;2246.290527;3.882031;0.000000;0.000000;0.000000;0.000000;2.000000;96.843292;28.019859;2300.725830;2.696341;0.000000;0.000000;0.000000;0.000000;2.000000;139.833984;-42.129684;2332.954102;4.254039;0.000000;0.000000;0.000000;0.000000;2.000000;105.994598;-623.114502;1983.031006;1.537520;0.000000;0.000000;0.000000;0.000000;2.000000;192.176178;-559.112305;1915.633545;1.579655;0.000000;0.000000;0.000000;0.000000;2.000000;219.474335;-293.248444;1868.526855;3.086071;0.000000;0.000000;0.000000;0.000000;2.000000;262.895844;-80.628273;1932.963623;2.922535;0.000000;0.000000;0.000000;0.000000;2.000000;248.200531;11.566551;1968.599487;3.949317;0.000000;0.000000;0.000000;0.000000;2.000000;270.544403;104.771637;2004.551392;4.745204;0.000000;0.000000;0.000000;0.000000;2.000000;294.125183;27.857239;1976.398682;4.170584;0.000000;0.000000;0.000000;0.000000;2.000000;-69.782410;-164.593185;2051.388428;0.532572;0.000000;0.000000;0.000000;0.000000;2.000000;-74.533264;214.709259;2122.000488;5.127272;0.000000;0.000000;0.000000;0.000000;1.000000;-117.696716;579.362427;2088.192627;3.924896;0.000000;0.000000;0.000000;0.000000;1.000000;-66.790649;702.661621;2209.880127;4.690316;0.000000;0.000000;0.000000;0.000000;1.000000;62.925781;-136.840698;1953.660767;0.480243;0.000000;0.000000;0.000000;0.000000;2.000000;30.152161;243.862762;1903.168213;1.205253;0.000000;0.000000;0.000000;0.000000;2.000000;-82.900879;578.433105;1784.274902;1.080874;0.000000;0.000000;0.000000;0.000000;1.000000;-27.341003;718.736084;1853.740967;0.973426;0.000000;0.000000;0.000000;0.000000;1.000000;111.241852;-731.318970;2029.599609;1.507906;0.000000;0.000000;0.000000;0.000000;2.000000;166.027161;-799.164307;2157.590576;1.724465;0.000000;0.000000;0.000000;0.000000;2.000000;112.548920;-799.569458;2150.507568;1.692144;0.000000;0.000000;0.000000;0.000000;2.000000;32.160461;-728.270874;2092.342041;1.709822;0.000000;0.000000;0.000000;0.000000;2.000000;143.874359;-829.587280;2124.875977;1.552418;0.000000;0.000000;0.000000;0.000000;2.000000;116.879852;-828.995483;2001.516479;1.203176;0.000000;0.000000;0.000000;0.000000;2.000000;8398166528.000000
0.000000;-150.000000;2000.000000;0.000000;0.000000;0.000000;0.000000;0.000000;2.000000;16.722900;-325.295837;1970.233398;0.591124;0.000000;0.000000;0.000000;0.000000;2.000000;38.368500;-465.752441;1956.529419;0.918377;0.000000;0.000000;0.000000;0.000000;2.000000;67.090424;-678.634399;1989.519897;1.079183;0.000000;0.000000;0.000000;0.000000;2.000000;35.744659;-644.134766;2004.838013;1.051998;0.000000;0.000000;0.000000;0.000000;2.000000;-38.627441;-576.000610;2106.347168;0.791836;0.000000;0.000000;0.000000;0.000000;2.000000;1.766418;-319.384552;2201.422607;0.655870;0.000000;0.000000;0.000000;0.000000;2.000000;141.567993;-165.414978;2304.643555;1.662072;0.000000;0.000000;0.000000;0.000000;2.000000;186.945129;-95.327530;2256.475830;2.663682;0.000000;0.000000;0.000000;0.000000;2.000000;194.587036;-44.108353;2351.439209;3.955423;0.000000;0.000000;0.000000;0.000000;2.000000;220.856659;-69.113899;2259.349121;3.387648;0.000000;0.000000;0.000000;0.000000;2.000000;87.548309;-643.207764;1961.783203;1.038931;0.000000;0.000000;0.000000;0.000000;2.000000;187.846619;-578.883667;1905.806641;0.676062;0.000000;0.000000;0.000000;0.000000;2.000000;253.494659;-304.846924;1899.497559;1.425651;0.000000;0.000000;0.000000;0.000000;2.000000;316.905640;-82.952995;1944.455078;1.660687;0.000000;0.000000;0.000000;0.000000;2.000000;321.371582;-11.498009;2019.595703;2.768110;0.000000;0.000000;0.000000;0.000000;2.000000;327.072876;57.564011;2100.229736;3.628033;0.000000;0.000000;0.000000;0.000000;2.000000;326.669586;-22.589012;2036.443604;2.551320;0.000000;0.000000;0.000000;0.000000;2.000000;-69.699219;-166.267975;2056.645264;0.165799;0.000000;0.000000;0.000000;0.000000;2.000000;44.081421;172.490189;2238.018066;5.144453;0.000000;0.000000;0.000000;0.000000;2.000000;97.453613;547.137207;2179.079590;7.084504;0.000000;0.000000;0.000000;0.000000;2.000000;193.822235;675.149902;2276.518311;8.125026;0.000000;0.000000;0.000000;0.000000;2.000000;62.850830;-135.330444;1948.920532;0.149506;0.000000;0.000000;0.000000;0.000000;2.000000;26.178467;256.432800;1875.228882;0.928287;0.000000;0.000000;0.000000;0.000000;2.000000;-111.030518;593.605225;1743.800415;1.549634;0.000000;0.000000;0.000000;0.000000;1.000000;-40.361755;742.248047;1795.580444;1.925188;0.000000;0.000000;0.000000;0.000000;1.000000;86.125610;-754.945251;2011.899902;1.164651;0.000000;0.000000;0.000000;0.000000;2.000000;125.974030;-758.575989;2167.698730;1.740155;0.000000;0.000000;0.000000;0.000000;2.000000;76.829712;-781.352112;2153.365479;1.207881;0.000000;0.000000;0.000000;0.000000;2.000000;-6.869873;-763.535828;2059.656982;1.860871;0.000000;0.000000;0.000000;0.000000;2.000000;122.798340;-804.687500;2144.333008;1.141342;0.000000;0.000000;0.000000;0.000000;2.000000;129.144592;-851.009216;2021.793335;0.971896;0.000000;0.000000;0.000000;0.000000;2.000000;8398199808.000000
0.000000;-150.000000;2000.000000;0.000000;0.000000;0.000000;0.000000;0.000000;2.000000;14.502930;-321.121490;1970.471924;0.140091;0.000000;0.000000;0.000000;0.000000;2.000000;30.359680;-458.169678;1951.153931;0.363083;0.000000;0.000000;0.000000;0.000000;2.000000;71.624786;-662.863647;1988.093750;0.487438;0.000000;0.000000;0.000000;0.000000;2.000000;39.048431;-630.846802;2002.435059;0.411392;0.000000;0.000000;0.000000;0.000000;2.000000;-38.021423;-576.693848;2105.504395;0.036939;0.000000;0.000000;0.000000;0.000000;2.000000;-15.831848;-335.880402;2225.377441;1.006001;0.000000;0.000000;0.000000;0.000000;2.000000;116.265900;-185.859558;2331.981689;1.257451;0.000000;0.000000;0.000000;0.000000;1.000000;143.670685;-124.941406;2265.770996;1.575955;0.000000;0.000000;0.000000;0.000000;1.000000;175.153656;-54.189110;2337.476807;0.768403;0.000000;0.000000;0.000000;0.000000;1.000000;177.883240;-89.300949;2266.882813;1.422607;0.000000;0.000000;0.000000;0.000000;1.000000;89.223480;-627.770569;1960.084717;0.462252;0.000000;0.000000;0.000000;0.000000;2.000000;189.319550;-566.541687;1907.821777;0.372628;0.000000;0.000000;0.000000;0.000000;2.000000;266.861725;-303.865356;1932.802612;1.062406;0.000000;0.000000;0.000000;0.000000;2.000000;326.650513;-98.718498;2016.277832;2.195064;0.000000;0.000000;0.000000;0.000000;2.000000;353.182098;-49.312229;2100.601074;2.807996;0.000000;0.000000;0.000000;0.000000;2.000000;364.139404;20.514580;2176.534912;2.739384;0.000000;0.000000;0.000000;0.000000;2.000000;356.694366;-37.000729;2105.270264;2.262697;0.000000;0.000000;0.000000;0.000000;2.000000;-62.604553;-165.886917;2061.319336;0.251672;0.000000;0.000000;0.000000;0.000000;2.000000;60.124542;151.631805;2253.717285;0.906776;0.000000;0.000000;0.000000;0.000000;2.000000;114.104614;520.657471;2230.170410;1.772780;0.000000;0.000000;0.000000;0.000000;2.000000;200.847809;654.717896;2319.531250;1.424437;0.000000;0.000000;0.000000;0.000000;2.000000;56.453278;-135.674072;1944.705811;0.226942;0.000000;0.000000;0.000000;0.000000;2.000000;12.807129;244.462952;1866.223633;0.594193;0.000000;0.000000;0.000000;0.000000;2.000000;-130.378906;571.280212;1742.570435;0.875006;0.000000;0.000000;0.000000;0.000000;1.000000;-80.172729;728.683411;1774.909912;1.386821;0.000000;0.000000;0.000000;0.000000;1.000000;94.978973;-735.452454;2011.573975;0.633630;0.000000;0.000000;0.000000;0.000000;2.000000;170.111298;-814.368958;2124.537598;2.462405;0.000000;0.000000;0.000000;0.000000;2.000000;120.232086;-795.366211;2136.359863;1.440459;0.000000;0.000000;0.000000;0.000000;2.000000;50.492340;-700.911926;2097.031250;2.745761;0.000000;0.000000;0.000000;0.000000;2.000000;128.154083;-836.259094;2106.815430;1.459684;0.000000;0.000000;0.000000;0.000000;2.000000;57.292297;-830.822571;2000.391357;2.297648;0.000000;0.000000;0.000000;0.000000;2.000000;8398233600.000000
0.000000;-150.000000;2000.000000;0.000000;0.000000;0.000000;0.000000;0.000000;2.000000;16.605438;-320.766205;1976.733887;0.198770;0.000000;0.000000;0.000000;0.000000;2.000000;36.757416;-457.244354;1965.449951;0.471442;0.000000;0.000000;0.000000;0.000000;2.000000;66.229675;-662.431396;2003.186768;0.481795;0.000000;0.000000;0.000000;0.000000;2.000000;34.618011;-629.199463;2015.802002;0.426024;0.000000;0.000000;0.000000;0.000000;2.000000;-46.771118;-571.056824;2111.940186;0.367709;0.000000;0.000000;0.000000;0.000000;2.000000;-30.736328;-333.195038;2234.781738;0.535662;0.000000;0.000000;0.000000;0.000000;2.000000;85.372131;-184.343430;2357.374756;1.202498;0.000000;0.000000;0.000000;0.000000;1.000000;122.866760;-132.486359;2289.270020;0.969922;0.000000;0.000000;0.000000;0.000000;1.000000;175.524536;-54.596581;2335.716553;0.055423;0.000000;0.000000;0.000000;0.000000;1.000000;154.876587;-101.306847;2281.991943;0.902310;0.000000;0.000000;0.000000;0.000000;1.000000;86.829254;-628.319702;1976.574951;0.500967;0.000000;0.000000;0.000000;0.000000;2.000000;192.264343;-571.574829;1932.382568;0.758520;0.000000;0.000000;0.000000;0.000000;2.000000;303.801605;-328.405640;1988.067139;2.129166;0.000000;0.000000;0.000000;0.000000;2.000000;388.848755;-141.838531;2087.654297;3.125947;0.000000;0.000000;0.000000;0.000000;2.000000;398.555756;-94.209503;2175.756348;2.962876;0.000000;0.000000;0.000000;0.000000;2.000000;397.659302;-22.947578;2250.225830;2.760974;0.000000;0.000000;0.000000;0.000000;2.000000;405.596985;-80.167175;2180.037598;2.981424;0.000000;0.000000;0.000000;0.000000;2.000000;-63.587830;-164.337372;2059.848145;0.070676;0.000000;0.000000;0.000000;0.000000;2.000000;66.460663;147.567490;2251.559570;0.235299;0.000000;0.000000;0.000000;0.000000;2.000000;113.389923;515.619507;2265.894531;1.084275;0.000000;0.000000;0.000000;0.000000;2.000000;222.810883;635.627930;2347.629395;1.215484;0.000000;0.000000;0.000000;0.000000;2.000000;57.339966;-137.071350;1946.032471;0.063732;0.000000;0.000000;0.000000;0.000000;2.000000;21.532898;241.555267;1868.665771;0.285943;0.000000;0.000000;0.000000;0.000000;2.000000;-124.342041;564.036499;1744.116943;0.287123;0.000000;0.000000;0.000000;0.000000;1.000000;-67.528076;717.274292;1779.778687;0.532250;0.000000;0.000000;0.000000;0.000000;1.000000;84.748352;-735.630249;2027.348633;0.564981;0.000000;0.000000;0.000000;0.000000;2.000000;150.340271;-785.129028;2159.890625;1.501112;0.000000;0.000000;0.000000;0.000000;2.000000;96.303711;-789.098755;2156.012695;0.949292;0.000000;0.000000;0.000000;0.000000;2.000000;8.467560;-729.014893;2094.275146;1.521351;0.000000;0.000000;0.000000;0.000000;2.000000;128.129364;-820.576904;2132.118652;0.894497;0.000000;0.000000;0.000000;0.000000;2.000000;94.532928;-836.254761;2010.488281;1.170843;0.000000;0.000000;0.000000;0.000000;2.000000;8398266880.000000
0.000000;-150.000000;2000.000000;0.000000;0.000000;0.000000;0.000000;0.000000;2.000000;7.875244;-314.054138;1966.592407;0.449837;0.000000;0.000000;0.000000;0.000000;2.000000;12.829346;-443.960022;1934.126465;1.249865;0.000000;0.000000;0.000000;0.000000;2.000000;24.140961;-647.589355;1936.981201;2.399132;0.000000;0.000000;0.000000;0.000000;2.000000;-9.210815;-615.932312;1939.410645;2.676240;0.000000;0.000000;0.000000;0.000000;2.000000;-120.936981;-571.118530;1998.952393;4.061142;0.000000;0.000000;0.000000;0.000000;2.000000;-284.880707;-372.404694;2031.122803;9.856672;0.000000;0.000000;0.000000;0.000000;2.000000;-396.641693;-196.816223;2095.598633;16.485956;0.000000;0.000000;0.000000;0.000000;2.000000;-450.035980;-130.592987;2126.375977;17.897043;0.000000;0.000000;0.000000;0.000000;2.000000;-445.819611;-39.501114;2170.979736;19.320576;0.000000;0.000000;0.000000;0.000000;2.000000;-412.426971;-80.938370;2099.893799;17.913494;0.000000;0.000000;0.000000;0.000000;2.000000;53.412384;-612.000549;1931.664063;1.752086;0.000000;0.000000;0.000000;0.000000;2.000000;173.065552;-593.116089;1955.975098;1.119962;0.000000;0.000000;0.000000;0.000000;2.000000;287.290405;-360.064575;2007.099365;1.215790;0.000000;0.000000;0.000000;0.000000;2.000000;332.676392;-189.437408;2139.443848;2.704852;0.000000;0.000000;0.000000;0.000000;2.000000;371.179932;-169.412338;2226.645264;2.849753;0.000000;0.000000;0.000000;0.000000;2.000000;370.536682;-114.825897;2310.168701;3.395620;0.000000;0.000000;0.000000;0.000000;2.000000;375.230469;-147.595383;2226.584473;2.625607;0.000000;0.000000;0.000000;0.000000;2.000000;-83.446503;-157.628708;2017.791138;1.411993;0.000000;0.000000;0.000000;0.000000;2.000000;21.263123;120.491440;2248.306641;1.586160;0.000000;0.000000;0.000000;0.000000;2.000000;96.207855;470.718384;2278.626953;1.494404;0.000000;0.000000;0.000000;0.000000;2.000000;181.845154;590.757629;2374.712402;1.998824;0.000000;0.000000;0.000000;0.000000;2.000000;75.247375;-143.120865;1983.956909;1.273250;0.000000;0.000000;0.000000;0.000000;2.000000;-17.593628;201.541641;1866.754883;1.682592;0.000000;0.000000;0.000000;0.000000;2.000000;-109.147430;523.488159;1725.702637;1.413899;0.000000;0.000000;0.000000;0.000000;1.000000;-139.248993;660.834778;1806.017944;2.853430;0.000000;0.000000;0.000000;0.000000;1.000000;29.869019;-722.906433;1950.541870;2.862135;0.000000;0.000000;0.000000;0.000000;2.000000;131.321014;-694.451965;2058.649902;4.123681;0.000000;0.000000;0.000000;0.000000;2.000000;104.620941;-739.619873;2062.120117;3.198837;0.000000;0.000000;0.000000;0.000000;2.000000;-2.169830;-777.777527;2025.732422;2.547725;0.000000;0.000000;0.000000;0.000000;2.000000;141.181244;-732.528259;2030.093262;4.068391;0.000000;0.000000;0.000000;0.000000;2.000000;109.894989;-771.419067;1917.577637;3.435488;0.000000;0.000000;0.000000;0.000000;2.000000;8398300160.000000
0.000000;-150.000000;2000.000000;0.000000;0.000000;0.000000;0.000000;0.000000;2.000000;2.649384;-328.118225;1978.541382;0.576333;0.000000;0.000000;0.000000;0.000000;2.000000;13.010559;-471.185303;1978.216797;1.557060;0.000000;0.000000;0.000000;0.000000;2.000000;38.332123;-685.221863;2013.179443;2.588981;0.000000;0.000000;0.000000;0.000000;2.000000;2.281097;-652.072632;2018.788574;2.643384;0.000000;0.000000;0.000000;0.000000;2.000000;-111.644501;-599.893250;2089.272705;2.862005;0.000000;0.000000;0.000000;0.000000;2.000000;-301.408722;-399.088135;2059.145264;1.264321;0.000000;0.000000;0.000000;0.000000;2.000000;-408.637054;-192.417236;2073.310547;0.771948;0.000000;0.000000;0.000000;0.000000;2.000000;-462.187286;-112.746346;2086.100098;1.373136;0.000000;0.000000;0.000000;0.000000;2.000000;-465.438873;-4.173920;2082.769287;2.915439;0.000000;0.000000;0.000000;0.000000;2.000000;-457.707245;-62.273552;2096.936768;1.474324;0.000000;0.000000;0.000000;0.000000;2.000000;65.177765;-648.049011;1994.118896;2.195469;0.000000;0.000000;0.000000;0.000000;2.000000;181.369781;-602.410645;1950.416382;0.410075;0.000000;0.000000;0.000000;0.000000;2.000000;311.575256;-361.124908;2021.259644;0.845303;0.000000;0.000000;0.000000;0.000000;2.000000;399.307495;-201.006424;2171.135742;2.244155;0.000000;0.000000;0.000000;0.000000;2.000000;397.890076;-188.807556;2274.683350;1.751384;0.000000;0.000000;0.000000;0.000000;2.000000;400.416504;-172.073898;2380.151855;2.861325;0.000000;0.000000;0.000000;0.000000;2.000000;408.795532;-180.474243;2281.024658;2.160824;0.000000;0.000000;0.000000;0.000000;2.000000;-82.271637;-156.049103;2040.053223;0.671543;0.000000;0.000000;0.000000;0.000000;2.000000;59.376831;146.615387;2264.632813;1.472558;0.000000;0.000000;0.000000;0.000000;2.000000;130.655457;524.738892;2265.594238;1.964580;0.000000;0.000000;0.000000;0.000000;2.000000;220.384613;643.180359;2381.433594;1.965477;0.000000;0.000000;0.000000;0.000000;2.000000;74.187958;-144.545242;1963.882080;0.605564;0.000000;0.000000;0.000000;0.000000;2.000000;9.596161;237.502426;1856.063721;1.392223;0.000000;0.000000;0.000000;0.000000;2.000000;-110.285370;556.059937;1668.074463;1.989360;0.000000;0.000000;0.000000;0.000000;1.000000;-80.743622;708.766479;1744.607300;2.927428;0.000000;0.000000;0.000000;0.000000;1.000000;52.420105;-762.085022;2038.533936;2.972500;0.000000;0.000000;0.000000;0.000000;2.000000;129.085358;-734.635376;2178.126465;3.788246;0.000000;0.000000;0.000000;0.000000;2.000000;84.679230;-769.200195;2179.601563;3.689257;0.000000;0.000000;0.000000;0.000000;2.000000;-21.591461;-783.113220;2110.548340;2.619429;0.000000;0.000000;0.000000;0.000000;2.000000;131.491669;-783.491333;2160.384521;4.213908;0.000000;0.000000;0.000000;0.000000;2.000000;118.638245;-844.916199;2044.517700;4.415335;0.000000;0.000000;0.000000;0.000000;2.000000;8398333440.000000
0.000000;-150.000000;2000.000000;0.000000;0.000000;0.000000;0.000000;0.000000;2.000000;5.338928;-331.751770;1991.377930;0.408933;0.000000;0.000000;0.000000;0.000000;2.000000;14.965820;-476.928864;1994.419312;0.519869;0.000000;0.000000;0.000000;0.000000;2.000000;38.451019;-696.101501;2016.406982;0.341013;0.000000;0.000000;0.000000;0.000000;2.000000;2.010162;-662.602539;2023.553711;0.347389;0.000000;0.000000;0.000000;0.000000;2.000000;-125.608612;-632.898865;2087.634033;1.077990;0.000000;0.000000;0.000000;0.000000;2.000000;-306.042328;-420.376343;2045.431152;0.773547;0.000000;0.000000;0.000000;0.000000;2.000000;-425.499420;-216.086700;2044.464966;1.230376;0.000000;0.000000;0.000000;0.000000;2.000000;-484.515839;-137.627426;2048.280762;1.516739;0.000000;0.000000;0.000000;0.000000;2.000000;-493.862701;-29.863449;2026.947266;2.034404;0.000000;0.000000;0.000000;0.000000;2.000000;-464.077728;-74.860306;2060.708008;1.168222;0.000000;0.000000;0.000000;0.000000;2.000000;66.315216;-657.456299;2000.031006;0.335603;0.000000;0.000000;0.000000;0.000000;2.000000;187.811371;-621.812805;1955.601807;0.633741;0.000000;0.000000;0.000000;0.000000;2.000000;318.646423;-377.885559;2032.553467;0.643388;0.000000;0.000000;0.000000;0.000000;2.000000;409.696259;-224.353226;2192.458984;1.000055;0.000000;0.000000;0.000000;0.000000;2.000000;415.173950;-232.885895;2297.761230;1.582659;0.000000;0.000000;0.000000;0.000000;2.000000;421.391602;-229.829285;2405.910156;2.002007;0.000000;0.000000;0.000000;0.000000;2.000000;407.079102;-251.356171;2308.766602;2.287764;0.000000;0.000000;0.000000;0.000000;2.000000;-81.764069;-154.496750;2044.161377;0.132840;0.000000;0.000000;0.000000;0.000000;2.000000;65.780548;151.443390;2271.065430;0.308920;0.000000;0.000000;0.000000;0.000000;2.000000;128.851746;536.202637;2251.623047;0.545739;0.000000;0.000000;0.000000;0.000000;2.000000;219.206726;660.349731;2365.472412;0.705288;0.000000;0.000000;0.000000;0.000000;2.000000;73.730255;-145.945084;1960.177979;0.119776;0.000000;0.000000;0.000000;0.000000;2.000000;0.306152;236.135406;1837.219971;0.632624;0.000000;0.000000;0.000000;0.000000;2.000000;-135.739044;547.319702;1636.534180;1.245844;0.000000;0.000000;0.000000;0.000000;1.000000;-94.794403;701.510376;1710.549072;1.128320;0.000000;0.000000;0.000000;0.000000;1.000000;51.702820;-775.679077;2037.353760;0.410578;0.000000;0.000000;0.000000;0.000000;2.000000;76.711761;-741.071777;2195.654053;1.670748;0.000000;0.000000;0.000000;0.000000;2.000000;46.194977;-787.851135;2183.735840;1.291014;0.000000;0.000000;0.000000;0.000000;2.000000;-29.343689;-825.803894;2085.832764;1.500435;0.000000;0.000000;0.000000;0.000000;2.000000;99.202667;-785.525452;2178.195557;1.109727;0.000000;0.000000;0.000000;0.000000;2.000000;137.739868;-836.232788;2060.655762;0.795401;0.000000;0.000000;0.000000;0.000000;2.000000;8398366720.000000
0.000000;-150.000000;2000.000000;0.000000;0.000000;0.000000;0.000000;0.000000;2.000000;8.363831;-333.408783;1991.345093;0.103641;0.000000;0.000000;0.000000;0.000000;2.000000;15.763550;-480.050537;1985.571777;0.282931;0.000000;0.000000;0.000000;0.000000;2.000000;38.517822;-698.949463;2025.514648;0.286743;0.000000;0.000000;0.000000;0.000000;2.000000;1.840729;-664.514954;2029.883057;0.198742;0.000000;0.000000;0.000000;0.000000;2.000000;-128.875092;-628.839966;2087.600586;0.156555;0.000000;0.000000;0.000000;0.000000;2.000000;-311.238129;-420.011475;2022.869141;0.695776;0.000000;0.000000;0.000000;0.000000;2.000000;-439.408661;-219.602478;2000.343384;1.394095;0.000000;0.000000;0.000000;0.000000;2.000000;-508.032684;-148.322067;2007.535645;1.449670;0.000000;0.000000;0.000000;0.000000;2.000000;-511.290802;-44.124790;1968.481323;1.882600;0.000000;0.000000;0.000000;0.000000;2.000000;-476.755524;-74.199783;2018.430908;1.326382;0.000000;0.000000;0.000000;0.000000;2.000000;66.856262;-661.487915;2005.990967;0.216821;0.000000;0.000000;0.000000;0.000000;2.000000;188.393463;-631.923218;1953.914429;0.308497;0.000000;0.000000;0.000000;0.000000;2.000000;315.728088;-382.117004;2028.308594;0.200312;0.000000;0.000000;0.000000;0.000000;2.000000;410.900238;-243.259781;2202.131836;0.639164;0.000000;0.000000;0.000000;0.000000;2.000000;415.494934;-250.911224;2308.575684;0.631702;0.000000;0.000000;0.000000;0.000000;2.000000;416.078339;-217.490417;2412.768799;0.453238;0.000000;0.000000;0.000000;0.000000;2.000000;409.400055;-263.031006;2319.906738;0.489877;0.000000;0.000000;0.000000;0.000000;2.000000;-79.628632;-155.966278;2049.482422;0.177851;0.000000;0.000000;0.000000;0.000000;2.000000;60.378845;167.542068;2263.615234;0.557188;0.000000;0.000000;0.000000;0.000000;2.000000;109.431671;555.019348;2210.447266;1.480200;0.000000;0.000000;0.000000;0.000000;2.000000;196.724747;677.726135;2331.172852;1.338350;0.000000;0.000000;0.000000;0.000000;2.000000;71.804688;-144.619949;1955.379639;0.160379;0.000000;0.000000;0.000000;0.000000;2.000000;-1.863586;237.986435;1821.469482;0.480968;0.000000;0.000000;0.000000;0.000000;2.000000;-166.512665;523.588928;1597.908447;1.646380;0.000000;0.000000;0.000000;0.000000;1.000000;-120.821198;682.944336;1661.560059;1.757752;0.000000;0.000000;0.000000;0.000000;1.000000;51.514099;-777.396423;2053.079102;0.475359;0.000000;0.000000;0.000000;0.000000;2.000000;82.464325;-793.179321;2214.943359;1.678493;0.000000;0.000000;0.000000;0.000000;2.000000;47.706543;-832.397644;2190.877930;1.356392;0.000000;0.000000;0.000000;0.000000;2.000000;-33.234894;-834.186829;2088.391113;0.288149;0.000000;0.000000;0.000000;0.000000;2.000000;101.131012;-832.360779;2183.998779;1.419257;0.000000;0.000000;0.000000;0.000000;2.000000;133.564850;-848.850403;2054.010010;0.446496;0.000000;0.000000;0.000000;0.000000;2.000000;8398400000.000000
0.000000;-150.000000;2000.000000;0.000000;0.000000;0.000000;0.000000;0.000000;2.000000;12.858093;-335.540955;1990.840942;0.150237;0.000000;0.000000;0.000000;0.000000;2.000000;25.031250;-483.846313;1986.516846;0.302265;0.000000;0.000000;0.000000;0.000000;2.000000;46.444794;-704.118958;2035.208252;0.407067;0.000000;0.000000;0.000000;0.000000;2.000000;9.514771;-668.843628;2038.227539;0.364634;0.000000;0.000000;0.000000;0.000000;2.000000;-124.206421;-627.403992;2089.842529;0.161492;0.000000;0.000000;0.000000;0.000000;2.000000;-309.680359;-419.711060;2014.632324;0.252050;0.000000;0.000000;0.000000;0.000000;2.000000;-440.634521;-218.816162;1981.510742;0.567574;0.000000;0.000000;0.000000;0.000000;2.000000;-514.838440;-151.774902;1991.545288;0.532395;0.000000;0.000000;0.000000;0.000000;2.000000;-518.612000;-54.322876;1934.900391;1.077248;0.000000;0.000000;0.000000;0.000000;2.000000;-471.479309;-67.960182;1981.811890;1.127393;0.000000;0.000000;0.000000;0.000000;2.000000;75.471069;-667.117126;2014.132324;0.394288;0.000000;0.000000;0.000000;0.000000;2.000000;195.912308;-635.356201;1956.455078;0.259830;0.000000;0.000000;0.000000;0.000000;2.000000;321.387299;-379.774109;2029.290039;0.186393;0.000000;0.000000;0.000000;0.000000;2.000000;419.247589;-253.894699;2215.503906;0.571381;0.000000;0.000000;0.000000;0.000000;2.000000;425.784119;-254.535599;2323.521240;0.555989;0.000000;0.000000;0.000000;0.000000;2.000000;406.958771;-223.284302;2428.203125;0.566112;0.000000;0.000000;0.000000;0.000000;2.000000;428.182404;-264.959625;2335.141113;0.728988;0.000000;0.000000;0.000000;0.000000;2.000000;-80.144104;-158.056366;2050.691162;0.074184;0.000000;0.000000;0.000000;0.000000;2.000000;63.795837;178.523697;2252.171631;0.487509;0.000000;0.000000;0.000000;0.000000;2.000000;102.899628;570.937195;2189.306396;0.819041;0.000000;0.000000;0.000000;0.000000;2.000000;192.440353;695.185791;2310.875000;0.814740;0.000000;0.000000;0.000000;0.000000;2.000000;72.269440;-142.735214;1954.289551;0.066897;0.000000;0.000000;0.000000;0.000000;2.000000;-2.614685;242.796219;1812.933594;0.295267;0.000000;0.000000;0.000000;0.000000;2.000000;-177.736145;512.397034;1569.027710;0.989911;0.000000;0.000000;0.000000;0.000000;1.000000;-137.358948;678.601501;1624.802856;1.218133;0.000000;0.000000;0.000000;0.000000;1.000000;58.985199;-782.595825;2066.087646;0.477068;0.000000;0.000000;0.000000;0.000000;2.000000;103.284454;-789.917908;2227.685303;0.739983;0.000000;0.000000;0.000000;0.000000;2.000000;71.578461;-834.284607;2206.724609;0.862828;0.000000;0.000000;0.000000;0.000000;2.000000;-16.552429;-848.956726;2109.124268;0.914528;0.000000;0.000000;0.000000;0.000000;2.000000;124.684937;-827.951355;2195.879639;0.803686;0.000000;0.000000;0.000000;0.000000;2.000000;150.177582;-844.421753;2062.536621;0.576656;0.000000;0.000000;0.000000;0.000000;2.000000;8398433280.000000
0.000000;-150.000000;2000.000000;0.000000;0.000000;0.000000;0.000000;0.000000;2.000000;20.652008;-336.861816;1992.455811;0.242437;0.000000;0.000000;0.000000;0.000000;2.000000;33.557068;-486.249023;1980.525391;0.321332;0.000000;0.000000;0.000000;0.000000;2.000000;55.490631;-708.468201;2031.143921;0.325383;0.000000;0.000000;0.000000;0.000000;2.000000;17.767059;-673.164185;2032.773438;0.324345;0.000000;0.000000;0.000000;0.000000;2.000000;-117.974213;-629.282959;2081.534180;0.317145;0.000000;0.000000;0.000000;0.000000;2.000000;-305.766998;-422.110870;1999.380493;0.478597;0.000000;0.000000;0.000000;0.000000;2.000000;-430.618134;-214.845428;1963.531006;0.629839;0.000000;0.000000;0.000000;0.000000;2.000000;-511.306976;-154.252655;1974.967651;0.514716;0.000000;0.000000;0.000000;0.000000;2.000000;-497.661774;-59.326103;1913.413696;0.914184;0.000000;0.000000;0.000000;0.000000;2.000000;-463.147919;-64.132538;1953.684082;0.888954;0.000000;0.000000;0.000000;0.000000;2.000000;85.205017;-670.870544;2010.773926;0.329320;0.000000;0.000000;0.000000;0.000000;2.000000;209.718307;-631.848572;1963.765869;0.481104;0.000000;0.000000;0.000000;0.000000;2.000000;328.331177;-368.235718;2031.729248;0.411233;0.000000;0.000000;0.000000;0.000000;2.000000;412.828003;-230.655487;2219.581055;0.734732;0.000000;0.000000;0.000000;0.000000;2.000000;426.891266;-244.235535;2327.163086;0.329955;0.000000;0.000000;0.000000;0.000000;2.000000;403.201141;-199.260223;2426.976318;0.731583;0.000000;0.000000;0.000000;0.000000;2.000000;407.939972;-260.200012;2347.005371;0.719380;0.000000;0.000000;0.000000;0.000000;2.000000;-81.512177;-161.019928;2049.815430;0.101548;0.000000;0.000000;0.000000;0.000000;2.000000;57.937347;191.570587;2235.527344;0.659400;0.000000;0.000000;0.000000;0.000000;2.000000;84.680786;587.844238;2164.389160;1.057523;0.000000;0.000000;0.000000;0.000000;2.000000;176.727081;718.480347;2280.563477;1.241946;0.000000;0.000000;0.000000;0.000000;2.000000;73.503113;-140.062851;1955.079346;0.091571;0.000000;0.000000;0.000000;0.000000;2.000000;0.331085;251.541382;1816.645996;0.298880;0.000000;0.000000;0.000000;0.000000;2.000000;-180.769684;510.148407;1558.620850;0.332655;0.000000;0.000000;0.000000;0.000000;1.000000;-150.928680;683.457703;1604.623047;0.745135;0.000000;0.000000;0.000000;0.000000;1.000000;67.784302;-787.554626;2063.016357;0.317213;0.000000;0.000000;0.000000;0.000000;2.000000;104.452820;-804.396057;2227.608887;0.436461;0.000000;0.000000;0.000000;0.000000;2.000000;69.861450;-845.642334;2203.387695;0.359425;0.000000;0.000000;0.000000;0.000000;2.000000;-15.599426;-849.550964;2100.645508;0.256996;0.000000;0.000000;0.000000;0.000000;2.000000;124.299530;-843.324951;2194.931152;0.462970;0.000000;0.000000;0.000000;0.000000;2.000000;154.618286;-857.273254;2060.843994;0.411720;0.000000;0.000000;0.000000;0.000000;2.000000;8398466560.000000
0.000000;-150.000000;2000.000000;0.000000;0.000000;0.000000;0.000000;0.000000;2.000000;21.023468;-337.606323;1992.517822;0.025070;0.000000;0.000000;0.000000;0.000000;2.000000;33.703949;-487.480438;1978.738770;0.065350;0.000000;0.000000;0.000000;0.000000;2.000000;58.300690;-710.090820;2030.687988;0.098461;0.000000;0.000000;0.000000;0.000000;2.000000;19.738220;-675.348755;2031.094360;0.101797;0.000000;0.000000;0.000000;0.000000;2.000000;-116.435333;-634.857056;2083.385986;0.182449;0.000000;0.000000;0.000000;0.000000;2.000000;-303.975250;-426.945862;1998.291016;0.158358;0.000000;0.000000;0.000000;0.000000;2.000000;-420.712616;-214.616913;1958.084229;0.339741;0.000000;0.000000;0.000000;0.000000;2.000000;-502.739044;-154.320709;1963.954956;0.419269;0.000000;0.000000;0.000000;0.000000;2.000000;-486.476898;-58.845791;1903.013916;0.459144;0.000000;0.000000;0.000000;0.000000;2.000000;-458.781891;-65.169350;1943.538696;0.333339;0.000000;0.000000;0.000000;0.000000;2.000000;88.042786;-671.821411;2011.071777;0.090373;0.000000;0.000000;0.000000;0.000000;2.000000;214.408905;-629.656555;1970.461914;0.254335;0.000000;0.000000;0.000000;0.000000;2.000000;328.824768;-360.339355;2027.800659;0.265428;0.000000;0.000000;0.000000;0.000000;2.000000;384.932129;-216.013916;2222.446289;0.950567;0.000000;0.000000;0.000000;0.000000;2.000000;399.936493;-215.504242;2331.210938;1.190007;0.000000;0.000000;0.000000;0.000000;2.000000;402.442780;-163.262482;2430.785889;1.087942;0.000000;0.000000;0.000000;0.000000;2.000000;385.383850;-199.592194;2354.047852;1.954669;0.000000;0.000000;0.000000;0.000000;2.000000;-84.824402;-161.289673;2044.735107;0.182413;0.000000;0.000000;0.000000;0.000000;2.000000;41.347046;203.680786;2219.691406;0.779325;0.000000;0.000000;0.000000;0.000000;2.000000;67.940979;598.463257;2132.528320;1.127543;0.000000;0.000000;0.000000;0.000000;2.000000;152.327225;732.982117;2251.448242;1.221798;0.000000;0.000000;0.000000;0.000000;2.000000;76.489899;-139.819611;1959.660400;0.164487;0.000000;0.000000;0.000000;0.000000;2.000000;1.258118;258.004639;1835.475830;0.598851;0.000000;0.000000;0.000000;0.000000;2.000000;-173.363678;516.755920;1570.551758;0.466331;0.000000;0.000000;0.000000;0.000000;1.000000;-156.721588;690.864746;1622.760498;0.613885;0.000000;0.000000;0.000000;0.000000;1.000000;71.133575;-789.210999;2063.222168;0.112444;0.000000;0.000000;0.000000;0.000000;2.000000;108.390717;-813.084473;2227.535156;0.286642;0.000000;0.000000;0.000000;0.000000;2.000000;68.271606;-849.413818;2203.369141;0.122985;0.000000;0.000000;0.000000;0.000000;2.000000;-19.133942;-840.932495;2101.825195;0.282136;0.000000;0.000000;0.000000;0.000000;2.000000;122.632813;-853.890076;2193.861572;0.322991;0.000000;0.000000;0.000000;0.000000;2.000000;148.705917;-869.638428;2058.497070;0.417832;0.000000;0.000000;0.000000;0.000000;2.000000;8398499840.000000
