posX0;posY0;posZ0;posVel0;rotX0;rotY0;rotZ0;rotVel0;confidence0;posX1;posY1;posZ1;posVel1;rotX1;rotY1;rotZ1;rotVel1;confidence1;posX2;posY2;posZ2;posVel2;rotX2;rotY2;rotZ2;rotVel2;confidence2;posX3;posY3;posZ3;posVel3;rotX3;rotY3;rotZ3;rotVel3;confidence3;posX4;posY4;posZ4;posVel4;rotX4;rotY4;rotZ4;rotVel4;confidence4;posX5;posY5;posZ5;posVel5;rotX5;rotY5;rotZ5;rotVel5;confidence5;posX6;posY6;posZ6;posVel6;rotX6;rotY6;rotZ6;rotVel6;confidence6;posX7;posY7;posZ7;posVel7;rotX7;rotY7;rotZ7;rotVel7;confidence7;posX8;posY8;posZ8;posVel8;rotX8;rotY8;rotZ8;rotVel8;confidence8;posX9;posY9;posZ9;posVel9;rotX9;rotY9;rotZ9;rotVel9;confidence9;posX10;posY10;posZ10;posVel10;rotX10;rotY10;rotZ10;rotVel10;confidence10;posX11;posY11;posZ11;posVel11;rotX11;rotY11;rotZ11;rotVel11;confidence11;posX12;posY12;posZ12;posVel12;rotX12;rotY12;rotZ12;rotVel12;confidence12;posX13;posY13;posZ13;posVel13;rotX13;rotY13;rotZ13;rotVel13;confidence13;posX14;posY14;posZ14;posVel14;rotX14;rotY14;rotZ14;rotVel14;confidence14;posX15;posY15;posZ15;posVel15;rotX15;rotY15;rotZ15;rotVel15;confidence15;posX16;posY16;posZ16;posVel16;rotX16;rotY16;rotZ16;rotVel16;confidence16;posX17;posY17;posZ17;posVel17;rotX17;rotY17;rotZ17;rotVel17;confidence17;posX18;posY18;posZ18;posVel18;rotX18;rotY18;rotZ18;rotVel18;confidence18;posX19;posY19;posZ19;posVel19;rotX19;rotY19;rotZ19;rotVel19;confidence19;posX20;posY20;posZ20;posVel20;rotX20;rotY20;rotZ20;rotVel20;confidence20;posX21;posY21;posZ21;posVel21;rotX21;rotY21;rotZ21;rotVel21;confidence21;posX22;posY22;posZ22;posVel22;rotX22;rotY22;rotZ22;rotVel22;confidence22;posX23;posY23;posZ23;posVel23;rotX23;rotY23;rotZ23;rotVel23;confidence23;posX24;posY24;posZ24;posVel24;rotX24;rotY24;rotZ24;rotVel24;confidence24;posX25;posY25;posZ25;posVel25;rotX25;rotY25;rotZ25;rotVel25;confidence25;posX26;posY26;posZ26;posVel26;rotX26;rotY26;rotZ26;rotVel26;confidence26;posX27;posY27;posZ27;posVel27;rotX27;rotY27;rotZ27;rotVel27;confidence27;posX28;posY28;posZ28;posVel28;rotX28;rotY28;rotZ28;rotVel28;confidence28;posX29;posY29;posZ29;posVel29;rotX29;rotY29;rotZ29;rotVel29;confidence29;posX30;posY30;posZ30;posVel30;rotX30;rotY30;rotZ30;rotVel30;confidence30;posX31;posY31;posZ31;posVel31;rotX31;rotY31;rotZ31;rotVel31;confidence31;TimeStamp
0.000000;-150.000000;2000.000000;0.000000;0.000000;0.000000;0.000000;0.000000;2.000000;-8.915039;-337.580505;1986.074585;0.000000;0.000000;0.000000;0.000000;0.000000;2.000000;-16.908356;-487.743469;1993.172363;0.000000;0.000000;0.000000;0.000000;0.000000;2.000000;-44.540649;-714.989014;1982.777100;0.000000;0.000000;0.000000;0.000000;0.000000;2.000000;-5.142792;-682.246033;1990.006226;0.000000;0.000000;0.000000;0.000000;0.000000;2.000000;141.545914;-646.901917;1989.843750;0.000000;0.000000;0.000000;0.000000;0.000000;2.000000;212.154556;-452.180573;2195.209961;0.000000;0.000000;0.000000;0.000000;0.000000;2.000000;203.092880;-282.751984;2018.734497;0.000000;0.000000;0.000000;0.000000;0.000000;2.000000;162.837692;-306.155060;1928.390747;0.000000;0.000000;0.000000;0.000000;0.000000;2.000000;130.900574;-197.944992;1911.705322;0.000000;0.000000;0.000000;0.000000;0.000000;2.000000;120.267197;-355.464417;1934.358032;0.000000;0.000000;0.000000;0.000000;0.000000;2.000000;-74.978607;-672.715942;1981.193970;0.000000;0.000000;0.000000;0.000000;0.000000;2.000000;-197.322083;-608.375061;1968.526123;0.000000;0.000000;0.000000;0.000000;0.000000;2.000000;-232.964050;-333.944916;2076.898926;0.000000;0.000000;0.000000;0.000000;0.000000;2.000000;-167.460114;-266.833252;1847.412354;0.000000;0.000000;0.000000;0.000000;0.000000;1.000000;-58.340027;-272.794006;1853.186890;0.000000;0.000000;0.000000;0.000000;0.000000;1.000000;27.003265;-316.500061;1795.101563;0.000000;0.000000;0.000000;0.000000;0.000000;1.000000;-73.803497;-329.025818;1842.952637;0.000000;0.000000;0.000000;0.000000;0.000000;1.000000;96.012329;-154.897797;2004.507813;0.000000;0.000000;0.000000;0.000000;0.000000;2.000000;101.772812;264.036682;2059.402832;0.000000;0.000000;0.000000;0.000000;0.000000;2.000000;94.707306;657.110352;2151.726074;0.000000;0.000000;0.000000;0.000000;0.000000;2.000000;118.348007;758.953064;1983.889526;0.000000;0.000000;0.000000;0.000000;0.000000;2.000000;-86.578522;-145.583466;1995.935059;0.000000;0.000000;0.000000;0.000000;0.000000;2.000000;-146.999115;266.874023;2062.243896;0.000000;0.000000;0.000000;0.000000;0.000000;2.000000;-199.950684;661.173767;2153.093018;0.000000;0.000000;0.000000;0.000000;0.000000;2.000000;-237.070923;747.715698;1997.431519;0.000000;0.000000;0.000000;0.000000;0.000000;2.000000;-52.968719;-798.912109;1964.890747;0.000000;0.000000;0.000000;0.000000;0.000000;2.000000;-88.439606;-820.297852;1800.417969;0.000000;0.000000;0.000000;0.000000;0.000000;2.000000;-58.141296;-863.334778;1827.253418;0.000000;0.000000;0.000000;0.000000;0.000000;2.000000;25.028290;-870.032837;1931.860107;0.000000;0.000000;0.000000;0.000000;0.000000;2.000000;-112.309723;-855.668030;1834.496216;0.000000;0.000000;0.000000;0.000000;0.000000;2.000000;-145.932892;-860.316101;1968.559082;0.000000;0.000000;0.000000;0.000000;0.000000;2.000000;18916667392.000000
0.000000;-150.000000;2000.000000;0.000000;0.000000;0.000000;0.000000;0.000000;2.000000;-9.214844;-337.118530;1986.563843;0.022481;0.000000;0.000000;0.000000;0.000000;2.000000;-17.987640;-486.910065;1992.308594;0.049260;0.000000;0.000000;0.000000;0.000000;2.000000;-43.997620;-713.719604;1981.130005;0.065589;0.000000;0.000000;0.000000;0.000000;2.000000;-5.421753;-680.884644;1990.961060;0.051455;0.000000;0.000000;0.000000;0.000000;2.000000;139.826385;-641.604736;1994.222046;0.216194;0.000000;0.000000;0.000000;0.000000;2.000000;208.985474;-452.091248;2203.851563;0.280908;0.000000;0.000000;0.000000;0.000000;2.000000;208.878159;-285.651520;2025.179810;0.278729;0.000000;0.000000;0.000000;0.000000;2.000000;173.249725;-306.691315;1932.630493;0.343473;0.000000;0.000000;0.000000;0.000000;1.000000;136.233658;-201.349197;1910.853638;0.194825;0.000000;0.000000;0.000000;0.000000;1.000000;126.042343;-356.562378;1938.024048;0.211426;0.000000;0.000000;0.000000;0.000000;2.000000;-74.305695;-671.672729;1977.180786;0.128198;0.000000;0.000000;0.000000;0.000000;2.000000;-197.101654;-609.268066;1963.160522;0.166134;0.000000;0.000000;0.000000;0.000000;2.000000;-257.930023;-343.574585;2079.706055;0.821093;0.000000;0.000000;0.000000;0.000000;2.000000;-135.544617;-436.217834;1885.840088;5.389307;0.000000;0.000000;0.000000;0.000000;2.000000;-34.142975;-401.245544;1906.077515;4.303164;0.000000;0.000000;0.000000;0.000000;2.000000;59.835083;-452.898438;1874.398926;4.918021;0.000000;0.000000;0.000000;0.000000;2.000000;-21.924255;-481.852081;1898.096802;5.204853;0.000000;0.000000;0.000000;0.000000;2.000000;95.509979;-155.283783;2008.081299;0.110755;0.000000;0.000000;0.000000;0.000000;2.000000;104.645355;263.170532;2057.615723;0.106574;0.000000;0.000000;0.000000;0.000000;2.000000;92.503647;655.263306;2149.068848;0.119481;0.000000;0.000000;0.000000;0.000000;2.000000;122.095657;756.177002;1982.212402;0.151252;0.000000;0.000000;0.000000;0.000000;2.000000;-86.125549;-145.235397;1992.712646;0.099874;0.000000;0.000000;0.000000;0.000000;2.000000;-144.780304;265.822876;2062.352539;0.075000;0.000000;0.000000;0.000000;0.000000;2.000000;-200.144562;658.286743;2155.014160;0.105994;0.000000;0.000000;0.000000;0.000000;2.000000;-230.120697;744.916504;1998.407349;0.230591;0.000000;0.000000;0.000000;0.000000;2.000000;-50.836517;-797.541626;1963.152466;0.093794;0.000000;0.000000;0.000000;0.000000;2.000000;-83.081055;-822.088501;1798.903564;0.178505;0.000000;0.000000;0.000000;0.000000;2.000000;-52.595123;-864.058594;1826.860718;0.171111;0.000000;0.000000;0.000000;0.000000;2.000000;28.692230;-867.651611;1932.656128;0.135549;0.000000;0.000000;0.000000;0.000000;2.000000;-106.860596;-857.225342;1833.063110;0.178396;0.000000;0.000000;0.000000;0.000000;2.000000;-142.564087;-860.304321;1966.266357;0.124359;0.000000;0.000000;0.000000;0.000000;2.000000;18916700160.000000
0.000000;-150.000000;2000.000000;0.000000;0.000000;0.000000;0.000000;0.000000;2.000000;-8.802734;-335.987000;1984.987427;0.060539;0.000000;0.000000;0.000000;0.000000;2.000000;-17.381989;-484.819519;1993.752075;0.079702;0.000000;0.000000;0.000000;0.000000;2.000000;-39.036743;-710.612610;1978.824341;0.191994;0.000000;0.000000;0.000000;0.000000;2.000000;-1.170013;-677.393738;1988.646118;0.182143;0.000000;0.000000;0.000000;0.000000;2.000000;143.057114;-637.583618;1992.796997;0.163313;0.000000;0.000000;0.000000;0.000000;2.000000;208.115387;-455.812866;2208.311523;0.179247;0.000000;0.000000;0.000000;0.000000;2.000000;206.518021;-288.343506;2032.451050;0.247339;0.000000;0.000000;0.000000;0.000000;2.000000;170.935547;-315.997375;1942.259644;0.414723;0.000000;0.000000;0.000000;0.000000;1.000000;145.272354;-209.842270;1912.717529;0.382755;0.000000;0.000000;0.000000;0.000000;1.000000;131.348755;-360.499084;1942.740601;0.247741;0.000000;0.000000;0.000000;0.000000;2.000000;-70.039154;-669.331177;1976.114380;0.152048;0.000000;0.000000;0.000000;0.000000;2.000000;-193.624298;-609.407104;1966.290039;0.142831;0.000000;0.000000;0.000000;0.000000;2.000000;-256.777191;-345.939392;2082.540039;0.118008;0.000000;0.000000;0.000000;0.000000;2.000000;-137.434631;-457.679749;1898.829590;0.767754;0.000000;0.000000;0.000000;0.000000;2.000000;-33.643890;-466.013123;1929.537720;2.102276;0.000000;0.000000;0.000000;0.000000;2.000000;59.831360;-501.010437;1880.500732;1.480023;0.000000;0.000000;0.000000;0.000000;2.000000;-25.886536;-508.270691;1895.056763;0.820511;0.000000;0.000000;0.000000;0.000000;2.000000;95.078156;-155.066986;2007.024170;0.035471;0.000000;0.000000;0.000000;0.000000;2.000000;106.996353;260.592041;2059.836914;0.126232;0.000000;0.000000;0.000000;0.000000;2.000000;102.122101;651.358093;2147.906982;0.318781;0.000000;0.000000;0.000000;0.000000;2.000000;128.197479;754.607849;1983.177979;0.194516;0.000000;0.000000;0.000000;0.000000;2.000000;-85.736206;-145.430878;1993.665894;0.031985;0.000000;0.000000;0.000000;0.000000;2.000000;-140.536163;263.780457;2063.442627;0.147538;0.000000;0.000000;0.000000;0.000000;2.000000;-191.986420;654.912964;2154.219727;0.270505;0.000000;0.000000;0.000000;0.000000;2.000000;-223.722626;742.496338;1999.650146;0.212173;0.000000;0.000000;0.000000;0.000000;2.000000;-44.487915;-793.752808;1959.500610;0.251647;0.000000;0.000000;0.000000;0.000000;2.000000;-84.785583;-832.208252;1800.739502;0.318153;0.000000;0.000000;0.000000;0.000000;2.000000;-52.246857;-871.040100;1830.200195;0.236417;0.000000;0.000000;0.000000;0.000000;2.000000;34.161041;-864.644836;1930.757080;0.199079;0.000000;0.000000;0.000000;0.000000;2.000000;-105.926117;-864.517944;1838.735840;0.283395;0.000000;0.000000;0.000000;0.000000;2.000000;-134.233887;-856.981812;1972.757202;0.337854;0.000000;0.000000;0.000000;0.000000;2.000000;18916732928.000000
0.000000;-150.000000;2000.000000;0.000000;0.000000;0.000000;0.000000;0.000000;2.000000;-8.073669;-336.472473;1985.305420;0.028438;0.000000;0.000000;0.000000;0.000000;2.000000;-16.044373;-485.770386;1992.364258;0.065591;0.000000;0.000000;0.000000;0.000000;2.000000;-34.942841;-712.514282;1980.537842;0.147348;0.000000;0.000000;0.000000;0.000000;2.000000;2.779144;-678.587769;1989.016968;0.126415;0.000000;0.000000;0.000000;0.000000;2.000000;146.911835;-637.209961;1984.623169;0.276028;0.000000;0.000000;0.000000;0.000000;2.000000;208.185089;-388.911591;2121.353027;3.348262;0.000000;0.000000;0.000000;0.000000;2.000000;204.874207;-271.659058;1908.080200;3.829826;0.000000;0.000000;0.000000;0.000000;1.000000;169.753464;-348.380554;1852.474243;2.913028;0.000000;0.000000;0.000000;0.000000;1.000000;175.654953;-239.629669;1884.049683;1.565714;0.000000;0.000000;0.000000;0.000000;1.000000;117.429459;-371.117981;1941.095093;0.536637;0.000000;0.000000;0.000000;0.000000;1.000000;-66.654083;-671.604980;1978.158447;0.139205;0.000000;0.000000;0.000000;0.000000;2.000000;-188.189758;-607.615967;1964.682251;0.181387;0.000000;0.000000;0.000000;0.000000;2.000000;-246.575928;-341.145020;2078.251709;0.368039;0.000000;0.000000;0.000000;0.000000;2.000000;-130.423553;-458.015961;1894.938965;0.244912;0.000000;0.000000;0.000000;0.000000;2.000000;-29.604645;-470.534363;1933.894409;0.227838;0.000000;0.000000;0.000000;0.000000;2.000000;58.564026;-519.524414;1886.463379;0.594840;0.000000;0.000000;0.000000;0.000000;2.000000;-24.470978;-521.933960;1896.274536;0.420846;0.000000;0.000000;0.000000;0.000000;2.000000;95.267822;-154.725662;2007.624878;0.021865;0.000000;0.000000;0.000000;0.000000;2.000000;107.435638;261.587830;2062.758789;0.095154;0.000000;0.000000;0.000000;0.000000;2.000000;105.559937;653.576904;2149.654785;0.135783;0.000000;0.000000;0.000000;0.000000;2.000000;136.444702;754.120728;1983.556885;0.252389;0.000000;0.000000;0.000000;0.000000;2.000000;-85.907196;-145.738678;1993.124390;0.019712;0.000000;0.000000;0.000000;0.000000;2.000000;-136.099548;264.759033;2064.520264;0.142496;0.000000;0.000000;0.000000;0.000000;2.000000;-182.128357;656.884033;2158.001953;0.327793;0.000000;0.000000;0.000000;0.000000;2.000000;-207.627075;742.760986;2000.861084;0.492652;0.000000;0.000000;0.000000;0.000000;2.000000;-39.731262;-796.131958;1962.264648;0.182917;0.000000;0.000000;0.000000;0.000000;2.000000;-72.053833;-822.771729;1798.917236;0.486816;0.000000;0.000000;0.000000;0.000000;2.000000;-43.804840;-865.333496;1827.913086;0.318706;0.000000;0.000000;0.000000;0.000000;2.000000;36.371490;-870.292114;1933.962158;0.209330;0.000000;0.000000;0.000000;0.000000;2.000000;-97.554474;-855.879517;1833.580322;0.399403;0.000000;0.000000;0.000000;0.000000;2.000000;-133.995911;-854.293701;1966.151611;0.217760;0.000000;0.000000;0.000000;0.000000;2.000000;18916765696.000000
0.000000;-150.000000;2000.000000;0.000000;0.000000;0.000000;0.000000;0.000000;2.000000;-8.730377;-336.585754;1987.880493;0.076399;0.000000;0.000000;0.000000;0.000000;2.000000;-17.376740;-485.531097;1999.442993;0.207003;0.000000;0.000000;0.000000;0.000000;2.000000;-37.892487;-711.988403;1985.927246;0.177110;0.000000;0.000000;0.000000;0.000000;2.000000;0.222992;-678.365845;1993.762207;0.154943;0.000000;0.000000;0.000000;0.000000;2.000000;143.831589;-636.181641;1984.138306;0.094306;0.000000;0.000000;0.000000;0.000000;2.000000;190.324142;-395.666077;2139.233398;0.751378;0.000000;0.000000;0.000000;0.000000;2.000000;126.759125;-402.558105;1904.436035;4.379563;0.000000;0.000000;0.000000;0.000000;2.000000;106.200790;-501.239044;1897.615356;4.928419;0.000000;0.000000;0.000000;0.000000;2.000000;104.075409;-388.140137;1890.069214;4.738349;0.000000;0.000000;0.000000;0.000000;2.000000;79.601685;-529.542847;1949.827026;4.684981;0.000000;0.000000;0.000000;0.000000;2.000000;-69.407257;-670.890137;1984.753906;0.206304;0.000000;0.000000;0.000000;0.000000;2.000000;-190.299866;-606.946167;1966.458374;0.081522;0.000000;0.000000;0.000000;0.000000;2.000000;-250.288452;-341.321320;2080.998291;0.132739;0.000000;0.000000;0.000000;0.000000;2.000000;-140.580170;-466.687378;1899.411011;0.404517;0.000000;0.000000;0.000000;0.000000;2.000000;-37.013123;-480.522217;1929.673706;0.377191;0.000000;0.000000;0.000000;0.000000;2.000000;55.020599;-527.122681;1887.530396;0.242748;0.000000;0.000000;0.000000;0.000000;2.000000;-35.304504;-529.765381;1895.945679;0.384070;0.000000;0.000000;0.000000;0.000000;2.000000;95.243317;-154.945023;2007.521851;0.006996;0.000000;0.000000;0.000000;0.000000;2.000000;110.666519;261.096802;2063.170654;0.094607;0.000000;0.000000;0.000000;0.000000;2.000000;112.355408;653.114868;2149.520996;0.195671;0.000000;0.000000;0.000000;0.000000;2.000000;142.002502;755.201660;1984.192749;0.163647;0.000000;0.000000;0.000000;0.000000;2.000000;-85.885071;-145.540863;1993.217285;0.006309;0.000000;0.000000;0.000000;0.000000;2.000000;-133.191376;264.657532;2067.684082;0.123465;0.000000;0.000000;0.000000;0.000000;2.000000;-175.259338;657.310303;2160.417969;0.209501;0.000000;0.000000;0.000000;0.000000;2.000000;-203.598022;742.221558;2003.285767;0.135949;0.000000;0.000000;0.000000;0.000000;2.000000;-43.633759;-795.376953;1966.983398;0.177211;0.000000;0.000000;0.000000;0.000000;2.000000;-72.152649;-825.653320;1803.600220;0.157957;0.000000;0.000000;0.000000;0.000000;2.000000;-40.574585;-865.430054;1833.085083;0.175168;0.000000;0.000000;0.000000;0.000000;2.000000;38.821472;-862.810547;1939.765381;0.280913;0.000000;0.000000;0.000000;0.000000;2.000000;-94.974396;-860.637695;1838.268433;0.205672;0.000000;0.000000;0.000000;0.000000;2.000000;-132.516357;-861.450073;1970.507080;0.244348;0.000000;0.000000;0.000000;0.000000;2.000000;18916800512.000000
0.000000;-150.000000;2000.000000;0.000000;0.000000;0.000000;0.000000;0.000000;2.000000;-8.569397;-335.953796;1987.072144;0.031696;0.000000;0.000000;0.000000;0.000000;2.000000;-17.063538;-484.457214;1998.405518;0.046560;0.000000;0.000000;0.000000;0.000000;2.000000;-30.030487;-710.509766;1981.204956;0.283497;0.000000;0.000000;0.000000;0.000000;2.000000;6.918091;-675.850586;1989.062866;0.261161;0.000000;0.000000;0.000000;0.000000;2.000000;147.762939;-625.815552;1985.210327;0.339912;0.000000;0.000000;0.000000;0.000000;2.000000;194.911804;-389.212646;2144.385742;0.288290;0.000000;0.000000;0.000000;0.000000;2.000000;125.310867;-430.606384;1915.712158;0.923607;0.000000;0.000000;0.000000;0.000000;2.000000;109.750992;-529.879517;1922.519653;1.163318;0.000000;0.000000;0.000000;0.000000;2.000000;70.007446;-433.160278;1879.639404;1.752097;0.000000;0.000000;0.000000;0.000000;2.000000;69.778900;-564.241516;1898.035645;1.925955;0.000000;0.000000;0.000000;0.000000;2.000000;-62.835541;-670.625366;1981.219604;0.227860;0.000000;0.000000;0.000000;0.000000;2.000000;-184.770172;-610.466492;1960.411011;0.272173;0.000000;0.000000;0.000000;0.000000;2.000000;-243.751678;-355.127441;2094.779297;0.627843;0.000000;0.000000;0.000000;0.000000;2.000000;-141.463013;-472.272522;1904.614136;0.234501;0.000000;0.000000;0.000000;0.000000;2.000000;-36.488495;-491.659241;1923.699707;0.386017;0.000000;0.000000;0.000000;0.000000;2.000000;58.011627;-537.007019;1886.904175;0.315733;0.000000;0.000000;0.000000;0.000000;2.000000;-33.167664;-531.089050;1894.962646;0.082367;0.000000;0.000000;0.000000;0.000000;2.000000;94.969360;-154.879715;2007.237915;0.012205;0.000000;0.000000;0.000000;0.000000;2.000000;113.264465;259.705811;2063.023438;0.090044;0.000000;0.000000;0.000000;0.000000;2.000000;118.732880;650.678833;2148.142578;0.212544;0.000000;0.000000;0.000000;0.000000;2.000000;150.237854;751.640198;1983.193848;0.275509;0.000000;0.000000;0.000000;0.000000;2.000000;-85.638092;-145.599747;1993.473267;0.011003;0.000000;0.000000;0.000000;0.000000;2.000000;-127.419739;263.370819;2070.597168;0.201170;0.000000;0.000000;0.000000;0.000000;2.000000;-164.468842;654.880920;2164.772949;0.362765;0.000000;0.000000;0.000000;0.000000;2.000000;-196.045563;734.538879;2006.161011;0.340282;0.000000;0.000000;0.000000;0.000000;2.000000;-33.208252;-793.445923;1960.925415;0.372664;0.000000;0.000000;0.000000;0.000000;2.000000;-54.479095;-826.521362;1797.521606;0.570979;0.000000;0.000000;0.000000;0.000000;2.000000;-25.639465;-866.356873;1829.281372;0.471183;0.000000;0.000000;0.000000;0.000000;2.000000;48.241486;-863.532776;1939.348877;0.288600;0.000000;0.000000;0.000000;0.000000;2.000000;-79.896912;-859.954468;1831.645752;0.502992;0.000000;0.000000;0.000000;0.000000;2.000000;-123.748901;-856.722717;1961.438354;0.411091;0.000000;0.000000;0.000000;0.000000;2.000000;18916833280.000000
0.000000;-150.000000;2000.000000;0.000000;0.000000;0.000000;0.000000;0.000000;2.000000;-9.376587;-336.161804;1987.044434;0.025452;0.000000;0.000000;0.000000;0.000000;2.000000;-18.552429;-484.896393;1997.381958;0.056744;0.000000;0.000000;0.000000;0.000000;2.000000;-31.913147;-711.274841;1980.794800;0.063268;0.000000;0.000000;0.000000;0.000000;2.000000;5.208160;-676.579285;1988.104126;0.063825;0.000000;0.000000;0.000000;0.000000;2.000000;146.960556;-628.436462;1986.209595;0.089034;0.000000;0.000000;0.000000;0.000000;2.000000;191.132767;-377.352478;2123.208008;0.749665;0.000000;0.000000;0.000000;0.000000;2.000000;112.748795;-444.587463;1903.341431;0.686687;0.000000;0.000000;0.000000;0.000000;2.000000;106.014343;-543.360229;1922.554932;0.426912;0.000000;0.000000;0.000000;0.000000;2.000000;68.026703;-447.031494;1876.898071;0.435717;0.000000;0.000000;0.000000;0.000000;2.000000;55.850159;-581.840393;1908.660522;0.757806;0.000000;0.000000;0.000000;0.000000;2.000000;-64.732086;-671.314758;1981.160522;0.061610;0.000000;0.000000;0.000000;0.000000;2.000000;-187.921936;-613.469971;1959.978271;0.133518;0.000000;0.000000;0.000000;0.000000;2.000000;-243.052124;-352.133514;2084.983154;0.313333;0.000000;0.000000;0.000000;0.000000;2.000000;-144.326172;-482.568176;1901.273560;0.341685;0.000000;0.000000;0.000000;0.000000;2.000000;-38.259766;-493.989868;1921.534424;0.111118;0.000000;0.000000;0.000000;0.000000;2.000000;59.576294;-536.477722;1889.969971;0.106276;0.000000;0.000000;0.000000;0.000000;2.000000;-27.839020;-530.815796;1894.332642;0.163962;0.000000;0.000000;0.000000;0.000000;2.000000;95.033356;-155.325089;2007.737427;0.020516;0.000000;0.000000;0.000000;0.000000;2.000000;118.080841;260.160522;2059.066650;0.190730;0.000000;0.000000;0.000000;0.000000;2.000000;124.609772;650.504883;2149.341309;0.183118;0.000000;0.000000;0.000000;0.000000;2.000000;155.480743;752.606079;1984.665283;0.168776;0.000000;0.000000;0.000000;0.000000;2.000000;-85.695770;-145.198120;1993.022827;0.018501;0.000000;0.000000;0.000000;0.000000;2.000000;-128.794342;264.380737;2069.204590;0.067199;0.000000;0.000000;0.000000;0.000000;2.000000;-167.132446;656.284241;2163.536377;0.099326;0.000000;0.000000;0.000000;0.000000;2.000000;-193.211731;737.186951;2004.284546;0.131488;0.000000;0.000000;0.000000;0.000000;2.000000;-35.417694;-794.360229;1960.702271;0.073289;0.000000;0.000000;0.000000;0.000000;2.000000;-48.307861;-824.646851;1795.660156;0.204861;0.000000;0.000000;0.000000;0.000000;2.000000;-19.337708;-864.121338;1827.891846;0.208416;0.000000;0.000000;0.000000;0.000000;2.000000;49.620972;-860.962891;1941.305786;0.107189;0.000000;0.000000;0.000000;0.000000;2.000000;-73.923828;-859.791565;1827.982788;0.213888;0.000000;0.000000;0.000000;0.000000;2.000000;-123.531097;-861.049011;1955.916504;0.214178;0.000000;0.000000;0.000000;0.000000;2.000000;18916866048.000000
0.000000;-150.000000;2000.000000;0.000000;0.000000;0.000000;0.000000;0.000000;2.000000;-4.873474;-336.563538;1986.668335;0.130303;0.000000;0.000000;0.000000;0.000000;2.000000;-10.221283;-485.833435;1994.665283;0.253127;0.000000;0.000000;0.000000;0.000000;2.000000;-23.954926;-712.839294;1983.621338;0.246696;0.000000;0.000000;0.000000;0.000000;2.000000;13.358276;-677.956970;1989.397095;0.240299;0.000000;0.000000;0.000000;0.000000;2.000000;155.750992;-631.070435;1987.874878;0.267878;0.000000;0.000000;0.000000;0.000000;2.000000;197.056168;-378.166199;2123.245850;0.171736;0.000000;0.000000;0.000000;0.000000;2.000000;120.312393;-447.798462;1903.180054;0.236057;0.000000;0.000000;0.000000;0.000000;2.000000;114.590118;-546.606567;1923.244751;0.264119;0.000000;0.000000;0.000000;0.000000;2.000000;77.896667;-449.442200;1877.917725;0.293289;0.000000;0.000000;0.000000;0.000000;2.000000;60.781769;-584.564697;1905.446411;0.186305;0.000000;0.000000;0.000000;0.000000;2.000000;-56.799652;-672.807251;1983.696533;0.243010;0.000000;0.000000;0.000000;0.000000;2.000000;-179.368103;-613.926147;1960.624878;0.246736;0.000000;0.000000;0.000000;0.000000;2.000000;-252.655640;-379.315369;2124.291504;1.400120;0.000000;0.000000;0.000000;0.000000;2.000000;-143.684570;-441.784058;1912.401001;1.214377;0.000000;0.000000;0.000000;0.000000;2.000000;-59.859528;-372.533447;1913.390259;3.550972;0.000000;0.000000;0.000000;0.000000;2.000000;5.928894;-457.112183;1882.967041;2.758844;0.000000;0.000000;0.000000;0.000000;1.000000;-20.857635;-489.963135;1895.196777;1.190657;0.000000;0.000000;0.000000;0.000000;2.000000;95.292694;-153.017776;2007.395752;0.067407;0.000000;0.000000;0.000000;0.000000;2.000000;123.984924;262.579712;2059.647705;0.184022;0.000000;0.000000;0.000000;0.000000;2.000000;135.114777;652.495850;2153.676270;0.331381;0.000000;0.000000;0.000000;0.000000;2.000000;164.498779;750.595764;1986.003906;0.268148;0.000000;0.000000;0.000000;0.000000;2.000000;-85.929596;-147.278748;1993.330933;0.060785;0.000000;0.000000;0.000000;0.000000;2.000000;-128.512787;262.647827;2071.063965;0.073450;0.000000;0.000000;0.000000;0.000000;2.000000;-166.642151;654.865784;2166.542480;0.096505;0.000000;0.000000;0.000000;0.000000;2.000000;-184.971191;732.663513;2004.408936;0.270027;0.000000;0.000000;0.000000;0.000000;2.000000;-27.869690;-796.483337;1965.523193;0.264373;0.000000;0.000000;0.000000;0.000000;2.000000;-49.243286;-824.356140;1800.701782;0.147516;0.000000;0.000000;0.000000;0.000000;2.000000;-17.254242;-863.502747;1830.534912;0.098285;0.000000;0.000000;0.000000;0.000000;2.000000;58.027832;-860.125183;1940.067505;0.245254;0.000000;0.000000;0.000000;0.000000;2.000000;-71.927490;-860.888550;1833.791382;0.179207;0.000000;0.000000;0.000000;0.000000;2.000000;-114.162964;-865.909912;1964.451050;0.389852;0.000000;0.000000;0.000000;0.000000;2.000000;18916900864.000000
0.000000;-150.000000;2000.000000;0.000000;0.000000;0.000000;0.000000;0.000000;2.000000;-1.955872;-336.672546;1983.917480;0.122419;0.000000;0.000000;0.000000;0.000000;2.000000;-5.229126;-486.253235;1991.260376;0.184855;0.000000;0.000000;0.000000;0.000000;2.000000;-20.238861;-713.564880;1981.415405;0.133727;0.000000;0.000000;0.000000;0.000000;2.000000;17.207489;-678.839294;1987.894897;0.128940;0.000000;0.000000;0.000000;0.000000;2.000000;163.233276;-644.317505;1993.028687;0.490214;0.000000;0.000000;0.000000;0.000000;2.000000;195.621750;-383.519226;2116.199707;0.273572;0.000000;0.000000;0.000000;0.000000;2.000000;189.809433;-407.472961;1873.853882;2.610281;0.000000;0.000000;0.000000;0.000000;1.000000;165.158066;-505.535400;1871.835205;2.532573;0.000000;0.000000;0.000000;0.000000;1.000000;129.154190;-423.377625;1802.315674;2.898747;0.000000;0.000000;0.000000;0.000000;1.000000;99.414520;-526.814392;1892.006104;2.159694;0.000000;0.000000;0.000000;0.000000;1.000000;-52.850983;-673.259399;1980.391846;0.157742;0.000000;0.000000;0.000000;0.000000;2.000000;-175.864044;-614.355164;1958.582642;0.124462;0.000000;0.000000;0.000000;0.000000;2.000000;-262.227386;-398.559998;2141.413574;0.838617;0.000000;0.000000;0.000000;0.000000;2.000000;-161.912079;-298.199768;1939.632446;4.494509;0.000000;0.000000;0.000000;0.000000;2.000000;-66.934479;-253.934738;1910.010498;3.627246;0.000000;0.000000;0.000000;0.000000;2.000000;-17.031128;-347.625610;1875.732910;3.421074;0.000000;0.000000;0.000000;0.000000;2.000000;-68.521149;-385.757324;1891.898193;3.498430;0.000000;0.000000;0.000000;0.000000;2.000000;95.412018;-151.692917;2008.046265;0.045189;0.000000;0.000000;0.000000;0.000000;2.000000;127.053436;263.880249;2063.584473;0.157411;0.000000;0.000000;0.000000;0.000000;2.000000;144.196808;654.070862;2158.056152;0.311440;0.000000;0.000000;0.000000;0.000000;2.000000;169.470825;750.339905;1988.330566;0.167708;0.000000;0.000000;0.000000;0.000000;2.000000;-86.037201;-148.473434;1992.744263;0.040750;0.000000;0.000000;0.000000;0.000000;2.000000;-125.486267;261.826599;2073.392090;0.119192;0.000000;0.000000;0.000000;0.000000;2.000000;-159.966827;654.355652;2171.445313;0.253237;0.000000;0.000000;0.000000;0.000000;2.000000;-177.710114;729.735168;2007.818726;0.260609;0.000000;0.000000;0.000000;0.000000;2.000000;-24.271057;-797.427612;1963.772095;0.125487;0.000000;0.000000;0.000000;0.000000;2.000000;-34.505829;-828.958252;1798.292847;0.476871;0.000000;0.000000;0.000000;0.000000;2.000000;-5.549438;-868.059204;1831.284180;0.383994;0.000000;0.000000;0.000000;0.000000;2.000000;61.913757;-863.514099;1945.981934;0.239452;0.000000;0.000000;0.000000;0.000000;2.000000;-60.323975;-864.244202;1830.557129;0.381607;0.000000;0.000000;0.000000;0.000000;2.000000;-111.911926;-865.181091;1958.125366;0.206107;0.000000;0.000000;0.000000;0.000000;2.000000;18916933632.000000
0.000000;-150.000000;2000.000000;0.000000;0.000000;0.000000;0.000000;0.000000;2.000000;-3.002411;-336.758118;1983.751099;0.032444;0.000000;0.000000;0.000000;0.000000;2.000000;-6.999390;-486.461609;1990.003052;0.066568;0.000000;0.000000;0.000000;0.000000;2.000000;-20.525543;-714.013123;1980.353516;0.036247;0.000000;0.000000;0.000000;0.000000;2.000000;16.690430;-679.021301;1986.974731;0.032686;0.000000;0.000000;0.000000;0.000000;2.000000;162.507965;-643.497742;1993.627319;0.038073;0.000000;0.000000;0.000000;0.000000;2.000000;196.176941;-382.653259;2116.771484;0.035916;0.000000;0.000000;0.000000;0.000000;2.000000;197.256699;-365.909424;1873.606079;1.288641;0.000000;0.000000;0.000000;0.000000;1.000000;191.930908;-465.134155;1854.462402;1.571243;0.000000;0.000000;0.000000;0.000000;1.000000;131.227463;-407.388000;1777.812378;0.895148;0.000000;0.000000;0.000000;0.000000;1.000000;118.468109;-494.138977;1884.156372;1.178919;0.000000;0.000000;0.000000;0.000000;1.000000;-53.407654;-673.892761;1979.124512;0.046455;0.000000;0.000000;0.000000;0.000000;2.000000;-176.607666;-615.759216;1955.823608;0.097162;0.000000;0.000000;0.000000;0.000000;2.000000;-264.041077;-396.599792;2134.383789;0.229491;0.000000;0.000000;0.000000;0.000000;2.000000;-160.961792;-290.432739;1936.829346;0.253658;0.000000;0.000000;0.000000;0.000000;2.000000;-68.514130;-241.796829;1905.846436;0.394567;0.000000;0.000000;0.000000;0.000000;2.000000;-12.776306;-332.116394;1871.291748;0.509162;0.000000;0.000000;0.000000;0.000000;2.000000;-63.463348;-373.268311;1885.943359;0.449569;0.000000;0.000000;0.000000;0.000000;2.000000;95.473572;-152.220154;2007.876221;0.017010;0.000000;0.000000;0.000000;0.000000;2.000000;128.488205;263.688751;2062.012207;0.065220;0.000000;0.000000;0.000000;0.000000;2.000000;147.797424;654.317261;2155.283691;0.138886;0.000000;0.000000;0.000000;0.000000;2.000000;172.839920;748.936646;1984.461548;0.162316;0.000000;0.000000;0.000000;0.000000;2.000000;-86.092743;-147.998001;1992.897583;0.015339;0.000000;0.000000;0.000000;0.000000;2.000000;-123.301788;262.566986;2074.580078;0.079178;0.000000;0.000000;0.000000;0.000000;2.000000;-156.126160;655.949463;2170.782227;0.128503;0.000000;0.000000;0.000000;0.000000;2.000000;-174.679810;732.315308;2007.582153;0.121672;0.000000;0.000000;0.000000;0.000000;2.000000;-23.942230;-797.971191;1962.781372;0.035917;0.000000;0.000000;0.000000;0.000000;2.000000;-37.440033;-828.945557;1797.326904;0.094273;0.000000;0.000000;0.000000;0.000000;2.000000;-6.140167;-867.136108;1829.291992;0.069389;0.000000;0.000000;0.000000;0.000000;2.000000;64.207153;-860.696106;1942.246704;0.159022;0.000000;0.000000;0.000000;0.000000;2.000000;-61.052307;-865.384460;1830.051514;0.044080;0.000000;0.000000;0.000000;0.000000;2.000000;-109.148804;-868.991760;1959.018433;0.146209;0.000000;0.000000;0.000000;0.000000;2.000000;18916966400.000000
0.000000;-150.000000;2000.000000;0.000000;0.000000;0.000000;0.000000;0.000000;2.000000;-1.566742;-336.735657;1981.783813;0.074327;0.000000;0.000000;0.000000;0.000000;2.000000;-4.217560;-486.633911;1986.627930;0.133581;0.000000;0.000000;0.000000;0.000000;2.000000;-13.184448;-714.666199;1979.220215;0.227561;0.000000;0.000000;0.000000;0.000000;2.000000;23.368500;-678.841187;1985.362793;0.209724;0.000000;0.000000;0.000000;0.000000;2.000000;168.647873;-641.269409;1994.590210;0.201488;0.000000;0.000000;0.000000;0.000000;2.000000;208.476593;-381.878052;2119.468262;0.385000;0.000000;0.000000;0.000000;0.000000;2.000000;210.061386;-324.210571;1882.461426;1.358348;0.000000;0.000000;0.000000;0.000000;1.000000;214.282944;-418.909363;1846.822754;1.584185;0.000000;0.000000;0.000000;0.000000;1.000000;149.134369;-398.301086;1756.020142;0.904336;0.000000;0.000000;0.000000;0.000000;1.000000;144.141754;-458.418030;1879.778198;1.349102;0.000000;0.000000;0.000000;0.000000;1.000000;-46.900360;-675.201599;1977.732056;0.206973;0.000000;0.000000;0.000000;0.000000;2.000000;-172.802155;-622.203308;1956.068237;0.228511;0.000000;0.000000;0.000000;0.000000;2.000000;-256.025604;-397.445984;2129.990234;0.280143;0.000000;0.000000;0.000000;0.000000;2.000000;-168.337372;-248.767899;1953.293457;1.385587;0.000000;0.000000;0.000000;0.000000;2.000000;-86.691803;-209.418198;1892.668213;1.202435;0.000000;0.000000;0.000000;0.000000;2.000000;-11.931976;-286.360352;1861.555908;1.427856;0.000000;0.000000;0.000000;0.000000;2.000000;-71.067627;-331.805542;1884.575806;1.287124;0.000000;0.000000;0.000000;0.000000;2.000000;95.639771;-151.470139;2006.844604;0.039253;0.000000;0.000000;0.000000;0.000000;2.000000;127.046875;264.350952;2064.926514;0.101257;0.000000;0.000000;0.000000;0.000000;2.000000;147.435638;656.421265;2153.081543;0.093601;0.000000;0.000000;0.000000;0.000000;2.000000;186.977600;749.441101;1983.959839;0.431994;0.000000;0.000000;0.000000;0.000000;2.000000;-86.242584;-148.674332;1993.827759;0.035394;0.000000;0.000000;0.000000;0.000000;2.000000;-116.803925;262.817200;2075.230469;0.199436;0.000000;0.000000;0.000000;0.000000;2.000000;-143.088287;656.697449;2172.687988;0.402760;0.000000;0.000000;0.000000;0.000000;2.000000;-162.045868;733.735413;2009.699097;0.393327;0.000000;0.000000;0.000000;0.000000;2.000000;-14.970245;-798.906250;1962.459351;0.275462;0.000000;0.000000;0.000000;0.000000;2.000000;-17.523621;-825.297180;1795.556030;0.620273;0.000000;0.000000;0.000000;0.000000;2.000000;10.801910;-864.960144;1828.566528;0.521748;0.000000;0.000000;0.000000;0.000000;2.000000;73.297058;-862.882935;1946.319336;0.311212;0.000000;0.000000;0.000000;0.000000;2.000000;-44.030640;-862.122498;1825.588745;0.546166;0.000000;0.000000;0.000000;0.000000;2.000000;-101.058228;-868.128113;1950.884644;0.351101;0.000000;0.000000;0.000000;0.000000;2.000000;18916999168.000000
0.000000;-150.000000;2000.000000;0.000000;0.000000;0.000000;0.000000;0.000000;2.000000;0.572906;-336.994568;1982.431030;0.064635;0.000000;0.000000;0.000000;0.000000;2.000000;-0.311432;-487.053528;1987.646729;0.116572;0.000000;0.000000;0.000000;0.000000;2.000000;-7.289429;-715.363342;1979.533203;0.170736;0.000000;0.000000;0.000000;0.000000;2.000000;28.987488;-679.201599;1985.777588;0.162161;0.000000;0.000000;0.000000;0.000000;2.000000;173.396530;-637.959656;1995.467163;0.168151;0.000000;0.000000;0.000000;0.000000;2.000000;192.599457;-404.125488;2167.481934;1.586857;0.000000;0.000000;0.000000;0.000000;2.000000;178.801437;-243.758377;1983.870850;3.824897;0.000000;0.000000;0.000000;0.000000;2.000000;195.130493;-309.756531;1908.676392;3.645263;0.000000;0.000000;0.000000;0.000000;1.000000;187.484634;-352.804016;1803.658203;2.189341;0.000000;0.000000;0.000000;0.000000;1.000000;153.330627;-370.784180;1914.392944;2.719137;0.000000;0.000000;0.000000;0.000000;1.000000;-41.385132;-676.151672;1978.178345;0.161254;0.000000;0.000000;0.000000;0.000000;2.000000;-168.638763;-627.263367;1953.998169;0.197378;0.000000;0.000000;0.000000;0.000000;2.000000;-250.649200;-392.583984;2115.456543;0.466483;0.000000;0.000000;0.000000;0.000000;2.000000;-200.064056;-183.312378;1993.856323;2.392141;0.000000;0.000000;0.000000;0.000000;2.000000;-140.441925;-180.159210;1902.482300;1.780207;0.000000;0.000000;0.000000;0.000000;2.000000;-50.257324;-242.412277;1880.262573;1.758930;0.000000;0.000000;0.000000;0.000000;2.000000;-108.864166;-245.899796;1900.606201;2.734723;0.000000;0.000000;0.000000;0.000000;2.000000;95.760773;-150.332733;2006.663818;0.033261;0.000000;0.000000;0.000000;0.000000;2.000000;127.162018;265.741455;2066.020264;0.050921;0.000000;0.000000;0.000000;0.000000;2.000000;148.487061;658.428284;2153.067383;0.065079;0.000000;0.000000;0.000000;0.000000;2.000000;194.417816;749.842590;1984.452393;0.214479;0.000000;0.000000;0.000000;0.000000;2.000000;-86.351685;-149.699966;1993.990845;0.029993;0.000000;0.000000;0.000000;0.000000;2.000000;-115.861115;262.612366;2073.818848;0.049110;0.000000;0.000000;0.000000;0.000000;2.000000;-141.207001;656.850830;2171.796875;0.059953;0.000000;0.000000;0.000000;0.000000;2.000000;-153.898285;734.811401;2008.434204;0.238830;0.000000;0.000000;0.000000;0.000000;2.000000;-8.344940;-799.649353;1962.496582;0.191491;0.000000;0.000000;0.000000;0.000000;2.000000;-15.383972;-831.777527;1796.557251;0.198113;0.000000;0.000000;0.000000;0.000000;2.000000;17.419556;-867.936523;1829.552246;0.210329;0.000000;0.000000;0.000000;0.000000;2.000000;84.244324;-856.871094;1944.546997;0.362320;0.000000;0.000000;0.000000;0.000000;2.000000;-37.591949;-869.628357;1828.818848;0.298807;0.000000;0.000000;0.000000;0.000000;2.000000;-88.950989;-876.007751;1956.675781;0.447011;0.000000;0.000000;0.000000;0.000000;2.000000;18917033984.000000
0.000000;-150.000000;2000.000000;0.000000;0.000000;0.000000;0.000000;0.000000;2.000000;0.138763;-337.114136;1982.620850;0.014913;0.000000;0.000000;0.000000;0.000000;2.000000;-1.054047;-487.248779;1987.910278;0.024775;0.000000;0.000000;0.000000;0.000000;2.000000;-8.132629;-715.670776;1979.595337;0.027455;0.000000;0.000000;0.000000;0.000000;2.000000;28.137665;-679.519531;1986.159302;0.030041;0.000000;0.000000;0.000000;0.000000;2.000000;172.907455;-639.036255;1994.867065;0.040467;0.000000;0.000000;0.000000;0.000000;2.000000;197.635727;-375.278381;2115.479004;1.821320;0.000000;0.000000;0.000000;0.000000;2.000000;192.892807;-225.043304;1922.886353;1.993695;0.000000;0.000000;0.000000;0.000000;1.000000;199.015167;-296.643616;1851.307495;1.799820;0.000000;0.000000;0.000000;0.000000;1.000000;195.102768;-359.610931;1756.576172;1.470266;0.000000;0.000000;0.000000;0.000000;1.000000;154.369644;-356.848999;1906.959106;0.483037;0.000000;0.000000;0.000000;0.000000;1.000000;-42.206543;-676.412720;1977.987549;0.026940;0.000000;0.000000;0.000000;0.000000;2.000000;-169.364777;-628.250244;1951.531616;0.084048;0.000000;0.000000;0.000000;0.000000;2.000000;-259.682709;-394.440430;2110.083496;0.325725;0.000000;0.000000;0.000000;0.000000;2.000000;-211.115875;-182.873764;1991.397583;0.345780;0.000000;0.000000;0.000000;0.000000;2.000000;-147.821686;-173.898834;1902.853760;0.295550;0.000000;0.000000;0.000000;0.000000;2.000000;-54.993744;-231.180542;1878.002075;0.378338;0.000000;0.000000;0.000000;0.000000;2.000000;-112.117523;-233.088181;1901.640137;0.404621;0.000000;0.000000;0.000000;0.000000;2.000000;95.822845;-150.532394;2006.497192;0.008159;0.000000;0.000000;0.000000;0.000000;2.000000;128.598053;265.733704;2065.365723;0.048163;0.000000;0.000000;0.000000;0.000000;2.000000;150.948547;658.400635;2153.239502;0.075307;0.000000;0.000000;0.000000;0.000000;2.000000;196.530701;751.339600;1985.241089;0.082608;0.000000;0.000000;0.000000;0.000000;2.000000;-86.407684;-149.519928;1994.141235;0.007360;0.000000;0.000000;0.000000;0.000000;2.000000;-114.587616;263.038910;2074.364746;0.044243;0.000000;0.000000;0.000000;0.000000;2.000000;-138.590424;657.681030;2171.960449;0.083923;0.000000;0.000000;0.000000;0.000000;2.000000;-152.230988;735.892456;2008.686157;0.061127;0.000000;0.000000;0.000000;0.000000;2.000000;-9.110626;-799.990723;1962.489746;0.025585;0.000000;0.000000;0.000000;0.000000;2.000000;-9.551483;-824.246216;1794.979126;0.294663;0.000000;0.000000;0.000000;0.000000;2.000000;22.170624;-861.827393;1827.495117;0.244381;0.000000;0.000000;0.000000;0.000000;2.000000;84.471375;-855.978760;1945.458252;0.039534;0.000000;0.000000;0.000000;0.000000;2.000000;-32.790497;-863.689575;1824.543213;0.267101;0.000000;0.000000;0.000000;0.000000;2.000000;-89.046539;-876.329102;1949.929443;0.206136;0.000000;0.000000;0.000000;0.000000;2.000000;18917066752.000000
0.000000;-150.000000;2000.000000;0.000000;0.000000;0.000000;0.000000;0.000000;2.000000;0.473083;-337.566162;1982.347412;0.019079;0.000000;0.000000;0.000000;0.000000;2.000000;-0.570435;-488.046967;1988.572144;0.034916;0.000000;0.000000;0.000000;0.000000;2.000000;-1.144928;-717.202271;1981.596802;0.226693;0.000000;0.000000;0.000000;0.000000;2.000000;34.243835;-679.885010;1987.437012;0.190708;0.000000;0.000000;0.000000;0.000000;2.000000;178.410736;-636.259277;1997.473999;0.204249;0.000000;0.000000;0.000000;0.000000;2.000000;208.635132;-372.303528;2118.182617;0.357390;0.000000;0.000000;0.000000;0.000000;2.000000;207.041489;-212.212936;1932.828369;0.657119;0.000000;0.000000;0.000000;0.000000;1.000000;210.615723;-280.479401;1857.550659;0.636372;0.000000;0.000000;0.000000;0.000000;1.000000;212.240494;-347.733185;1765.386597;0.690808;0.000000;0.000000;0.000000;0.000000;1.000000;168.093689;-342.782471;1907.327271;0.599849;0.000000;0.000000;0.000000;0.000000;1.000000;-36.452118;-678.859375;1980.277954;0.203224;0.000000;0.000000;0.000000;0.000000;2.000000;-165.377991;-634.297363;1954.230103;0.235883;0.000000;0.000000;0.000000;0.000000;2.000000;-259.613647;-397.531311;2107.431885;0.124298;0.000000;0.000000;0.000000;0.000000;2.000000;-203.644958;-178.266830;2005.910034;0.517585;0.000000;0.000000;0.000000;0.000000;2.000000;-151.688477;-164.141068;1910.577881;0.397699;0.000000;0.000000;0.000000;0.000000;2.000000;-58.419861;-199.361404;1859.198730;1.132758;0.000000;0.000000;0.000000;0.000000;2.000000;-120.283142;-200.628189;1898.159912;1.026970;0.000000;0.000000;0.000000;0.000000;2.000000;96.053162;-150.388718;2006.704590;0.010425;0.000000;0.000000;0.000000;0.000000;2.000000;136.222443;266.510254;2064.159180;0.236762;0.000000;0.000000;0.000000;0.000000;2.000000;165.434433;659.566406;2152.962891;0.443584;0.000000;0.000000;0.000000;0.000000;2.000000;210.215500;753.453613;1984.688477;0.422917;0.000000;0.000000;0.000000;0.000000;2.000000;-86.615356;-149.649460;1993.953979;0.009405;0.000000;0.000000;0.000000;0.000000;2.000000;-106.001160;264.296021;2075.244629;0.266189;0.000000;0.000000;0.000000;0.000000;2.000000;-121.838196;660.260132;2173.461426;0.519285;0.000000;0.000000;0.000000;0.000000;2.000000;-138.640442;738.500610;2009.983887;0.424172;0.000000;0.000000;0.000000;0.000000;2.000000;0.074188;-801.828613;1964.927490;0.295377;0.000000;0.000000;0.000000;0.000000;2.000000;3.588013;-828.089722;1797.321899;0.423862;0.000000;0.000000;0.000000;0.000000;2.000000;35.054535;-865.045166;1831.052002;0.419548;0.000000;0.000000;0.000000;0.000000;2.000000;94.826172;-857.148193;1950.577271;0.354311;0.000000;0.000000;0.000000;0.000000;2.000000;-19.944794;-867.533813;1826.907593;0.415511;0.000000;0.000000;0.000000;0.000000;2.000000;-78.966125;-879.351318;1951.485474;0.324650;0.000000;0.000000;0.000000;0.000000;2.000000;18917099520.000000
0.000000;-150.000000;2000.000000;0.000000;0.000000;0.000000;0.000000;0.000000;2.000000;1.887268;-337.600952;1983.057861;0.045467;0.000000;0.000000;0.000000;0.000000;2.000000;2.034302;-488.027405;1990.192993;0.088118;0.000000;0.000000;0.000000;0.000000;2.000000;5.838928;-717.081421;1981.901489;0.200814;0.000000;0.000000;0.000000;0.000000;2.000000;40.495300;-679.135742;1988.024658;0.181628;0.000000;0.000000;0.000000;0.000000;2.000000;183.488235;-631.681946;1997.186768;0.196524;0.000000;0.000000;0.000000;0.000000;2.000000;216.015030;-369.311707;2120.640625;0.239373;0.000000;0.000000;0.000000;0.000000;2.000000;208.653137;-195.529678;1948.247314;0.654135;0.000000;0.000000;0.000000;0.000000;1.000000;212.694336;-257.702148;1867.900146;0.721062;0.000000;0.000000;0.000000;0.000000;1.000000;225.779541;-328.977844;1779.778198;0.782488;0.000000;0.000000;0.000000;0.000000;1.000000;175.931305;-324.494995;1908.761963;0.572952;0.000000;0.000000;0.000000;0.000000;1.000000;-30.185852;-679.415161;1980.733765;0.181163;0.000000;0.000000;0.000000;0.000000;2.000000;-158.644226;-635.995728;1950.819702;0.222221;0.000000;0.000000;0.000000;0.000000;2.000000;-246.335327;-383.722168;2081.422852;0.927817;0.000000;0.000000;0.000000;0.000000;2.000000;-206.567932;-155.252258;1993.548706;0.755032;0.000000;0.000000;0.000000;0.000000;2.000000;-143.535461;-150.060471;1904.193115;0.502027;0.000000;0.000000;0.000000;0.000000;2.000000;-49.196686;-186.857834;1856.000122;0.455626;0.000000;0.000000;0.000000;0.000000;2.000000;-121.039429;-197.878372;1889.330688;0.266498;0.000000;0.000000;0.000000;0.000000;2.000000;96.067108;-149.605621;2006.334351;0.024883;0.000000;0.000000;0.000000;0.000000;2.000000;138.516541;266.833374;2065.110596;0.071935;0.000000;0.000000;0.000000;0.000000;2.000000;170.568665;659.764709;2153.272217;0.147845;0.000000;0.000000;0.000000;0.000000;2.000000;218.001190;752.203674;1984.949463;0.226611;0.000000;0.000000;0.000000;0.000000;2.000000;-86.627930;-150.355637;1994.287964;0.022440;0.000000;0.000000;0.000000;0.000000;2.000000;-101.136658;263.511108;2076.734375;0.147854;0.000000;0.000000;0.000000;0.000000;2.000000;-112.319275;659.560242;2175.052002;0.277925;0.000000;0.000000;0.000000;0.000000;2.000000;-131.007019;734.701904;2010.353394;0.245128;0.000000;0.000000;0.000000;0.000000;2.000000;8.700928;-801.561707;1964.750854;0.247951;0.000000;0.000000;0.000000;0.000000;2.000000;12.388397;-828.872437;1797.336548;0.253767;0.000000;0.000000;0.000000;0.000000;2.000000;43.366730;-865.948914;1831.372192;0.240329;0.000000;0.000000;0.000000;0.000000;2.000000;102.888824;-857.960388;1950.998657;0.233065;0.000000;0.000000;0.000000;0.000000;2.000000;-11.638153;-867.880432;1827.091431;0.238853;0.000000;0.000000;0.000000;0.000000;2.000000;-71.110748;-878.315002;1951.560303;0.227591;0.000000;0.000000;0.000000;0.000000;2.000000;18917134336.000000
0.000000;-150.000000;2000.000000;0.000000;0.000000;0.000000;0.000000;0.000000;2.000000;1.617798;-337.418457;1980.646851;0.074246;0.000000;0.000000;0.000000;0.000000;2.000000;1.760406;-487.988464;1985.041016;0.157452;0.000000;0.000000;0.000000;0.000000;2.000000;8.961151;-717.065125;1978.119019;0.149678;0.000000;0.000000;0.000000;0.000000;2.000000;43.084778;-678.557678;1983.825195;0.151593;0.000000;0.000000;0.000000;0.000000;2.000000;186.010468;-631.214478;1995.018433;0.102504;0.000000;0.000000;0.000000;0.000000;2.000000;211.854355;-365.866699;2113.775391;0.266589;0.000000;0.000000;0.000000;0.000000;2.000000;205.253204;-181.064529;1953.123291;0.477261;0.000000;0.000000;0.000000;0.000000;1.000000;213.829987;-237.560593;1868.996460;0.616556;0.000000;0.000000;0.000000;0.000000;1.000000;241.650848;-311.376831;1786.529785;0.752045;0.000000;0.000000;0.000000;0.000000;1.000000;177.785675;-307.921082;1903.870605;0.530391;0.000000;0.000000;0.000000;0.000000;1.000000;-27.640137;-679.941101;1976.917603;0.140912;0.000000;0.000000;0.000000;0.000000;2.000000;-158.989258;-642.865967;1951.142212;0.210158;0.000000;0.000000;0.000000;0.000000;2.000000;-244.374756;-384.727356;2071.590820;0.307491;0.000000;0.000000;0.000000;0.000000;2.000000;-206.343750;-158.974396;1976.078979;0.545143;0.000000;0.000000;0.000000;0.000000;2.000000;-135.577698;-155.342102;1892.595093;0.458512;0.000000;0.000000;0.000000;0.000000;2.000000;-35.875000;-189.688965;1854.352295;0.418656;0.000000;0.000000;0.000000;0.000000;2.000000;-110.692078;-200.843552;1881.584229;0.404709;0.000000;0.000000;0.000000;0.000000;2.000000;96.139099;-149.746155;2005.578369;0.023569;0.000000;0.000000;0.000000;0.000000;2.000000;143.209137;266.873901;2060.180908;0.207708;0.000000;0.000000;0.000000;0.000000;2.000000;177.127625;658.409119;2154.138428;0.206096;0.000000;0.000000;0.000000;0.000000;2.000000;226.098969;752.447998;1987.087769;0.255704;0.000000;0.000000;0.000000;0.000000;2.000000;-86.692871;-150.228897;1994.969727;0.021255;0.000000;0.000000;0.000000;0.000000;2.000000;-95.184875;263.778931;2078.096924;0.186512;0.000000;0.000000;0.000000;0.000000;2.000000;-101.217651;660.182007;2175.871094;0.340245;0.000000;0.000000;0.000000;0.000000;2.000000;-122.935181;732.967224;2010.436157;0.251970;0.000000;0.000000;0.000000;0.000000;2.000000;13.000763;-801.618591;1961.462524;0.165204;0.000000;0.000000;0.000000;0.000000;2.000000;16.313293;-829.990417;1794.173096;0.157579;0.000000;0.000000;0.000000;0.000000;2.000000;48.713928;-865.832947;1828.232666;0.189265;0.000000;0.000000;0.000000;0.000000;2.000000;108.853027;-855.110840;1947.374023;0.230058;0.000000;0.000000;0.000000;0.000000;2.000000;-6.246094;-869.539429;1824.384277;0.190961;0.000000;0.000000;0.000000;0.000000;2.000000;-64.447235;-880.976807;1949.404297;0.228650;0.000000;0.000000;0.000000;0.000000;2.000000;18917167104.000000
0.000000;-150.000000;2000.000000;0.000000;0.000000;0.000000;0.000000;0.000000;2.000000;6.519409;-337.549438;1981.256348;0.150790;0.000000;0.000000;0.000000;0.000000;2.000000;10.832703;-488.212708;1985.087769;0.276953;0.000000;0.000000;0.000000;0.000000;2.000000;17.354309;-717.551575;1979.219849;0.258759;0.000000;0.000000;0.000000;0.000000;2.000000;51.566559;-679.097473;1985.184326;0.262663;0.000000;0.000000;0.000000;0.000000;2.000000;194.898178;-632.921448;1997.852539;0.289414;0.000000;0.000000;0.000000;0.000000;2.000000;216.817200;-367.057800;2116.908936;0.182769;0.000000;0.000000;0.000000;0.000000;2.000000;210.967239;-175.660812;1963.779419;0.404175;0.000000;0.000000;0.000000;0.000000;1.000000;219.911316;-228.717590;1877.368408;0.415388;0.000000;0.000000;0.000000;0.000000;1.000000;251.385590;-302.161194;1795.740479;0.496349;0.000000;0.000000;0.000000;0.000000;1.000000;185.746490;-300.031616;1906.985596;0.355004;0.000000;0.000000;0.000000;0.000000;1.000000;-19.138489;-680.277832;1977.412354;0.260092;0.000000;0.000000;0.000000;0.000000;2.000000;-150.786407;-644.985596;1950.016357;0.260826;0.000000;0.000000;0.000000;0.000000;2.000000;-242.988129;-388.165131;2068.928223;0.139283;0.000000;0.000000;0.000000;0.000000;2.000000;-201.239716;-162.913864;1973.187744;0.215640;0.000000;0.000000;0.000000;0.000000;2.000000;-126.797760;-152.755127;1893.388062;0.280378;0.000000;0.000000;0.000000;0.000000;2.000000;-28.523987;-191.545700;1855.391846;0.233545;0.000000;0.000000;0.000000;0.000000;2.000000;-105.378265;-202.930298;1875.654907;0.251188;0.000000;0.000000;0.000000;0.000000;2.000000;96.232391;-147.125305;2004.707031;0.084335;0.000000;0.000000;0.000000;0.000000;2.000000;147.121429;268.784332;2064.121338;0.179205;0.000000;0.000000;0.000000;0.000000;2.000000;186.777466;661.196106;2153.682373;0.306842;0.000000;0.000000;0.000000;0.000000;2.000000;235.427841;750.037659;1983.505249;0.313711;0.000000;0.000000;0.000000;0.000000;2.000000;-86.777008;-152.592255;1995.755493;0.076049;0.000000;0.000000;0.000000;0.000000;2.000000;-94.022919;262.149841;2077.313477;0.065580;0.000000;0.000000;0.000000;0.000000;2.000000;-98.703461;659.483459;2172.940430;0.119752;0.000000;0.000000;0.000000;0.000000;2.000000;-122.049713;732.398621;2007.598755;0.092354;0.000000;0.000000;0.000000;0.000000;2.000000;21.316589;-802.266785;1962.957275;0.258604;0.000000;0.000000;0.000000;0.000000;2.000000;23.556946;-833.400085;1795.981934;0.250483;0.000000;0.000000;0.000000;0.000000;2.000000;57.798035;-867.402100;1830.222656;0.287811;0.000000;0.000000;0.000000;0.000000;2.000000;119.075073;-852.295898;1948.444824;0.325210;0.000000;0.000000;0.000000;0.000000;2.000000;2.927551;-873.301270;1827.184937;0.314421;0.000000;0.000000;0.000000;0.000000;2.000000;-53.206970;-884.831543;1953.278687;0.381425;0.000000;0.000000;0.000000;0.000000;2.000000;18917199872.000000
0.000000;-150.000000;2000.000000;0.000000;0.000000;0.000000;0.000000;0.000000;2.000000;2.656921;-337.336792;1984.038208;0.145408;0.000000;0.000000;0.000000;0.000000;2.000000;3.818237;-487.548553;1989.737061;0.257616;0.000000;0.000000;0.000000;0.000000;2.000000;15.471008;-715.884766;1980.436523;0.085260;0.000000;0.000000;0.000000;0.000000;2.000000;48.946960;-676.779541;1984.786865;0.107433;0.000000;0.000000;0.000000;0.000000;2.000000;186.940338;-617.322144;1995.893433;0.537754;0.000000;0.000000;0.000000;0.000000;2.000000;219.915482;-361.824310;2131.775391;0.490185;0.000000;0.000000;0.000000;0.000000;2.000000;108.498871;-359.550781;1914.200195;6.600084;0.000000;0.000000;0.000000;0.000000;2.000000;117.643341;-458.369263;1892.952148;7.686643;0.000000;0.000000;0.000000;0.000000;2.000000;123.281616;-571.833252;1900.963135;9.660414;0.000000;0.000000;0.000000;0.000000;2.000000;92.416718;-498.967926;1883.541626;6.744020;0.000000;0.000000;0.000000;0.000000;2.000000;-21.842407;-679.622803;1981.373657;0.147726;0.000000;0.000000;0.000000;0.000000;2.000000;-153.798401;-649.287476;1951.715820;0.168446;0.000000;0.000000;0.000000;0.000000;2.000000;-236.633484;-391.409393;2072.991455;0.250573;0.000000;0.000000;0.000000;0.000000;2.000000;-191.253601;-191.445114;1934.300049;1.503129;0.000000;0.000000;0.000000;0.000000;2.000000;-95.124573;-156.439697;1895.892822;0.976105;0.000000;0.000000;0.000000;0.000000;2.000000;12.949890;-183.298569;1884.507202;1.566774;0.000000;0.000000;0.000000;0.000000;1.000000;-67.171631;-196.821106;1863.505371;1.237630;0.000000;0.000000;0.000000;0.000000;1.000000;95.966888;-149.067291;2005.027344;0.060609;0.000000;0.000000;0.000000;0.000000;2.000000;153.672485;265.205109;2060.551758;0.252521;0.000000;0.000000;0.000000;0.000000;2.000000;196.585999;655.016113;2154.428467;0.354525;0.000000;0.000000;0.000000;0.000000;2.000000;240.844925;747.443115;1985.653564;0.194672;0.000000;0.000000;0.000000;0.000000;2.000000;-86.537537;-150.841064;1995.466553;0.054655;0.000000;0.000000;0.000000;0.000000;2.000000;-90.123901;262.011047;2080.270996;0.149407;0.000000;0.000000;0.000000;0.000000;2.000000;-91.583008;657.170044;2179.737061;0.308585;0.000000;0.000000;0.000000;0.000000;2.000000;-112.054810;727.791748;2013.618408;0.382819;0.000000;0.000000;0.000000;0.000000;2.000000;20.451904;-800.024170;1962.880737;0.073387;0.000000;0.000000;0.000000;0.000000;2.000000;28.877869;-829.741089;1796.359619;0.197407;0.000000;0.000000;0.000000;0.000000;2.000000;61.712921;-863.930786;1831.475098;0.164186;0.000000;0.000000;0.000000;0.000000;2.000000;118.377777;-849.841064;1951.655029;0.125151;0.000000;0.000000;0.000000;0.000000;2.000000;7.155304;-869.758179;1826.364136;0.170192;0.000000;0.000000;0.000000;0.000000;2.000000;-53.459259;-882.222778;1949.814331;0.132571;0.000000;0.000000;0.000000;0.000000;2.000000;18917232640.000000
0.000000;-150.000000;2000.000000;0.000000;0.000000;0.000000;0.000000;0.000000;2.000000;4.445129;-336.971008;1981.908691;0.080558;0.000000;0.000000;0.000000;0.000000;2.000000;6.828522;-487.069641;1987.301636;0.112063;0.000000;0.000000;0.000000;0.000000;2.000000;18.946625;-715.305664;1980.617554;0.101338;0.000000;0.000000;0.000000;0.000000;2.000000;52.349243;-676.097412;1984.061401;0.101821;0.000000;0.000000;0.000000;0.000000;2.000000;190.774689;-618.474060;1997.680908;0.125935;0.000000;0.000000;0.000000;0.000000;2.000000;221.234299;-363.792175;2135.215332;0.119965;0.000000;0.000000;0.000000;0.000000;2.000000;117.582184;-370.936157;1914.137085;0.418340;0.000000;0.000000;0.000000;0.000000;2.000000;112.216248;-472.017029;1907.892822;0.601760;0.000000;0.000000;0.000000;0.000000;2.000000;135.375183;-583.377380;1911.583130;0.568897;0.000000;0.000000;0.000000;0.000000;2.000000;86.167511;-510.216370;1890.043823;0.414100;0.000000;0.000000;0.000000;0.000000;2.000000;-18.418671;-679.152832;1981.595215;0.099464;0.000000;0.000000;0.000000;0.000000;2.000000;-151.857910;-651.607849;1956.707886;0.167652;0.000000;0.000000;0.000000;0.000000;2.000000;-241.012512;-387.844910;2058.798096;0.438742;0.000000;0.000000;0.000000;0.000000;2.000000;-199.690369;-263.073547;1849.238159;3.203206;0.000000;0.000000;0.000000;0.000000;1.000000;-122.890381;-185.666992;1855.055176;1.648199;0.000000;0.000000;0.000000;0.000000;1.000000;-19.220184;-179.809357;1896.660156;0.992809;0.000000;0.000000;0.000000;0.000000;1.000000;-73.629761;-205.362030;1860.298462;0.321048;0.000000;0.000000;0.000000;0.000000;1.000000;95.847656;-148.273117;2005.703247;0.030149;0.000000;0.000000;0.000000;0.000000;2.000000;154.073792;265.705627;2060.525635;0.018442;0.000000;0.000000;0.000000;0.000000;2.000000;198.053864;654.884949;2155.259766;0.048599;0.000000;0.000000;0.000000;0.000000;2.000000;243.096176;746.374939;1986.350708;0.074319;0.000000;0.000000;0.000000;0.000000;2.000000;-86.430054;-151.557205;1994.857056;0.027186;0.000000;0.000000;0.000000;0.000000;2.000000;-90.944580;261.039917;2079.325928;0.045503;0.000000;0.000000;0.000000;0.000000;2.000000;-93.183228;655.614685;2179.869873;0.064209;0.000000;0.000000;0.000000;0.000000;2.000000;-109.636597;726.740662;2013.665039;0.075746;0.000000;0.000000;0.000000;0.000000;2.000000;23.917328;-799.577515;1964.029663;0.105645;0.000000;0.000000;0.000000;0.000000;2.000000;31.041412;-830.358215;1797.767212;0.076226;0.000000;0.000000;0.000000;0.000000;2.000000;63.628937;-864.713867;1832.878906;0.071835;0.000000;0.000000;0.000000;0.000000;2.000000;121.092041;-850.617920;1952.569580;0.085239;0.000000;0.000000;0.000000;0.000000;2.000000;9.016418;-869.899109;1828.108154;0.073370;0.000000;0.000000;0.000000;0.000000;2.000000;-51.009247;-880.881470;1951.873779;0.099675;0.000000;0.000000;0.000000;0.000000;2.000000;18917267456.000000
0.000000;-150.000000;2000.000000;0.000000;0.000000;0.000000;0.000000;0.000000;2.000000;3.344666;-337.206055;1979.939941;0.069203;0.000000;0.000000;0.000000;0.000000;2.000000;5.322662;-487.636108;1985.413940;0.075693;0.000000;0.000000;0.000000;0.000000;2.000000;20.016724;-716.216553;1978.555664;0.076149;0.000000;0.000000;0.000000;0.000000;2.000000;53.003296;-676.577271;1982.698120;0.048412;0.000000;0.000000;0.000000;0.000000;2.000000;195.170593;-626.700195;1990.911621;0.351703;0.000000;0.000000;0.000000;0.000000;2.000000;203.805161;-362.541687;2114.291992;0.831919;0.000000;0.000000;0.000000;0.000000;2.000000;189.879486;-324.983521;1872.782104;2.902987;0.000000;0.000000;0.000000;0.000000;1.000000;173.391144;-421.696838;1846.234009;3.063378;0.000000;0.000000;0.000000;0.000000;1.000000;177.929047;-535.250793;1836.608643;3.013087;0.000000;0.000000;0.000000;0.000000;1.000000;113.029968;-452.854431;1880.462646;1.954980;0.000000;0.000000;0.000000;0.000000;1.000000;-17.824371;-680.384766;1978.897705;0.092299;0.000000;0.000000;0.000000;0.000000;2.000000;-152.260590;-655.215454;1955.202393;0.119929;0.000000;0.000000;0.000000;0.000000;2.000000;-244.467804;-393.670654;2062.060547;0.229434;0.000000;0.000000;0.000000;0.000000;2.000000;-201.237396;-294.721863;1838.904419;1.017108;0.000000;0.000000;0.000000;0.000000;1.000000;-135.587067;-207.169113;1838.153931;0.920194;0.000000;0.000000;0.000000;0.000000;1.000000;-37.033661;-187.513199;1887.837158;0.650615;0.000000;0.000000;0.000000;0.000000;1.000000;-80.834564;-224.060883;1855.278076;0.630438;0.000000;0.000000;0.000000;0.000000;1.000000;96.180786;-148.620285;2003.160767;0.078967;0.000000;0.000000;0.000000;0.000000;2.000000;160.344757;265.781555;2055.180664;0.251468;0.000000;0.000000;0.000000;0.000000;2.000000;205.775131;654.119873;2156.221680;0.238601;0.000000;0.000000;0.000000;0.000000;2.000000;248.966415;741.145874;1983.998535;0.250422;0.000000;0.000000;0.000000;0.000000;2.000000;-86.730438;-151.244141;1997.149780;0.071210;0.000000;0.000000;0.000000;0.000000;2.000000;-90.316864;262.266510;2081.790039;0.086157;0.000000;0.000000;0.000000;0.000000;2.000000;-91.098663;658.038513;2181.252686;0.106298;0.000000;0.000000;0.000000;0.000000;2.000000;-105.440460;722.429626;2011.706543;0.193078;0.000000;0.000000;0.000000;0.000000;2.000000;26.203369;-800.583557;1961.884277;0.100480;0.000000;0.000000;0.000000;0.000000;2.000000;45.076904;-830.250977;1795.961548;0.431872;0.000000;0.000000;0.000000;0.000000;2.000000;76.142700;-864.122070;1833.082275;0.382367;0.000000;0.000000;0.000000;0.000000;2.000000;125.320587;-849.379395;1956.649048;0.183249;0.000000;0.000000;0.000000;0.000000;2.000000;21.985321;-870.565125;1824.661621;0.410021;0.000000;0.000000;0.000000;0.000000;2.000000;-45.966400;-883.719788;1944.388184;0.288743;0.000000;0.000000;0.000000;0.000000;2.000000;18917300224.000000
0.000000;-150.000000;2000.000000;0.000000;0.000000;0.000000;0.000000;0.000000;2.000000;4.568756;-338.249634;1980.462646;0.051616;0.000000;0.000000;0.000000;0.000000;2.000000;7.127106;-489.471252;1986.115845;0.081411;0.000000;0.000000;0.000000;0.000000;2.000000;23.052856;-719.262695;1981.852417;0.165375;0.000000;0.000000;0.000000;0.000000;2.000000;55.813354;-679.248535;1987.412109;0.186267;0.000000;0.000000;0.000000;0.000000;2.000000;198.871796;-629.281128;1994.395142;0.173964;0.000000;0.000000;0.000000;0.000000;2.000000;210.511261;-359.443726;2108.601074;0.284577;0.000000;0.000000;0.000000;0.000000;2.000000;196.573608;-280.800201;1875.800537;1.366863;0.000000;0.000000;0.000000;0.000000;1.000000;183.947968;-372.492950;1832.509644;1.591844;0.000000;0.000000;0.000000;0.000000;1.000000;192.991547;-483.008911;1803.322632;1.945493;0.000000;0.000000;0.000000;0.000000;1.000000;131.209778;-412.679413;1874.644531;1.357394;0.000000;0.000000;0.000000;0.000000;1.000000;-15.084839;-683.388306;1979.929077;0.127992;0.000000;0.000000;0.000000;0.000000;2.000000;-148.198608;-651.164307;1953.145874;0.185984;0.000000;0.000000;0.000000;0.000000;2.000000;-245.927612;-393.347229;2068.274414;0.195045;0.000000;0.000000;0.000000;0.000000;2.000000;-108.112976;-296.479340;1884.583618;3.165871;0.000000;0.000000;0.000000;0.000000;2.000000;-139.329407;-199.907013;1842.110840;0.277022;0.000000;0.000000;0.000000;0.000000;1.000000;-27.072540;-196.490967;1851.558350;1.180354;0.000000;0.000000;0.000000;0.000000;1.000000;-66.127747;-173.858673;1866.072510;1.630071;0.000000;0.000000;0.000000;0.000000;1.000000;96.609924;-148.177460;2005.031128;0.060101;0.000000;0.000000;0.000000;0.000000;2.000000;168.668182;268.127869;2049.383057;0.317730;0.000000;0.000000;0.000000;0.000000;2.000000;213.507004;657.128174;2156.618652;0.253478;0.000000;0.000000;0.000000;0.000000;2.000000;256.488739;744.719849;1983.413574;0.254782;0.000000;0.000000;0.000000;0.000000;2.000000;-87.117432;-151.643448;1995.463135;0.054198;0.000000;0.000000;0.000000;0.000000;2.000000;-89.708862;264.414673;2078.951660;0.110205;0.000000;0.000000;0.000000;0.000000;2.000000;-90.113403;662.372437;2178.685547;0.156635;0.000000;0.000000;0.000000;0.000000;2.000000;-99.343811;726.736816;2007.731323;0.258092;0.000000;0.000000;0.000000;0.000000;2.000000;30.435944;-804.185547;1966.122559;0.213300;0.000000;0.000000;0.000000;0.000000;2.000000;51.251434;-822.191772;1797.842651;0.315107;0.000000;0.000000;0.000000;0.000000;2.000000;82.504456;-858.432129;1833.023193;0.260476;0.000000;0.000000;0.000000;0.000000;2.000000;130.647644;-851.755981;1958.460327;0.186398;0.000000;0.000000;0.000000;0.000000;2.000000;28.209137;-864.854614;1823.593384;0.259824;0.000000;0.000000;0.000000;0.000000;2.000000;-41.057312;-887.072632;1942.078979;0.194627;0.000000;0.000000;0.000000;0.000000;2.000000;18917332992.000000
0.000000;-150.000000;2000.000000;0.000000;0.000000;0.000000;0.000000;0.000000;2.000000;3.830505;-338.379028;1979.325073;0.041574;0.000000;0.000000;0.000000;0.000000;2.000000;5.379486;-489.858398;1983.133545;0.106148;0.000000;0.000000;0.000000;0.000000;2.000000;21.463684;-719.934570;1979.543457;0.087964;0.000000;0.000000;0.000000;0.000000;2.000000;54.153870;-679.850586;1985.591553;0.077389;0.000000;0.000000;0.000000;0.000000;2.000000;197.084686;-629.106934;1993.577026;0.060216;0.000000;0.000000;0.000000;0.000000;2.000000;213.534027;-358.430878;2106.122070;0.123241;0.000000;0.000000;0.000000;0.000000;2.000000;201.781982;-252.031830;1884.163818;0.928001;0.000000;0.000000;0.000000;0.000000;1.000000;190.877319;-337.997986;1829.779053;1.076961;0.000000;0.000000;0.000000;0.000000;1.000000;201.704651;-444.157837;1787.438965;1.308210;0.000000;0.000000;0.000000;0.000000;1.000000;141.582031;-384.310760;1871.791992;0.925896;0.000000;0.000000;0.000000;0.000000;1.000000;-16.693787;-684.032227;1976.909790;0.106241;0.000000;0.000000;0.000000;0.000000;2.000000;-149.981720;-651.995972;1949.873169;0.116535;0.000000;0.000000;0.000000;0.000000;2.000000;-240.435516;-389.820068;2062.020020;0.275879;0.000000;0.000000;0.000000;0.000000;2.000000;-101.515228;-302.217224;1874.141357;0.415638;0.000000;0.000000;0.000000;0.000000;2.000000;-135.589569;-202.136734;1843.201660;0.136983;0.000000;0.000000;0.000000;0.000000;1.000000;-23.290070;-195.492294;1852.060791;0.120368;0.000000;0.000000;0.000000;0.000000;1.000000;-62.799408;-175.368439;1864.532349;0.121033;0.000000;0.000000;0.000000;0.000000;1.000000;96.599213;-148.830185;2007.238403;0.070245;0.000000;0.000000;0.000000;0.000000;2.000000;172.166748;267.651581;2049.031250;0.108286;0.000000;0.000000;0.000000;0.000000;2.000000;216.807388;657.631592;2154.671631;0.117945;0.000000;0.000000;0.000000;0.000000;2.000000;260.478271;745.189575;1981.340942;0.137948;0.000000;0.000000;0.000000;0.000000;2.000000;-87.107758;-151.054886;1993.472778;0.063342;0.000000;0.000000;0.000000;0.000000;2.000000;-87.119171;265.262939;2078.352051;0.085152;0.000000;0.000000;0.000000;0.000000;2.000000;-85.946625;663.683105;2178.311279;0.133791;0.000000;0.000000;0.000000;0.000000;2.000000;-95.558624;727.422852;2006.903687;0.120083;0.000000;0.000000;0.000000;0.000000;2.000000;29.146149;-804.987305;1964.072388;0.077862;0.000000;0.000000;0.000000;0.000000;2.000000;55.544586;-820.490234;1796.113892;0.150483;0.000000;0.000000;0.000000;0.000000;2.000000;86.333099;-856.701904;1831.852417;0.133103;0.000000;0.000000;0.000000;0.000000;2.000000;130.467651;-850.839478;1958.971191;0.032489;0.000000;0.000000;0.000000;0.000000;2.000000;32.409729;-863.912354;1820.626953;0.159548;0.000000;0.000000;0.000000;0.000000;2.000000;-40.225769;-888.836670;1936.733765;0.173641;0.000000;0.000000;0.000000;0.000000;2.000000;18917365760.000000
0.000000;-150.000000;2000.000000;0.000000;0.000000;0.000000;0.000000;0.000000;2.000000;4.407990;-337.745209;1979.142700;0.025179;0.000000;0.000000;0.000000;0.000000;2.000000;6.407898;-488.736847;1983.135986;0.043706;0.000000;0.000000;0.000000;0.000000;2.000000;22.947784;-718.007324;1977.363892;0.093810;0.000000;0.000000;0.000000;0.000000;2.000000;55.447540;-678.037109;1983.769409;0.082661;0.000000;0.000000;0.000000;0.000000;2.000000;198.054657;-627.767944;1991.449097;0.077401;0.000000;0.000000;0.000000;0.000000;2.000000;213.863129;-358.994537;2106.214600;0.018935;0.000000;0.000000;0.000000;0.000000;2.000000;200.202057;-233.493103;1895.489380;0.625628;0.000000;0.000000;0.000000;0.000000;1.000000;192.663269;-314.153503;1833.537720;0.695223;0.000000;0.000000;0.000000;0.000000;1.000000;207.368744;-415.231445;1781.924683;0.861302;0.000000;0.000000;0.000000;0.000000;1.000000;146.746155;-365.983185;1871.457520;0.546995;0.000000;0.000000;0.000000;0.000000;1.000000;-15.168915;-682.278809;1975.086060;0.084844;0.000000;0.000000;0.000000;0.000000;2.000000;-148.639587;-653.495117;1947.568604;0.087873;0.000000;0.000000;0.000000;0.000000;2.000000;-242.440369;-391.761658;2055.406006;0.206191;0.000000;0.000000;0.000000;0.000000;2.000000;-99.432861;-302.827332;1872.323364;0.081308;0.000000;0.000000;0.000000;0.000000;2.000000;-133.818604;-202.888397;1842.525391;0.058573;0.000000;0.000000;0.000000;0.000000;1.000000;-21.879333;-196.301193;1851.464111;0.049753;0.000000;0.000000;0.000000;0.000000;1.000000;-61.230713;-176.120346;1863.944092;0.052745;0.000000;0.000000;0.000000;0.000000;1.000000;96.294556;-148.535065;2007.164551;0.012366;0.000000;0.000000;0.000000;0.000000;2.000000;173.293854;266.310516;2048.998047;0.050325;0.000000;0.000000;0.000000;0.000000;2.000000;218.747223;655.287231;2153.058594;0.098919;0.000000;0.000000;0.000000;0.000000;2.000000;261.958130;744.345581;1981.101685;0.049412;0.000000;0.000000;0.000000;0.000000;2.000000;-86.833069;-151.320984;1993.539429;0.011150;0.000000;0.000000;0.000000;0.000000;2.000000;-85.798279;263.679016;2078.174072;0.059458;0.000000;0.000000;0.000000;0.000000;2.000000;-84.138611;660.900024;2177.587402;0.097565;0.000000;0.000000;0.000000;0.000000;2.000000;-92.588562;726.271118;2007.352783;0.092402;0.000000;0.000000;0.000000;0.000000;2.000000;30.790894;-802.623779;1961.130981;0.118228;0.000000;0.000000;0.000000;0.000000;2.000000;56.963623;-821.042847;1793.979614;0.075306;0.000000;0.000000;0.000000;0.000000;2.000000;88.550781;-855.687622;1830.259033;0.083669;0.000000;0.000000;0.000000;0.000000;2.000000;132.768066;-846.182129;1956.677979;0.163091;0.000000;0.000000;0.000000;0.000000;2.000000;34.938385;-864.299438;1819.402710;0.081456;0.000000;0.000000;0.000000;0.000000;2.000000;-36.567352;-888.279175;1935.884033;0.109058;0.000000;0.000000;0.000000;0.000000;2.000000;18917400576.000000
0.000000;-150.000000;2000.000000;0.000000;0.000000;0.000000;0.000000;0.000000;2.000000;4.306335;-337.563477;1979.147095;0.006356;0.000000;0.000000;0.000000;0.000000;2.000000;6.235291;-488.415070;1982.915527;0.013017;0.000000;0.000000;0.000000;0.000000;2.000000;22.652405;-717.460327;1976.749023;0.026684;0.000000;0.000000;0.000000;0.000000;2.000000;55.118866;-677.560181;1983.349854;0.021826;0.000000;0.000000;0.000000;0.000000;2.000000;197.549744;-627.276489;1991.303589;0.021957;0.000000;0.000000;0.000000;0.000000;2.000000;213.543091;-359.154297;2106.839844;0.021983;0.000000;0.000000;0.000000;0.000000;2.000000;201.088593;-220.798996;1904.533203;0.476423;0.000000;0.000000;0.000000;0.000000;1.000000;194.818695;-297.350739;1837.591064;0.531574;0.000000;0.000000;0.000000;0.000000;1.000000;210.821106;-394.755157;1779.903931;0.636700;0.000000;0.000000;0.000000;0.000000;1.000000;150.496552;-352.082947;1872.527832;0.440583;0.000000;0.000000;0.000000;0.000000;1.000000;-15.398590;-681.740356;1974.403564;0.027440;0.000000;0.000000;0.000000;0.000000;2.000000;-148.698090;-653.478394;1946.208252;0.041556;0.000000;0.000000;0.000000;0.000000;2.000000;-246.909637;-396.323853;2060.161621;0.243001;0.000000;0.000000;0.000000;0.000000;2.000000;-108.293915;-288.758606;1884.164551;0.622933;0.000000;0.000000;0.000000;0.000000;2.000000;-152.052094;-188.166763;1885.253906;1.487215;0.000000;0.000000;0.000000;0.000000;2.000000;-39.874298;-193.319733;1880.927246;1.057505;0.000000;0.000000;0.000000;0.000000;1.000000;-55.661102;-154.755142;1873.898560;0.739120;0.000000;0.000000;0.000000;0.000000;1.000000;96.199707;-148.590363;2007.187012;0.003420;0.000000;0.000000;0.000000;0.000000;2.000000;173.601593;265.795502;2048.663086;0.020969;0.000000;0.000000;0.000000;0.000000;2.000000;219.859421;654.546265;2151.677734;0.058644;0.000000;0.000000;0.000000;0.000000;2.000000;263.524048;744.817749;1980.692749;0.051450;0.000000;0.000000;0.000000;0.000000;2.000000;-86.747467;-151.271133;1993.519043;0.003086;0.000000;0.000000;0.000000;0.000000;2.000000;-85.034821;263.337067;2078.005859;0.026040;0.000000;0.000000;0.000000;0.000000;2.000000;-82.645172;660.105347;2177.574707;0.051628;0.000000;0.000000;0.000000;0.000000;2.000000;-91.407013;726.344360;2007.882080;0.039574;0.000000;0.000000;0.000000;0.000000;2.000000;30.500946;-801.966187;1960.390991;0.031480;0.000000;0.000000;0.000000;0.000000;2.000000;58.287048;-819.997070;1793.626343;0.052592;0.000000;0.000000;0.000000;0.000000;2.000000;90.228851;-853.958618;1830.146484;0.073610;0.000000;0.000000;0.000000;0.000000;2.000000;133.235596;-843.500122;1956.769287;0.083129;0.000000;0.000000;0.000000;0.000000;2.000000;36.930725;-863.609253;1818.897705;0.066166;0.000000;0.000000;0.000000;0.000000;2.000000;-34.922333;-888.849609;1934.736694;0.063634;0.000000;0.000000;0.000000;0.000000;2.000000;18917433344.000000
0.000000;-150.000000;2000.000000;0.000000;0.000000;0.000000;0.000000;0.000000;2.000000;5.468018;-336.903748;1980.679443;0.062040;0.000000;0.000000;0.000000;0.000000;2.000000;7.789490;-487.034851;1986.957642;0.138710;0.000000;0.000000;0.000000;0.000000;2.000000;36.046783;-713.953613;1980.756836;0.439886;0.000000;0.000000;0.000000;0.000000;2.000000;66.272064;-672.580078;1987.228394;0.391100;0.000000;0.000000;0.000000;0.000000;2.000000;203.023041;-609.472656;1989.243652;0.571891;0.000000;0.000000;0.000000;0.000000;2.000000;193.569061;-365.722870;2148.232178;1.416829;0.000000;0.000000;0.000000;0.000000;2.000000;136.193390;-376.346283;1910.918091;5.147178;0.000000;0.000000;0.000000;0.000000;2.000000;145.928528;-476.111389;1895.224121;5.922863;0.000000;0.000000;0.000000;0.000000;2.000000;170.193115;-586.875977;1905.465332;7.113065;0.000000;0.000000;0.000000;0.000000;2.000000;125.512360;-519.923950;1898.469849;5.238705;0.000000;0.000000;0.000000;0.000000;2.000000;-3.664093;-680.417603;1978.543213;0.381878;0.000000;0.000000;0.000000;0.000000;2.000000;-137.782562;-661.629517;1949.213989;0.425744;0.000000;0.000000;0.000000;0.000000;2.000000;-232.796112;-402.858307;2058.889893;0.476219;0.000000;0.000000;0.000000;0.000000;2.000000;-108.861786;-288.981018;1877.460327;0.205441;0.000000;0.000000;0.000000;0.000000;2.000000;-140.608612;-185.564850;1892.676392;0.423762;0.000000;0.000000;0.000000;0.000000;2.000000;-36.417816;-187.972488;1851.905518;0.906737;0.000000;0.000000;0.000000;0.000000;2.000000;-50.613678;-166.282730;1873.160034;0.384700;0.000000;0.000000;0.000000;0.000000;1.000000;95.626343;-148.141449;2009.084473;0.062024;0.000000;0.000000;0.000000;0.000000;2.000000;174.651642;264.410767;2047.631348;0.061677;0.000000;0.000000;0.000000;0.000000;2.000000;234.003616;648.649658;2154.166016;0.473780;0.000000;0.000000;0.000000;0.000000;2.000000;276.531738;744.409912;1986.878662;0.439741;0.000000;0.000000;0.000000;0.000000;2.000000;-86.230438;-151.675934;1991.808105;0.055927;0.000000;0.000000;0.000000;0.000000;2.000000;-79.490814;260.243835;2080.261719;0.205610;0.000000;0.000000;0.000000;0.000000;2.000000;-72.896149;655.046997;2180.440674;0.346404;0.000000;0.000000;0.000000;0.000000;2.000000;-77.318085;724.842407;2012.835083;0.458055;0.000000;0.000000;0.000000;0.000000;2.000000;48.209137;-797.583374;1964.439331;0.570261;0.000000;0.000000;0.000000;0.000000;2.000000;71.502930;-820.088135;1798.254395;0.427341;0.000000;0.000000;0.000000;0.000000;2.000000;105.301147;-851.847656;1834.684448;0.484666;0.000000;0.000000;0.000000;0.000000;2.000000;151.488892;-836.238770;1959.043823;0.603511;0.000000;0.000000;0.000000;0.000000;2.000000;52.212341;-863.252563;1825.392334;0.506845;0.000000;0.000000;0.000000;0.000000;2.000000;-15.198700;-886.618286;1943.579102;0.663144;0.000000;0.000000;0.000000;0.000000;2.000000;18917466112.000000
0.000000;-150.000000;2000.000000;0.000000;0.000000;0.000000;0.000000;0.000000;2.000000;5.599670;-336.813110;1980.707886;0.004663;0.000000;0.000000;0.000000;0.000000;2.000000;7.997223;-486.867096;1987.095215;0.008627;0.000000;0.000000;0.000000;0.000000;2.000000;37.241211;-713.557617;1981.126099;0.037667;0.000000;0.000000;0.000000;0.000000;2.000000;67.237701;-672.073853;1987.759277;0.034831;0.000000;0.000000;0.000000;0.000000;2.000000;202.892670;-606.875000;1991.328003;0.095734;0.000000;0.000000;0.000000;0.000000;2.000000;190.362915;-363.842468;2150.947754;0.132216;0.000000;0.000000;0.000000;0.000000;2.000000;135.138733;-380.522888;1913.590942;0.145610;0.000000;0.000000;0.000000;0.000000;2.000000;140.921387;-481.563049;1907.123901;0.402521;0.000000;0.000000;0.000000;0.000000;2.000000;165.909210;-592.539490;1910.283447;0.246480;0.000000;0.000000;0.000000;0.000000;1.000000;115.953796;-525.512756;1897.677124;0.318844;0.000000;0.000000;0.000000;0.000000;2.000000;-2.579437;-680.207275;1978.672241;0.031950;0.000000;0.000000;0.000000;0.000000;2.000000;-136.482635;-661.898926;1948.382324;0.044995;0.000000;0.000000;0.000000;0.000000;2.000000;-234.542145;-402.885620;2054.362793;0.139367;0.000000;0.000000;0.000000;0.000000;2.000000;-107.987152;-289.645294;1874.510498;0.090408;0.000000;0.000000;0.000000;0.000000;2.000000;-141.071930;-186.405792;1887.547974;0.149860;0.000000;0.000000;0.000000;0.000000;2.000000;-36.875702;-188.066711;1846.899536;0.144410;0.000000;0.000000;0.000000;0.000000;2.000000;-51.089264;-168.001740;1871.455811;0.070855;0.000000;0.000000;0.000000;0.000000;1.000000;95.570984;-148.082535;2009.172485;0.003433;0.000000;0.000000;0.000000;0.000000;2.000000;173.788300;264.438110;2047.515747;0.025031;0.000000;0.000000;0.000000;0.000000;2.000000;232.553299;648.453064;2154.458984;0.042872;0.000000;0.000000;0.000000;0.000000;2.000000;276.839966;744.038391;1987.639404;0.025878;0.000000;0.000000;0.000000;0.000000;2.000000;-86.180573;-151.729065;1991.728638;0.003097;0.000000;0.000000;0.000000;0.000000;2.000000;-79.597748;260.212952;2079.132813;0.032582;0.000000;0.000000;0.000000;0.000000;2.000000;-73.114594;655.130798;2178.074219;0.068302;0.000000;0.000000;0.000000;0.000000;2.000000;-78.928253;724.670105;2010.498169;0.081662;0.000000;0.000000;0.000000;0.000000;2.000000;49.848328;-797.099365;1964.911133;0.050927;0.000000;0.000000;0.000000;0.000000;2.000000;71.517487;-812.556152;1797.785889;0.216755;0.000000;0.000000;0.000000;0.000000;2.000000;104.718689;-846.758789;1832.465698;0.160328;0.000000;0.000000;0.000000;0.000000;2.000000;152.039703;-837.999939;1957.001953;0.079049;0.000000;0.000000;0.000000;0.000000;2.000000;51.328186;-856.401794;1823.062256;0.209386;0.000000;0.000000;0.000000;0.000000;2.000000;-15.875214;-883.446655;1940.503784;0.128369;0.000000;0.000000;0.000000;0.000000;2.000000;18917500928.000000
0.000000;-150.000000;2000.000000;0.000000;0.000000;0.000000;0.000000;0.000000;2.000000;9.359924;-337.388306;1982.773560;0.132100;0.000000;0.000000;0.000000;0.000000;2.000000;14.459290;-487.725952;1990.561157;0.225311;0.000000;0.000000;0.000000;0.000000;2.000000;47.892059;-714.419922;1982.695679;0.329601;0.000000;0.000000;0.000000;0.000000;2.000000;77.274445;-672.317505;1989.295410;0.309953;0.000000;0.000000;0.000000;0.000000;2.000000;208.404358;-597.597046;1992.981201;0.333176;0.000000;0.000000;0.000000;0.000000;2.000000;215.081024;-338.012665;2126.180664;1.327277;0.000000;0.000000;0.000000;0.000000;2.000000;126.744232;-396.347961;1905.293213;0.602483;0.000000;0.000000;0.000000;0.000000;2.000000;135.338715;-497.197174;1915.146362;0.562677;0.000000;0.000000;0.000000;0.000000;2.000000;173.718994;-602.240051;1937.840454;0.922864;0.000000;0.000000;0.000000;0.000000;2.000000;123.121979;-538.479004;1894.869263;0.460189;0.000000;0.000000;0.000000;0.000000;2.000000;7.327271;-681.704834;1980.909302;0.313292;0.000000;0.000000;0.000000;0.000000;2.000000;-128.436981;-669.497131;1954.294922;0.382900;0.000000;0.000000;0.000000;0.000000;2.000000;-239.501495;-417.260040;2065.941650;0.583268;0.000000;0.000000;0.000000;0.000000;2.000000;-115.476105;-286.720734;1895.344360;0.681497;0.000000;0.000000;0.000000;0.000000;2.000000;-153.263092;-184.387161;1904.788086;0.647319;0.000000;0.000000;0.000000;0.000000;2.000000;-57.926910;-189.230286;1845.890381;0.644149;0.000000;0.000000;0.000000;0.000000;2.000000;-55.821075;-169.463806;1850.175049;0.666792;0.000000;0.000000;0.000000;0.000000;2.000000;95.627808;-146.203903;2010.665283;0.073248;0.000000;0.000000;0.000000;0.000000;2.000000;178.034485;266.510040;2050.976563;0.178730;0.000000;0.000000;0.000000;0.000000;2.000000;242.981079;650.317078;2159.297119;0.355396;0.000000;0.000000;0.000000;0.000000;2.000000;289.518433;741.268127;1989.871460;0.401860;0.000000;0.000000;0.000000;0.000000;2.000000;-86.231842;-153.423111;1990.382690;0.066048;0.000000;0.000000;0.000000;0.000000;2.000000;-76.904999;259.667297;2077.752197;0.093837;0.000000;0.000000;0.000000;0.000000;2.000000;-68.634857;654.756348;2180.458252;0.155286;0.000000;0.000000;0.000000;0.000000;2.000000;-65.064301;724.787170;2012.478394;0.427403;0.000000;0.000000;0.000000;0.000000;2.000000;61.888947;-797.835938;1965.723755;0.368972;0.000000;0.000000;0.000000;0.000000;2.000000;88.063995;-812.840515;1798.726318;0.505849;0.000000;0.000000;0.000000;0.000000;2.000000;120.915344;-846.738525;1834.305176;0.497461;0.000000;0.000000;0.000000;0.000000;2.000000;165.065338;-837.484192;1960.358398;0.410798;0.000000;0.000000;0.000000;0.000000;2.000000;67.765656;-857.102295;1823.511353;0.502274;0.000000;0.000000;0.000000;0.000000;2.000000;-2.224274;-885.254578;1939.506348;0.421332;0.000000;0.000000;0.000000;0.000000;2.000000;18917533696.000000
0.000000;-150.000000;2000.000000;0.000000;0.000000;0.000000;0.000000;0.000000;2.000000;9.958832;-337.570801;1981.962036;0.031280;0.000000;0.000000;0.000000;0.000000;2.000000;15.661224;-488.147736;1989.141113;0.058216;0.000000;0.000000;0.000000;0.000000;2.000000;51.252533;-714.930298;1983.348877;0.105628;0.000000;0.000000;0.000000;0.000000;2.000000;80.295563;-672.430176;1989.507813;0.092489;0.000000;0.000000;0.000000;0.000000;2.000000;210.514832;-595.754883;1994.544556;0.097903;0.000000;0.000000;0.000000;0.000000;2.000000;212.390900;-331.898346;2120.272705;0.272147;0.000000;0.000000;0.000000;0.000000;2.000000;123.281036;-393.893341;1900.279053;0.200491;0.000000;0.000000;0.000000;0.000000;2.000000;132.981537;-494.683624;1911.250488;0.158727;0.000000;0.000000;0.000000;0.000000;2.000000;169.446320;-600.795776;1932.986206;0.202213;0.000000;0.000000;0.000000;0.000000;2.000000;123.831055;-536.974060;1900.028320;0.165425;0.000000;0.000000;0.000000;0.000000;2.000000;10.318298;-682.564148;1981.322632;0.095805;0.000000;0.000000;0.000000;0.000000;2.000000;-125.563477;-670.853760;1953.985107;0.097434;0.000000;0.000000;0.000000;0.000000;2.000000;-236.678894;-417.578308;2064.435547;0.098116;0.000000;0.000000;0.000000;0.000000;2.000000;-118.314697;-283.732574;1891.838745;0.165122;0.000000;0.000000;0.000000;0.000000;2.000000;-160.052856;-183.894028;1909.617065;0.254713;0.000000;0.000000;0.000000;0.000000;2.000000;-67.281372;-189.734650;1846.535889;0.286568;0.000000;0.000000;0.000000;0.000000;2.000000;-58.058777;-167.027588;1846.571655;0.149277;0.000000;0.000000;0.000000;0.000000;2.000000;95.819946;-145.887756;2010.140869;0.019585;0.000000;0.000000;0.000000;0.000000;2.000000;178.483032;267.578857;2048.970215;0.070713;0.000000;0.000000;0.000000;0.000000;2.000000;246.644379;650.185669;2161.774658;0.135022;0.000000;0.000000;0.000000;0.000000;2.000000;290.821533;743.356445;1992.569946;0.111466;0.000000;0.000000;0.000000;0.000000;2.000000;-86.405029;-153.708191;1990.855469;0.017658;0.000000;0.000000;0.000000;0.000000;2.000000;-74.334595;259.745605;2079.287109;0.091395;0.000000;0.000000;0.000000;0.000000;2.000000;-63.189514;655.351624;2182.214355;0.175549;0.000000;0.000000;0.000000;0.000000;2.000000;-60.531921;725.890015;2014.128418;0.150997;0.000000;0.000000;0.000000;0.000000;2.000000;66.022400;-798.496460;1967.115967;0.134624;0.000000;0.000000;0.000000;0.000000;2.000000;90.776703;-811.330444;1799.458618;0.097348;0.000000;0.000000;0.000000;0.000000;2.000000;124.464172;-845.240967;1834.387817;0.117577;0.000000;0.000000;0.000000;0.000000;2.000000;169.802612;-836.794373;1960.293335;0.146108;0.000000;0.000000;0.000000;0.000000;2.000000;71.267639;-856.192810;1823.980591;0.111342;0.000000;0.000000;0.000000;0.000000;2.000000;2.691132;-886.581970;1940.506714;0.158350;0.000000;0.000000;0.000000;0.000000;2.000000;18917566464.000000
0.000000;-150.000000;2000.000000;0.000000;0.000000;0.000000;0.000000;0.000000;2.000000;11.033569;-336.909302;1980.379272;0.061777;0.000000;0.000000;0.000000;0.000000;2.000000;17.943939;-487.139893;1986.266602;0.116165;0.000000;0.000000;0.000000;0.000000;2.000000;54.351440;-713.244995;1980.230591;0.143683;0.000000;0.000000;0.000000;0.000000;2.000000;83.229065;-670.710388;1985.894897;0.151412;0.000000;0.000000;0.000000;0.000000;2.000000;214.547089;-597.007751;1994.766968;0.129036;0.000000;0.000000;0.000000;0.000000;2.000000;211.182495;-330.385620;2112.815430;0.235123;0.000000;0.000000;0.000000;0.000000;2.000000;114.558563;-392.534363;1896.707275;0.290616;0.000000;0.000000;0.000000;0.000000;2.000000;125.081787;-493.111938;1906.623413;0.283479;0.000000;0.000000;0.000000;0.000000;2.000000;145.738281;-604.799866;1916.638550;0.887295;0.000000;0.000000;0.000000;0.000000;2.000000;99.512390;-537.174255;1889.410522;0.809824;0.000000;0.000000;0.000000;0.000000;2.000000;13.346252;-681.134766;1978.776123;0.128378;0.000000;0.000000;0.000000;0.000000;2.000000;-122.187744;-669.059021;1951.517090;0.138873;0.000000;0.000000;0.000000;0.000000;2.000000;-234.468506;-421.376892;2071.219238;0.246671;0.000000;0.000000;0.000000;0.000000;2.000000;-123.835632;-285.055359;1896.278320;0.219939;0.000000;0.000000;0.000000;0.000000;2.000000;-164.093628;-183.816269;1906.273071;0.160083;0.000000;0.000000;0.000000;0.000000;2.000000;-69.023926;-190.203720;1847.263306;0.059377;0.000000;0.000000;0.000000;0.000000;2.000000;-62.284058;-170.553986;1845.163208;0.173366;0.000000;0.000000;0.000000;0.000000;2.000000;95.711060;-145.258347;2008.652710;0.049422;0.000000;0.000000;0.000000;0.000000;2.000000;181.784271;266.369934;2048.846191;0.107355;0.000000;0.000000;0.000000;0.000000;2.000000;253.590698;648.021729;2159.223633;0.235286;0.000000;0.000000;0.000000;0.000000;2.000000;296.784943;740.865784;1990.125122;0.210865;0.000000;0.000000;0.000000;0.000000;2.000000;-86.306885;-154.275772;1992.197388;0.044565;0.000000;0.000000;0.000000;0.000000;2.000000;-70.869995;258.212006;2079.910400;0.117181;0.000000;0.000000;0.000000;0.000000;2.000000;-56.300476;653.070190;2181.495850;0.222548;0.000000;0.000000;0.000000;0.000000;2.000000;-56.118286;724.729919;2014.325562;0.139398;0.000000;0.000000;0.000000;0.000000;2.000000;69.209656;-796.571960;1963.917847;0.149786;0.000000;0.000000;0.000000;0.000000;2.000000;92.846680;-821.581177;1797.881714;0.322750;0.000000;0.000000;0.000000;0.000000;2.000000;128.658142;-850.562317;1834.843384;0.207236;0.000000;0.000000;0.000000;0.000000;2.000000;174.649811;-829.456787;1958.677246;0.272867;0.000000;0.000000;0.000000;0.000000;2.000000;76.175873;-865.199829;1826.168335;0.320076;0.000000;0.000000;0.000000;0.000000;2.000000;10.775574;-889.663818;1945.498047;0.304824;0.000000;0.000000;0.000000;0.000000;2.000000;18917599232.000000
0.000000;-150.000000;2000.000000;0.000000;0.000000;0.000000;0.000000;0.000000;2.000000;11.804169;-336.718506;1980.476685;0.022973;0.000000;0.000000;0.000000;0.000000;2.000000;18.954010;-486.817688;1986.307373;0.030474;0.000000;0.000000;0.000000;0.000000;2.000000;53.561462;-713.034546;1980.959473;0.031459;0.000000;0.000000;0.000000;0.000000;2.000000;82.692749;-670.762878;1986.903687;0.032850;0.000000;0.000000;0.000000;0.000000;2.000000;213.929474;-597.112549;1995.321777;0.024035;0.000000;0.000000;0.000000;0.000000;2.000000;212.241394;-331.556641;2115.210693;0.082398;0.000000;0.000000;0.000000;0.000000;2.000000;114.624420;-391.641541;1899.190186;0.075809;0.000000;0.000000;0.000000;0.000000;2.000000;125.777527;-492.149963;1908.236938;0.057538;0.000000;0.000000;0.000000;0.000000;2.000000;146.009338;-603.954834;1916.629272;0.025491;0.000000;0.000000;0.000000;0.000000;1.000000;94.094147;-537.085876;1893.257202;0.190874;0.000000;0.000000;0.000000;0.000000;2.000000;12.871338;-680.620667;1978.994385;0.021057;0.000000;0.000000;0.000000;0.000000;2.000000;-122.554230;-670.689575;1950.916260;0.051010;0.000000;0.000000;0.000000;0.000000;2.000000;-236.651764;-420.710571;2063.304199;0.236605;0.000000;0.000000;0.000000;0.000000;2.000000;-122.129608;-283.944153;1891.526733;0.148478;0.000000;0.000000;0.000000;0.000000;2.000000;-164.246185;-184.574066;1908.914185;0.079042;0.000000;0.000000;0.000000;0.000000;2.000000;-71.325043;-190.015076;1846.649658;0.068618;0.000000;0.000000;0.000000;0.000000;2.000000;-61.190826;-168.281113;1846.089722;0.077175;0.000000;0.000000;0.000000;0.000000;2.000000;95.450653;-145.050354;2010.373535;0.050345;0.000000;0.000000;0.000000;0.000000;2.000000;182.047180;266.100037;2050.731445;0.055220;0.000000;0.000000;0.000000;0.000000;2.000000;253.732788;648.363281;2157.824707;0.041562;0.000000;0.000000;0.000000;0.000000;2.000000;297.413696;741.574890;1989.241455;0.037218;0.000000;0.000000;0.000000;0.000000;2.000000;-86.072113;-154.463318;1990.645630;0.045398;0.000000;0.000000;0.000000;0.000000;2.000000;-73.663544;257.484009;2079.721680;0.083094;0.000000;0.000000;0.000000;0.000000;2.000000;-62.436737;651.677124;2182.971436;0.185636;0.000000;0.000000;0.000000;0.000000;2.000000;-58.167816;724.628723;2016.576538;0.087487;0.000000;0.000000;0.000000;0.000000;2.000000;67.917938;-796.431885;1964.929199;0.047292;0.000000;0.000000;0.000000;0.000000;2.000000;102.470337;-810.456116;1799.656738;0.425570;0.000000;0.000000;0.000000;0.000000;2.000000;134.589020;-843.264404;1836.736084;0.275522;0.000000;0.000000;0.000000;0.000000;2.000000;172.272736;-832.716736;1964.545044;0.204533;0.000000;0.000000;0.000000;0.000000;2.000000;82.458099;-855.286072;1823.438843;0.346101;0.000000;0.000000;0.000000;0.000000;2.000000;8.043091;-885.682556;1935.789673;0.311436;0.000000;0.000000;0.000000;0.000000;2.000000;18917634048.000000
0.000000;-150.000000;2000.000000;0.000000;0.000000;0.000000;0.000000;0.000000;2.000000;12.250031;-337.022217;1980.068604;0.020643;0.000000;0.000000;0.000000;0.000000;2.000000;19.514618;-487.429871;1985.484253;0.035675;0.000000;0.000000;0.000000;0.000000;2.000000;57.597229;-713.514160;1978.871460;0.139440;0.000000;0.000000;0.000000;0.000000;2.000000;86.128632;-670.764587;1985.186523;0.117221;0.000000;0.000000;0.000000;0.000000;2.000000;216.837463;-595.745911;1994.974976;0.098626;0.000000;0.000000;0.000000;0.000000;2.000000;213.613220;-331.833252;2119.765137;0.145404;0.000000;0.000000;0.000000;0.000000;2.000000;118.324371;-390.202881;1901.695313;0.143254;0.000000;0.000000;0.000000;0.000000;2.000000;129.943298;-490.946716;1909.740723;0.140058;0.000000;0.000000;0.000000;0.000000;2.000000;149.292236;-603.260986;1916.275269;0.102968;0.000000;0.000000;0.000000;0.000000;1.000000;99.156677;-535.778625;1893.037231;0.159705;0.000000;0.000000;0.000000;0.000000;2.000000;16.351929;-681.637634;1976.957031;0.126931;0.000000;0.000000;0.000000;0.000000;2.000000;-119.595825;-672.890503;1949.661255;0.118867;0.000000;0.000000;0.000000;0.000000;2.000000;-237.402771;-423.027405;2060.016602;0.124861;0.000000;0.000000;0.000000;0.000000;2.000000;-119.022949;-286.819580;1889.708862;0.140593;0.000000;0.000000;0.000000;0.000000;2.000000;-163.619446;-188.330719;1907.287720;0.126383;0.000000;0.000000;0.000000;0.000000;2.000000;-69.463623;-189.232941;1846.259766;0.062755;0.000000;0.000000;0.000000;0.000000;2.000000;-57.979492;-171.139755;1840.777954;0.208548;0.000000;0.000000;0.000000;0.000000;2.000000;95.506866;-144.972214;2011.522217;0.035178;0.000000;0.000000;0.000000;0.000000;2.000000;183.813812;266.482025;2053.787354;0.108350;0.000000;0.000000;0.000000;0.000000;2.000000;257.076263;649.788025;2159.084961;0.117391;0.000000;0.000000;0.000000;0.000000;2.000000;300.466156;742.628479;1989.764526;0.099831;0.000000;0.000000;0.000000;0.000000;2.000000;-86.122742;-154.533783;1989.609741;0.031724;0.000000;0.000000;0.000000;0.000000;2.000000;-70.894104;258.022247;2079.386230;0.086704;0.000000;0.000000;0.000000;0.000000;2.000000;-57.168701;652.966980;2182.653809;0.165800;0.000000;0.000000;0.000000;0.000000;2.000000;-50.512085;725.648987;2015.826050;0.236810;0.000000;0.000000;0.000000;0.000000;2.000000;73.285797;-796.752502;1962.352905;0.181968;0.000000;0.000000;0.000000;0.000000;2.000000;107.290375;-817.743958;1797.360718;0.275702;0.000000;0.000000;0.000000;0.000000;2.000000;141.013916;-847.410583;1835.822388;0.235015;0.000000;0.000000;0.000000;0.000000;2.000000;179.207886;-828.929016;1962.853882;0.246614;0.000000;0.000000;0.000000;0.000000;2.000000;89.210175;-862.162659;1823.584595;0.294141;0.000000;0.000000;0.000000;0.000000;2.000000;16.702850;-889.833313;1938.201294;0.302164;0.000000;0.000000;0.000000;0.000000;2.000000;18917666816.000000
0.000000;-150.000000;2000.000000;0.000000;0.000000;0.000000;0.000000;0.000000;2.000000;12.250031;-337.022217;1980.068604;0.000000;0.000000;0.000000;0.000000;0.000000;2.000000;19.514618;-487.429871;1985.484253;0.000000;0.000000;0.000000;0.000000;0.000000;2.000000;57.597229;-713.514160;1978.871460;0.000000;0.000000;0.000000;0.000000;0.000000;2.000000;86.128632;-670.764587;1985.186523;0.000000;0.000000;0.000000;0.000000;0.000000;2.000000;216.837463;-595.745911;1994.974976;0.000000;0.000000;0.000000;0.000000;0.000000;2.000000;213.613220;-331.833252;2119.765137;0.000000;0.000000;0.000000;0.000000;0.000000;2.000000;118.324371;-390.202881;1901.695313;0.000000;0.000000;0.000000;0.000000;0.000000;2.000000;129.943298;-490.946716;1909.740723;0.000000;0.000000;0.000000;0.000000;0.000000;1.000000;149.292236;-603.260986;1916.275269;0.000000;0.000000;0.000000;0.000000;0.000000;1.000000;99.156677;-535.778625;1893.037231;0.000000;0.000000;0.000000;0.000000;0.000000;2.000000;16.351929;-681.637634;1976.957031;0.000000;0.000000;0.000000;0.000000;0.000000;2.000000;-119.595825;-672.890503;1949.661255;0.000000;0.000000;0.000000;0.000000;0.000000;2.000000;-237.402771;-423.027405;2060.016602;0.000000;0.000000;0.000000;0.000000;0.000000;2.000000;-119.022949;-286.819580;1889.708862;0.000000;0.000000;0.000000;0.000000;0.000000;2.000000;-163.619446;-188.330719;1907.287720;0.000000;0.000000;0.000000;0.000000;0.000000;2.000000;-69.463623;-189.232941;1846.259766;0.000000;0.000000;0.000000;0.000000;0.000000;2.000000;-57.979492;-171.139755;1840.777954;0.000000;0.000000;0.000000;0.000000;0.000000;2.000000;95.506866;-144.972214;2011.522217;0.000000;0.000000;0.000000;0.000000;0.000000;2.000000;183.813812;266.482025;2053.787354;0.000000;0.000000;0.000000;0.000000;0.000000;2.000000;257.076263;649.788025;2159.084961;0.000000;0.000000;0.000000;0.000000;0.000000;2.000000;300.466156;742.628479;1989.764526;0.000000;0.000000;0.000000;0.000000;0.000000;2.000000;-86.122742;-154.533783;1989.609741;0.000000;0.000000;0.000000;0.000000;0.000000;2.000000;-70.894104;258.022247;2079.386230;0.000000;0.000000;0.000000;0.000000;0.000000;2.000000;-57.168701;652.966980;2182.653809;0.000000;0.000000;0.000000;0.000000;0.000000;2.000000;-50.512085;725.648987;2015.826050;0.000000;0.000000;0.000000;0.000000;0.000000;2.000000;73.285797;-796.752502;1962.352905;0.000000;0.000000;0.000000;0.000000;0.000000;2.000000;107.290375;-817.743958;1797.360718;0.000000;0.000000;0.000000;0.000000;0.000000;2.000000;141.013916;-847.410583;1835.822388;0.000000;0.000000;0.000000;0.000000;0.000000;2.000000;179.207886;-828.929016;1962.853882;0.000000;0.000000;0.000000;0.000000;0.000000;2.000000;89.210175;-862.162659;1823.584595;0.000000;0.000000;0.000000;0.000000;0.000000;2.000000;16.702850;-889.833313;1938.201294;0.000000;0.000000;0.000000;0.000000;0.000000;2.000000;18917699584.000000
0.000000;-150.000000;2000.000000;0.000000;0.000000;0.000000;0.000000;0.000000;2.000000;11.700195;-337.416260;1980.367798;0.022573;0.000000;0.000000;0.000000;0.000000;2.000000;18.590637;-488.074036;1986.505981;0.046409;0.000000;0.000000;0.000000;0.000000;2.000000;59.459656;-714.013916;1978.109741;0.063272;0.000000;0.000000;0.000000;0.000000;2.000000;87.556824;-670.885803;1984.529297;0.048121;0.000000;0.000000;0.000000;0.000000;2.000000;219.698578;-597.730103;1993.125610;0.120315;0.000000;0.000000;0.000000;0.000000;2.000000;211.155884;-337.113068;2125.536621;0.250216;0.000000;0.000000;0.000000;0.000000;2.000000;130.791382;-390.920776;1899.937744;0.384849;0.000000;0.000000;0.000000;0.000000;2.000000;136.369415;-492.635345;1902.727173;0.294833;0.000000;0.000000;0.000000;0.000000;1.000000;156.930084;-604.945923;1909.060791;0.324728;0.000000;0.000000;0.000000;0.000000;1.000000;102.249908;-536.726563;1892.238281;0.101697;0.000000;0.000000;0.000000;0.000000;1.000000;17.743683;-682.580078;1976.684204;0.051966;0.000000;0.000000;0.000000;0.000000;2.000000;-118.576965;-676.106995;1949.394287;0.103288;0.000000;0.000000;0.000000;0.000000;2.000000;-238.006592;-428.451050;2064.270996;0.211168;0.000000;0.000000;0.000000;0.000000;2.000000;-125.112915;-286.043701;1894.687378;0.241215;0.000000;0.000000;0.000000;0.000000;2.000000;-167.744080;-187.335953;1916.566528;0.311367;0.000000;0.000000;0.000000;0.000000;2.000000;-76.288086;-189.091263;1851.246338;0.257976;0.000000;0.000000;0.000000;0.000000;2.000000;-60.962708;-173.074997;1846.372803;0.202309;0.000000;0.000000;0.000000;0.000000;2.000000;95.747833;-145.173340;2010.985229;0.018982;0.000000;0.000000;0.000000;0.000000;2.000000;187.001709;266.643951;2050.675781;0.136037;0.000000;0.000000;0.000000;0.000000;2.000000;261.675812;649.448730;2159.424805;0.141130;0.000000;0.000000;0.000000;0.000000;2.000000;303.793610;743.291077;1989.936646;0.103673;0.000000;0.000000;0.000000;0.000000;2.000000;-86.339966;-154.352432;1990.094116;0.017120;0.000000;0.000000;0.000000;0.000000;2.000000;-68.393616;258.784088;2080.127930;0.082921;0.000000;0.000000;0.000000;0.000000;2.000000;-51.743164;654.646423;2182.231445;0.173804;0.000000;0.000000;0.000000;0.000000;2.000000;-48.145935;725.054260;2013.997803;0.093040;0.000000;0.000000;0.000000;0.000000;2.000000;76.080597;-797.085388;1960.899780;0.096666;0.000000;0.000000;0.000000;0.000000;2.000000;110.913513;-817.018250;1795.647827;0.124292;0.000000;0.000000;0.000000;0.000000;2.000000;144.966339;-846.440857;1834.163574;0.134117;0.000000;0.000000;0.000000;0.000000;2.000000;182.597137;-827.924927;1961.601074;0.114450;0.000000;0.000000;0.000000;0.000000;2.000000;93.308746;-861.849487;1821.689087;0.138138;0.000000;0.000000;0.000000;0.000000;2.000000;20.701630;-890.966370;1936.172363;0.141144;0.000000;0.000000;0.000000;0.000000;2.000000;18917732352.000000
0.000000;-150.000000;2000.000000;0.000000;0.000000;0.000000;0.000000;0.000000;2.000000;11.798157;-337.302795;1980.265991;0.005205;0.000000;0.000000;0.000000;0.000000;2.000000;18.820068;-487.890564;1986.079346;0.014878;0.000000;0.000000;0.000000;0.000000;2.000000;60.965759;-713.372314;1975.230713;0.095126;0.000000;0.000000;0.000000;0.000000;2.000000;88.730927;-670.214600;1982.611206;0.067410;0.000000;0.000000;0.000000;0.000000;2.000000;218.782410;-594.192017;1995.688965;0.128220;0.000000;0.000000;0.000000;0.000000;2.000000;215.507355;-331.427795;2123.689697;0.212369;0.000000;0.000000;0.000000;0.000000;2.000000;128.904114;-388.909912;1901.467041;0.090574;0.000000;0.000000;0.000000;0.000000;2.000000;139.259644;-489.859558;1910.192505;0.243361;0.000000;0.000000;0.000000;0.000000;2.000000;153.767059;-603.103638;1915.535645;0.213635;0.000000;0.000000;0.000000;0.000000;1.000000;102.876465;-534.867798;1893.375977;0.065130;0.000000;0.000000;0.000000;0.000000;2.000000;19.130035;-682.149902;1973.650513;0.096596;0.000000;0.000000;0.000000;0.000000;2.000000;-117.520691;-678.326965;1947.916382;0.082390;0.000000;0.000000;0.000000;0.000000;2.000000;-240.282532;-432.521545;2062.862305;0.139926;0.000000;0.000000;0.000000;0.000000;2.000000;-125.919067;-284.856445;1899.043213;0.131725;0.000000;0.000000;0.000000;0.000000;2.000000;-172.918518;-187.878036;1919.373535;0.169798;0.000000;0.000000;0.000000;0.000000;2.000000;-83.955688;-188.681641;1850.772461;0.220966;0.000000;0.000000;0.000000;0.000000;2.000000;-63.327332;-176.254654;1845.187500;0.118796;0.000000;0.000000;0.000000;0.000000;2.000000;95.708038;-145.117264;2010.875977;0.003708;0.000000;0.000000;0.000000;0.000000;2.000000;187.960236;266.224060;2050.895996;0.030715;0.000000;0.000000;0.000000;0.000000;2.000000;262.443146;648.890015;2159.498535;0.027345;0.000000;0.000000;0.000000;0.000000;2.000000;304.803223;743.660828;1990.706543;0.037983;0.000000;0.000000;0.000000;0.000000;2.000000;-86.304138;-154.402954;1990.192505;0.003339;0.000000;0.000000;0.000000;0.000000;2.000000;-70.404785;258.714844;2079.684570;0.059186;0.000000;0.000000;0.000000;0.000000;2.000000;-55.945801;654.229004;2182.635254;0.121857;0.000000;0.000000;0.000000;0.000000;2.000000;-46.716003;726.152954;2015.360718;0.064924;0.000000;0.000000;0.000000;0.000000;2.000000;78.249268;-796.077332;1957.150879;0.127721;0.000000;0.000000;0.000000;0.000000;2.000000;111.008362;-823.938660;1792.712402;0.215930;0.000000;0.000000;0.000000;0.000000;2.000000;145.864349;-851.050964;1832.148071;0.146799;0.000000;0.000000;0.000000;0.000000;2.000000;185.020264;-825.813965;1957.889160;0.141021;0.000000;0.000000;0.000000;0.000000;2.000000;94.227448;-867.548523;1821.198364;0.166401;0.000000;0.000000;0.000000;0.000000;2.000000;23.526367;-891.555298;1937.952637;0.097383;0.000000;0.000000;0.000000;0.000000;2.000000;18917767168.000000
0.000000;-150.000000;2000.000000;0.000000;0.000000;0.000000;0.000000;0.000000;2.000000;12.401184;-336.964966;1979.998901;0.022614;0.000000;0.000000;0.000000;0.000000;2.000000;19.765839;-487.331848;1985.534058;0.037426;0.000000;0.000000;0.000000;0.000000;2.000000;59.144348;-713.003906;1975.164185;0.056747;0.000000;0.000000;0.000000;0.000000;2.000000;87.362244;-670.239868;1982.600586;0.041777;0.000000;0.000000;0.000000;0.000000;2.000000;218.567627;-596.481934;1994.590942;0.077778;0.000000;0.000000;0.000000;0.000000;2.000000;215.513672;-336.986694;2128.194824;0.218361;0.000000;0.000000;0.000000;0.000000;2.000000;129.696808;-390.746338;1905.121948;0.127149;0.000000;0.000000;0.000000;0.000000;2.000000;140.071014;-491.681458;1912.135498;0.084973;0.000000;0.000000;0.000000;0.000000;2.000000;153.908356;-604.931946;1915.129517;0.057318;0.000000;0.000000;0.000000;0.000000;1.000000;103.595673;-536.503113;1895.341431;0.081056;0.000000;0.000000;0.000000;0.000000;2.000000;17.759338;-681.320129;1973.365845;0.049664;0.000000;0.000000;0.000000;0.000000;2.000000;-118.216736;-676.320190;1945.423462;0.099948;0.000000;0.000000;0.000000;0.000000;2.000000;-241.177002;-434.422119;2067.149902;0.145706;0.000000;0.000000;0.000000;0.000000;2.000000;-127.592529;-285.560608;1904.410645;0.172918;0.000000;0.000000;0.000000;0.000000;2.000000;-176.859070;-189.685410;1923.741089;0.187801;0.000000;0.000000;0.000000;0.000000;2.000000;-89.815491;-189.888809;1852.969116;0.194500;0.000000;0.000000;0.000000;0.000000;2.000000;-70.110046;-176.930313;1844.104736;0.210625;0.000000;0.000000;0.000000;0.000000;2.000000;95.482727;-144.899323;2011.521606;0.021903;0.000000;0.000000;0.000000;0.000000;2.000000;188.127014;265.805054;2050.802734;0.014054;0.000000;0.000000;0.000000;0.000000;2.000000;263.010803;648.088135;2158.329590;0.046600;0.000000;0.000000;0.000000;0.000000;2.000000;305.330719;742.728088;1989.784912;0.043133;0.000000;0.000000;0.000000;0.000000;2.000000;-86.100891;-154.599487;1989.610229;0.019754;0.000000;0.000000;0.000000;0.000000;2.000000;-70.787109;258.083405;2078.367188;0.046084;0.000000;0.000000;0.000000;0.000000;2.000000;-56.979736;653.260071;2180.390625;0.081008;0.000000;0.000000;0.000000;0.000000;2.000000;-49.473511;724.790771;2013.143555;0.115706;0.000000;0.000000;0.000000;0.000000;2.000000;75.471039;-795.819275;1957.287964;0.085252;0.000000;0.000000;0.000000;0.000000;2.000000;113.292755;-817.403381;1793.242432;0.211892;0.000000;0.000000;0.000000;0.000000;2.000000;145.799164;-847.288513;1832.554443;0.115506;0.000000;0.000000;0.000000;0.000000;2.000000;181.039581;-828.916016;1960.422974;0.172333;0.000000;0.000000;0.000000;0.000000;2.000000;94.191803;-861.604736;1819.083130;0.192537;0.000000;0.000000;0.000000;0.000000;2.000000;18.687042;-888.424255;1931.917725;0.254676;0.000000;0.000000;0.000000;0.000000;2.000000;18917799936.000000
0.000000;-150.000000;2000.000000;0.000000;0.000000;0.000000;0.000000;0.000000;2.000000;11.071625;-337.293457;1981.269409;0.057010;0.000000;0.000000;0.000000;0.000000;2.000000;17.286041;-487.766418;1987.713745;0.101625;0.000000;0.000000;0.000000;0.000000;2.000000;53.854126;-714.084290;1978.120605;0.187861;0.000000;0.000000;0.000000;0.000000;2.000000;82.610443;-671.631958;1985.496460;0.175054;0.000000;0.000000;0.000000;0.000000;2.000000;213.939667;-597.363647;1993.435181;0.148038;0.000000;0.000000;0.000000;0.000000;2.000000;214.560669;-338.586975;2128.835938;0.060114;0.000000;0.000000;0.000000;0.000000;2.000000;129.835449;-390.188049;1904.677368;0.022187;0.000000;0.000000;0.000000;0.000000;2.000000;138.611847;-491.348328;1911.509521;0.049510;0.000000;0.000000;0.000000;0.000000;2.000000;153.354218;-604.502747;1916.031372;0.034857;0.000000;0.000000;0.000000;0.000000;1.000000;103.469086;-535.469543;1893.545288;0.063359;0.000000;0.000000;0.000000;0.000000;2.000000;12.852661;-681.866638;1976.127441;0.172635;0.000000;0.000000;0.000000;0.000000;2.000000;-122.538696;-675.942139;1945.265625;0.132487;0.000000;0.000000;0.000000;0.000000;2.000000;-242.647095;-433.857605;2069.869629;0.095909;0.000000;0.000000;0.000000;0.000000;2.000000;-127.811768;-286.623962;1906.302979;0.066580;0.000000;0.000000;0.000000;0.000000;2.000000;-177.345032;-190.760071;1925.377441;0.061557;0.000000;0.000000;0.000000;0.000000;2.000000;-90.276245;-189.920242;1854.534790;0.049816;0.000000;0.000000;0.000000;0.000000;2.000000;-71.468323;-176.154037;1849.458496;0.170217;0.000000;0.000000;0.000000;0.000000;2.000000;95.524963;-145.544647;2011.914063;0.023086;0.000000;0.000000;0.000000;0.000000;2.000000;187.571808;265.516357;2051.592285;0.030745;0.000000;0.000000;0.000000;0.000000;2.000000;261.844788;648.362671;2158.446289;0.036730;0.000000;0.000000;0.000000;0.000000;2.000000;304.663147;742.334839;1989.515137;0.025037;0.000000;0.000000;0.000000;0.000000;2.000000;-86.139099;-154.017593;1989.256470;0.020815;0.000000;0.000000;0.000000;0.000000;2.000000;-71.522461;258.960388;2077.961426;0.037057;0.000000;0.000000;0.000000;0.000000;2.000000;-58.457581;654.015137;2181.521484;0.061286;0.000000;0.000000;0.000000;0.000000;2.000000;-49.906433;726.555176;2014.640991;0.071848;0.000000;0.000000;0.000000;0.000000;2.000000;69.182770;-797.203796;1960.525513;0.219940;0.000000;0.000000;0.000000;0.000000;2.000000;103.593658;-817.924255;1795.515259;0.304426;0.000000;0.000000;0.000000;0.000000;2.000000;137.563232;-847.272522;1834.040039;0.255397;0.000000;0.000000;0.000000;0.000000;2.000000;175.444611;-828.390747;1961.161133;0.172969;0.000000;0.000000;0.000000;0.000000;2.000000;85.895508;-862.522156;1821.739990;0.267319;0.000000;0.000000;0.000000;0.000000;2.000000;13.488159;-890.857239;1936.322510;0.220805;0.000000;0.000000;0.000000;0.000000;2.000000;18917832704.000000
0.000000;-150.000000;2000.000000;0.000000;0.000000;0.000000;0.000000;0.000000;2.000000;11.217316;-337.405151;1981.448364;0.007364;0.000000;0.000000;0.000000;0.000000;2.000000;17.619781;-487.942230;1988.111206;0.015739;0.000000;0.000000;0.000000;0.000000;2.000000;54.107971;-714.235352;1975.229370;0.083476;0.000000;0.000000;0.000000;0.000000;2.000000;82.913940;-671.876099;1983.124878;0.069030;0.000000;0.000000;0.000000;0.000000;2.000000;213.993042;-597.565796;1995.251343;0.052509;0.000000;0.000000;0.000000;0.000000;2.000000;211.404999;-336.406403;2126.325195;0.131676;0.000000;0.000000;0.000000;0.000000;2.000000;128.357269;-391.388092;1902.197998;0.089789;0.000000;0.000000;0.000000;0.000000;2.000000;137.613617;-492.466736;1910.304321;0.055247;0.000000;0.000000;0.000000;0.000000;2.000000;151.071167;-605.833130;1915.074951;0.080715;0.000000;0.000000;0.000000;0.000000;1.000000;100.730835;-536.947998;1892.303467;0.096235;0.000000;0.000000;0.000000;0.000000;2.000000;13.089264;-681.963867;1973.803467;0.067153;0.000000;0.000000;0.000000;0.000000;2.000000;-122.828308;-674.847534;1945.254883;0.032523;0.000000;0.000000;0.000000;0.000000;2.000000;-244.778625;-436.506348;2075.541016;0.189924;0.000000;0.000000;0.000000;0.000000;2.000000;-132.963684;-288.148956;1910.698608;0.199387;0.000000;0.000000;0.000000;0.000000;2.000000;-183.309387;-192.729507;1930.209351;0.227614;0.000000;0.000000;0.000000;0.000000;2.000000;-97.520691;-186.516205;1857.989746;0.250407;0.000000;0.000000;0.000000;0.000000;2.000000;-81.143555;-176.368210;1847.113770;0.286006;0.000000;0.000000;0.000000;0.000000;2.000000;95.614685;-145.421616;2011.563843;0.010969;0.000000;0.000000;0.000000;0.000000;2.000000;185.968353;266.261353;2051.122803;0.052543;0.000000;0.000000;0.000000;0.000000;2.000000;259.273224;649.505981;2158.043945;0.081654;0.000000;0.000000;0.000000;0.000000;2.000000;302.500702;742.991211;1988.821899;0.067894;0.000000;0.000000;0.000000;0.000000;2.000000;-86.219971;-154.128540;1989.572388;0.009894;0.000000;0.000000;0.000000;0.000000;2.000000;-72.198547;259.086426;2078.357422;0.022794;0.000000;0.000000;0.000000;0.000000;2.000000;-59.625000;654.599609;2181.095703;0.039443;0.000000;0.000000;0.000000;0.000000;2.000000;-49.385986;726.001587;2013.712769;0.034454;0.000000;0.000000;0.000000;0.000000;2.000000;69.368927;-797.148560;1956.415039;0.118194;0.000000;0.000000;0.000000;0.000000;2.000000;102.114258;-814.887939;1790.625977;0.170682;0.000000;0.000000;0.000000;0.000000;2.000000;135.340759;-846.304321;1828.205078;0.181483;0.000000;0.000000;0.000000;0.000000;2.000000;174.600189;-831.839966;1955.563599;0.190399;0.000000;0.000000;0.000000;0.000000;2.000000;83.096924;-859.542114;1815.875000;0.205342;0.000000;0.000000;0.000000;0.000000;2.000000;10.434052;-888.336670;1930.271240;0.207714;0.000000;0.000000;0.000000;0.000000;2.000000;18917867520.000000
0.000000;-150.000000;2000.000000;0.000000;0.000000;0.000000;0.000000;0.000000;2.000000;11.205048;-337.408386;1981.456177;0.000455;0.000000;0.000000;0.000000;0.000000;2.000000;17.599121;-487.946960;1988.125488;0.000780;0.000000;0.000000;0.000000;0.000000;2.000000;54.025543;-714.250488;1975.213867;0.002601;0.000000;0.000000;0.000000;0.000000;2.000000;82.845612;-671.898682;1983.100464;0.002319;0.000000;0.000000;0.000000;0.000000;2.000000;213.959320;-597.641785;1995.197876;0.003016;0.000000;0.000000;0.000000;0.000000;2.000000;211.591461;-336.510254;2126.337402;0.006524;0.000000;0.000000;0.000000;0.000000;2.000000;128.395233;-391.394958;1902.239014;0.001718;0.000000;0.000000;0.000000;0.000000;2.000000;137.614594;-492.479675;1910.323120;0.000697;0.000000;0.000000;0.000000;0.000000;2.000000;151.029907;-605.853210;1915.068237;0.001415;0.000000;0.000000;0.000000;0.000000;1.000000;100.811615;-536.949341;1892.363770;0.003077;0.000000;0.000000;0.000000;0.000000;2.000000;13.013977;-681.968384;1973.806641;0.002304;0.000000;0.000000;0.000000;0.000000;2.000000;-122.926636;-674.832886;1945.366577;0.004563;0.000000;0.000000;0.000000;0.000000;2.000000;-244.728027;-436.552856;2075.909912;0.011452;0.000000;0.000000;0.000000;0.000000;2.000000;-133.125793;-288.049805;1911.050903;0.012216;0.000000;0.000000;0.000000;0.000000;2.000000;-183.453857;-192.651917;1930.718018;0.016310;0.000000;0.000000;0.000000;0.000000;2.000000;-97.817505;-186.061310;1858.349609;0.019884;0.000000;0.000000;0.000000;0.000000;2.000000;-81.431580;-176.194962;1847.495239;0.015516;0.000000;0.000000;0.000000;0.000000;2.000000;95.616699;-145.426697;2011.556885;0.000270;0.000000;0.000000;0.000000;0.000000;2.000000;185.995636;266.253510;2051.129883;0.000893;0.000000;0.000000;0.000000;0.000000;2.000000;259.308533;649.484680;2158.108154;0.002329;0.000000;0.000000;0.000000;0.000000;2.000000;302.559479;743.039429;1988.928223;0.003989;0.000000;0.000000;0.000000;0.000000;2.000000;-86.221741;-154.123962;1989.578613;0.000242;0.000000;0.000000;0.000000;0.000000;2.000000;-72.193359;259.107544;2078.304199;0.001755;0.000000;0.000000;0.000000;0.000000;2.000000;-59.603882;654.639771;2180.982910;0.003710;0.000000;0.000000;0.000000;0.000000;2.000000;-49.568542;726.048279;2013.588379;0.006890;0.000000;0.000000;0.000000;0.000000;2.000000;69.258118;-797.166992;1956.387817;0.003527;0.000000;0.000000;0.000000;0.000000;2.000000;101.740326;-814.938721;1790.548828;0.011754;0.000000;0.000000;0.000000;0.000000;2.000000;134.978577;-846.403442;1828.077881;0.012099;0.000000;0.000000;0.000000;0.000000;2.000000;174.441772;-832.001892;1955.381714;0.008866;0.000000;0.000000;0.000000;0.000000;2.000000;82.698547;-859.569275;1815.822144;0.012292;0.000000;0.000000;0.000000;0.000000;2.000000;10.161072;-888.273926;1930.322144;0.008688;0.000000;0.000000;0.000000;0.000000;2.000000;18917900288.000000
0.000000;-150.000000;2000.000000;0.000000;0.000000;0.000000;0.000000;0.000000;2.000000;10.615997;-337.520142;1982.746460;0.043420;0.000000;0.000000;0.000000;0.000000;2.000000;16.590515;-487.988892;1990.473511;0.077998;0.000000;0.000000;0.000000;0.000000;2.000000;52.181976;-714.312256;1976.600952;0.070433;0.000000;0.000000;0.000000;0.000000;2.000000;81.180542;-672.092529;1984.459839;0.065864;0.000000;0.000000;0.000000;0.000000;2.000000;213.061829;-599.139709;1995.659668;0.055122;0.000000;0.000000;0.000000;0.000000;2.000000;210.793732;-337.843506;2126.314941;0.047420;0.000000;0.000000;0.000000;0.000000;2.000000;128.952881;-392.520203;1901.731812;0.041333;0.000000;0.000000;0.000000;0.000000;2.000000;137.598297;-493.615173;1910.011597;0.035937;0.000000;0.000000;0.000000;0.000000;2.000000;150.852448;-606.955811;1915.299072;0.034802;0.000000;0.000000;0.000000;0.000000;1.000000;99.552002;-538.474304;1895.551270;0.114481;0.000000;0.000000;0.000000;0.000000;2.000000;11.280243;-681.898193;1975.538696;0.074820;0.000000;0.000000;0.000000;0.000000;2.000000;-124.742981;-674.601379;1947.705322;0.090645;0.000000;0.000000;0.000000;0.000000;2.000000;-246.131042;-440.480408;2085.777832;0.326937;0.000000;0.000000;0.000000;0.000000;2.000000;-137.413574;-288.753113;1922.021118;0.360088;0.000000;0.000000;0.000000;0.000000;2.000000;-188.349670;-194.096771;1943.477173;0.419384;0.000000;0.000000;0.000000;0.000000;2.000000;-110.089172;-177.246094;1864.740479;0.500660;0.000000;0.000000;0.000000;0.000000;2.000000;-89.886047;-179.643768;1852.818359;0.322546;0.000000;0.000000;0.000000;0.000000;2.000000;95.635712;-145.623520;2011.278320;0.010425;0.000000;0.000000;0.000000;0.000000;2.000000;185.511230;265.921814;2052.282227;0.039468;0.000000;0.000000;0.000000;0.000000;2.000000;258.420532;648.933044;2159.952637;0.064701;0.000000;0.000000;0.000000;0.000000;2.000000;301.657257;742.836914;1991.018677;0.069758;0.000000;0.000000;0.000000;0.000000;2.000000;-86.238953;-153.946472;1989.829956;0.009405;0.000000;0.000000;0.000000;0.000000;2.000000;-72.674988;259.279602;2078.166504;0.016164;0.000000;0.000000;0.000000;0.000000;2.000000;-60.620850;654.230164;2182.738281;0.063160;0.000000;0.000000;0.000000;0.000000;2.000000;-50.708313;725.623962;2015.378296;0.066040;0.000000;0.000000;0.000000;0.000000;2.000000;67.026825;-797.195007;1957.415527;0.074974;0.000000;0.000000;0.000000;0.000000;2.000000;94.499268;-816.819214;1790.922974;0.228595;0.000000;0.000000;0.000000;0.000000;2.000000;128.272888;-848.508423;1827.756348;0.214711;0.000000;0.000000;0.000000;0.000000;2.000000;171.544250;-833.729126;1953.738525;0.114508;0.000000;0.000000;0.000000;0.000000;2.000000;75.475342;-860.919800;1817.095581;0.227597;0.000000;0.000000;0.000000;0.000000;2.000000;5.780579;-887.516357;1933.808594;0.172412;0.000000;0.000000;0.000000;0.000000;2.000000;18917933056.000000
0.000000;-150.000000;2000.000000;0.000000;0.000000;0.000000;0.000000;0.000000;2.000000;8.767639;-337.725525;1983.852905;0.066040;0.000000;0.000000;0.000000;0.000000;2.000000;12.850861;-488.224731;1992.355713;0.127968;0.000000;0.000000;0.000000;0.000000;2.000000;45.740112;-714.837891;1976.462280;0.197289;0.000000;0.000000;0.000000;0.000000;2.000000;75.199249;-673.062561;1984.976074;0.185589;0.000000;0.000000;0.000000;0.000000;2.000000;206.558014;-599.449402;1997.974609;0.210891;0.000000;0.000000;0.000000;0.000000;2.000000;207.247101;-342.161316;2136.410156;0.352125;0.000000;0.000000;0.000000;0.000000;2.000000;134.550812;-395.069550;1908.269043;0.273931;0.000000;0.000000;0.000000;0.000000;2.000000;140.800385;-496.331329;1916.738525;0.242000;0.000000;0.000000;0.000000;0.000000;2.000000;144.519348;-610.511841;1917.295044;0.229871;0.000000;0.000000;0.000000;0.000000;1.000000;96.064087;-538.882446;1894.169312;0.115169;0.000000;0.000000;0.000000;0.000000;2.000000;5.251312;-681.904297;1975.410400;0.184030;0.000000;0.000000;0.000000;0.000000;2.000000;-129.597290;-664.915955;1946.086914;0.334291;0.000000;0.000000;0.000000;0.000000;2.000000;-247.573792;-436.601776;2096.342041;0.346247;0.000000;0.000000;0.000000;0.000000;2.000000;-151.756897;-276.633911;1932.348877;0.654009;0.000000;0.000000;0.000000;0.000000;2.000000;-198.790222;-177.638626;1934.325928;0.657100;0.000000;0.000000;0.000000;0.000000;2.000000;-113.334290;-179.316147;1861.496704;0.153616;0.000000;0.000000;0.000000;0.000000;2.000000;-95.370728;-177.180222;1856.541382;0.215817;0.000000;0.000000;0.000000;0.000000;2.000000;95.450043;-146.669662;2013.109619;0.064612;0.000000;0.000000;0.000000;0.000000;2.000000;182.362244;265.460022;2054.889648;0.125561;0.000000;0.000000;0.000000;0.000000;2.000000;252.688416;650.322327;2157.657959;0.193137;0.000000;0.000000;0.000000;0.000000;2.000000;297.371521;740.109009;1986.858276;0.200391;0.000000;0.000000;0.000000;0.000000;2.000000;-86.071472;-153.003098;1988.178589;0.058264;0.000000;0.000000;0.000000;0.000000;2.000000;-76.152954;260.364410;2076.460449;0.122769;0.000000;0.000000;0.000000;0.000000;2.000000;-68.058533;655.312317;2181.518799;0.232370;0.000000;0.000000;0.000000;0.000000;2.000000;-57.470459;725.541626;2013.696411;0.212666;0.000000;0.000000;0.000000;0.000000;2.000000;59.707062;-797.707520;1956.551270;0.225476;0.000000;0.000000;0.000000;0.000000;2.000000;89.646820;-811.553650;1789.893066;0.220769;0.000000;0.000000;0.000000;0.000000;2.000000;123.069702;-844.303223;1826.119507;0.210186;0.000000;0.000000;0.000000;0.000000;2.000000;164.470917;-833.576233;1953.144653;0.216671;0.000000;0.000000;0.000000;0.000000;2.000000;70.494263;-856.611267;1814.288330;0.218484;0.000000;0.000000;0.000000;0.000000;2.000000;-0.706299;-887.489014;1929.031494;0.245853;0.000000;0.000000;0.000000;0.000000;2.000000;18917965824.000000
0.000000;-150.000000;2000.000000;0.000000;0.000000;0.000000;0.000000;0.000000;2.000000;8.484070;-338.144714;1985.214233;0.041715;0.000000;0.000000;0.000000;0.000000;2.000000;12.256989;-488.814392;1994.913452;0.077297;0.000000;0.000000;0.000000;0.000000;2.000000;39.197754;-716.701050;1981.006226;0.234965;0.000000;0.000000;0.000000;0.000000;2.000000;69.727509;-675.613647;1989.585693;0.218171;0.000000;0.000000;0.000000;0.000000;2.000000;208.905396;-618.224792;2005.397095;0.583793;0.000000;0.000000;0.000000;0.000000;2.000000;198.616089;-351.683777;2125.718506;0.480174;0.000000;0.000000;0.000000;0.000000;2.000000;181.052185;-322.269165;1882.520142;2.589049;0.000000;0.000000;0.000000;0.000000;1.000000;171.701752;-420.995850;1858.802124;2.870369;0.000000;0.000000;0.000000;0.000000;1.000000;184.701294;-534.495667;1852.423462;3.093683;0.000000;0.000000;0.000000;0.000000;1.000000;117.112549;-458.062195;1886.479492;2.408934;0.000000;0.000000;0.000000;0.000000;1.000000;-0.426941;-682.638000;1979.234741;0.197761;0.000000;0.000000;0.000000;0.000000;2.000000;-135.309937;-667.087341;1948.292236;0.186613;0.000000;0.000000;0.000000;0.000000;2.000000;-246.892334;-442.637695;2109.752686;0.422856;0.000000;0.000000;0.000000;0.000000;2.000000;-165.985413;-270.073975;1949.966187;0.677175;0.000000;0.000000;0.000000;0.000000;2.000000;-200.314209;-166.228561;1940.420044;0.374109;0.000000;0.000000;0.000000;0.000000;2.000000;-115.478027;-179.089020;1867.713501;0.188992;0.000000;0.000000;0.000000;0.000000;2.000000;-106.190308;-177.424393;1863.923584;0.376275;0.000000;0.000000;0.000000;0.000000;2.000000;95.562927;-146.744141;2013.404175;0.009309;0.000000;0.000000;0.000000;0.000000;2.000000;182.563904;266.289124;2052.661133;0.068540;0.000000;0.000000;0.000000;0.000000;2.000000;249.713013;650.191162;2163.316895;0.183675;0.000000;0.000000;0.000000;0.000000;2.000000;295.383759;742.943237;1994.012451;0.228278;0.000000;0.000000;0.000000;0.000000;2.000000;-86.173279;-152.935959;1987.912964;0.008395;0.000000;0.000000;0.000000;0.000000;2.000000;-76.596863;260.833313;2077.487305;0.034840;0.000000;0.000000;0.000000;0.000000;2.000000;-68.052002;655.619202;2185.547119;0.116039;0.000000;0.000000;0.000000;0.000000;2.000000;-59.751831;724.092773;2016.566650;0.113234;0.000000;0.000000;0.000000;0.000000;2.000000;51.156952;-800.194214;1961.824097;0.297233;0.000000;0.000000;0.000000;0.000000;2.000000;84.160095;-823.762878;1796.572632;0.429673;0.000000;0.000000;0.000000;0.000000;2.000000;115.945374;-855.472229;1835.264648;0.462365;0.000000;0.000000;0.000000;0.000000;2.000000;155.077240;-839.075012;1962.623047;0.414557;0.000000;0.000000;0.000000;0.000000;2.000000;63.216125;-866.985596;1822.927368;0.440523;0.000000;0.000000;0.000000;0.000000;2.000000;-11.282043;-889.788940;1937.725708;0.398741;0.000000;0.000000;0.000000;0.000000;2.000000;18918000640.000000
0.000000;-150.000000;2000.000000;0.000000;0.000000;0.000000;0.000000;0.000000;2.000000;7.483093;-338.032715;1985.695190;0.034063;0.000000;0.000000;0.000000;0.000000;2.000000;10.509155;-488.550903;1995.628906;0.058194;0.000000;0.000000;0.000000;0.000000;2.000000;38.546417;-715.946228;1979.814941;0.047407;0.000000;0.000000;0.000000;0.000000;2.000000;68.841858;-674.824280;1988.735962;0.044534;0.000000;0.000000;0.000000;0.000000;2.000000;208.313354;-619.241516;2006.789307;0.055627;0.000000;0.000000;0.000000;0.000000;2.000000;197.024994;-353.351074;2127.740234;0.093559;0.000000;0.000000;0.000000;0.000000;2.000000;188.460175;-276.911438;1894.757324;1.451415;0.000000;0.000000;0.000000;0.000000;1.000000;178.830475;-368.847534;1851.967529;1.619727;0.000000;0.000000;0.000000;0.000000;1.000000;190.725952;-479.038147;1824.004150;1.910578;0.000000;0.000000;0.000000;0.000000;1.000000;127.540527;-410.912476;1884.197510;1.475312;0.000000;0.000000;0.000000;0.000000;1.000000;-1.205383;-682.099487;1978.328125;0.039999;0.000000;0.000000;0.000000;0.000000;2.000000;-135.777405;-666.727478;1946.585815;0.055100;0.000000;0.000000;0.000000;0.000000;2.000000;-242.653198;-444.673218;2113.881104;0.190967;0.000000;0.000000;0.000000;0.000000;2.000000;-176.919067;-266.951843;1953.179077;0.360592;0.000000;0.000000;0.000000;0.000000;2.000000;-199.263794;-160.209824;1941.518799;0.189445;0.000000;0.000000;0.000000;0.000000;2.000000;-116.003479;-180.524872;1868.867065;0.058451;0.000000;0.000000;0.000000;0.000000;2.000000;-109.403137;-179.679520;1866.748413;0.147585;0.000000;0.000000;0.000000;0.000000;2.000000;95.502228;-147.206360;2013.237305;0.015111;0.000000;0.000000;0.000000;0.000000;2.000000;181.832428;265.400940;2053.808594;0.049591;0.000000;0.000000;0.000000;0.000000;2.000000;247.931152;649.658081;2162.345703;0.064032;0.000000;0.000000;0.000000;0.000000;2.000000;294.425934;740.704895;1992.575317;0.086279;0.000000;0.000000;0.000000;0.000000;2.000000;-86.118591;-152.519150;1988.063354;0.013625;0.000000;0.000000;0.000000;0.000000;2.000000;-76.593262;260.784485;2077.770020;0.008756;0.000000;0.000000;0.000000;0.000000;2.000000;-67.874512;654.749512;2187.235840;0.058221;0.000000;0.000000;0.000000;0.000000;2.000000;-58.096558;723.164185;2018.510254;0.082903;0.000000;0.000000;0.000000;0.000000;2.000000;50.906311;-799.130066;1959.949219;0.066234;0.000000;0.000000;0.000000;0.000000;2.000000;87.119049;-819.983765;1795.182617;0.152494;0.000000;0.000000;0.000000;0.000000;2.000000;117.764923;-852.656799;1833.900391;0.110449;0.000000;0.000000;0.000000;0.000000;2.000000;154.325012;-838.959961;1962.195801;0.026633;0.000000;0.000000;0.000000;0.000000;2.000000;65.257050;-863.433899;1820.272461;0.148970;0.000000;0.000000;0.000000;0.000000;2.000000;-11.760498;-887.588013;1932.942749;0.161339;0.000000;0.000000;0.000000;0.000000;2.000000;18918033408.000000
0.000000;-150.000000;2000.000000;0.000000;0.000000;0.000000;0.000000;0.000000;2.000000;7.341461;-338.049194;1985.914185;0.007975;0.000000;0.000000;0.000000;0.000000;2.000000;10.438263;-488.544922;1996.096191;0.014425;0.000000;0.000000;0.000000;0.000000;2.000000;35.839294;-716.317261;1981.391846;0.096277;0.000000;0.000000;0.000000;0.000000;2.000000;66.617828;-675.502380;1990.056641;0.081604;0.000000;0.000000;0.000000;0.000000;2.000000;205.905579;-619.301697;2007.570190;0.077269;0.000000;0.000000;0.000000;0.000000;2.000000;196.203369;-354.195068;2130.344238;0.087220;0.000000;0.000000;0.000000;0.000000;2.000000;186.329376;-247.097733;1909.830444;1.021585;0.000000;0.000000;0.000000;0.000000;1.000000;180.076477;-332.617310;1854.851929;1.109809;0.000000;0.000000;0.000000;0.000000;1.000000;195.872803;-437.518066;1812.296509;1.325839;0.000000;0.000000;0.000000;0.000000;1.000000;133.359070;-381.290466;1885.613892;0.922280;0.000000;0.000000;0.000000;0.000000;1.000000;-3.522949;-682.025452;1979.795776;0.083746;0.000000;0.000000;0.000000;0.000000;2.000000;-138.036835;-666.343811;1947.976685;0.081812;0.000000;0.000000;0.000000;0.000000;2.000000;-242.946320;-443.821960;2115.878418;0.066859;0.000000;0.000000;0.000000;0.000000;2.000000;-180.464935;-265.331726;1954.742798;0.128185;0.000000;0.000000;0.000000;0.000000;2.000000;-201.285858;-158.429443;1941.828491;0.082761;0.000000;0.000000;0.000000;0.000000;2.000000;-117.667145;-181.103821;1870.300171;0.069301;0.000000;0.000000;0.000000;0.000000;2.000000;-110.919281;-179.438766;1868.932739;0.081476;0.000000;0.000000;0.000000;0.000000;2.000000;95.613556;-147.194763;2012.382813;0.026300;0.000000;0.000000;0.000000;0.000000;2.000000;180.260406;265.600220;2054.433350;0.051981;0.000000;0.000000;0.000000;0.000000;2.000000;245.698456;649.918823;2163.108154;0.072438;0.000000;0.000000;0.000000;0.000000;2.000000;292.583740;740.522888;1993.215454;0.059775;0.000000;0.000000;0.000000;0.000000;2.000000;-86.218964;-152.529617;1988.834106;0.023722;0.000000;0.000000;0.000000;0.000000;2.000000;-76.861969;260.726471;2078.718262;0.030130;0.000000;0.000000;0.000000;0.000000;2.000000;-67.727509;654.703491;2188.061523;0.025633;0.000000;0.000000;0.000000;0.000000;2.000000;-60.809784;723.293274;2019.271118;0.086085;0.000000;0.000000;0.000000;0.000000;2.000000;47.211792;-799.734314;1961.929321;0.129243;0.000000;0.000000;0.000000;0.000000;2.000000;82.658447;-826.010681;1797.778076;0.242143;0.000000;0.000000;0.000000;0.000000;2.000000;111.275330;-859.570679;1837.279297;0.307204;0.000000;0.000000;0.000000;0.000000;2.000000;148.179199;-845.337097;1965.413574;0.287567;0.000000;0.000000;0.000000;0.000000;2.000000;58.279877;-867.616455;1823.659180;0.268909;0.000000;0.000000;0.000000;0.000000;2.000000;-20.318756;-885.012939;1936.478516;0.293313;0.000000;0.000000;0.000000;0.000000;2.000000;18918066176.000000
0.000000;-150.000000;2000.000000;0.000000;0.000000;0.000000;0.000000;0.000000;2.000000;6.640747;-337.702637;1984.205200;0.053978;0.000000;0.000000;0.000000;0.000000;2.000000;9.316803;-488.105591;1992.989624;0.095700;0.000000;0.000000;0.000000;0.000000;2.000000;28.347168;-716.315186;1980.022339;0.218758;0.000000;0.000000;0.000000;0.000000;2.000000;60.216339;-676.355469;1988.335815;0.191964;0.000000;0.000000;0.000000;0.000000;2.000000;202.221008;-628.677856;2007.589600;0.289354;0.000000;0.000000;0.000000;0.000000;2.000000;192.064392;-361.211914;2124.185547;0.293330;0.000000;0.000000;0.000000;0.000000;2.000000;189.319458;-234.095535;1914.716431;0.408092;0.000000;0.000000;0.000000;0.000000;1.000000;179.378113;-313.682037;1852.134033;0.549807;0.000000;0.000000;0.000000;0.000000;1.000000;190.379913;-414.749451;1800.207520;0.757055;0.000000;0.000000;0.000000;0.000000;1.000000;131.286987;-363.454254;1884.969727;0.516076;0.000000;0.000000;0.000000;0.000000;1.000000;-10.002167;-681.001465;1978.202148;0.193889;0.000000;0.000000;0.000000;0.000000;2.000000;-144.439178;-665.903076;1946.536133;0.188913;0.000000;0.000000;0.000000;0.000000;2.000000;-247.002472;-442.398956;2113.922119;0.135649;0.000000;0.000000;0.000000;0.000000;2.000000;-186.492279;-262.130219;1954.501587;0.196149;0.000000;0.000000;0.000000;0.000000;2.000000;-206.124908;-155.340805;1940.046875;0.172646;0.000000;0.000000;0.000000;0.000000;2.000000;-122.965363;-180.484482;1869.030884;0.157492;0.000000;0.000000;0.000000;0.000000;2.000000;-116.191437;-178.674164;1866.993652;0.162834;0.000000;0.000000;0.000000;0.000000;2.000000;95.578156;-147.610718;2011.791138;0.020798;0.000000;0.000000;0.000000;0.000000;2.000000;178.671021;265.099915;2052.420410;0.075055;0.000000;0.000000;0.000000;0.000000;2.000000;239.904144;649.661011;2160.805664;0.179238;0.000000;0.000000;0.000000;0.000000;2.000000;287.272644;741.448975;1991.974609;0.158898;0.000000;0.000000;0.000000;0.000000;2.000000;-86.187042;-152.154510;1989.367554;0.018753;0.000000;0.000000;0.000000;0.000000;2.000000;-78.368927;260.966492;2077.516602;0.055787;0.000000;0.000000;0.000000;0.000000;2.000000;-70.739410;654.703369;2185.926270;0.106043;0.000000;0.000000;0.000000;0.000000;2.000000;-66.197662;723.820068;2017.516602;0.163453;0.000000;0.000000;0.000000;0.000000;2.000000;37.367310;-800.057007;1961.212036;0.283658;0.000000;0.000000;0.000000;0.000000;2.000000;76.199066;-830.471069;1798.769897;0.227257;0.000000;0.000000;0.000000;0.000000;2.000000;104.940125;-862.000244;1839.716919;0.207080;0.000000;0.000000;0.000000;0.000000;2.000000;139.248993;-842.867676;1967.759033;0.274518;0.000000;0.000000;0.000000;0.000000;2.000000;52.468567;-871.812012;1825.518677;0.212685;0.000000;0.000000;0.000000;0.000000;2.000000;-27.472809;-887.682861;1937.402832;0.220926;0.000000;0.000000;0.000000;0.000000;2.000000;18918100992.000000
0.000000;-150.000000;2000.000000;0.000000;0.000000;0.000000;0.000000;0.000000;2.000000;4.584198;-338.196167;1987.044922;0.108055;0.000000;0.000000;0.000000;0.000000;2.000000;5.679779;-488.637573;1998.144165;0.193204;0.000000;0.000000;0.000000;0.000000;2.000000;23.215271;-717.117310;1983.341064;0.188107;0.000000;0.000000;0.000000;0.000000;2.000000;55.376434;-677.396362;1992.032593;0.188554;0.000000;0.000000;0.000000;0.000000;2.000000;198.816254;-633.832397;2011.737183;0.227072;0.000000;0.000000;0.000000;0.000000;2.000000;188.196198;-365.717651;2127.630859;0.209518;0.000000;0.000000;0.000000;0.000000;2.000000;189.387390;-226.628876;1925.559448;0.401775;0.000000;0.000000;0.000000;0.000000;1.000000;178.894989;-302.423584;1858.343140;0.392645;0.000000;0.000000;0.000000;0.000000;1.000000;188.944763;-400.613892;1800.729492;0.433893;0.000000;0.000000;0.000000;0.000000;1.000000;129.759460;-353.409546;1888.511230;0.328361;0.000000;0.000000;0.000000;0.000000;1.000000;-14.936493;-681.492126;1981.750610;0.186082;0.000000;0.000000;0.000000;0.000000;2.000000;-149.505341;-665.977051;1950.152588;0.189971;0.000000;0.000000;0.000000;0.000000;2.000000;-248.001678;-440.746460;2118.266602;0.145091;0.000000;0.000000;0.000000;0.000000;2.000000;-194.089447;-255.785599;1961.434814;0.368797;0.000000;0.000000;0.000000;0.000000;2.000000;-209.643646;-148.258636;1946.546875;0.312397;0.000000;0.000000;0.000000;0.000000;2.000000;-129.694183;-181.327148;1874.893677;0.273570;0.000000;0.000000;0.000000;0.000000;2.000000;-120.398468;-178.171051;1872.188477;0.204578;0.000000;0.000000;0.000000;0.000000;2.000000;95.745605;-148.456924;2011.464111;0.028153;0.000000;0.000000;0.000000;0.000000;2.000000;177.355103;264.780212;2054.672852;0.080206;0.000000;0.000000;0.000000;0.000000;2.000000;235.824066;650.334167;2162.770508;0.139718;0.000000;0.000000;0.000000;0.000000;2.000000;282.966370;740.454102;1992.718140;0.136774;0.000000;0.000000;0.000000;0.000000;2.000000;-86.337982;-151.391449;1989.662354;0.025386;0.000000;0.000000;0.000000;0.000000;2.000000;-81.182709;261.780640;2080.042480;0.118037;0.000000;0.000000;0.000000;0.000000;2.000000;-75.952362;655.610229;2189.996582;0.203726;0.000000;0.000000;0.000000;0.000000;2.000000;-70.468414;723.321716;2020.822021;0.165510;0.000000;0.000000;0.000000;0.000000;2.000000;31.709778;-800.858215;1963.844604;0.191994;0.000000;0.000000;0.000000;0.000000;2.000000;72.522217;-830.805298;1801.599487;0.141956;0.000000;0.000000;0.000000;0.000000;2.000000;100.261932;-863.024841;1842.796143;0.173754;0.000000;0.000000;0.000000;0.000000;2.000000;133.003906;-845.162659;1971.589111;0.234286;0.000000;0.000000;0.000000;0.000000;2.000000;47.813019;-872.030823;1827.760864;0.157836;0.000000;0.000000;0.000000;0.000000;2.000000;-34.047943;-887.525452;1938.498657;0.203482;0.000000;0.000000;0.000000;0.000000;2.000000;18918133760.000000
0.000000;-150.000000;2000.000000;0.000000;0.000000;0.000000;0.000000;0.000000;2.000000;4.583344;-338.197205;1987.045654;0.000047;0.000000;0.000000;0.000000;0.000000;2.000000;5.678253;-488.639282;1998.146240;0.000094;0.000000;0.000000;0.000000;0.000000;2.000000;23.211212;-717.120361;1983.345215;0.000200;0.000000;0.000000;0.000000;0.000000;2.000000;55.373169;-677.399536;1992.035767;0.000169;0.000000;0.000000;0.000000;0.000000;2.000000;198.815369;-633.839478;2011.737549;0.000218;0.000000;0.000000;0.000000;0.000000;2.000000;188.212036;-365.722107;2127.629883;0.000503;0.000000;0.000000;0.000000;0.000000;2.000000;189.404572;-226.622116;1925.564941;0.000588;0.000000;0.000000;0.000000;0.000000;1.000000;178.906494;-302.413086;1858.344604;0.000477;0.000000;0.000000;0.000000;0.000000;1.000000;188.949860;-400.601318;1800.725220;0.000434;0.000000;0.000000;0.000000;0.000000;1.000000;129.768982;-353.398438;1888.511475;0.000447;0.000000;0.000000;0.000000;0.000000;1.000000;-14.940399;-681.494690;1981.755127;0.000198;0.000000;0.000000;0.000000;0.000000;2.000000;-149.511322;-665.979187;1950.162842;0.000368;0.000000;0.000000;0.000000;0.000000;2.000000;-248.001495;-440.750732;2118.285645;0.000596;0.000000;0.000000;0.000000;0.000000;2.000000;-194.098419;-255.783401;1961.456787;0.000727;0.000000;0.000000;0.000000;0.000000;2.000000;-209.654816;-148.255692;1946.572388;0.000855;0.000000;0.000000;0.000000;0.000000;2.000000;-129.706757;-181.324173;1874.916626;0.000804;0.000000;0.000000;0.000000;0.000000;2.000000;-120.410309;-178.165039;1872.210449;0.000784;0.000000;0.000000;0.000000;0.000000;2.000000;95.746124;-148.457275;2011.463623;0.000024;0.000000;0.000000;0.000000;0.000000;2.000000;177.358093;264.781555;2054.672363;0.000101;0.000000;0.000000;0.000000;0.000000;2.000000;235.828156;650.336731;2162.772949;0.000165;0.000000;0.000000;0.000000;0.000000;2.000000;282.971893;740.458984;1992.720947;0.000241;0.000000;0.000000;0.000000;0.000000;2.000000;-86.338470;-151.391144;1989.662720;0.000021;0.000000;0.000000;0.000000;0.000000;2.000000;-81.177704;261.783936;2080.038574;0.000218;0.000000;0.000000;0.000000;0.000000;2.000000;-75.940948;655.617065;2189.987549;0.000491;0.000000;0.000000;0.000000;0.000000;2.000000;-70.464142;723.324890;2020.810303;0.000393;0.000000;0.000000;0.000000;0.000000;2.000000;31.704498;-800.861938;1963.849487;0.000247;0.000000;0.000000;0.000000;0.000000;2.000000;72.514130;-830.826843;1801.606079;0.000731;0.000000;0.000000;0.000000;0.000000;2.000000;100.253021;-863.043701;1842.805908;0.000703;0.000000;0.000000;0.000000;0.000000;2.000000;132.997284;-845.170288;1971.597534;0.000401;0.000000;0.000000;0.000000;0.000000;2.000000;47.803253;-872.048889;1827.771729;0.000709;0.000000;0.000000;0.000000;0.000000;2.000000;-34.057648;-887.529114;1938.512573;0.000530;0.000000;0.000000;0.000000;0.000000;2.000000;18918166528.000000
0.000000;-150.000000;2000.000000;0.000000;0.000000;0.000000;0.000000;0.000000;2.000000;2.339783;-339.074707;1987.048950;0.073519;0.000000;0.000000;0.000000;0.000000;2.000000;1.734039;-490.189697;1998.127808;0.129335;0.000000;0.000000;0.000000;0.000000;2.000000;16.311493;-720.082397;1986.546631;0.249104;0.000000;0.000000;0.000000;0.000000;2.000000;49.140533;-680.495117;1994.706299;0.227474;0.000000;0.000000;0.000000;0.000000;2.000000;192.939392;-637.277161;2017.464478;0.271491;0.000000;0.000000;0.000000;0.000000;2.000000;184.603394;-366.254578;2130.001465;0.132779;0.000000;0.000000;0.000000;0.000000;2.000000;190.414581;-214.275375;1936.140015;0.497066;0.000000;0.000000;0.000000;0.000000;1.000000;179.856659;-285.926025;1863.892700;0.531661;0.000000;0.000000;0.000000;0.000000;1.000000;189.507080;-380.902405;1800.144409;0.601665;0.000000;0.000000;0.000000;0.000000;1.000000;122.539124;-336.394043;1891.279663;0.570183;0.000000;0.000000;0.000000;0.000000;1.000000;-21.533173;-683.822937;1984.435303;0.228513;0.000000;0.000000;0.000000;0.000000;2.000000;-156.640778;-664.511353;1954.560181;0.259526;0.000000;0.000000;0.000000;0.000000;2.000000;-255.065338;-432.064026;2115.059814;0.355582;0.000000;0.000000;0.000000;0.000000;2.000000;-213.250580;-228.457092;1977.015259;1.123610;0.000000;0.000000;0.000000;0.000000;2.000000;-197.281891;-119.536499;1973.327393;1.255942;0.000000;0.000000;0.000000;0.000000;2.000000;-155.787140;-183.068146;1889.820190;0.918241;0.000000;0.000000;0.000000;0.000000;2.000000;-134.979584;-177.822617;1875.825806;0.458223;0.000000;0.000000;0.000000;0.000000;2.000000;96.227539;-149.570694;2011.117065;0.038500;0.000000;0.000000;0.000000;0.000000;2.000000;170.614136;267.402222;2049.619385;0.269319;0.000000;0.000000;0.000000;0.000000;2.000000;220.701172;653.610779;2165.990234;0.482425;0.000000;0.000000;0.000000;0.000000;2.000000;270.650818;744.110596;1995.917114;0.404123;0.000000;0.000000;0.000000;0.000000;2.000000;-86.772675;-150.387146;1989.975342;0.034719;0.000000;0.000000;0.000000;0.000000;2.000000;-85.073090;265.110748;2078.585205;0.162501;0.000000;0.000000;0.000000;0.000000;2.000000;-82.979218;661.036621;2187.857666;0.278773;0.000000;0.000000;0.000000;0.000000;2.000000;-83.033722;727.425659;2017.205322;0.418221;0.000000;0.000000;0.000000;0.000000;2.000000;23.728851;-804.570923;1968.170410;0.299069;0.000000;0.000000;0.000000;0.000000;2.000000;58.590424;-828.066345;1802.717285;0.434514;0.000000;0.000000;0.000000;0.000000;2.000000;87.854095;-862.133545;1841.690430;0.380927;0.000000;0.000000;0.000000;0.000000;2.000000;125.544250;-849.527588;1970.371338;0.266111;0.000000;0.000000;0.000000;0.000000;2.000000;34.623291;-870.465942;1828.190918;0.405313;0.000000;0.000000;0.000000;0.000000;2.000000;-43.494659;-890.398926;1941.657837;0.315950;0.000000;0.000000;0.000000;0.000000;2.000000;18918199296.000000
0.000000;-150.000000;2000.000000;0.000000;0.000000;0.000000;0.000000;0.000000;2.000000;1.318939;-338.883362;1989.889038;0.086858;0.000000;0.000000;0.000000;0.000000;2.000000;-0.450348;-489.517029;2003.108154;0.157392;0.000000;0.000000;0.000000;0.000000;2.000000;12.740051;-718.796265;1987.464722;0.112173;0.000000;0.000000;0.000000;0.000000;2.000000;45.641541;-679.674316;1996.832397;0.119938;0.000000;0.000000;0.000000;0.000000;2.000000;189.142365;-636.930786;2020.358276;0.137483;0.000000;0.000000;0.000000;0.000000;2.000000;183.095581;-365.602936;2130.776855;0.052172;0.000000;0.000000;0.000000;0.000000;2.000000;191.865906;-207.554794;1942.579346;0.270567;0.000000;0.000000;0.000000;0.000000;1.000000;181.201538;-276.487000;1868.025146;0.298466;0.000000;0.000000;0.000000;0.000000;1.000000;190.413757;-369.170593;1801.313477;0.339635;0.000000;0.000000;0.000000;0.000000;1.000000;122.133240;-327.331482;1896.015503;0.293929;0.000000;0.000000;0.000000;0.000000;1.000000;-24.752319;-682.313965;1985.477295;0.106411;0.000000;0.000000;0.000000;0.000000;2.000000;-157.734009;-658.047607;1951.277588;0.210578;0.000000;0.000000;0.000000;0.000000;2.000000;-261.809021;-432.350281;2116.673340;0.199332;0.000000;0.000000;0.000000;0.000000;2.000000;-216.227661;-227.117203;1983.193359;0.200702;0.000000;0.000000;0.000000;0.000000;2.000000;-202.152466;-118.325119;1976.075684;0.164354;0.000000;0.000000;0.000000;0.000000;2.000000;-161.016174;-184.809280;1895.026123;0.217753;0.000000;0.000000;0.000000;0.000000;2.000000;-138.554565;-179.037445;1881.719360;0.201037;0.000000;0.000000;0.000000;0.000000;2.000000;95.839172;-150.010834;2012.704102;0.048602;0.000000;0.000000;0.000000;0.000000;2.000000;167.148499;266.191650;2055.830566;0.207230;0.000000;0.000000;0.000000;0.000000;2.000000;215.963806;653.043701;2167.721924;0.145787;0.000000;0.000000;0.000000;0.000000;2.000000;266.767151;742.477051;1997.796387;0.132507;0.000000;0.000000;0.000000;0.000000;2.000000;-86.422363;-149.990219;1988.544067;0.043832;0.000000;0.000000;0.000000;0.000000;2.000000;-87.313965;264.092957;2079.736816;0.078047;0.000000;0.000000;0.000000;0.000000;2.000000;-87.991882;658.525269;2191.361328;0.189893;0.000000;0.000000;0.000000;0.000000;2.000000;-86.873352;725.409424;2021.294067;0.171196;0.000000;0.000000;0.000000;0.000000;2.000000;19.853882;-802.810669;1967.657837;0.123127;0.000000;0.000000;0.000000;0.000000;2.000000;55.449371;-839.106323;1805.045288;0.336392;0.000000;0.000000;0.000000;0.000000;2.000000;82.639038;-871.604370;1846.596436;0.341014;0.000000;0.000000;0.000000;0.000000;2.000000;119.304504;-851.878174;1974.398193;0.223731;0.000000;0.000000;0.000000;0.000000;2.000000;29.350220;-878.467529;1832.950073;0.307317;0.000000;0.000000;0.000000;0.000000;2.000000;-50.731323;-887.033203;1946.139038;0.262898;0.000000;0.000000;0.000000;0.000000;2.000000;18918234112.000000
0.000000;-150.000000;2000.000000;0.000000;0.000000;0.000000;0.000000;0.000000;2.000000;1.318939;-338.883362;1989.889038;0.000000;0.000000;0.000000;0.000000;0.000000;2.000000;-0.450348;-489.517029;2003.108154;0.000000;0.000000;0.000000;0.000000;0.000000;2.000000;12.740051;-718.796265;1987.464722;0.000000;0.000000;0.000000;0.000000;0.000000;2.000000;45.641541;-679.674316;1996.832397;0.000000;0.000000;0.000000;0.000000;0.000000;2.000000;189.142365;-636.930786;2020.358276;0.000000;0.000000;0.000000;0.000000;0.000000;2.000000;183.095581;-365.602936;2130.776855;0.000000;0.000000;0.000000;0.000000;0.000000;2.000000;191.865906;-207.554794;1942.579346;0.000000;0.000000;0.000000;0.000000;0.000000;1.000000;181.201538;-276.487000;1868.025146;0.000000;0.000000;0.000000;0.000000;0.000000;1.000000;190.413757;-369.170593;1801.313477;0.000000;0.000000;0.000000;0.000000;0.000000;1.000000;122.133240;-327.331482;1896.015503;0.000000;0.000000;0.000000;0.000000;0.000000;1.000000;-24.752319;-682.313965;1985.477295;0.000000;0.000000;0.000000;0.000000;0.000000;2.000000;-157.734009;-658.047607;1951.277588;0.000000;0.000000;0.000000;0.000000;0.000000;2.000000;-261.809021;-432.350281;2116.673340;0.000000;0.000000;0.000000;0.000000;0.000000;2.000000;-216.227661;-227.117203;1983.193359;0.000000;0.000000;0.000000;0.000000;0.000000;2.000000;-202.152466;-118.325119;1976.075684;0.000000;0.000000;0.000000;0.000000;0.000000;2.000000;-161.016174;-184.809280;1895.026123;0.000000;0.000000;0.000000;0.000000;0.000000;2.000000;-138.554565;-179.037445;1881.719360;0.000000;0.000000;0.000000;0.000000;0.000000;2.000000;95.839172;-150.010834;2012.704102;0.000000;0.000000;0.000000;0.000000;0.000000;2.000000;167.148499;266.191650;2055.830566;0.000000;0.000000;0.000000;0.000000;0.000000;2.000000;215.963806;653.043701;2167.721924;0.000000;0.000000;0.000000;0.000000;0.000000;2.000000;266.767151;742.477051;1997.796387;0.000000;0.000000;0.000000;0.000000;0.000000;2.000000;-86.422363;-149.990219;1988.544067;0.000000;0.000000;0.000000;0.000000;0.000000;2.000000;-87.313965;264.092957;2079.736816;0.000000;0.000000;0.000000;0.000000;0.000000;2.000000;-87.991882;658.525269;2191.361328;0.000000;0.000000;0.000000;0.000000;0.000000;2.000000;-86.873352;725.409424;2021.294067;0.000000;0.000000;0.000000;0.000000;0.000000;2.000000;19.853882;-802.810669;1967.657837;0.000000;0.000000;0.000000;0.000000;0.000000;2.000000;55.449371;-839.106323;1805.045288;0.000000;0.000000;0.000000;0.000000;0.000000;2.000000;82.639038;-871.604370;1846.596436;0.000000;0.000000;0.000000;0.000000;0.000000;2.000000;119.304504;-851.878174;1974.398193;0.000000;0.000000;0.000000;0.000000;0.000000;2.000000;29.350220;-878.467529;1832.950073;0.000000;0.000000;0.000000;0.000000;0.000000;2.000000;-50.731323;-887.033203;1946.139038;0.000000;0.000000;0.000000;0.000000;0.000000;2.000000;18918266880.000000
0.000000;-150.000000;2000.000000;0.000000;0.000000;0.000000;0.000000;0.000000;2.000000;-1.541931;-338.674011;1989.678345;0.087776;0.000000;0.000000;0.000000;0.000000;2.000000;-5.642059;-489.106812;2002.875977;0.159090;0.000000;0.000000;0.000000;0.000000;2.000000;2.154572;-718.756409;1994.034668;0.380208;0.000000;0.000000;0.000000;0.000000;2.000000;35.905579;-680.203186;2002.383911;0.342407;0.000000;0.000000;0.000000;0.000000;2.000000;179.699585;-637.880920;2023.772705;0.307800;0.000000;0.000000;0.000000;0.000000;2.000000;179.658508;-368.835266;2139.030273;0.290126;0.000000;0.000000;0.000000;0.000000;2.000000;192.201233;-206.281601;1955.269165;0.389341;0.000000;0.000000;0.000000;0.000000;1.000000;178.740143;-271.082214;1877.668945;0.345635;0.000000;0.000000;0.000000;0.000000;1.000000;184.100800;-360.293152;1806.177124;0.364065;0.000000;0.000000;0.000000;0.000000;1.000000;113.477051;-318.599243;1901.360474;0.409152;0.000000;0.000000;0.000000;0.000000;1.000000;-34.416443;-681.512329;1990.818481;0.337859;0.000000;0.000000;0.000000;0.000000;2.000000;-167.130585;-655.794861;1957.233887;0.346409;0.000000;0.000000;0.000000;0.000000;2.000000;-270.224457;-430.479797;2123.206543;0.330099;0.000000;0.000000;0.000000;0.000000;2.000000;-233.451569;-223.034637;1990.915039;0.589357;0.000000;0.000000;0.000000;0.000000;2.000000;-212.526703;-117.885956;1967.137451;0.418113;0.000000;0.000000;0.000000;0.000000;2.000000;-169.433136;-190.995255;1893.292480;0.323136;0.000000;0.000000;0.000000;0.000000;1.000000;-153.642548;-180.236725;1885.970703;0.479776;0.000000;0.000000;0.000000;0.000000;1.000000;95.710815;-151.483719;2012.822754;0.045264;0.000000;0.000000;0.000000;0.000000;2.000000;163.971436;264.934387;2054.449707;0.112466;0.000000;0.000000;0.000000;0.000000;2.000000;205.945038;650.752380;2171.064453;0.329814;0.000000;0.000000;0.000000;0.000000;2.000000;253.914169;742.875610;2001.994507;0.412814;0.000000;0.000000;0.000000;0.000000;2.000000;-86.306610;-148.662094;1988.437256;0.040815;0.000000;0.000000;0.000000;0.000000;2.000000;-94.750702;264.594727;2080.941406;0.230419;0.000000;0.000000;0.000000;0.000000;2.000000;-103.614349;658.202942;2193.561768;0.481566;0.000000;0.000000;0.000000;0.000000;2.000000;-99.482391;726.019897;2024.114746;0.394748;0.000000;0.000000;0.000000;0.000000;2.000000;7.339996;-803.374329;1976.750854;0.472380;0.000000;0.000000;0.000000;0.000000;2.000000;33.412354;-834.548828;1811.476685;0.714244;0.000000;0.000000;0.000000;0.000000;2.000000;63.749664;-867.506226;1850.310547;0.600660;0.000000;0.000000;0.000000;0.000000;2.000000;107.868866;-850.398193;1975.969238;0.355150;0.000000;0.000000;0.000000;0.000000;2.000000;9.916290;-875.145691;1839.809448;0.637053;0.000000;0.000000;0.000000;0.000000;2.000000;-62.688873;-888.412537;1957.328247;0.501533;0.000000;0.000000;0.000000;0.000000;2.000000;18918299648.000000
0.000000;-150.000000;2000.000000;0.000000;0.000000;0.000000;0.000000;0.000000;2.000000;-1.341187;-338.474548;1989.710815;0.008693;0.000000;0.000000;0.000000;0.000000;2.000000;-5.304993;-488.740967;2002.993408;0.015598;0.000000;0.000000;0.000000;0.000000;2.000000;3.005646;-718.136353;1994.431885;0.034345;0.000000;0.000000;0.000000;0.000000;2.000000;36.626892;-679.539307;2002.756348;0.032003;0.000000;0.000000;0.000000;0.000000;2.000000;180.170898;-637.092041;2024.427002;0.034426;0.000000;0.000000;0.000000;0.000000;2.000000;185.226776;-368.626892;2140.130371;0.173331;0.000000;0.000000;0.000000;0.000000;2.000000;199.763092;-202.097061;1960.473877;0.307882;0.000000;0.000000;0.000000;0.000000;1.000000;185.554840;-265.473755;1881.979614;0.299752;0.000000;0.000000;0.000000;0.000000;1.000000;188.605408;-352.276550;1807.640503;0.284156;0.000000;0.000000;0.000000;0.000000;1.000000;114.893860;-309.985535;1904.718994;0.285438;0.000000;0.000000;0.000000;0.000000;1.000000;-33.606842;-681.018005;1991.145264;0.030618;0.000000;0.000000;0.000000;0.000000;2.000000;-166.347839;-655.590271;1958.068726;0.035478;0.000000;0.000000;0.000000;0.000000;2.000000;-269.723389;-430.010071;2122.928223;0.022615;0.000000;0.000000;0.000000;0.000000;2.000000;-236.052368;-220.599960;1993.437622;0.133216;0.000000;0.000000;0.000000;0.000000;2.000000;-185.687683;-145.686447;1931.107788;1.612338;0.000000;0.000000;0.000000;0.000000;2.000000;-191.823730;-224.443130;1851.184448;1.777681;0.000000;0.000000;0.000000;0.000000;1.000000;-165.461731;-183.315659;1892.343994;0.420425;0.000000;0.000000;0.000000;0.000000;1.000000;95.600372;-151.383392;2012.879028;0.004867;0.000000;0.000000;0.000000;0.000000;2.000000;162.178802;264.857178;2054.379639;0.054799;0.000000;0.000000;0.000000;0.000000;2.000000;202.724060;650.712280;2169.863037;0.104919;0.000000;0.000000;0.000000;0.000000;2.000000;250.896439;742.005005;2000.650146;0.104261;0.000000;0.000000;0.000000;0.000000;2.000000;-86.207031;-148.752533;1988.386475;0.004388;0.000000;0.000000;0.000000;0.000000;2.000000;-96.169312;264.229065;2079.886230;0.055097;0.000000;0.000000;0.000000;0.000000;2.000000;-106.652527;657.133179;2193.229492;0.098819;0.000000;0.000000;0.000000;0.000000;2.000000;-103.925842;724.984497;2023.978882;0.139298;0.000000;0.000000;0.000000;0.000000;2.000000;8.389954;-802.671509;1977.268188;0.041665;0.000000;0.000000;0.000000;0.000000;2.000000;38.938629;-834.747009;1813.124634;0.176091;0.000000;0.000000;0.000000;0.000000;2.000000;67.404968;-868.124207;1852.908081;0.138142;0.000000;0.000000;0.000000;0.000000;2.000000;107.886688;-851.518494;1979.699951;0.118876;0.000000;0.000000;0.000000;0.000000;2.000000;13.845520;-874.776306;1840.774048;0.123985;0.000000;0.000000;0.000000;0.000000;2.000000;-62.514526;-886.347229;1955.892334;0.076949;0.000000;0.000000;0.000000;0.000000;2.000000;18918332416.000000
0.000000;-150.000000;2000.000000;0.000000;0.000000;0.000000;0.000000;0.000000;2.000000;-3.321045;-337.939880;1991.415771;0.076601;0.000000;0.000000;0.000000;0.000000;2.000000;-9.039978;-487.567993;2005.822510;0.138732;0.000000;0.000000;0.000000;0.000000;2.000000;-7.040314;-716.242676;1994.139282;0.293746;0.000000;0.000000;0.000000;0.000000;2.000000;27.483582;-678.829590;2003.131226;0.263628;0.000000;0.000000;0.000000;0.000000;2.000000;172.104034;-643.456299;2026.921265;0.303697;0.000000;0.000000;0.000000;0.000000;2.000000;185.297028;-375.681946;2141.250977;0.205188;0.000000;0.000000;0.000000;0.000000;2.000000;208.523254;-206.954239;1965.659302;0.323967;0.000000;0.000000;0.000000;0.000000;1.000000;190.548401;-263.598328;1883.301025;0.157840;0.000000;0.000000;0.000000;0.000000;1.000000;189.473846;-346.078796;1804.663208;0.199058;0.000000;0.000000;0.000000;0.000000;1.000000;110.219482;-302.009949;1908.303711;0.284787;0.000000;0.000000;0.000000;0.000000;1.000000;-42.482849;-678.201782;1991.207397;0.267471;0.000000;0.000000;0.000000;0.000000;2.000000;-173.320984;-645.456177;1958.833618;0.354009;0.000000;0.000000;0.000000;0.000000;2.000000;-278.834961;-423.241882;2125.208740;0.332523;0.000000;0.000000;0.000000;0.000000;2.000000;-246.732788;-212.506836;1999.011353;0.416858;0.000000;0.000000;0.000000;0.000000;2.000000;-195.108521;-145.206802;1929.992798;0.272826;0.000000;0.000000;0.000000;0.000000;2.000000;-206.735840;-223.111481;1850.342285;0.430696;0.000000;0.000000;0.000000;0.000000;1.000000;-178.295471;-183.392365;1895.727051;0.381215;0.000000;0.000000;0.000000;0.000000;1.000000;95.150299;-152.310516;2013.774048;0.039206;0.000000;0.000000;0.000000;0.000000;2.000000;153.345062;263.263641;2060.611572;0.313866;0.000000;0.000000;0.000000;0.000000;2.000000;190.956665;649.966797;2169.604004;0.338747;0.000000;0.000000;0.000000;0.000000;2.000000;241.294571;744.274353;2003.432617;0.294441;0.000000;0.000000;0.000000;0.000000;2.000000;-85.801208;-147.916504;1987.579346;0.035354;0.000000;0.000000;0.000000;0.000000;2.000000;-102.700012;263.191528;2080.333496;0.190364;0.000000;0.000000;0.000000;0.000000;2.000000;-119.732849;654.244080;2194.636230;0.386869;0.000000;0.000000;0.000000;0.000000;2.000000;-112.769592;726.176636;2027.827881;0.279137;0.000000;0.000000;0.000000;0.000000;2.000000;-3.918762;-800.383606;1975.881714;0.361790;0.000000;0.000000;0.000000;0.000000;2.000000;19.075745;-842.997681;1813.467041;0.617849;0.000000;0.000000;0.000000;0.000000;2.000000;50.012146;-873.011108;1853.805054;0.519548;0.000000;0.000000;0.000000;0.000000;2.000000;96.196991;-847.186462;1976.595581;0.369005;0.000000;0.000000;0.000000;0.000000;2.000000;-3.768463;-881.317627;1844.889282;0.552469;0.000000;0.000000;0.000000;0.000000;2.000000;-73.916687;-886.191162;1963.849365;0.399384;0.000000;0.000000;0.000000;0.000000;2.000000;18918367232.000000
0.000000;-150.000000;2000.000000;0.000000;0.000000;0.000000;0.000000;0.000000;2.000000;-4.591553;-336.677032;1989.969604;0.070259;0.000000;0.000000;0.000000;0.000000;2.000000;-10.998016;-485.415405;2003.606812;0.111616;0.000000;0.000000;0.000000;0.000000;2.000000;-11.767975;-712.753479;1993.428101;0.180624;0.000000;0.000000;0.000000;0.000000;2.000000;22.806641;-675.972412;2002.984863;0.167315;0.000000;0.000000;0.000000;0.000000;2.000000;166.884216;-643.976685;2028.874023;0.170818;0.000000;0.000000;0.000000;0.000000;2.000000;183.541290;-376.101715;2137.812988;0.118503;0.000000;0.000000;0.000000;0.000000;2.000000;209.931915;-168.984558;2013.273926;1.859027;0.000000;0.000000;0.000000;0.000000;1.000000;198.036270;-208.515167;1921.169067;2.052681;0.000000;0.000000;0.000000;0.000000;1.000000;203.899200;-274.170380;1829.065063;2.358826;0.000000;0.000000;0.000000;0.000000;1.000000;127.040955;-257.367493;1932.055176;1.626344;0.000000;0.000000;0.000000;0.000000;1.000000;-46.399597;-674.504089;1989.414185;0.173251;0.000000;0.000000;0.000000;0.000000;2.000000;-176.160187;-646.386902;1952.352051;0.217807;0.000000;0.000000;0.000000;0.000000;2.000000;-256.985321;-382.648407;2057.309570;2.504587;0.000000;0.000000;0.000000;0.000000;2.000000;-306.286835;-146.789246;2107.803223;4.283472;0.000000;0.000000;0.000000;0.000000;2.000000;-306.507111;-79.953239;2022.108765;4.839998;0.000000;0.000000;0.000000;0.000000;0.000000;-217.792389;-117.079636;1966.025635;4.800837;0.000000;0.000000;0.000000;0.000000;1.000000;-246.088776;-176.076035;1970.648926;3.091590;0.000000;0.000000;0.000000;0.000000;1.000000;94.767517;-152.977890;2012.040527;0.057879;0.000000;0.000000;0.000000;0.000000;2.000000;151.417175;260.412476;2056.600830;0.161287;0.000000;0.000000;0.000000;0.000000;2.000000;187.008667;644.049683;2167.882080;0.223350;0.000000;0.000000;0.000000;0.000000;2.000000;230.180862;744.840942;2004.979736;0.342870;0.000000;0.000000;0.000000;0.000000;2.000000;-85.456024;-147.314728;1989.142578;0.052193;0.000000;0.000000;0.000000;0.000000;2.000000;-104.579742;261.527527;2079.640137;0.079481;0.000000;0.000000;0.000000;0.000000;2.000000;-121.717010;650.798767;2191.010742;0.164204;0.000000;0.000000;0.000000;0.000000;2.000000;-122.945038;726.284424;2026.873169;0.311911;0.000000;0.000000;0.000000;0.000000;2.000000;-9.339050;-796.522705;1975.873535;0.203088;0.000000;0.000000;0.000000;0.000000;2.000000;8.833649;-838.994812;1813.900391;0.335848;0.000000;0.000000;0.000000;0.000000;2.000000;39.543884;-869.832764;1853.244995;0.334303;0.000000;0.000000;0.000000;0.000000;2.000000;88.755585;-845.906982;1974.336182;0.240521;0.000000;0.000000;0.000000;0.000000;2.000000;-14.298401;-876.504211;1845.506104;0.353832;0.000000;0.000000;0.000000;0.000000;2.000000;-81.594391;-879.705750;1965.179810;0.309385;0.000000;0.000000;0.000000;0.000000;2.000000;18918400000.000000
0.000000;-150.000000;2000.000000;0.000000;0.000000;0.000000;0.000000;0.000000;2.000000;-4.463959;-337.169495;1989.979126;0.015528;0.000000;0.000000;0.000000;0.000000;2.000000;-10.766785;-486.300842;2003.654785;0.027966;0.000000;0.000000;0.000000;0.000000;2.000000;-11.733246;-714.274719;1994.467041;0.056228;0.000000;0.000000;0.000000;0.000000;2.000000;23.017242;-677.375366;2003.644165;0.047741;0.000000;0.000000;0.000000;0.000000;2.000000;167.929749;-644.894043;2026.337402;0.088286;0.000000;0.000000;0.000000;0.000000;2.000000;183.413712;-376.272339;2135.622559;0.067162;0.000000;0.000000;0.000000;0.000000;2.000000;204.715469;-147.949402;2052.992676;1.380821;0.000000;0.000000;0.000000;0.000000;1.000000;198.321732;-169.952820;1954.424561;1.554020;0.000000;0.000000;0.000000;0.000000;1.000000;210.958282;-216.952148;1851.825562;1.891548;0.000000;0.000000;0.000000;0.000000;1.000000;138.052643;-228.775818;1954.303467;1.155536;0.000000;0.000000;0.000000;0.000000;1.000000;-46.461578;-675.923889;1990.513672;0.054834;0.000000;0.000000;0.000000;0.000000;2.000000;-176.492798;-646.184692;1954.337158;0.061734;0.000000;0.000000;0.000000;0.000000;2.000000;-254.912170;-378.841614;2054.037109;0.165749;0.000000;0.000000;0.000000;0.000000;2.000000;-318.246277;-153.659988;2132.831543;0.872105;0.000000;0.000000;0.000000;0.000000;2.000000;-321.402527;-76.638641;2055.824463;1.129401;0.000000;0.000000;0.000000;0.000000;0.000000;-230.383057;-97.999664;1994.849609;1.122695;0.000000;0.000000;0.000000;0.000000;1.000000;-259.772766;-172.804916;1990.949097;0.753759;0.000000;0.000000;0.000000;0.000000;1.000000;95.020294;-152.911163;2012.046997;0.007981;0.000000;0.000000;0.000000;0.000000;2.000000;150.781311;261.518188;2058.367432;0.066496;0.000000;0.000000;0.000000;0.000000;2.000000;184.359604;646.127014;2170.691895;0.133818;0.000000;0.000000;0.000000;0.000000;2.000000;227.971878;746.922241;2007.291626;0.116433;0.000000;0.000000;0.000000;0.000000;2.000000;-85.684021;-147.374878;1989.136841;0.007198;0.000000;0.000000;0.000000;0.000000;2.000000;-105.598083;262.699768;2078.958740;0.051749;0.000000;0.000000;0.000000;0.000000;2.000000;-123.590820;652.881348;2190.860840;0.085617;0.000000;0.000000;0.000000;0.000000;2.000000;-126.429871;727.749512;2025.942871;0.118807;0.000000;0.000000;0.000000;0.000000;2.000000;-9.465851;-798.341125;1977.223267;0.069218;0.000000;0.000000;0.000000;0.000000;2.000000;6.393982;-844.689392;1815.612549;0.196149;0.000000;0.000000;0.000000;0.000000;2.000000;36.422760;-875.791504;1855.500122;0.216511;0.000000;0.000000;0.000000;0.000000;2.000000;87.243866;-850.998718;1976.132202;0.171107;0.000000;0.000000;0.000000;0.000000;2.000000;-17.792328;-880.900696;1848.171753;0.189706;0.000000;0.000000;0.000000;0.000000;2.000000;-84.597656;-879.574768;1968.565430;0.138171;0.000000;0.000000;0.000000;0.000000;2.000000;18918432768.000000
0.000000;-150.000000;2000.000000;0.000000;0.000000;0.000000;0.000000;0.000000;2.000000;-5.725128;-337.648682;1992.211670;0.074923;0.000000;0.000000;0.000000;0.000000;2.000000;-13.158386;-486.927917;2007.211304;0.124411;0.000000;0.000000;0.000000;0.000000;2.000000;-20.603729;-715.067322;1993.775146;0.256568;0.000000;0.000000;0.000000;0.000000;2.000000;15.223206;-679.274292;2003.784790;0.230448;0.000000;0.000000;0.000000;0.000000;2.000000;160.324432;-647.661011;2028.562378;0.241076;0.000000;0.000000;0.000000;0.000000;2.000000;183.280457;-378.909424;2137.890137;0.099968;0.000000;0.000000;0.000000;0.000000;2.000000;208.357498;-147.110092;2065.012695;0.361549;0.000000;0.000000;0.000000;0.000000;1.000000;195.409164;-163.934708;1965.843750;0.380069;0.000000;0.000000;0.000000;0.000000;1.000000;200.308685;-206.214340;1860.299438;0.497919;0.000000;0.000000;0.000000;0.000000;1.000000;132.321869;-217.802612;1963.706177;0.446506;0.000000;0.000000;0.000000;0.000000;1.000000;-54.279785;-675.587463;1990.394775;0.224792;0.000000;0.000000;0.000000;0.000000;2.000000;-184.234894;-641.868530;1956.350952;0.261081;0.000000;0.000000;0.000000;0.000000;2.000000;-252.745575;-374.046570;2063.682617;0.315584;0.000000;0.000000;0.000000;0.000000;2.000000;-272.534332;-127.808075;2076.573730;2.210479;0.000000;0.000000;0.000000;0.000000;2.000000;-232.935822;-73.501747;1990.511719;3.159722;0.000000;0.000000;0.000000;0.000000;2.000000;-175.916351;-162.381577;2027.417480;2.596533;0.000000;0.000000;0.000000;0.000000;1.000000;-286.749847;-191.840256;1940.663086;1.727837;0.000000;0.000000;0.000000;0.000000;1.000000;95.098358;-153.437531;2012.916260;0.029274;0.000000;0.000000;0.000000;0.000000;2.000000;144.103760;262.424866;2062.236328;0.223187;0.000000;0.000000;0.000000;0.000000;2.000000;171.453125;649.103943;2172.244873;0.383045;0.000000;0.000000;0.000000;0.000000;2.000000;216.804428;747.587097;2007.399292;0.321339;0.000000;0.000000;0.000000;0.000000;2.000000;-85.754425;-146.900223;1988.352905;0.026400;0.000000;0.000000;0.000000;0.000000;2.000000;-108.427155;263.759583;2079.113525;0.086886;0.000000;0.000000;0.000000;0.000000;2.000000;-129.011139;654.316406;2192.455078;0.167432;0.000000;0.000000;0.000000;0.000000;2.000000;-135.770355;729.603760;2027.409424;0.276741;0.000000;0.000000;0.000000;0.000000;2.000000;-20.661591;-799.014709;1974.947021;0.328718;0.000000;0.000000;0.000000;0.000000;2.000000;-1.155609;-849.053528;1814.456543;0.252657;0.000000;0.000000;0.000000;0.000000;2.000000;30.494843;-877.240234;1855.430542;0.175287;0.000000;0.000000;0.000000;0.000000;2.000000;79.198425;-845.991150;1975.755615;0.272404;0.000000;0.000000;0.000000;0.000000;2.000000;-23.400635;-885.762146;1848.024536;0.213221;0.000000;0.000000;0.000000;0.000000;2.000000;-90.988434;-884.936157;1968.328003;0.239695;0.000000;0.000000;0.000000;0.000000;2.000000;18918467584.000000
0.000000;-150.000000;2000.000000;0.000000;0.000000;0.000000;0.000000;0.000000;2.000000;-5.533997;-337.026031;1992.888428;0.028664;0.000000;0.000000;0.000000;0.000000;2.000000;-12.820740;-485.741760;2008.319702;0.050603;0.000000;0.000000;0.000000;0.000000;2.000000;-19.764984;-713.268555;1998.158447;0.146841;0.000000;0.000000;0.000000;0.000000;2.000000;15.884888;-677.384033;2007.526123;0.129506;0.000000;0.000000;0.000000;0.000000;2.000000;161.220734;-649.040405;2031.696167;0.108011;0.000000;0.000000;0.000000;0.000000;2.000000;179.734085;-380.707428;2140.197754;0.140297;0.000000;0.000000;0.000000;0.000000;2.000000;203.715195;-143.305923;2092.017090;0.844218;0.000000;0.000000;0.000000;0.000000;1.000000;194.016525;-150.143555;1991.653442;0.894053;0.000000;0.000000;0.000000;0.000000;1.000000;202.634705;-181.387329;1882.976440;1.028600;0.000000;0.000000;0.000000;0.000000;1.000000;133.208832;-206.021652;1983.327026;0.698949;0.000000;0.000000;0.000000;0.000000;1.000000;-53.421997;-674.052246;1994.332397;0.131607;0.000000;0.000000;0.000000;0.000000;2.000000;-184.539948;-644.855591;1962.607056;0.211772;0.000000;0.000000;0.000000;0.000000;2.000000;-251.358307;-372.674438;2056.327637;0.232221;0.000000;0.000000;0.000000;0.000000;2.000000;-304.978241;-143.490280;2129.574707;1.955899;0.000000;0.000000;0.000000;0.000000;2.000000;-280.393280;-65.022079;2058.305176;2.538664;0.000000;0.000000;0.000000;0.000000;0.000000;-193.848358;-134.979767;2051.843262;1.246760;0.000000;0.000000;0.000000;0.000000;0.000000;-292.092804;-183.848389;1980.295898;1.244570;0.000000;0.000000;0.000000;0.000000;1.000000;94.758087;-153.297058;2012.970703;0.011357;0.000000;0.000000;0.000000;0.000000;2.000000;137.025452;260.243408;2074.100342;0.426827;0.000000;0.000000;0.000000;0.000000;2.000000;163.779999;647.775024;2175.808594;0.261354;0.000000;0.000000;0.000000;0.000000;2.000000;209.882050;744.844360;2011.154053;0.254488;0.000000;0.000000;0.000000;0.000000;2.000000;-85.447540;-147.026917;1988.303589;0.010243;0.000000;0.000000;0.000000;0.000000;2.000000;-112.126495;261.467560;2080.930664;0.143920;0.000000;0.000000;0.000000;0.000000;2.000000;-137.188141;650.060791;2195.030518;0.292088;0.000000;0.000000;0.000000;0.000000;2.000000;-142.598846;727.320313;2031.548706;0.253454;0.000000;0.000000;0.000000;0.000000;2.000000;-19.687347;-797.179810;1980.577271;0.183145;0.000000;0.000000;0.000000;0.000000;2.000000;-2.137085;-846.418945;1820.234253;0.196089;0.000000;0.000000;0.000000;0.000000;2.000000;26.613983;-877.371460;1861.054077;0.208555;0.000000;0.000000;0.000000;0.000000;2.000000;75.885681;-851.574097;1981.923828;0.273282;0.000000;0.000000;0.000000;0.000000;2.000000;-27.491821;-881.581787;1852.933472;0.233037;0.000000;0.000000;0.000000;0.000000;2.000000;-96.095245;-877.021851;1972.022095;0.308759;0.000000;0.000000;0.000000;0.000000;2.000000;18918500352.000000
0.000000;-150.000000;2000.000000;0.000000;0.000000;0.000000;0.000000;0.000000;2.000000;-4.617706;-336.837830;1991.155640;0.060094;0.000000;0.000000;0.000000;0.000000;2.000000;-10.786133;-485.623230;2005.269531;0.111951;0.000000;0.000000;0.000000;0.000000;2.000000;-18.965729;-712.933777;1994.976929;0.100629;0.000000;0.000000;0.000000;0.000000;2.000000;16.963104;-677.257507;2003.851685;0.116927;0.000000;0.000000;0.000000;0.000000;2.000000;162.907822;-651.733459;2026.771851;0.178854;0.000000;0.000000;0.000000;0.000000;2.000000;177.281693;-383.240356;2134.928711;0.193475;0.000000;0.000000;0.000000;0.000000;2.000000;197.689835;-142.748795;2104.674316;0.428140;0.000000;0.000000;0.000000;0.000000;1.000000;190.754654;-142.458694;2003.925537;0.452959;0.000000;0.000000;0.000000;0.000000;1.000000;202.821396;-165.549606;1893.638550;0.582677;0.000000;0.000000;0.000000;0.000000;1.000000;132.110535;-199.402969;1990.218750;0.293523;0.000000;0.000000;0.000000;0.000000;1.000000;-52.461609;-673.581543;1991.689697;0.087003;0.000000;0.000000;0.000000;0.000000;2.000000;-184.229706;-647.004456;1960.812134;0.085969;0.000000;0.000000;0.000000;0.000000;2.000000;-255.289032;-377.846252;2059.329590;0.218387;0.000000;0.000000;0.000000;0.000000;2.000000;-314.688873;-153.472992;2141.814453;0.565821;0.000000;0.000000;0.000000;0.000000;2.000000;-256.792694;-71.805779;2099.365479;1.460053;0.000000;0.000000;0.000000;0.000000;0.000000;-164.312164;-133.407639;2107.110840;1.912983;0.000000;0.000000;0.000000;0.000000;0.000000;-284.842010;-172.421707;1998.553223;0.693544;0.000000;0.000000;0.000000;0.000000;1.000000;94.928528;-152.875290;2011.177490;0.056458;0.000000;0.000000;0.000000;0.000000;2.000000;132.606964;259.953064;2077.738770;0.174899;0.000000;0.000000;0.000000;0.000000;2.000000;157.837036;648.307861;2175.443115;0.182434;0.000000;0.000000;0.000000;0.000000;2.000000;204.290558;744.356018;2010.462646;0.172583;0.000000;0.000000;0.000000;0.000000;2.000000;-85.601227;-147.407211;1989.920654;0.050912;0.000000;0.000000;0.000000;0.000000;2.000000;-113.181183;261.371765;2079.570557;0.052606;0.000000;0.000000;0.000000;0.000000;2.000000;-138.774689;650.335632;2191.192383;0.127020;0.000000;0.000000;0.000000;0.000000;2.000000;-148.029022;727.513916;2027.992798;0.198173;0.000000;0.000000;0.000000;0.000000;2.000000;-19.548889;-796.762146;1977.320435;0.100294;0.000000;0.000000;0.000000;0.000000;2.000000;-7.801147;-846.171204;1816.631470;0.204998;0.000000;0.000000;0.000000;0.000000;2.000000;21.864258;-877.441406;1856.480713;0.201232;0.000000;0.000000;0.000000;0.000000;2.000000;75.291412;-852.252319;1975.591919;0.195184;0.000000;0.000000;0.000000;0.000000;2.000000;-32.482361;-881.002869;1850.123901;0.175667;0.000000;0.000000;0.000000;0.000000;2.000000;-97.083466;-875.627869;1971.281006;0.056840;0.000000;0.000000;0.000000;0.000000;2.000000;18918533120.000000
0.000000;-150.000000;2000.000000;0.000000;0.000000;0.000000;0.000000;0.000000;2.000000;-5.388702;-336.977692;1991.726807;0.029591;0.000000;0.000000;0.000000;0.000000;2.000000;-12.290436;-485.807159;2006.170044;0.053798;0.000000;0.000000;0.000000;0.000000;2.000000;-21.576294;-713.352295;1998.802124;0.141906;0.000000;0.000000;0.000000;0.000000;2.000000;14.490967;-677.719849;2007.503418;0.135315;0.000000;0.000000;0.000000;0.000000;2.000000;161.129410;-655.239380;2029.880249;0.152943;0.000000;0.000000;0.000000;0.000000;2.000000;181.076584;-383.486938;2129.209473;0.209600;0.000000;0.000000;0.000000;0.000000;2.000000;209.215103;-173.070313;2010.104492;3.051098;0.000000;0.000000;0.000000;0.000000;2.000000;182.787537;-160.913879;1913.321289;2.832255;0.000000;0.000000;0.000000;0.000000;1.000000;167.063843;-174.408554;1801.826416;3.019012;0.000000;0.000000;0.000000;0.000000;1.000000;90.969299;-223.425797;1964.649414;1.650064;0.000000;0.000000;0.000000;0.000000;1.000000;-54.863281;-673.848511;1994.722290;0.118336;0.000000;0.000000;0.000000;0.000000;2.000000;-187.364349;-651.557617;1963.155518;0.183229;0.000000;0.000000;0.000000;0.000000;2.000000;-250.187531;-377.961914;2055.486328;0.194953;0.000000;0.000000;0.000000;0.000000;2.000000;-298.725739;-145.793488;2122.601318;0.797520;0.000000;0.000000;0.000000;0.000000;2.000000;-222.798248;-72.960037;2094.839844;1.047174;0.000000;0.000000;0.000000;0.000000;0.000000;-142.669342;-144.919952;2123.586426;0.901375;0.000000;0.000000;0.000000;0.000000;0.000000;-215.997284;-165.798599;1996.372681;2.111723;0.000000;0.000000;0.000000;0.000000;2.000000;94.911041;-153.257050;2011.791260;0.022065;0.000000;0.000000;0.000000;0.000000;2.000000;130.331482;259.303955;2082.987793;0.175712;0.000000;0.000000;0.000000;0.000000;2.000000;155.877045;648.931763;2176.639893;0.072623;0.000000;0.000000;0.000000;0.000000;2.000000;199.733429;747.573730;2012.312744;0.179364;0.000000;0.000000;0.000000;0.000000;2.000000;-85.585449;-147.062973;1989.367188;0.019897;0.000000;0.000000;0.000000;0.000000;2.000000;-116.391815;262.028473;2077.941895;0.111679;0.000000;0.000000;0.000000;0.000000;2.000000;-144.868134;651.002441;2189.885742;0.191270;0.000000;0.000000;0.000000;0.000000;2.000000;-152.247894;732.212524;2028.412842;0.193136;0.000000;0.000000;0.000000;0.000000;2.000000;-22.454254;-797.463013;1982.235718;0.175555;0.000000;0.000000;0.000000;0.000000;2.000000;-12.386475;-838.178711;1818.890015;0.289525;0.000000;0.000000;0.000000;0.000000;2.000000;18.168884;-871.208252;1856.654907;0.221202;0.000000;0.000000;0.000000;0.000000;2.000000;72.996155;-851.760864;1976.310913;0.074919;0.000000;0.000000;0.000000;0.000000;2.000000;-36.258545;-875.036621;1850.827515;0.216547;0.000000;0.000000;0.000000;0.000000;2.000000;-99.291504;-876.814575;1973.024170;0.093178;0.000000;0.000000;0.000000;0.000000;2.000000;18918565888.000000
0.000000;-150.000000;2000.000000;0.000000;0.000000;0.000000;0.000000;0.000000;2.000000;-5.064819;-337.705017;1991.239868;0.026806;0.000000;0.000000;0.000000;0.000000;2.000000;-12.333771;-487.118317;2005.612427;0.040943;0.000000;0.000000;0.000000;0.000000;2.000000;-23.099579;-715.496887;1998.168213;0.077718;0.000000;0.000000;0.000000;0.000000;2.000000;13.394867;-679.948853;2006.633545;0.075593;0.000000;0.000000;0.000000;0.000000;2.000000;160.422318;-655.001831;2027.790161;0.063741;0.000000;0.000000;0.000000;0.000000;2.000000;179.865967;-383.039703;2129.955322;0.042814;0.000000;0.000000;0.000000;0.000000;2.000000;203.395340;-180.398499;1995.401733;0.500581;0.000000;0.000000;0.000000;0.000000;2.000000;173.175186;-162.679459;1900.182251;0.470337;0.000000;0.000000;0.000000;0.000000;1.000000;152.062866;-170.589584;1788.585205;0.585080;0.000000;0.000000;0.000000;0.000000;1.000000;80.825775;-225.435287;1957.628540;0.358998;0.000000;0.000000;0.000000;0.000000;1.000000;-56.308624;-675.633118;1994.360474;0.066774;0.000000;0.000000;0.000000;0.000000;2.000000;-189.149506;-652.251038;1962.623901;0.057086;0.000000;0.000000;0.000000;0.000000;2.000000;-247.161407;-385.013367;2077.671875;0.674261;0.000000;0.000000;0.000000;0.000000;2.000000;-261.668854;-138.344391;2091.356689;1.408550;0.000000;0.000000;0.000000;0.000000;2.000000;-219.106720;-84.733063;2006.219360;2.569947;0.000000;0.000000;0.000000;0.000000;2.000000;-121.181000;-118.282547;1963.692383;4.696569;0.000000;0.000000;0.000000;0.000000;2.000000;-181.696747;-146.325394;1965.845825;1.432561;0.000000;0.000000;0.000000;0.000000;2.000000;94.933960;-153.233551;2014.398071;0.074880;0.000000;0.000000;0.000000;0.000000;2.000000;127.608704;261.389038;2084.736328;0.110566;0.000000;0.000000;0.000000;0.000000;2.000000;148.468323;652.288757;2181.023438;0.265390;0.000000;0.000000;0.000000;0.000000;2.000000;191.632156;746.562561;2013.058228;0.235469;0.000000;0.000000;0.000000;0.000000;2.000000;-85.606110;-147.084167;1987.016724;0.067516;0.000000;0.000000;0.000000;0.000000;2.000000;-120.890350;262.877472;2077.740234;0.131617;0.000000;0.000000;0.000000;0.000000;2.000000;-154.712372;652.535889;2191.619141;0.290459;0.000000;0.000000;0.000000;0.000000;2.000000;-159.591888;731.001709;2027.908203;0.214276;0.000000;0.000000;0.000000;0.000000;2.000000;-24.625549;-799.923157;1981.498901;0.096593;0.000000;0.000000;0.000000;0.000000;2.000000;-19.930359;-842.700684;1817.748901;0.254741;0.000000;0.000000;0.000000;0.000000;2.000000;10.548157;-876.503784;1855.252197;0.269571;0.000000;0.000000;0.000000;0.000000;2.000000;69.155640;-857.677856;1973.795898;0.215103;0.000000;0.000000;0.000000;0.000000;2.000000;-44.319519;-878.566406;1850.772095;0.252760;0.000000;0.000000;0.000000;0.000000;2.000000;-104.583496;-877.038269;1974.965088;0.162027;0.000000;0.000000;0.000000;0.000000;2.000000;18918600704.000000
0.000000;-150.000000;2000.000000;0.000000;0.000000;0.000000;0.000000;0.000000;2.000000;-5.016876;-338.069977;1993.077271;0.057187;0.000000;0.000000;0.000000;0.000000;2.000000;-12.430023;-487.580017;2008.713257;0.095718;0.000000;0.000000;0.000000;0.000000;2.000000;-25.400970;-716.110352;1999.045288;0.077457;0.000000;0.000000;0.000000;0.000000;2.000000;11.535980;-680.936157;2007.633423;0.071113;0.000000;0.000000;0.000000;0.000000;2.000000;158.632507;-653.432251;2026.670898;0.080278;0.000000;0.000000;0.000000;0.000000;2.000000;185.796417;-382.044495;2129.863770;0.183535;0.000000;0.000000;0.000000;0.000000;2.000000;202.199509;-180.754044;1991.598877;0.122140;0.000000;0.000000;0.000000;0.000000;2.000000;169.416199;-162.386307;1897.188721;0.146920;0.000000;0.000000;0.000000;0.000000;1.000000;144.871552;-169.795151;1786.083130;0.233627;0.000000;0.000000;0.000000;0.000000;1.000000;78.529480;-225.046432;1957.373657;0.071499;0.000000;0.000000;0.000000;0.000000;1.000000;-58.310181;-675.842041;1995.854126;0.076482;0.000000;0.000000;0.000000;0.000000;2.000000;-192.197571;-652.008667;1968.188599;0.193769;0.000000;0.000000;0.000000;0.000000;2.000000;-236.523254;-378.003235;2074.218262;0.402832;0.000000;0.000000;0.000000;0.000000;2.000000;-229.318176;-131.308731;2051.411377;1.583299;0.000000;0.000000;0.000000;0.000000;2.000000;-190.481384;-88.091721;1958.704834;1.695943;0.000000;0.000000;0.000000;0.000000;2.000000;-102.797241;-101.494774;1890.194824;2.368149;0.000000;0.000000;0.000000;0.000000;2.000000;-167.413818;-139.688400;1919.329346;1.498731;0.000000;0.000000;0.000000;0.000000;2.000000;94.932709;-153.098526;2015.380493;0.030263;0.000000;0.000000;0.000000;0.000000;2.000000;126.618530;261.304169;2091.120117;0.197164;0.000000;0.000000;0.000000;0.000000;2.000000;147.259369;651.622498;2192.266357;0.345683;0.000000;0.000000;0.000000;0.000000;2.000000;188.347290;742.644775;2021.653809;0.305211;0.000000;0.000000;0.000000;0.000000;2.000000;-85.605042;-147.205917;1986.130737;0.027292;0.000000;0.000000;0.000000;0.000000;2.000000;-122.541504;262.913025;2078.458008;0.054955;0.000000;0.000000;0.000000;0.000000;2.000000;-158.332703;652.392212;2194.550537;0.142228;0.000000;0.000000;0.000000;0.000000;2.000000;-162.544128;731.614990;2030.878296;0.129163;0.000000;0.000000;0.000000;0.000000;2.000000;-27.830811;-800.475342;1981.517212;0.099259;0.000000;0.000000;0.000000;0.000000;2.000000;-21.580933;-840.350830;1816.822388;0.092083;0.000000;0.000000;0.000000;0.000000;2.000000;8.411072;-875.011292;1854.075806;0.087275;0.000000;0.000000;0.000000;0.000000;2.000000;65.934540;-858.565491;1973.729126;0.101985;0.000000;0.000000;0.000000;0.000000;2.000000;-46.498077;-876.762451;1848.979858;0.102188;0.000000;0.000000;0.000000;0.000000;2.000000;-108.149261;-877.236755;1972.733887;0.128509;0.000000;0.000000;0.000000;0.000000;2.000000;18918633472.000000
