posX0;posY0;posZ0;posVel0;rotX0;rotY0;rotZ0;rotVel0;confidence0;posX1;posY1;posZ1;posVel1;rotX1;rotY1;rotZ1;rotVel1;confidence1;posX2;posY2;posZ2;posVel2;rotX2;rotY2;rotZ2;rotVel2;confidence2;posX3;posY3;posZ3;posVel3;rotX3;rotY3;rotZ3;rotVel3;confidence3;posX4;posY4;posZ4;posVel4;rotX4;rotY4;rotZ4;rotVel4;confidence4;posX5;posY5;posZ5;posVel5;rotX5;rotY5;rotZ5;rotVel5;confidence5;posX6;posY6;posZ6;posVel6;rotX6;rotY6;rotZ6;rotVel6;confidence6;posX7;posY7;posZ7;posVel7;rotX7;rotY7;rotZ7;rotVel7;confidence7;posX8;posY8;posZ8;posVel8;rotX8;rotY8;rotZ8;rotVel8;confidence8;posX9;posY9;posZ9;posVel9;rotX9;rotY9;rotZ9;rotVel9;confidence9;posX10;posY10;posZ10;posVel10;rotX10;rotY10;rotZ10;rotVel10;confidence10;posX11;posY11;posZ11;posVel11;rotX11;rotY11;rotZ11;rotVel11;confidence11;posX12;posY12;posZ12;posVel12;rotX12;rotY12;rotZ12;rotVel12;confidence12;posX13;posY13;posZ13;posVel13;rotX13;rotY13;rotZ13;rotVel13;confidence13;posX14;posY14;posZ14;posVel14;rotX14;rotY14;rotZ14;rotVel14;confidence14;posX15;posY15;posZ15;posVel15;rotX15;rotY15;rotZ15;rotVel15;confidence15;posX16;posY16;posZ16;posVel16;rotX16;rotY16;rotZ16;rotVel16;confidence16;posX17;posY17;posZ17;posVel17;rotX17;rotY17;rotZ17;rotVel17;confidence17;posX18;posY18;posZ18;posVel18;rotX18;rotY18;rotZ18;rotVel18;confidence18;posX19;posY19;posZ19;posVel19;rotX19;rotY19;rotZ19;rotVel19;confidence19;posX20;posY20;posZ20;posVel20;rotX20;rotY20;rotZ20;rotVel20;confidence20;posX21;posY21;posZ21;posVel21;rotX21;rotY21;rotZ21;rotVel21;confidence21;posX22;posY22;posZ22;posVel22;rotX22;rotY22;rotZ22;rotVel22;confidence22;posX23;posY23;posZ23;posVel23;rotX23;rotY23;rotZ23;rotVel23;confidence23;posX24;posY24;posZ24;posVel24;rotX24;rotY24;rotZ24;rotVel24;confidence24;posX25;posY25;posZ25;posVel25;rotX25;rotY25;rotZ25;rotVel25;confidence25;posX26;posY26;posZ26;posVel26;rotX26;rotY26;rotZ26;rotVel26;confidence26;posX27;posY27;posZ27;posVel27;rotX27;rotY27;rotZ27;rotVel27;confidence27;posX28;posY28;posZ28;posVel28;rotX28;rotY28;rotZ28;rotVel28;confidence28;posX29;posY29;posZ29;posVel29;rotX29;rotY29;rotZ29;rotVel29;confidence29;posX30;posY30;posZ30;posVel30;rotX30;rotY30;rotZ30;rotVel30;confidence30;posX31;posY31;posZ31;posVel31;rotX31;rotY31;rotZ31;rotVel31;confidence31;TimeStamp
0.000000;-150.000000;2000.000000;0.000000;0.000000;0.000000;0.000000;0.000000;2.000000;24.422241;-329.086487;1975.104004;0.000000;0.000000;0.000000;0.000000;0.000000;2.000000;54.088440;-470.910522;1958.336914;0.000000;0.000000;0.000000;0.000000;0.000000;2.000000;71.029724;-691.649475;1941.497559;0.000000;0.000000;0.000000;0.000000;0.000000;2.000000;73.437988;-652.491272;1910.296875;0.000000;0.000000;0.000000;0.000000;0.000000;2.000000;87.574158;-579.799133;1784.246826;0.000000;0.000000;0.000000;0.000000;0.000000;2.000000;22.687988;-320.416016;1692.719116;0.000000;0.000000;0.000000;0.000000;0.000000;2.000000;-74.565002;-115.893051;1622.194336;0.000000;0.000000;0.000000;0.000000;0.000000;2.000000;-142.500122;-51.855263;1653.523438;0.000000;0.000000;0.000000;0.000000;0.000000;0.000000;-169.989807;26.085299;1726.877319;0.000000;0.000000;0.000000;0.000000;0.000000;0.000000;-118.083130;-2.825397;1636.271118;0.000000;0.000000;0.000000;0.000000;0.000000;0.000000;65.161743;-657.709473;1978.420410;0.000000;0.000000;0.000000;0.000000;0.000000;2.000000;42.455750;-610.671814;2102.355957;0.000000;0.000000;0.000000;0.000000;0.000000;2.000000;114.668732;-338.092529;2160.695801;0.000000;0.000000;0.000000;0.000000;0.000000;1.000000;90.335388;-99.712189;2177.358887;0.000000;0.000000;0.000000;0.000000;0.000000;1.000000;136.304565;-58.231407;2091.284424;0.000000;0.000000;0.000000;0.000000;0.000000;0.000000;135.828033;37.280617;2143.006348;0.000000;0.000000;0.000000;0.000000;0.000000;0.000000;203.037811;0.357185;2159.102783;0.000000;0.000000;0.000000;0.000000;0.000000;0.000000;25.238770;-134.271942;1911.619873;0.000000;0.000000;0.000000;0.000000;0.000000;2.000000;82.457886;270.927185;1899.065674;0.000000;0.000000;0.000000;0.000000;0.000000;2.000000;353.206329;549.807007;1943.948486;0.000000;0.000000;0.000000;0.000000;0.000000;2.000000;331.796753;739.250305;1925.018799;0.000000;0.000000;0.000000;0.000000;0.000000;2.000000;-22.758850;-164.182693;2079.696045;0.000000;0.000000;0.000000;0.000000;0.000000;2.000000;-114.675354;233.122498;2110.636963;0.000000;0.000000;0.000000;0.000000;0.000000;2.000000;-9.941650;614.292969;2119.066650;0.000000;0.000000;0.000000;0.000000;0.000000;2.000000;-121.798340;745.855225;2083.704346;0.000000;0.000000;0.000000;0.000000;0.000000;2.000000;63.743591;-774.487732;1933.528320;0.000000;0.000000;0.000000;0.000000;0.000000;2.000000;-89.082642;-824.761658;1900.035400;0.000000;0.000000;0.000000;0.000000;0.000000;2.000000;-47.147461;-863.347961;1894.642334;0.000000;0.000000;0.000000;0.000000;0.000000;2.000000;79.804077;-858.383362;1868.820313;0.000000;0.000000;0.000000;0.000000;0.000000;2.000000;-66.226318;-847.475037;1942.002441;0.000000;0.000000;0.000000;0.000000;0.000000;1.000000;33.224304;-818.900269;2027.130615;0.000000;0.000000;0.000000;0.000000;0.000000;1.000000;5661366784.000000
0.000000;-150.000000;2000.000000;0.000000;0.000000;0.000000;0.000000;0.000000;2.000000;20.568481;-328.333374;1975.995117;0.120989;0.000000;0.000000;0.000000;0.000000;2.000000;48.298035;-469.587341;1960.407959;0.189014;0.000000;0.000000;0.000000;0.000000;2.000000;63.922791;-688.533020;1940.534424;0.234968;0.000000;0.000000;0.000000;0.000000;2.000000;68.200500;-649.141541;1910.435303;0.186857;0.000000;0.000000;0.000000;0.000000;2.000000;92.032227;-574.690369;1788.166992;0.235339;0.000000;0.000000;0.000000;0.000000;2.000000;43.301331;-315.935242;1691.359253;0.635171;0.000000;0.000000;0.000000;0.000000;2.000000;-61.007202;-118.651367;1616.268188;0.452262;0.000000;0.000000;0.000000;0.000000;2.000000;-129.973083;-55.484146;1644.720459;0.472804;0.000000;0.000000;0.000000;0.000000;0.000000;-142.031616;23.447762;1719.934814;0.869224;0.000000;0.000000;0.000000;0.000000;0.000000;-110.436462;-7.961243;1623.354980;0.476691;0.000000;0.000000;0.000000;0.000000;0.000000;56.595581;-655.444031;1977.465088;0.267789;0.000000;0.000000;0.000000;0.000000;2.000000;28.738586;-612.002625;2100.594238;0.417479;0.000000;0.000000;0.000000;0.000000;2.000000;90.621643;-345.140930;2182.215820;0.992521;0.000000;0.000000;0.000000;0.000000;1.000000;45.758301;-112.097656;2205.247070;1.623227;0.000000;0.000000;0.000000;0.000000;1.000000;99.104065;-77.111389;2121.529297;1.548302;0.000000;0.000000;0.000000;0.000000;0.000000;128.811310;25.845097;2133.490967;0.494241;0.000000;0.000000;0.000000;0.000000;0.000000;166.249237;-29.314598;2177.099854;1.519645;0.000000;0.000000;0.000000;0.000000;0.000000;26.223877;-135.193283;1912.470215;0.047911;0.000000;0.000000;0.000000;0.000000;2.000000;78.022156;267.772766;1902.206299;0.188824;0.000000;0.000000;0.000000;0.000000;2.000000;341.262848;546.486877;1964.497070;0.721100;0.000000;0.000000;0.000000;0.000000;2.000000;312.950500;733.421631;1943.925293;0.821039;0.000000;0.000000;0.000000;0.000000;2.000000;-23.647156;-163.351868;2078.929688;0.043197;0.000000;0.000000;0.000000;0.000000;2.000000;-80.953003;236.861008;2115.813721;1.031298;0.000000;0.000000;0.000000;0.000000;1.000000;-19.983398;623.486694;2144.989990;0.879840;0.000000;0.000000;0.000000;0.000000;1.000000;-136.374878;754.053528;2149.738525;2.046846;0.000000;0.000000;0.000000;0.000000;1.000000;56.341003;-770.533386;1930.771973;0.265433;0.000000;0.000000;0.000000;0.000000;2.000000;-94.132813;-813.098694;1884.333252;0.607006;0.000000;0.000000;0.000000;0.000000;2.000000;-54.106689;-853.391174;1882.563721;0.514745;0.000000;0.000000;0.000000;0.000000;2.000000;73.759583;-854.650635;1868.028320;0.214789;0.000000;0.000000;0.000000;0.000000;2.000000;-76.285217;-836.615906;1927.773193;0.616955;0.000000;0.000000;0.000000;0.000000;1.000000;15.953003;-812.864746;2020.614990;0.583566;0.000000;0.000000;0.000000;0.000000;1.000000;5661400064.000000
0.000000;-150.000000;2000.000000;0.000000;0.000000;0.000000;0.000000;0.000000;2.000000;25.210449;-325.262695;1984.871826;0.314821;0.000000;0.000000;0.000000;0.000000;2.000000;51.049011;-464.635498;1975.279541;0.478182;0.000000;0.000000;0.000000;0.000000;2.000000;65.779480;-679.172424;1952.354004;0.456464;0.000000;0.000000;0.000000;0.000000;2.000000;75.482300;-639.869141;1925.060791;0.564478;0.000000;0.000000;0.000000;0.000000;2.000000;114.063538;-563.150818;1811.471436;1.024122;0.000000;0.000000;0.000000;0.000000;2.000000;70.927490;-309.078125;1714.732544;1.106706;0.000000;0.000000;0.000000;0.000000;2.000000;-36.582764;-122.920227;1630.094482;0.853039;0.000000;0.000000;0.000000;0.000000;2.000000;-101.791016;-55.171852;1649.024902;0.856689;0.000000;0.000000;0.000000;0.000000;0.000000;-140.460266;13.843573;1722.008667;0.298990;0.000000;0.000000;0.000000;0.000000;0.000000;-99.238464;-16.697720;1641.534424;0.693202;0.000000;0.000000;0.000000;0.000000;0.000000;53.212830;-647.505920;1987.825684;0.405146;0.000000;0.000000;0.000000;0.000000;1.000000;-4.540344;-606.499634;2098.024414;1.016484;0.000000;0.000000;0.000000;0.000000;1.000000;41.243652;-347.412842;2195.205078;1.535709;0.000000;0.000000;0.000000;0.000000;1.000000;-2.529480;-118.056015;2209.904785;1.468643;0.000000;0.000000;0.000000;0.000000;1.000000;71.031250;-86.153160;2144.811035;1.129055;0.000000;0.000000;0.000000;0.000000;0.000000;130.156769;1.518450;2141.512695;0.770746;0.000000;0.000000;0.000000;0.000000;0.000000;128.500671;-60.165192;2201.277832;1.635148;0.000000;0.000000;0.000000;0.000000;0.000000;34.924744;-137.815964;1917.045898;0.305724;0.000000;0.000000;0.000000;0.000000;2.000000;43.157959;258.954712;1877.944824;1.303508;0.000000;0.000000;0.000000;0.000000;2.000000;294.558746;529.408325;1972.264160;1.512370;0.000000;0.000000;0.000000;0.000000;2.000000;247.519135;708.157715;1946.585938;2.109069;0.000000;0.000000;0.000000;0.000000;2.000000;-31.493164;-160.986877;2074.803467;0.275688;0.000000;0.000000;0.000000;0.000000;1.000000;-95.585693;230.810074;2107.496826;0.537432;0.000000;0.000000;0.000000;0.000000;1.000000;-20.463135;606.890869;2142.644043;0.503836;0.000000;0.000000;0.000000;0.000000;1.000000;-140.523193;729.509338;2137.335938;0.835666;0.000000;0.000000;0.000000;0.000000;1.000000;58.679016;-759.179565;1939.339111;0.433121;0.000000;0.000000;0.000000;0.000000;2.000000;-73.167175;-810.621521;1864.567627;0.868994;0.000000;0.000000;0.000000;0.000000;2.000000;-33.164673;-848.217957;1874.307373;0.694037;0.000000;0.000000;0.000000;0.000000;2.000000;92.218079;-844.092712;1888.746338;0.892090;0.000000;0.000000;0.000000;0.000000;2.000000;-65.013794;-830.390137;1911.457764;0.624536;0.000000;0.000000;0.000000;0.000000;1.000000;1.513611;-797.614746;2018.850098;0.633276;0.000000;0.000000;0.000000;0.000000;1.000000;5661433344.000000
0.000000;-150.000000;2000.000000;0.000000;0.000000;0.000000;0.000000;0.000000;2.000000;25.509521;-324.542114;1985.829102;0.037107;0.000000;0.000000;0.000000;0.000000;2.000000;47.994873;-463.854614;1975.753906;0.095790;0.000000;0.000000;0.000000;0.000000;2.000000;64.526917;-677.789917;1957.458740;0.163310;0.000000;0.000000;0.000000;0.000000;2.000000;77.473938;-639.017883;1931.135498;0.193789;0.000000;0.000000;0.000000;0.000000;2.000000;131.860352;-564.519897;1823.437988;0.645719;0.000000;0.000000;0.000000;0.000000;2.000000;97.961670;-310.981201;1724.921753;0.869988;0.000000;0.000000;0.000000;0.000000;2.000000;-6.421692;-125.774124;1636.992920;0.933632;0.000000;0.000000;0.000000;0.000000;2.000000;-77.480896;-63.966972;1652.918213;0.785568;0.000000;0.000000;0.000000;0.000000;0.000000;-117.786072;13.405660;1715.182739;0.711641;0.000000;0.000000;0.000000;0.000000;0.000000;-83.477844;-29.078781;1638.298218;0.610028;0.000000;0.000000;0.000000;0.000000;0.000000;48.027527;-645.787659;1990.658936;0.184905;0.000000;0.000000;0.000000;0.000000;1.000000;-21.609314;-603.826904;2092.672607;0.543476;0.000000;0.000000;0.000000;0.000000;1.000000;5.792053;-346.189087;2196.971191;1.067207;0.000000;0.000000;0.000000;0.000000;1.000000;-46.919006;-119.408096;2205.306152;1.341574;0.000000;0.000000;0.000000;0.000000;1.000000;37.250977;-84.566490;2157.575684;1.086129;0.000000;0.000000;0.000000;0.000000;0.000000;112.612488;-14.007217;2136.572266;0.719434;0.000000;0.000000;0.000000;0.000000;0.000000;86.729675;-79.736191;2211.073730;1.416983;0.000000;0.000000;0.000000;0.000000;0.000000;44.996765;-137.139954;1922.603271;0.346254;0.000000;0.000000;0.000000;0.000000;2.000000;37.759033;257.753540;1881.416016;0.196213;0.000000;0.000000;0.000000;0.000000;2.000000;268.734741;538.500977;1990.302246;0.985159;0.000000;0.000000;0.000000;0.000000;2.000000;206.912018;707.352356;1943.414551;1.224120;0.000000;0.000000;0.000000;0.000000;2.000000;-40.575500;-161.596466;2069.792236;0.312230;0.000000;0.000000;0.000000;0.000000;2.000000;-119.703125;226.691528;2087.727051;0.945181;0.000000;0.000000;0.000000;0.000000;1.000000;-47.539795;600.647644;2132.677734;0.887030;0.000000;0.000000;0.000000;0.000000;1.000000;-171.598755;715.834473;2108.761475;1.333401;0.000000;0.000000;0.000000;0.000000;1.000000;58.766113;-757.604370;1944.736084;0.168955;0.000000;0.000000;0.000000;0.000000;2.000000;-56.372253;-811.543457;1848.614990;0.696575;0.000000;0.000000;0.000000;0.000000;2.000000;-22.606323;-849.309570;1871.332275;0.331240;0.000000;0.000000;0.000000;0.000000;2.000000;95.951782;-849.412720;1913.242920;0.761543;0.000000;0.000000;0.000000;0.000000;2.000000;-60.260071;-825.470154;1897.855469;0.457508;0.000000;0.000000;0.000000;0.000000;2.000000;-16.942200;-782.664490;2012.666260;0.737475;0.000000;0.000000;0.000000;0.000000;1.000000;5661466624.000000
0.000000;-150.000000;2000.000000;0.000000;0.000000;0.000000;0.000000;0.000000;2.000000;25.465698;-324.065002;1991.611084;0.174333;0.000000;0.000000;0.000000;0.000000;2.000000;42.666443;-463.483704;1982.095459;0.249137;0.000000;0.000000;0.000000;0.000000;2.000000;54.637451;-677.138916;1970.191162;0.484827;0.000000;0.000000;0.000000;0.000000;2.000000;73.925903;-639.519226;1946.655029;0.478601;0.000000;0.000000;0.000000;0.000000;2.000000;150.514221;-569.427429;1851.072510;1.012632;0.000000;0.000000;0.000000;0.000000;2.000000;127.337036;-311.961182;1763.934570;1.467710;0.000000;0.000000;0.000000;0.000000;2.000000;52.753479;-115.279312;1673.506592;2.113021;0.000000;0.000000;0.000000;0.000000;2.000000;-23.490540;-59.288582;1682.883057;1.860735;0.000000;0.000000;0.000000;0.000000;0.000000;-54.755981;-5.981197;1769.825684;2.573367;0.000000;0.000000;0.000000;0.000000;0.000000;-30.441772;-24.309818;1671.819580;1.890702;0.000000;0.000000;0.000000;0.000000;0.000000;33.091309;-644.124573;1998.854248;0.514357;0.000000;0.000000;0.000000;0.000000;2.000000;-52.990479;-597.260193;2083.988770;0.998079;0.000000;0.000000;0.000000;0.000000;2.000000;-44.898254;-337.765564;2183.279297;1.597906;0.000000;0.000000;0.000000;0.000000;1.000000;-82.444702;-109.188629;2193.385986;1.167089;0.000000;0.000000;0.000000;0.000000;1.000000;9.685120;-79.298874;2160.303711;0.847263;0.000000;0.000000;0.000000;0.000000;0.000000;96.479858;-22.869678;2143.703369;0.593141;0.000000;0.000000;0.000000;0.000000;0.000000;50.948486;-82.538033;2219.512451;1.107856;0.000000;0.000000;0.000000;0.000000;0.000000;58.753357;-138.167664;1932.841064;0.516191;0.000000;0.000000;0.000000;0.000000;2.000000;31.238342;252.718643;1881.509521;0.247561;0.000000;0.000000;0.000000;0.000000;2.000000;224.102966;555.599182;1998.627930;1.457769;0.000000;0.000000;0.000000;0.000000;2.000000;163.385010;721.594238;1944.216797;1.376345;0.000000;0.000000;0.000000;0.000000;2.000000;-52.980530;-160.669724;2060.560059;0.465480;0.000000;0.000000;0.000000;0.000000;2.000000;-140.990479;223.926392;2074.277832;0.761159;0.000000;0.000000;0.000000;0.000000;2.000000;-4.665100;572.376038;2149.546631;1.624288;0.000000;0.000000;0.000000;0.000000;2.000000;-71.212708;716.495422;2088.288574;3.078562;0.000000;0.000000;0.000000;0.000000;2.000000;48.661194;-756.566345;1957.610352;0.492764;0.000000;0.000000;0.000000;0.000000;2.000000;-52.102234;-813.078369;1848.908447;0.136628;0.000000;0.000000;0.000000;0.000000;2.000000;-15.652649;-848.633118;1870.364014;0.211937;0.000000;0.000000;0.000000;0.000000;2.000000;98.542480;-839.332947;1920.708252;0.384856;0.000000;0.000000;0.000000;0.000000;2.000000;-57.369446;-832.242676;1895.956787;0.228499;0.000000;0.000000;0.000000;0.000000;2.000000;-27.223633;-796.868896;2016.658691;0.540375;0.000000;0.000000;0.000000;0.000000;1.000000;5661499904.000000
0.000000;-150.000000;2000.000000;0.000000;0.000000;0.000000;0.000000;0.000000;2.000000;18.538696;-325.869781;1995.238770;0.241136;0.000000;0.000000;0.000000;0.000000;2.000000;31.882813;-466.555664;1989.605225;0.405505;0.000000;0.000000;0.000000;0.000000;2.000000;58.983093;-679.898682;1979.751221;0.326261;0.000000;0.000000;0.000000;0.000000;2.000000;78.932556;-640.803833;1958.872803;0.398622;0.000000;0.000000;0.000000;0.000000;2.000000;163.941833;-565.041382;1874.449707;0.820720;0.000000;0.000000;0.000000;0.000000;2.000000;158.928070;-304.720306;1789.031006;1.231698;0.000000;0.000000;0.000000;0.000000;2.000000;82.852295;-110.498032;1692.152466;1.073548;0.000000;0.000000;0.000000;0.000000;2.000000;27.275818;-34.477623;1707.947266;1.857404;0.000000;0.000000;0.000000;0.000000;0.000000;-25.338135;12.407496;1788.657471;1.186115;0.000000;0.000000;0.000000;0.000000;0.000000;-1.043091;-12.845360;1682.931641;1.005239;0.000000;0.000000;0.000000;0.000000;0.000000;31.601624;-648.363403;2005.302979;0.236165;0.000000;0.000000;0.000000;0.000000;2.000000;-78.129761;-620.114990;2069.854980;1.105708;0.000000;0.000000;0.000000;0.000000;2.000000;-198.281677;-412.494873;2212.732422;5.202608;0.000000;0.000000;0.000000;0.000000;2.000000;-304.447021;-232.646118;2315.816406;8.473131;0.000000;0.000000;0.000000;0.000000;2.000000;-280.344360;-132.961288;2308.608643;9.920012;0.000000;0.000000;0.000000;0.000000;0.000000;-274.298584;-28.582870;2295.934326;12.044878;0.000000;0.000000;0.000000;0.000000;0.000000;-278.876709;-125.085159;2299.002441;10.274227;0.000000;0.000000;0.000000;0.000000;0.000000;69.776794;-141.106796;1943.190918;0.462852;0.000000;0.000000;0.000000;0.000000;2.000000;21.401184;248.210297;1882.518799;0.326563;0.000000;0.000000;0.000000;0.000000;2.000000;185.786530;563.975098;2013.680420;1.262335;0.000000;0.000000;0.000000;0.000000;2.000000;109.679932;719.543701;1946.483154;1.616345;0.000000;0.000000;0.000000;0.000000;2.000000;-62.920837;-158.019394;2051.227051;0.417375;0.000000;0.000000;0.000000;0.000000;2.000000;-120.210632;234.368118;2051.133057;0.985885;0.000000;0.000000;0.000000;0.000000;2.000000;15.754211;577.408081;2155.126709;0.653784;0.000000;0.000000;0.000000;0.000000;2.000000;-67.957764;713.103271;2093.555176;0.212128;0.000000;0.000000;0.000000;0.000000;2.000000;59.804626;-759.814209;1966.558350;0.440377;0.000000;0.000000;0.000000;0.000000;2.000000;-44.390625;-811.079102;1857.450195;0.350968;0.000000;0.000000;0.000000;0.000000;2.000000;-13.225830;-849.459595;1882.673096;0.377801;0.000000;0.000000;0.000000;0.000000;2.000000;100.162476;-850.862427;1936.927979;0.599934;0.000000;0.000000;0.000000;0.000000;2.000000;-53.487122;-826.212891;1905.619141;0.361567;0.000000;0.000000;0.000000;0.000000;2.000000;-22.664673;-786.383179;2025.382080;0.432141;0.000000;0.000000;0.000000;0.000000;1.000000;5661533184.000000
0.000000;-150.000000;2000.000000;0.000000;0.000000;0.000000;0.000000;0.000000;2.000000;-0.015076;-332.216980;2003.924805;0.644443;0.000000;0.000000;0.000000;0.000000;2.000000;0.128052;-477.880920;2007.480957;1.146628;0.000000;0.000000;0.000000;0.000000;2.000000;32.036377;-697.363953;2008.874268;1.302616;0.000000;0.000000;0.000000;0.000000;2.000000;55.484070;-657.349548;1989.994873;1.272058;0.000000;0.000000;0.000000;0.000000;2.000000;161.919586;-580.887451;1925.553223;1.608837;0.000000;0.000000;0.000000;0.000000;2.000000;160.665192;-312.271240;1838.700195;1.510514;0.000000;0.000000;0.000000;0.000000;2.000000;102.034302;-108.764648;1732.440796;1.341809;0.000000;0.000000;0.000000;0.000000;2.000000;62.596985;-22.536739;1758.644897;1.890981;0.000000;0.000000;0.000000;0.000000;0.000000;16.794189;42.642082;1835.060791;2.090995;0.000000;0.000000;0.000000;0.000000;0.000000;39.755371;-2.211927;1802.314331;3.804353;0.000000;0.000000;0.000000;0.000000;0.000000;-0.661377;-664.648254;2028.995117;1.298485;0.000000;0.000000;0.000000;0.000000;2.000000;-112.014832;-673.259094;2103.670898;2.149228;0.000000;0.000000;0.000000;0.000000;2.000000;-220.321899;-444.563049;2240.460938;1.435723;0.000000;0.000000;0.000000;0.000000;2.000000;-314.030640;-227.876953;2283.353516;1.027112;0.000000;0.000000;0.000000;0.000000;2.000000;-298.949829;-134.493546;2331.010254;0.876221;0.000000;0.000000;0.000000;0.000000;0.000000;-326.888062;-29.655598;2329.722412;1.878531;0.000000;0.000000;0.000000;0.000000;0.000000;-299.399292;-113.382874;2303.123535;0.720592;0.000000;0.000000;0.000000;0.000000;0.000000;87.333130;-150.705063;1967.602295;0.948428;0.000000;0.000000;0.000000;0.000000;2.000000;-2.860291;245.148148;1918.289063;1.301990;0.000000;0.000000;0.000000;0.000000;2.000000;130.110474;596.555359;2026.010254;1.973434;0.000000;0.000000;0.000000;0.000000;2.000000;21.296082;738.616699;1958.139404;2.739382;0.000000;0.000000;0.000000;0.000000;2.000000;-78.752136;-149.364227;2029.214355;0.855236;0.000000;0.000000;0.000000;0.000000;2.000000;-41.065186;230.200974;1882.870605;5.588750;0.000000;0.000000;0.000000;0.000000;2.000000;15.165649;540.486145;2120.703369;1.516920;0.000000;0.000000;0.000000;0.000000;2.000000;-68.837463;695.202515;2117.219727;0.891989;0.000000;0.000000;0.000000;0.000000;2.000000;36.198608;-780.013611;1998.111328;1.330574;0.000000;0.000000;0.000000;0.000000;2.000000;-70.094055;-837.947937;1887.233398;1.431512;0.000000;0.000000;0.000000;0.000000;2.000000;-26.714111;-872.110596;1902.092041;0.983861;0.000000;0.000000;0.000000;0.000000;2.000000;93.657959;-854.007507;1946.315430;0.355945;0.000000;0.000000;0.000000;0.000000;2.000000;-69.090149;-863.553894;1933.460693;1.476017;0.000000;0.000000;0.000000;0.000000;2.000000;-31.621277;-837.454041;2059.282227;1.861447;0.000000;0.000000;0.000000;0.000000;1.000000;5661566464.000000
0.000000;-150.000000;2000.000000;0.000000;0.000000;0.000000;0.000000;0.000000;2.000000;-1.601440;-334.161316;2020.250488;0.488797;0.000000;0.000000;0.000000;0.000000;2.000000;-2.425903;-481.270325;2037.514893;0.897618;0.000000;0.000000;0.000000;0.000000;2.000000;19.896729;-705.464844;2046.151367;1.184665;0.000000;0.000000;0.000000;0.000000;2.000000;45.858032;-666.494324;2026.190674;1.140926;0.000000;0.000000;0.000000;0.000000;2.000000;155.659027;-594.300781;1957.111328;1.031523;0.000000;0.000000;0.000000;0.000000;2.000000;188.098969;-320.267334;1878.274658;1.444507;0.000000;0.000000;0.000000;0.000000;2.000000;127.310852;-108.247910;1781.468262;1.632403;0.000000;0.000000;0.000000;0.000000;2.000000;75.991455;-23.093952;1792.219604;1.069846;0.000000;0.000000;0.000000;0.000000;0.000000;21.198792;50.359951;1856.987549;0.700136;0.000000;0.000000;0.000000;0.000000;0.000000;28.046631;-8.141331;1828.102783;0.856300;0.000000;0.000000;0.000000;0.000000;0.000000;-12.146729;-670.151184;2065.004883;1.130313;0.000000;0.000000;0.000000;0.000000;2.000000;-129.479919;-653.351563;2132.856689;1.166253;0.000000;0.000000;0.000000;0.000000;2.000000;-256.169617;-428.501282;2270.333496;1.460401;0.000000;0.000000;0.000000;0.000000;2.000000;-327.912231;-196.450836;2292.754395;1.054051;0.000000;0.000000;0.000000;0.000000;2.000000;-356.158508;-98.953339;2328.673340;1.994256;0.000000;0.000000;0.000000;0.000000;0.000000;-346.366638;3.579185;2368.140381;1.609997;0.000000;0.000000;0.000000;0.000000;0.000000;-315.224243;-59.711441;2315.471436;1.695728;0.000000;0.000000;0.000000;0.000000;0.000000;87.259949;-154.768936;1963.531006;0.170244;0.000000;0.000000;0.000000;0.000000;2.000000;-18.365295;246.173019;1932.829834;0.629770;0.000000;0.000000;0.000000;0.000000;2.000000;62.681702;624.181274;2024.570557;2.156806;0.000000;0.000000;0.000000;0.000000;2.000000;-40.328247;749.764893;1917.473877;2.209678;0.000000;0.000000;0.000000;0.000000;2.000000;-78.686157;-145.699646;2032.885498;0.153515;0.000000;0.000000;0.000000;0.000000;2.000000;-58.013977;242.924835;1887.883789;0.644478;0.000000;0.000000;0.000000;0.000000;2.000000;68.220703;594.106506;2036.040771;3.355586;0.000000;0.000000;0.000000;0.000000;2.000000;-46.473083;725.938660;1997.219238;3.725050;0.000000;0.000000;0.000000;0.000000;2.000000;20.519836;-789.883423;2037.792236;1.295952;0.000000;0.000000;0.000000;0.000000;2.000000;-67.742554;-835.594482;1903.744141;0.498420;0.000000;0.000000;0.000000;0.000000;2.000000;-28.172302;-873.295837;1923.535645;0.637008;0.000000;0.000000;0.000000;0.000000;2.000000;84.839294;-863.769775;1990.399658;1.361427;0.000000;0.000000;0.000000;0.000000;2.000000;-75.906799;-864.919067;1948.020508;0.477462;0.000000;0.000000;0.000000;0.000000;2.000000;-60.211731;-849.323486;2082.277588;1.141179;0.000000;0.000000;0.000000;0.000000;1.000000;5661600256.000000
0.000000;-150.000000;2000.000000;0.000000;0.000000;0.000000;0.000000;0.000000;2.000000;3.165100;-332.203522;2008.834473;0.376355;0.000000;0.000000;0.000000;0.000000;2.000000;6.474365;-477.672241;2018.927490;0.628610;0.000000;0.000000;0.000000;0.000000;2.000000;23.262085;-698.869507;2028.048096;0.587709;0.000000;0.000000;0.000000;0.000000;2.000000;51.302612;-660.923950;2011.126221;0.509588;0.000000;0.000000;0.000000;0.000000;2.000000;167.632355;-592.358887;1955.113037;0.369389;0.000000;0.000000;0.000000;0.000000;2.000000;203.906311;-319.685730;1890.337891;0.597747;0.000000;0.000000;0.000000;0.000000;2.000000;177.484344;-100.795380;1802.890991;1.654515;0.000000;0.000000;0.000000;0.000000;2.000000;137.426453;-11.180428;1810.732056;1.960945;0.000000;0.000000;0.000000;0.000000;0.000000;68.583374;47.877876;1873.844482;1.513068;0.000000;0.000000;0.000000;0.000000;0.000000;100.323792;17.847126;1805.145630;2.408803;0.000000;0.000000;0.000000;0.000000;0.000000;-9.215149;-663.557495;2043.789551;0.673346;0.000000;0.000000;0.000000;0.000000;2.000000;-124.673096;-643.998047;2109.925293;0.758047;0.000000;0.000000;0.000000;0.000000;2.000000;-243.896851;-406.645142;2221.109375;1.659820;0.000000;0.000000;0.000000;0.000000;2.000000;-343.094238;-191.310837;2259.611816;1.106220;0.000000;0.000000;0.000000;0.000000;2.000000;-356.568542;-98.337471;2308.768311;0.598521;0.000000;0.000000;0.000000;0.000000;0.000000;-359.098267;9.888348;2317.599365;1.577537;0.000000;0.000000;0.000000;0.000000;0.000000;-330.415039;-75.710243;2285.639893;1.114878;0.000000;0.000000;0.000000;0.000000;0.000000;90.302795;-149.558182;1976.759766;0.436898;0.000000;0.000000;0.000000;0.000000;2.000000;-13.775146;241.997879;1917.943848;0.484598;0.000000;0.000000;0.000000;0.000000;2.000000;25.116943;622.568848;2000.023193;1.349250;0.000000;0.000000;0.000000;0.000000;2.000000;-45.485474;749.561157;1875.157471;1.280949;0.000000;0.000000;0.000000;0.000000;2.000000;-81.429932;-150.398407;2020.956787;0.393963;0.000000;0.000000;0.000000;0.000000;2.000000;-45.878296;231.525085;1879.119873;0.565379;0.000000;0.000000;0.000000;0.000000;2.000000;41.145203;596.096191;2004.962646;1.239967;0.000000;0.000000;0.000000;0.000000;2.000000;-33.684021;721.451050;1906.191406;2.765364;0.000000;0.000000;0.000000;0.000000;2.000000;23.030579;-781.954712;2019.379883;0.607078;0.000000;0.000000;0.000000;0.000000;2.000000;-55.545166;-826.931885;1882.243652;0.787058;0.000000;0.000000;0.000000;0.000000;2.000000;-20.587097;-865.458862;1906.117676;0.617515;0.000000;0.000000;0.000000;0.000000;2.000000;85.403870;-859.967896;1980.567871;0.317199;0.000000;0.000000;0.000000;0.000000;2.000000;-68.794006;-853.603638;1925.975342;0.774646;0.000000;0.000000;0.000000;0.000000;2.000000;-63.121155;-834.096680;2058.413818;0.855078;0.000000;0.000000;0.000000;0.000000;2.000000;5661633536.000000
0.000000;-150.000000;2000.000000;0.000000;0.000000;0.000000;0.000000;0.000000;2.000000;4.529785;-332.201111;1999.365479;0.287465;0.000000;0.000000;0.000000;0.000000;2.000000;8.143372;-477.791687;2003.927490;0.453517;0.000000;0.000000;0.000000;0.000000;2.000000;20.620789;-699.082458;2012.128662;0.484930;0.000000;0.000000;0.000000;0.000000;2.000000;50.919434;-661.434937;1999.013184;0.364479;0.000000;0.000000;0.000000;0.000000;2.000000;171.247772;-595.495056;1949.007324;0.233113;0.000000;0.000000;0.000000;0.000000;2.000000;219.613617;-322.554626;1895.497314;0.504208;0.000000;0.000000;0.000000;0.000000;2.000000;218.679688;-97.675400;1820.854492;1.353658;0.000000;0.000000;0.000000;0.000000;2.000000;190.544647;-10.437386;1856.562988;2.108204;0.000000;0.000000;0.000000;0.000000;0.000000;112.690979;35.361343;1920.020020;1.955279;0.000000;0.000000;0.000000;0.000000;0.000000;154.157562;29.794306;1817.186035;1.695995;0.000000;0.000000;0.000000;0.000000;0.000000;-12.906250;-663.478760;2024.482178;0.590661;0.000000;0.000000;0.000000;0.000000;2.000000;-133.262573;-642.224915;2080.273682;0.929133;0.000000;0.000000;0.000000;0.000000;2.000000;-248.077148;-402.975830;2191.272461;0.911988;0.000000;0.000000;0.000000;0.000000;2.000000;-343.587402;-185.325943;2224.133301;1.081225;0.000000;0.000000;0.000000;0.000000;2.000000;-374.657532;-90.203094;2258.850098;1.614006;0.000000;0.000000;0.000000;0.000000;0.000000;-399.916687;15.163064;2253.101074;2.299021;0.000000;0.000000;0.000000;0.000000;0.000000;-359.037476;-64.474335;2225.888916;2.019192;0.000000;0.000000;0.000000;0.000000;0.000000;93.122131;-147.685196;2000.112061;0.709024;0.000000;0.000000;0.000000;0.000000;2.000000;-18.863098;232.905151;1900.736572;0.604448;0.000000;0.000000;0.000000;0.000000;2.000000;-22.445435;616.740784;1974.414063;1.632574;0.000000;0.000000;0.000000;0.000000;2.000000;-83.636963;737.582947;1839.206787;1.615756;0.000000;0.000000;0.000000;0.000000;2.000000;-83.972412;-152.087357;1999.898926;0.639361;0.000000;0.000000;0.000000;0.000000;2.000000;-23.357361;233.216370;1878.357666;0.679003;0.000000;0.000000;0.000000;0.000000;2.000000;8.234802;592.985718;2038.264160;1.409943;0.000000;0.000000;0.000000;0.000000;2.000000;-30.706238;706.072571;1909.033691;0.478363;0.000000;0.000000;0.000000;0.000000;2.000000;20.203918;-781.970520;2002.460938;0.515428;0.000000;0.000000;0.000000;0.000000;2.000000;-30.077698;-826.290466;1852.608398;1.174281;0.000000;0.000000;0.000000;0.000000;2.000000;0.442627;-864.511414;1882.228027;0.956767;0.000000;0.000000;0.000000;0.000000;2.000000;90.220520;-858.277039;1975.361328;0.219098;0.000000;0.000000;0.000000;0.000000;2.000000;-50.818115;-853.770813;1892.711914;1.136126;0.000000;0.000000;0.000000;0.000000;2.000000;-70.655701;-836.061462;2023.894287;1.063306;0.000000;0.000000;0.000000;0.000000;2.000000;5661666816.000000
0.000000;-150.000000;2000.000000;0.000000;0.000000;0.000000;0.000000;0.000000;2.000000;0.662231;-334.496124;2000.141357;0.137129;0.000000;0.000000;0.000000;0.000000;2.000000;0.939880;-481.454254;2012.731445;0.359089;0.000000;0.000000;0.000000;0.000000;2.000000;13.367188;-705.168030;2027.091553;0.532061;0.000000;0.000000;0.000000;0.000000;2.000000;44.709778;-667.299561;2014.723877;0.537331;0.000000;0.000000;0.000000;0.000000;2.000000;171.034851;-604.673645;1970.286133;0.696363;0.000000;0.000000;0.000000;0.000000;2.000000;228.159729;-329.111572;1920.572754;0.820047;0.000000;0.000000;0.000000;0.000000;2.000000;254.766846;-98.759163;1859.247803;1.583595;0.000000;0.000000;0.000000;0.000000;2.000000;231.193512;-5.635765;1885.490479;1.506061;0.000000;0.000000;0.000000;0.000000;0.000000;204.371643;79.459412;1952.766602;3.211396;0.000000;0.000000;0.000000;0.000000;0.000000;213.505615;28.973253;1865.163574;2.293263;0.000000;0.000000;0.000000;0.000000;0.000000;-21.293030;-668.933838;2036.731934;0.475247;0.000000;0.000000;0.000000;0.000000;2.000000;-144.103577;-648.459045;2091.455078;0.504070;0.000000;0.000000;0.000000;0.000000;2.000000;-254.416138;-395.748627;2185.034180;0.344351;0.000000;0.000000;0.000000;0.000000;2.000000;-341.033142;-170.242737;2210.357178;0.618588;0.000000;0.000000;0.000000;0.000000;2.000000;-380.099670;-71.134621;2222.509277;1.243961;0.000000;0.000000;0.000000;0.000000;0.000000;-389.080872;38.259567;2226.555908;1.106287;0.000000;0.000000;0.000000;0.000000;0.000000;-359.280884;-39.920059;2204.606201;0.976413;0.000000;0.000000;0.000000;0.000000;0.000000;94.275818;-149.660172;2001.887451;0.087002;0.000000;0.000000;0.000000;0.000000;2.000000;-22.268311;236.176254;1907.296387;0.242863;0.000000;0.000000;0.000000;0.000000;2.000000;-69.204285;627.908264;1937.134766;1.827963;0.000000;0.000000;0.000000;0.000000;2.000000;-130.408813;749.905457;1799.642090;1.877660;0.000000;0.000000;0.000000;0.000000;2.000000;-85.012573;-150.306427;1998.297852;0.078454;0.000000;0.000000;0.000000;0.000000;2.000000;-4.944946;248.895569;1925.785400;1.599688;0.000000;0.000000;0.000000;0.000000;2.000000;-6.681335;577.409424;2153.675781;3.527925;0.000000;0.000000;0.000000;0.000000;2.000000;-24.009766;749.608765;2111.024902;6.212086;0.000000;0.000000;0.000000;0.000000;2.000000;13.631226;-789.283569;2019.299072;0.585902;0.000000;0.000000;0.000000;0.000000;2.000000;-30.989685;-820.485229;1862.296387;0.340472;0.000000;0.000000;0.000000;0.000000;2.000000;1.733093;-860.188904;1888.816650;0.239932;0.000000;0.000000;0.000000;0.000000;2.000000;89.985413;-858.472473;1985.749268;0.312273;0.000000;0.000000;0.000000;0.000000;2.000000;-50.971802;-853.820679;1899.067871;0.191046;0.000000;0.000000;0.000000;0.000000;2.000000;-74.995972;-851.749939;2032.399658;0.551861;0.000000;0.000000;0.000000;0.000000;2.000000;5661700096.000000
0.000000;-150.000000;2000.000000;0.000000;0.000000;0.000000;0.000000;0.000000;2.000000;0.992676;-334.519775;1997.425781;0.082203;0.000000;0.000000;0.000000;0.000000;2.000000;2.794556;-481.359863;2011.573730;0.065757;0.000000;0.000000;0.000000;0.000000;2.000000;19.306519;-704.814819;2026.647949;0.179277;0.000000;0.000000;0.000000;0.000000;2.000000;50.116211;-666.362915;2014.700195;0.164874;0.000000;0.000000;0.000000;0.000000;2.000000;172.921204;-596.478271;1971.111084;0.253907;0.000000;0.000000;0.000000;0.000000;2.000000;246.569916;-321.368378;1946.665283;0.987349;0.000000;0.000000;0.000000;0.000000;2.000000;290.288605;-88.406174;1909.583984;1.877154;0.000000;0.000000;0.000000;0.000000;2.000000;303.645630;5.963518;1938.513428;2.720187;0.000000;0.000000;0.000000;0.000000;0.000000;308.880707;107.023056;1985.969482;3.397470;0.000000;0.000000;0.000000;0.000000;0.000000;278.627625;55.346218;1921.648438;2.708822;0.000000;0.000000;0.000000;0.000000;0.000000;-16.206970;-669.230469;2035.644775;0.156533;0.000000;0.000000;0.000000;0.000000;2.000000;-140.276672;-650.720459;2088.265625;0.164393;0.000000;0.000000;0.000000;0.000000;2.000000;-256.067566;-396.541168;2170.809082;0.430966;0.000000;0.000000;0.000000;0.000000;2.000000;-339.360840;-168.418198;2177.614258;0.986669;0.000000;0.000000;0.000000;0.000000;2.000000;-375.563049;-68.041855;2188.367676;1.039070;0.000000;0.000000;0.000000;0.000000;0.000000;-378.198425;41.603958;2194.739990;1.015369;0.000000;0.000000;0.000000;0.000000;0.000000;-365.541077;-36.249428;2154.249512;1.528753;0.000000;0.000000;0.000000;0.000000;0.000000;94.131897;-149.411514;1994.119141;0.233582;0.000000;0.000000;0.000000;0.000000;2.000000;-19.576416;238.660675;1904.955566;0.130625;0.000000;0.000000;0.000000;0.000000;2.000000;-90.158386;627.858276;1917.754883;0.857638;0.000000;0.000000;0.000000;0.000000;2.000000;-161.087891;746.137939;1781.629883;1.074965;0.000000;0.000000;0.000000;0.000000;2.000000;-84.882935;-150.530655;2005.302979;0.210634;0.000000;0.000000;0.000000;0.000000;2.000000;6.930908;252.399094;1987.172363;1.881708;0.000000;0.000000;0.000000;0.000000;2.000000;12.559814;591.869995;2198.503174;1.528861;0.000000;0.000000;0.000000;0.000000;2.000000;-11.476563;743.491577;2107.838867;0.429858;0.000000;0.000000;0.000000;0.000000;2.000000;21.321106;-788.944336;2019.050781;0.231411;0.000000;0.000000;0.000000;0.000000;2.000000;-17.036438;-810.106567;1858.713379;0.533510;0.000000;0.000000;0.000000;0.000000;2.000000;15.418884;-851.019165;1883.710693;0.518236;0.000000;0.000000;0.000000;0.000000;2.000000;100.083008;-854.526611;1983.785645;0.331057;0.000000;0.000000;0.000000;0.000000;2.000000;-37.740112;-846.173462;1892.396729;0.501057;0.000000;0.000000;0.000000;0.000000;2.000000;-66.609985;-853.529663;2024.607910;0.348096;0.000000;0.000000;0.000000;0.000000;2.000000;5661733376.000000
0.000000;-150.000000;2000.000000;0.000000;0.000000;0.000000;0.000000;0.000000;2.000000;0.342285;-334.834717;1987.645508;0.294679;0.000000;0.000000;0.000000;0.000000;2.000000;2.638245;-482.863678;1983.814941;0.835335;0.000000;0.000000;0.000000;0.000000;2.000000;18.130432;-706.195923;2010.307861;0.494005;0.000000;0.000000;0.000000;0.000000;2.000000;49.362244;-668.344727;1996.812744;0.541247;0.000000;0.000000;0.000000;0.000000;2.000000;174.775665;-599.875610;1956.609863;0.450988;0.000000;0.000000;0.000000;0.000000;2.000000;263.924591;-327.157532;1953.172852;0.583465;0.000000;0.000000;0.000000;0.000000;2.000000;321.655487;-94.603073;1928.981689;1.123715;0.000000;0.000000;0.000000;0.000000;2.000000;337.682007;-2.428139;1964.253174;1.306808;0.000000;0.000000;0.000000;0.000000;0.000000;365.287354;100.323502;1999.868896;1.757180;0.000000;0.000000;0.000000;0.000000;0.000000;318.215637;46.899437;1952.189697;1.523686;0.000000;0.000000;0.000000;0.000000;0.000000;-17.490845;-669.951904;2017.083984;0.559469;0.000000;0.000000;0.000000;0.000000;2.000000;-140.112183;-624.756958;2056.687012;1.228426;0.000000;0.000000;0.000000;0.000000;2.000000;-273.023743;-378.992218;2142.788574;1.116490;0.000000;0.000000;0.000000;0.000000;2.000000;-353.822266;-150.451080;2115.995361;1.976980;0.000000;0.000000;0.000000;0.000000;2.000000;-400.828857;-53.700310;2111.566406;2.467325;0.000000;0.000000;0.000000;0.000000;0.000000;-415.174438;55.414894;2118.672119;2.575085;0.000000;0.000000;0.000000;0.000000;0.000000;-372.468262;-17.152599;2103.887939;1.631741;0.000000;0.000000;0.000000;0.000000;0.000000;89.793823;-147.832504;1970.059570;0.736132;0.000000;0.000000;0.000000;0.000000;2.000000;-32.359741;239.531677;1881.607422;0.800265;0.000000;0.000000;0.000000;0.000000;2.000000;-109.559937;629.193115;1876.427246;1.372436;0.000000;0.000000;0.000000;0.000000;2.000000;-201.475037;708.819946;1724.602905;2.380413;0.000000;0.000000;0.000000;0.000000;2.000000;-80.971008;-151.954529;2026.998535;0.663803;0.000000;0.000000;0.000000;0.000000;2.000000;-12.286682;249.400925;2108.366699;3.688256;0.000000;0.000000;0.000000;0.000000;2.000000;57.758057;632.225952;2206.852539;1.837900;0.000000;0.000000;0.000000;0.000000;2.000000;7.958862;704.255005;2050.766602;2.161476;0.000000;0.000000;0.000000;0.000000;2.000000;19.916748;-790.929077;2006.921875;0.371701;0.000000;0.000000;0.000000;0.000000;2.000000;-10.707397;-802.563721;1843.317871;0.549126;0.000000;0.000000;0.000000;0.000000;2.000000;17.250061;-846.990967;1868.265381;0.482772;0.000000;0.000000;0.000000;0.000000;2.000000;95.813171;-861.094360;1972.937744;0.402065;0.000000;0.000000;0.000000;0.000000;2.000000;-36.021545;-838.433105;1874.279053;0.594251;0.000000;0.000000;0.000000;0.000000;2.000000;-73.071533;-849.016235;2004.753906;0.641865;0.000000;0.000000;0.000000;0.000000;2.000000;5661766656.000000
0.000000;-150.000000;2000.000000;0.000000;0.000000;0.000000;0.000000;0.000000;2.000000;-0.145996;-334.316528;1989.499023;0.059662;0.000000;0.000000;0.000000;0.000000;2.000000;1.535217;-481.847168;1985.621582;0.070558;0.000000;0.000000;0.000000;0.000000;2.000000;12.893005;-704.679321;2011.886719;0.170570;0.000000;0.000000;0.000000;0.000000;2.000000;44.791138;-667.482361;1998.790283;0.151882;0.000000;0.000000;0.000000;0.000000;2.000000;172.220581;-602.537903;1961.018555;0.172751;0.000000;0.000000;0.000000;0.000000;2.000000;275.332367;-336.064178;1972.568848;0.727182;0.000000;0.000000;0.000000;0.000000;2.000000;346.458557;-107.097198;1961.625000;1.287826;0.000000;0.000000;0.000000;0.000000;2.000000;357.400696;-18.839512;2006.568115;1.486914;0.000000;0.000000;0.000000;0.000000;0.000000;398.126221;77.178635;2046.874756;1.858037;0.000000;0.000000;0.000000;0.000000;0.000000;333.904297;33.711243;1999.538330;1.550305;0.000000;0.000000;0.000000;0.000000;0.000000;-22.045776;-667.962097;2018.339844;0.154050;0.000000;0.000000;0.000000;0.000000;2.000000;-143.574402;-619.381470;2055.631104;0.194729;0.000000;0.000000;0.000000;0.000000;2.000000;-271.509888;-367.909790;2128.374512;0.548225;0.000000;0.000000;0.000000;0.000000;2.000000;-345.275574;-140.414200;2085.054932;1.010570;0.000000;0.000000;0.000000;0.000000;2.000000;-389.119202;-42.517334;2082.830566;0.991096;0.000000;0.000000;0.000000;0.000000;0.000000;-399.935974;65.264557;2101.421631;0.752286;0.000000;0.000000;0.000000;0.000000;0.000000;-352.336121;-1.697269;2066.014648;1.369928;0.000000;0.000000;0.000000;0.000000;0.000000;87.676025;-148.085800;1965.182861;0.159938;0.000000;0.000000;0.000000;0.000000;2.000000;-35.098877;239.915131;1887.717529;0.201531;0.000000;0.000000;0.000000;0.000000;2.000000;-117.054688;627.044312;1874.986816;0.238241;0.000000;0.000000;0.000000;0.000000;2.000000;-212.146301;700.510010;1722.861694;0.409760;0.000000;0.000000;0.000000;0.000000;2.000000;-79.061340;-151.726105;2031.396240;0.144227;0.000000;0.000000;0.000000;0.000000;2.000000;-9.795776;247.444000;2115.750244;0.241417;0.000000;0.000000;0.000000;0.000000;2.000000;66.341125;626.075928;2220.172119;0.510732;0.000000;0.000000;0.000000;0.000000;2.000000;-7.937622;716.862732;2085.810303;1.216748;0.000000;0.000000;0.000000;0.000000;2.000000;13.256348;-789.137695;2008.420898;0.212083;0.000000;0.000000;0.000000;0.000000;2.000000;-8.905823;-799.041321;1843.920410;0.120252;0.000000;0.000000;0.000000;0.000000;2.000000;20.427856;-842.084229;1869.250244;0.178133;0.000000;0.000000;0.000000;0.000000;2.000000;94.515259;-853.640808;1976.892578;0.256521;0.000000;0.000000;0.000000;0.000000;2.000000;-33.304688;-836.896606;1872.868896;0.102915;0.000000;0.000000;0.000000;0.000000;2.000000;-75.502930;-852.438904;2000.775391;0.173799;0.000000;0.000000;0.000000;0.000000;2.000000;5661799936.000000
0.000000;-150.000000;2000.000000;0.000000;0.000000;0.000000;0.000000;0.000000;2.000000;-1.212158;-333.962341;1991.543701;0.070102;0.000000;0.000000;0.000000;0.000000;2.000000;-1.277100;-481.130615;1987.372803;0.101851;0.000000;0.000000;0.000000;0.000000;2.000000;8.890381;-703.194092;2015.815918;0.174345;0.000000;0.000000;0.000000;0.000000;2.000000;41.190430;-666.222961;2003.576660;0.183909;0.000000;0.000000;0.000000;0.000000;2.000000;169.321472;-601.802551;1968.827881;0.251277;0.000000;0.000000;0.000000;0.000000;2.000000;278.536865;-339.600769;1995.159180;0.693778;0.000000;0.000000;0.000000;0.000000;2.000000;359.719391;-114.457199;2001.543701;1.283135;0.000000;0.000000;0.000000;0.000000;2.000000;379.810211;-28.527081;2047.288086;1.426620;0.000000;0.000000;0.000000;0.000000;0.000000;416.033905;73.974380;2072.236572;0.937853;0.000000;0.000000;0.000000;0.000000;0.000000;371.127594;17.117657;2033.579346;1.595582;0.000000;0.000000;0.000000;0.000000;0.000000;-26.130737;-666.489136;2020.708740;0.148634;0.000000;0.000000;0.000000;0.000000;2.000000;-146.087341;-615.068542;2058.059814;0.166800;0.000000;0.000000;0.000000;0.000000;2.000000;-268.050842;-358.524200;2119.614990;0.399519;0.000000;0.000000;0.000000;0.000000;2.000000;-331.856689;-133.842758;2054.588135;1.019634;0.000000;0.000000;0.000000;0.000000;2.000000;-373.605774;-35.571327;2047.234375;1.185282;0.000000;0.000000;0.000000;0.000000;0.000000;-394.784363;70.689865;2063.971680;1.147534;0.000000;0.000000;0.000000;0.000000;0.000000;-353.513611;-4.748955;2029.261719;1.108720;0.000000;0.000000;0.000000;0.000000;0.000000;88.869812;-149.160812;1969.006104;0.124611;0.000000;0.000000;0.000000;0.000000;2.000000;-37.465149;236.599823;1891.528564;0.167609;0.000000;0.000000;0.000000;0.000000;2.000000;-126.290222;621.130432;1876.610840;0.333123;0.000000;0.000000;0.000000;0.000000;2.000000;-227.398743;701.888062;1732.903076;0.550270;0.000000;0.000000;0.000000;0.000000;2.000000;-80.137817;-150.756729;2027.948730;0.112365;0.000000;0.000000;0.000000;0.000000;2.000000;-8.853271;245.221130;2120.291504;0.154543;0.000000;0.000000;0.000000;0.000000;2.000000;69.270996;619.801514;2233.699219;0.456627;0.000000;0.000000;0.000000;0.000000;2.000000;-0.470581;713.425415;2099.435303;0.478145;0.000000;0.000000;0.000000;0.000000;2.000000;9.288574;-787.470581;2013.078369;0.190550;0.000000;0.000000;0.000000;0.000000;2.000000;-1.430237;-801.142212;1848.118164;0.265240;0.000000;0.000000;0.000000;0.000000;2.000000;24.682312;-844.181213;1876.473633;0.259660;0.000000;0.000000;0.000000;0.000000;2.000000;90.425659;-854.867920;1989.115723;0.389045;0.000000;0.000000;0.000000;0.000000;2.000000;-28.861755;-837.421875;1876.109863;0.165999;0.000000;0.000000;0.000000;0.000000;2.000000;-80.324280;-848.310242;2000.708984;0.190742;0.000000;0.000000;0.000000;0.000000;2.000000;5661833216.000000
0.000000;-150.000000;2000.000000;0.000000;0.000000;0.000000;0.000000;0.000000;2.000000;1.728455;-331.781799;1989.250977;0.129794;0.000000;0.000000;0.000000;0.000000;2.000000;4.037476;-477.235718;1983.494141;0.229743;0.000000;0.000000;0.000000;0.000000;2.000000;11.795166;-697.325623;2008.218262;0.301383;0.000000;0.000000;0.000000;0.000000;2.000000;44.376770;-660.764771;1997.974121;0.253783;0.000000;0.000000;0.000000;0.000000;2.000000;173.562805;-599.589172;1968.635498;0.143870;0.000000;0.000000;0.000000;0.000000;2.000000;285.458374;-343.449036;2006.564697;0.417227;0.000000;0.000000;0.000000;0.000000;2.000000;369.753876;-122.820709;2022.920654;0.752771;0.000000;0.000000;0.000000;0.000000;2.000000;391.760590;-43.637299;2076.835449;1.059883;0.000000;0.000000;0.000000;0.000000;0.000000;428.240692;44.052025;2132.916504;2.065771;0.000000;0.000000;0.000000;0.000000;0.000000;373.373383;13.644826;2062.266846;0.870916;0.000000;0.000000;0.000000;0.000000;0.000000;-22.795044;-660.904114;2012.349609;0.318275;0.000000;0.000000;0.000000;0.000000;2.000000;-141.924377;-607.457458;2043.523926;0.508648;0.000000;0.000000;0.000000;0.000000;2.000000;-264.912415;-354.641296;2103.224121;0.514855;0.000000;0.000000;0.000000;0.000000;2.000000;-314.220032;-134.507309;2022.058105;1.112061;0.000000;0.000000;0.000000;0.000000;2.000000;-358.425171;-41.156189;1998.995850;1.528794;0.000000;0.000000;0.000000;0.000000;0.000000;-351.371216;66.891708;1993.564453;2.488065;0.000000;0.000000;0.000000;0.000000;0.000000;-332.512939;-8.755955;1979.009277;1.640964;0.000000;0.000000;0.000000;0.000000;0.000000;88.468445;-147.455643;1971.197021;0.084289;0.000000;0.000000;0.000000;0.000000;2.000000;-41.789734;231.299667;1890.170166;0.209560;0.000000;0.000000;0.000000;0.000000;2.000000;-136.613098;609.351563;1865.608398;0.575134;0.000000;0.000000;0.000000;0.000000;2.000000;-241.583435;681.945679;1723.204712;0.790991;0.000000;0.000000;0.000000;0.000000;2.000000;-79.775818;-152.294357;2025.972900;0.076012;0.000000;0.000000;0.000000;0.000000;2.000000;-11.552917;239.182907;2119.354492;0.200730;0.000000;0.000000;0.000000;0.000000;2.000000;63.568604;609.548279;2233.064453;0.353048;0.000000;0.000000;0.000000;0.000000;2.000000;6.075378;713.781799;2103.510742;0.231947;0.000000;0.000000;0.000000;0.000000;2.000000;11.833130;-780.605835;2004.101318;0.348074;0.000000;0.000000;0.000000;0.000000;2.000000;-4.414612;-810.774048;1843.697021;0.330836;0.000000;0.000000;0.000000;0.000000;2.000000;23.367615;-849.782898;1874.853271;0.179618;0.000000;0.000000;0.000000;0.000000;2.000000;92.628174;-847.793823;1984.141846;0.268142;0.000000;0.000000;0.000000;0.000000;2.000000;-29.694580;-844.163208;1875.869873;0.204231;0.000000;0.000000;0.000000;0.000000;2.000000;-75.789612;-843.346863;2001.412109;0.203114;0.000000;0.000000;0.000000;0.000000;2.000000;5661866496.000000
0.000000;-150.000000;2000.000000;0.000000;0.000000;0.000000;0.000000;0.000000;2.000000;2.398376;-331.770569;1989.302246;0.020192;0.000000;0.000000;0.000000;0.000000;2.000000;4.567749;-477.126343;1981.505859;0.061920;0.000000;0.000000;0.000000;0.000000;2.000000;9.458801;-697.230469;2006.759277;0.082817;0.000000;0.000000;0.000000;0.000000;2.000000;42.643921;-661.031860;1997.197266;0.057623;0.000000;0.000000;0.000000;0.000000;2.000000;172.645264;-599.238647;1973.281982;0.142703;0.000000;0.000000;0.000000;0.000000;2.000000;287.513062;-345.589661;2018.324463;0.364433;0.000000;0.000000;0.000000;0.000000;2.000000;376.638275;-127.660568;2043.016357;0.654646;0.000000;0.000000;0.000000;0.000000;2.000000;403.890289;-50.941940;2098.079834;0.767145;0.000000;0.000000;0.000000;0.000000;0.000000;436.860931;31.161312;2163.931152;1.041931;0.000000;0.000000;0.000000;0.000000;0.000000;381.528839;12.976792;2088.787354;0.833960;0.000000;0.000000;0.000000;0.000000;0.000000;-24.831848;-660.443848;2010.045166;0.093444;0.000000;0.000000;0.000000;0.000000;2.000000;-142.714111;-603.510864;2039.731689;0.166164;0.000000;0.000000;0.000000;0.000000;2.000000;-256.928223;-344.017548;2086.832031;0.634087;0.000000;0.000000;0.000000;0.000000;2.000000;-301.913574;-130.405258;1987.735840;1.102520;0.000000;0.000000;0.000000;0.000000;2.000000;-336.248474;-32.825436;1965.400635;1.235208;0.000000;0.000000;0.000000;0.000000;0.000000;-332.385559;70.572769;1997.752441;0.594576;0.000000;0.000000;0.000000;0.000000;0.000000;-302.284058;0.339081;1952.732422;1.234160;0.000000;0.000000;0.000000;0.000000;0.000000;88.299683;-147.112061;1970.726563;0.018225;0.000000;0.000000;0.000000;0.000000;2.000000;-45.833862;230.395615;1890.277100;0.124559;0.000000;0.000000;0.000000;0.000000;2.000000;-140.931946;607.979492;1860.382568;0.207841;0.000000;0.000000;0.000000;0.000000;2.000000;-255.598633;669.674805;1720.346436;0.566285;0.000000;0.000000;0.000000;0.000000;2.000000;-79.623779;-152.604172;2026.397217;0.016435;0.000000;0.000000;0.000000;0.000000;2.000000;-10.235229;238.298767;2121.249756;0.074274;0.000000;0.000000;0.000000;0.000000;2.000000;64.995056;608.045166;2236.836914;0.129331;0.000000;0.000000;0.000000;0.000000;2.000000;17.580078;710.537476;2101.932861;0.362292;0.000000;0.000000;0.000000;0.000000;2.000000;8.718445;-780.511108;2002.780762;0.101694;0.000000;0.000000;0.000000;0.000000;2.000000;-0.490479;-809.657104;1841.636719;0.137341;0.000000;0.000000;0.000000;0.000000;2.000000;29.525330;-846.688354;1873.128906;0.213462;0.000000;0.000000;0.000000;0.000000;2.000000;95.296387;-840.559814;1984.395996;0.231808;0.000000;0.000000;0.000000;0.000000;2.000000;-23.825073;-845.453003;1872.668213;0.204604;0.000000;0.000000;0.000000;0.000000;2.000000;-73.326782;-850.178589;1996.814453;0.258267;0.000000;0.000000;0.000000;0.000000;2.000000;5661899776.000000
0.000000;-150.000000;2000.000000;0.000000;0.000000;0.000000;0.000000;0.000000;2.000000;-0.149292;-331.264984;1988.533203;0.080161;0.000000;0.000000;0.000000;0.000000;2.000000;1.708313;-476.388550;1984.129395;0.116896;0.000000;0.000000;0.000000;0.000000;2.000000;8.549805;-696.152405;2006.699707;0.041767;0.000000;0.000000;0.000000;0.000000;2.000000;41.329163;-659.639160;1997.626953;0.058087;0.000000;0.000000;0.000000;0.000000;2.000000;173.432922;-603.850159;1972.801758;0.139171;0.000000;0.000000;0.000000;0.000000;2.000000;289.465912;-352.626007;2023.504639;0.264947;0.000000;0.000000;0.000000;0.000000;2.000000;382.262787;-138.171402;2057.458740;0.554180;0.000000;0.000000;0.000000;0.000000;2.000000;407.904510;-60.048111;2110.839355;0.478857;0.000000;0.000000;0.000000;0.000000;0.000000;424.872314;28.086666;2174.444336;0.480560;0.000000;0.000000;0.000000;0.000000;0.000000;380.385345;0.741344;2105.735107;0.619501;0.000000;0.000000;0.000000;0.000000;0.000000;-25.984924;-659.813721;2010.380859;0.040134;0.000000;0.000000;0.000000;0.000000;2.000000;-146.666443;-610.342957;2040.611572;0.235021;0.000000;0.000000;0.000000;0.000000;2.000000;-250.842468;-344.383942;2064.783691;0.676958;0.000000;0.000000;0.000000;0.000000;2.000000;-293.514587;-136.093094;1955.378662;1.003489;0.000000;0.000000;0.000000;0.000000;2.000000;-294.557068;-35.027939;1924.946289;1.720352;0.000000;0.000000;0.000000;0.000000;0.000000;-300.581360;69.174789;1896.711182;3.134994;0.000000;0.000000;0.000000;0.000000;0.000000;-252.384155;-10.837929;1929.909912;1.657142;0.000000;0.000000;0.000000;0.000000;0.000000;85.747437;-147.825333;1964.506836;0.200069;0.000000;0.000000;0.000000;0.000000;2.000000;-45.088196;231.817047;1894.774902;0.141325;0.000000;0.000000;0.000000;0.000000;2.000000;-146.137390;606.447876;1860.780762;0.161005;0.000000;0.000000;0.000000;0.000000;2.000000;-263.639832;663.355652;1721.749878;0.305483;0.000000;0.000000;0.000000;0.000000;2.000000;-77.322205;-151.961014;2032.006104;0.180420;0.000000;0.000000;0.000000;0.000000;2.000000;0.436768;237.547867;2121.380615;0.316619;0.000000;0.000000;0.000000;0.000000;2.000000;85.663879;605.885742;2230.865967;0.639859;0.000000;0.000000;0.000000;0.000000;2.000000;30.671448;712.301697;2102.636963;0.391467;0.000000;0.000000;0.000000;0.000000;2.000000;8.566162;-779.166443;2001.739502;0.050530;0.000000;0.000000;0.000000;0.000000;2.000000;4.530762;-808.583374;1840.865967;0.153654;0.000000;0.000000;0.000000;0.000000;2.000000;34.130066;-844.992432;1873.197510;0.145229;0.000000;0.000000;0.000000;0.000000;2.000000;96.365479;-837.685791;1986.025391;0.102759;0.000000;0.000000;0.000000;0.000000;2.000000;-19.058594;-844.616821;1871.188477;0.149753;0.000000;0.000000;0.000000;0.000000;2.000000;-71.932922;-849.967285;1993.531250;0.105738;0.000000;0.000000;0.000000;0.000000;2.000000;5661933568.000000
0.000000;-150.000000;2000.000000;0.000000;0.000000;0.000000;0.000000;0.000000;2.000000;0.695740;-331.200073;1986.837891;0.056952;0.000000;0.000000;0.000000;0.000000;2.000000;2.771423;-476.269775;1980.047607;0.126792;0.000000;0.000000;0.000000;0.000000;2.000000;7.908325;-696.466309;1999.208740;0.226110;0.000000;0.000000;0.000000;0.000000;2.000000;41.089966;-659.993347;1991.454834;0.185904;0.000000;0.000000;0.000000;0.000000;2.000000;174.052795;-604.840698;1969.747803;0.098253;0.000000;0.000000;0.000000;0.000000;2.000000;288.530365;-354.115417;2026.532959;0.105230;0.000000;0.000000;0.000000;0.000000;2.000000;378.348633;-138.563416;2061.980469;0.180089;0.000000;0.000000;0.000000;0.000000;2.000000;408.367401;-60.656403;2113.410400;0.080597;0.000000;0.000000;0.000000;0.000000;0.000000;405.789093;38.698586;2160.633789;0.776331;0.000000;0.000000;0.000000;0.000000;0.000000;375.674652;0.356577;2105.132568;0.143168;0.000000;0.000000;0.000000;0.000000;0.000000;-26.510315;-659.980530;2002.712402;0.231017;0.000000;0.000000;0.000000;0.000000;2.000000;-148.480957;-610.483704;2027.383301;0.401228;0.000000;0.000000;0.000000;0.000000;2.000000;-246.892578;-342.489563;2054.066406;0.347897;0.000000;0.000000;0.000000;0.000000;2.000000;-275.004211;-133.884491;1940.481689;0.717030;0.000000;0.000000;0.000000;0.000000;2.000000;-258.247009;-43.225822;1889.024170;1.554396;0.000000;0.000000;0.000000;0.000000;0.000000;-243.879517;53.148941;1842.079102;2.414450;0.000000;0.000000;0.000000;0.000000;0.000000;-244.263794;-35.040081;1875.427246;1.807897;0.000000;0.000000;0.000000;0.000000;0.000000;86.015503;-147.137619;1965.141113;0.029243;0.000000;0.000000;0.000000;0.000000;2.000000;-47.069641;233.017303;1902.106201;0.231028;0.000000;0.000000;0.000000;0.000000;2.000000;-156.174072;605.294556;1865.960205;0.341137;0.000000;0.000000;0.000000;0.000000;2.000000;-273.935547;666.715881;1729.010376;0.391788;0.000000;0.000000;0.000000;0.000000;2.000000;-77.564026;-152.581161;2031.433838;0.026376;0.000000;0.000000;0.000000;0.000000;2.000000;3.726074;236.801620;2118.716553;0.129150;0.000000;0.000000;0.000000;0.000000;2.000000;93.777283;604.620056;2226.473877;0.279818;0.000000;0.000000;0.000000;0.000000;2.000000;33.575073;713.424561;2102.595215;0.093553;0.000000;0.000000;0.000000;0.000000;2.000000;7.580994;-779.412048;1992.905273;0.267199;0.000000;0.000000;0.000000;0.000000;2.000000;0.515442;-809.554077;1832.223145;0.287840;0.000000;0.000000;0.000000;0.000000;2.000000;27.079834;-848.094849;1864.747559;0.343565;0.000000;0.000000;0.000000;0.000000;2.000000;90.129700;-845.221130;1977.364990;0.392549;0.000000;0.000000;0.000000;0.000000;2.000000;-25.911743;-843.271545;1862.892822;0.325843;0.000000;0.000000;0.000000;0.000000;2.000000;-78.625549;-843.285522;1985.463135;0.373530;0.000000;0.000000;0.000000;0.000000;2.000000;5661966848.000000
0.000000;-150.000000;2000.000000;0.000000;0.000000;0.000000;0.000000;0.000000;2.000000;5.000366;-330.009460;1988.272705;0.140957;0.000000;0.000000;0.000000;0.000000;2.000000;9.725342;-473.982300;1980.328613;0.220129;0.000000;0.000000;0.000000;0.000000;2.000000;14.172607;-692.666504;1999.925781;0.221203;0.000000;0.000000;0.000000;0.000000;2.000000;47.308716;-656.507141;1992.672607;0.217324;0.000000;0.000000;0.000000;0.000000;2.000000;180.326538;-604.349670;1970.431885;0.190204;0.000000;0.000000;0.000000;0.000000;2.000000;291.439087;-355.112122;2031.002686;0.163016;0.000000;0.000000;0.000000;0.000000;2.000000;375.655457;-138.814972;2065.118896;0.124496;0.000000;0.000000;0.000000;0.000000;2.000000;399.106262;-63.362129;2122.075439;0.389668;0.000000;0.000000;0.000000;0.000000;0.000000;412.764984;22.246040;2188.640625;0.998271;0.000000;0.000000;0.000000;0.000000;0.000000;361.189514;1.333319;2109.012207;0.451547;0.000000;0.000000;0.000000;0.000000;0.000000;-20.008606;-656.364319;2002.777344;0.223557;0.000000;0.000000;0.000000;0.000000;2.000000;-141.633179;-607.376526;2025.211670;0.235188;0.000000;0.000000;0.000000;0.000000;2.000000;-228.090942;-336.597107;2043.159424;0.676706;0.000000;0.000000;0.000000;0.000000;2.000000;-222.330383;-133.332840;1920.303711;1.694985;0.000000;0.000000;0.000000;0.000000;2.000000;-238.792908;-43.490929;1868.766602;0.843972;0.000000;0.000000;0.000000;0.000000;0.000000;-209.447571;59.658073;1862.357178;1.216531;0.000000;0.000000;0.000000;0.000000;0.000000;-192.710999;-11.822426;1867.502930;1.715518;0.000000;0.000000;0.000000;0.000000;0.000000;82.192871;-145.010101;1958.452881;0.240143;0.000000;0.000000;0.000000;0.000000;2.000000;-55.431213;230.702652;1896.159424;0.316059;0.000000;0.000000;0.000000;0.000000;2.000000;-156.957214;603.424255;1872.869629;0.216370;0.000000;0.000000;0.000000;0.000000;2.000000;-271.166809;668.928650;1736.582031;0.251207;0.000000;0.000000;0.000000;0.000000;2.000000;-74.116943;-154.499619;2037.464844;0.216546;0.000000;0.000000;0.000000;0.000000;2.000000;15.777222;231.377365;2118.988770;0.397188;0.000000;0.000000;0.000000;0.000000;2.000000;119.615845;595.422913;2217.107178;0.870852;0.000000;0.000000;0.000000;0.000000;2.000000;47.919922;713.269348;2110.483154;0.491925;0.000000;0.000000;0.000000;0.000000;2.000000;13.815979;-775.069214;1993.843018;0.230049;0.000000;0.000000;0.000000;0.000000;2.000000;9.346924;-807.907593;1834.718018;0.280158;0.000000;0.000000;0.000000;0.000000;2.000000;38.150269;-843.812134;1867.682861;0.367413;0.000000;0.000000;0.000000;0.000000;2.000000;100.081482;-834.989014;1979.620850;0.434216;0.000000;0.000000;0.000000;0.000000;2.000000;-14.682983;-842.612976;1865.651367;0.347998;0.000000;0.000000;0.000000;0.000000;2.000000;-67.315186;-844.255005;1987.270996;0.345399;0.000000;0.000000;0.000000;0.000000;2.000000;5662000128.000000
0.000000;-150.000000;2000.000000;0.000000;0.000000;0.000000;0.000000;0.000000;2.000000;5.274597;-329.430237;1986.349609;0.060909;0.000000;0.000000;0.000000;0.000000;2.000000;8.948059;-472.792450;1974.211426;0.188706;0.000000;0.000000;0.000000;0.000000;2.000000;7.209290;-691.052612;1993.031494;0.298406;0.000000;0.000000;0.000000;0.000000;2.000000;41.356506;-655.841309;1986.673096;0.254730;0.000000;0.000000;0.000000;0.000000;2.000000;176.186707;-608.719360;1966.459229;0.216710;0.000000;0.000000;0.000000;0.000000;2.000000;282.496124;-357.602478;2024.743896;0.336419;0.000000;0.000000;0.000000;0.000000;2.000000;363.402954;-140.375412;2057.033203;0.443591;0.000000;0.000000;0.000000;0.000000;2.000000;376.456207;-64.877159;2116.791992;0.700343;0.000000;0.000000;0.000000;0.000000;0.000000;378.649872;34.654549;2161.260254;1.366278;0.000000;0.000000;0.000000;0.000000;0.000000;337.761169;-13.890221;2096.265625;0.922784;0.000000;0.000000;0.000000;0.000000;0.000000;-25.981323;-653.960815;1995.249512;0.297640;0.000000;0.000000;0.000000;0.000000;2.000000;-147.835205;-608.240479;2021.170166;0.223944;0.000000;0.000000;0.000000;0.000000;2.000000;-221.626343;-334.166473;2034.085693;0.342642;0.000000;0.000000;0.000000;0.000000;2.000000;-195.607910;-140.236694;1900.347168;1.023408;0.000000;0.000000;0.000000;0.000000;2.000000;-213.684387;-48.238655;1853.920654;0.888011;0.000000;0.000000;0.000000;0.000000;0.000000;-150.476990;33.915058;1826.679932;2.210750;0.000000;0.000000;0.000000;0.000000;0.000000;-162.741455;-25.477985;1845.761963;1.185783;0.000000;0.000000;0.000000;0.000000;0.000000;84.109131;-144.718231;1963.072998;0.150549;0.000000;0.000000;0.000000;0.000000;2.000000;-52.777832;230.674469;1903.618896;0.237902;0.000000;0.000000;0.000000;0.000000;2.000000;-154.741699;602.411255;1882.023193;0.284621;0.000000;0.000000;0.000000;0.000000;2.000000;-272.389465;674.193970;1752.630005;0.508830;0.000000;0.000000;0.000000;0.000000;2.000000;-75.844971;-154.762817;2033.298584;0.135760;0.000000;0.000000;0.000000;0.000000;2.000000;17.408691;229.319229;2114.700439;0.151101;0.000000;0.000000;0.000000;0.000000;2.000000;123.859131;591.083252;2214.694336;0.196258;0.000000;0.000000;0.000000;0.000000;2.000000;52.255310;714.517944;2115.258789;0.197408;0.000000;0.000000;0.000000;0.000000;2.000000;4.829590;-773.199341;1986.646484;0.350471;0.000000;0.000000;0.000000;0.000000;2.000000;7.749878;-806.573853;1827.996826;0.211415;0.000000;0.000000;0.000000;0.000000;2.000000;33.997131;-842.846558;1862.426758;0.203369;0.000000;0.000000;0.000000;0.000000;2.000000;90.193176;-834.857178;1977.067871;0.306893;0.000000;0.000000;0.000000;0.000000;2.000000;-18.499695;-840.537598;1857.712891;0.271921;0.000000;0.000000;0.000000;0.000000;2.000000;-77.132690;-840.508789;1976.211426;0.458400;0.000000;0.000000;0.000000;0.000000;2.000000;5662033408.000000
0.000000;-150.000000;2000.000000;0.000000;0.000000;0.000000;0.000000;0.000000;2.000000;4.994141;-327.751526;1986.544922;0.051477;0.000000;0.000000;0.000000;0.000000;2.000000;10.543701;-469.977478;1978.413818;0.159369;0.000000;0.000000;0.000000;0.000000;2.000000;17.793335;-686.313171;1993.938477;0.349524;0.000000;0.000000;0.000000;0.000000;2.000000;49.960388;-650.090027;1986.617676;0.310975;0.000000;0.000000;0.000000;0.000000;2.000000;181.603394;-599.917419;1962.724365;0.330206;0.000000;0.000000;0.000000;0.000000;2.000000;274.908051;-347.140625;2023.539307;0.390024;0.000000;0.000000;0.000000;0.000000;2.000000;336.224731;-124.683884;2045.948730;1.000084;0.000000;0.000000;0.000000;0.000000;2.000000;349.872314;-49.901375;2104.989258;0.983028;0.000000;0.000000;0.000000;0.000000;0.000000;362.809540;31.323231;2174.996582;0.637912;0.000000;0.000000;0.000000;0.000000;0.000000;311.558960;10.840786;2093.577637;1.085648;0.000000;0.000000;0.000000;0.000000;0.000000;-16.303223;-650.883057;1998.171875;0.317542;0.000000;0.000000;0.000000;0.000000;2.000000;-139.811279;-614.474731;2024.639404;0.322629;0.000000;0.000000;0.000000;0.000000;2.000000;-208.080200;-341.592651;2034.092773;0.464188;0.000000;0.000000;0.000000;0.000000;2.000000;-163.761536;-148.197723;1908.583740;1.016945;0.000000;0.000000;0.000000;0.000000;2.000000;-189.780029;-57.508331;1865.699707;0.847809;0.000000;0.000000;0.000000;0.000000;0.000000;-127.157654;21.956978;1833.531982;0.813930;0.000000;0.000000;0.000000;0.000000;0.000000;-129.195740;-36.865761;1839.309570;1.081994;0.000000;0.000000;0.000000;0.000000;0.000000;78.359985;-144.301285;1953.801025;0.328056;0.000000;0.000000;0.000000;0.000000;2.000000;-49.751953;232.000412;1907.794678;0.159994;0.000000;0.000000;0.000000;0.000000;2.000000;-144.788269;602.166077;1893.594238;0.458684;0.000000;0.000000;0.000000;0.000000;2.000000;-264.728638;681.057495;1773.358398;0.695314;0.000000;0.000000;0.000000;0.000000;2.000000;-70.660583;-155.138779;2041.659668;0.295828;0.000000;0.000000;0.000000;0.000000;2.000000;25.754517;225.227448;2117.904785;0.295425;0.000000;0.000000;0.000000;0.000000;2.000000;138.944763;583.208618;2209.484375;0.534763;0.000000;0.000000;0.000000;0.000000;2.000000;67.700073;714.756531;2124.028320;0.533726;0.000000;0.000000;0.000000;0.000000;2.000000;18.200623;-767.627930;1986.533203;0.435270;0.000000;0.000000;0.000000;0.000000;2.000000;13.666382;-802.690552;1829.851563;0.219834;0.000000;0.000000;0.000000;0.000000;2.000000;37.771118;-840.165100;1863.687256;0.144175;0.000000;0.000000;0.000000;0.000000;2.000000;97.332092;-835.345520;1975.431152;0.220565;0.000000;0.000000;0.000000;0.000000;2.000000;-14.005371;-833.805359;1860.521484;0.257451;0.000000;0.000000;0.000000;0.000000;2.000000;-68.289001;-827.753784;1979.553467;0.477065;0.000000;0.000000;0.000000;0.000000;2.000000;5662066688.000000
0.000000;-150.000000;2000.000000;0.000000;0.000000;0.000000;0.000000;0.000000;2.000000;0.906677;-327.990173;1986.412842;0.123094;0.000000;0.000000;0.000000;0.000000;2.000000;3.422302;-470.466553;1978.641113;0.214597;0.000000;0.000000;0.000000;0.000000;2.000000;10.550659;-687.034607;1994.052246;0.218732;0.000000;0.000000;0.000000;0.000000;2.000000;42.612976;-650.866760;1985.734375;0.223587;0.000000;0.000000;0.000000;0.000000;2.000000;173.193176;-599.447083;1958.090088;0.288883;0.000000;0.000000;0.000000;0.000000;2.000000;263.697266;-345.085327;2017.787598;0.383614;0.000000;0.000000;0.000000;0.000000;2.000000;320.765747;-121.255905;2040.176514;0.506424;0.000000;0.000000;0.000000;0.000000;2.000000;316.140808;-37.131680;2086.919678;1.212167;0.000000;0.000000;0.000000;0.000000;0.000000;338.122437;60.265038;2128.394043;1.807606;0.000000;0.000000;0.000000;0.000000;0.000000;295.268768;8.990717;2081.772705;0.607053;0.000000;0.000000;0.000000;0.000000;0.000000;-23.338440;-651.472778;1999.306396;0.214858;0.000000;0.000000;0.000000;0.000000;2.000000;-146.618042;-619.583618;2032.480713;0.347726;0.000000;0.000000;0.000000;0.000000;2.000000;-217.826599;-347.030884;2036.876709;0.345640;0.000000;0.000000;0.000000;0.000000;2.000000;-163.929565;-163.236816;1900.697754;0.510279;0.000000;0.000000;0.000000;0.000000;2.000000;-176.105225;-64.973930;1869.739258;0.483628;0.000000;0.000000;0.000000;0.000000;0.000000;-105.955383;9.715673;1841.555664;0.774148;0.000000;0.000000;0.000000;0.000000;0.000000;-102.658875;-54.366081;1852.703369;1.036489;0.000000;0.000000;0.000000;0.000000;0.000000;78.969421;-146.122299;1954.473389;0.061136;0.000000;0.000000;0.000000;0.000000;2.000000;-44.047852;233.060394;1915.185059;0.282321;0.000000;0.000000;0.000000;0.000000;2.000000;-136.163757;604.532776;1906.522705;0.472366;0.000000;0.000000;0.000000;0.000000;2.000000;-254.084839;689.568237;1788.197998;0.605405;0.000000;0.000000;0.000000;0.000000;2.000000;-71.210205;-153.496689;2041.053467;0.055128;0.000000;0.000000;0.000000;0.000000;2.000000;29.593811;225.416000;2120.896240;0.146358;0.000000;0.000000;0.000000;0.000000;2.000000;148.024780;580.604736;2218.193115;0.386055;0.000000;0.000000;0.000000;0.000000;2.000000;79.773193;714.470032;2133.545166;0.462011;0.000000;0.000000;0.000000;0.000000;2.000000;10.509277;-768.435120;1986.667236;0.232414;0.000000;0.000000;0.000000;0.000000;2.000000;9.502502;-802.857239;1829.614868;0.125419;0.000000;0.000000;0.000000;0.000000;2.000000;35.247314;-839.213074;1863.556396;0.081147;0.000000;0.000000;0.000000;0.000000;2.000000;93.346924;-831.827515;1976.072510;0.160888;0.000000;0.000000;0.000000;0.000000;2.000000;-16.811707;-835.609070;1859.860352;0.102190;0.000000;0.000000;0.000000;0.000000;2.000000;-72.644897;-833.124207;1978.448486;0.210414;0.000000;0.000000;0.000000;0.000000;2.000000;5662099968.000000
0.000000;-150.000000;2000.000000;0.000000;0.000000;0.000000;0.000000;0.000000;2.000000;-0.894104;-330.559265;1984.503174;0.110362;0.000000;0.000000;0.000000;0.000000;2.000000;2.627869;-475.322113;1979.839600;0.152163;0.000000;0.000000;0.000000;0.000000;2.000000;15.877747;-694.973145;1994.474609;0.287547;0.000000;0.000000;0.000000;0.000000;2.000000;47.300476;-657.387512;1985.590332;0.241347;0.000000;0.000000;0.000000;0.000000;2.000000;177.306580;-599.484680;1956.744141;0.130053;0.000000;0.000000;0.000000;0.000000;2.000000;263.215454;-336.854675;2006.171631;0.428021;0.000000;0.000000;0.000000;0.000000;2.000000;321.421692;-109.535477;2027.299072;0.523585;0.000000;0.000000;0.000000;0.000000;2.000000;312.395233;-24.427547;2074.658203;0.542339;0.000000;0.000000;0.000000;0.000000;0.000000;292.723541;63.752033;2136.988770;1.392328;0.000000;0.000000;0.000000;0.000000;0.000000;273.832367;23.963146;2055.220703;1.119750;0.000000;0.000000;0.000000;0.000000;0.000000;-19.353882;-659.801270;2000.573242;0.280021;0.000000;0.000000;0.000000;0.000000;2.000000;-144.796387;-630.557129;2035.998779;0.350564;0.000000;0.000000;0.000000;0.000000;2.000000;-221.826721;-355.149231;2040.947021;0.298182;0.000000;0.000000;0.000000;0.000000;2.000000;-160.390198;-167.202377;1907.440186;0.257982;0.000000;0.000000;0.000000;0.000000;2.000000;-159.811035;-68.600830;1870.433105;0.502025;0.000000;0.000000;0.000000;0.000000;0.000000;-93.266052;6.717273;1831.203613;0.500257;0.000000;0.000000;0.000000;0.000000;0.000000;-99.723083;-64.014511;1844.416260;0.392225;0.000000;0.000000;0.000000;0.000000;0.000000;81.233704;-146.594345;1955.632080;0.077733;0.000000;0.000000;0.000000;0.000000;2.000000;-39.147339;240.316803;1921.249023;0.320040;0.000000;0.000000;0.000000;0.000000;2.000000;-132.580261;617.486633;1913.706543;0.457927;0.000000;0.000000;0.000000;0.000000;2.000000;-253.296570;704.480225;1795.073608;0.493980;0.000000;0.000000;0.000000;0.000000;2.000000;-73.251953;-153.071045;2040.008301;0.070098;0.000000;0.000000;0.000000;0.000000;2.000000;34.142639;229.476395;2124.519287;0.213119;0.000000;0.000000;0.000000;0.000000;2.000000;158.790222;588.051392;2225.143311;0.445333;0.000000;0.000000;0.000000;0.000000;2.000000;92.768616;728.143738;2143.471436;0.640512;0.000000;0.000000;0.000000;0.000000;2.000000;17.854187;-777.557678;1986.649414;0.351921;0.000000;0.000000;0.000000;0.000000;2.000000;16.811035;-802.236755;1825.300537;0.255697;0.000000;0.000000;0.000000;0.000000;2.000000;39.038879;-843.357727;1857.668457;0.244522;0.000000;0.000000;0.000000;0.000000;2.000000;96.308472;-848.168823;1972.907959;0.508002;0.000000;0.000000;0.000000;0.000000;2.000000;-13.224243;-834.899292;1853.462402;0.221435;0.000000;0.000000;0.000000;0.000000;2.000000;-71.715515;-835.006531;1973.012207;0.175106;0.000000;0.000000;0.000000;0.000000;2.000000;5662133248.000000
0.000000;-150.000000;2000.000000;0.000000;0.000000;0.000000;0.000000;0.000000;2.000000;-0.313965;-330.809326;1984.403320;0.019218;0.000000;0.000000;0.000000;0.000000;2.000000;3.272766;-475.683411;1977.449951;0.075161;0.000000;0.000000;0.000000;0.000000;2.000000;21.939819;-694.932556;1996.292236;0.190169;0.000000;0.000000;0.000000;0.000000;2.000000;52.246460;-656.823364;1985.559082;0.149584;0.000000;0.000000;0.000000;0.000000;2.000000;180.037598;-595.400635;1953.268799;0.180828;0.000000;0.000000;0.000000;0.000000;2.000000;254.311462;-327.872009;1997.226807;0.465483;0.000000;0.000000;0.000000;0.000000;2.000000;293.412781;-95.252998;2002.186279;1.209091;0.000000;0.000000;0.000000;0.000000;2.000000;285.721008;-11.318981;2052.093018;1.121295;0.000000;0.000000;0.000000;0.000000;0.000000;285.233276;89.634933;2095.564941;1.484862;0.000000;0.000000;0.000000;0.000000;0.000000;256.369507;29.383936;2031.888672;0.890722;0.000000;0.000000;0.000000;0.000000;0.000000;-13.901794;-660.359558;2002.828369;0.178078;0.000000;0.000000;0.000000;0.000000;2.000000;-139.691345;-635.065063;2040.691162;0.248513;0.000000;0.000000;0.000000;0.000000;2.000000;-214.693420;-358.899475;2052.774170;0.430044;0.000000;0.000000;0.000000;0.000000;2.000000;-169.911499;-174.370728;1907.767090;0.358250;0.000000;0.000000;0.000000;0.000000;2.000000;-169.024292;-73.983665;1875.439209;0.354160;0.000000;0.000000;0.000000;0.000000;0.000000;-98.385559;5.689205;1857.128906;0.794649;0.000000;0.000000;0.000000;0.000000;0.000000;-107.554932;-65.263206;1846.494873;0.246353;0.000000;0.000000;0.000000;0.000000;0.000000;76.171204;-145.582779;1947.258545;0.295586;0.000000;0.000000;0.000000;0.000000;2.000000;-36.532471;245.111938;1924.971924;0.198615;0.000000;0.000000;0.000000;0.000000;2.000000;-125.016418;624.110596;1924.018311;0.432756;0.000000;0.000000;0.000000;0.000000;2.000000;-256.009033;703.539307;1810.667969;0.476456;0.000000;0.000000;0.000000;0.000000;2.000000;-68.686951;-153.983215;2047.559570;0.266554;0.000000;0.000000;0.000000;0.000000;2.000000;50.015869;225.519684;2133.416992;0.559560;0.000000;0.000000;0.000000;0.000000;2.000000;184.425720;581.664490;2232.253662;0.822093;0.000000;0.000000;0.000000;0.000000;2.000000;110.254944;722.235474;2158.226074;0.710037;0.000000;0.000000;0.000000;0.000000;2.000000;25.512573;-777.722534;1990.141113;0.252958;0.000000;0.000000;0.000000;0.000000;2.000000;7.453735;-793.701965;1828.470703;0.392299;0.000000;0.000000;0.000000;0.000000;2.000000;37.875000;-833.680603;1855.267578;0.301629;0.000000;0.000000;0.000000;0.000000;2.000000;109.069519;-837.950439;1962.706299;0.579027;0.000000;0.000000;0.000000;0.000000;2.000000;-15.194641;-831.157776;1857.693359;0.179743;0.000000;0.000000;0.000000;0.000000;2.000000;-58.343811;-844.505249;1983.086426;0.578391;0.000000;0.000000;0.000000;0.000000;2.000000;5662166528.000000
0.000000;-150.000000;2000.000000;0.000000;0.000000;0.000000;0.000000;0.000000;2.000000;-1.963867;-328.895508;1983.270508;0.083207;0.000000;0.000000;0.000000;0.000000;2.000000;-0.831848;-472.227234;1973.767578;0.195550;0.000000;0.000000;0.000000;0.000000;2.000000;16.853210;-689.810120;1986.377686;0.368516;0.000000;0.000000;0.000000;0.000000;2.000000;46.856750;-651.954163;1976.189209;0.356235;0.000000;0.000000;0.000000;0.000000;2.000000;173.829163;-592.484741;1943.458252;0.359692;0.000000;0.000000;0.000000;0.000000;2.000000;232.215332;-322.458252;1977.260010;0.909529;0.000000;0.000000;0.000000;0.000000;2.000000;255.902283;-90.190575;1969.477539;1.503163;0.000000;0.000000;0.000000;0.000000;2.000000;259.695801;-4.495779;2014.731934;1.383425;0.000000;0.000000;0.000000;0.000000;0.000000;280.098572;98.922295;2041.796143;1.646817;0.000000;0.000000;0.000000;0.000000;0.000000;220.125977;40.060097;1996.422607;1.557121;0.000000;0.000000;0.000000;0.000000;0.000000;-18.328918;-655.592773;1994.402100;0.319873;0.000000;0.000000;0.000000;0.000000;2.000000;-143.098694;-629.065308;2030.082520;0.380260;0.000000;0.000000;0.000000;0.000000;2.000000;-210.840210;-353.971436;2042.692871;0.356504;0.000000;0.000000;0.000000;0.000000;2.000000;-171.303833;-160.309113;1912.723633;0.449954;0.000000;0.000000;0.000000;0.000000;2.000000;-179.159180;-64.654167;1871.577393;0.429876;0.000000;0.000000;0.000000;0.000000;0.000000;-108.649231;14.020337;1854.788086;0.403395;0.000000;0.000000;0.000000;0.000000;0.000000;-120.855652;-48.720154;1852.947510;0.666646;0.000000;0.000000;0.000000;0.000000;0.000000;75.388611;-145.937866;1947.712158;0.029199;0.000000;0.000000;0.000000;0.000000;2.000000;-39.886169;239.317001;1918.239746;0.285300;0.000000;0.000000;0.000000;0.000000;2.000000;-117.513306;616.684875;1925.833740;0.321857;0.000000;0.000000;0.000000;0.000000;2.000000;-246.289612;703.190552;1818.431396;0.373926;0.000000;0.000000;0.000000;0.000000;2.000000;-67.981201;-153.662994;2047.150391;0.026334;0.000000;0.000000;0.000000;0.000000;2.000000;48.059204;222.224335;2133.589844;0.115276;0.000000;0.000000;0.000000;0.000000;2.000000;181.316223;574.944519;2230.860840;0.226394;0.000000;0.000000;0.000000;0.000000;2.000000;119.953796;719.257141;2156.394043;0.309793;0.000000;0.000000;0.000000;0.000000;2.000000;19.848145;-771.608826;1978.075195;0.440642;0.000000;0.000000;0.000000;0.000000;2.000000;21.997681;-799.647644;1818.693970;0.556062;0.000000;0.000000;0.000000;0.000000;2.000000;46.228577;-838.222473;1851.903687;0.303064;0.000000;0.000000;0.000000;0.000000;2.000000;102.023987;-836.854431;1966.741699;0.246184;0.000000;0.000000;0.000000;0.000000;2.000000;-5.970520;-833.219727;1847.085083;0.426928;0.000000;0.000000;0.000000;0.000000;2.000000;-65.056946;-834.351257;1965.074219;0.653233;0.000000;0.000000;0.000000;0.000000;2.000000;5662199808.000000
0.000000;-150.000000;2000.000000;0.000000;0.000000;0.000000;0.000000;0.000000;2.000000;0.030334;-328.569031;1983.043213;0.060177;0.000000;0.000000;0.000000;0.000000;2.000000;2.647095;-471.585510;1972.902100;0.107776;0.000000;0.000000;0.000000;0.000000;2.000000;24.068542;-688.793152;1975.870850;0.378382;0.000000;0.000000;0.000000;0.000000;2.000000;53.111755;-650.113953;1966.437744;0.347136;0.000000;0.000000;0.000000;0.000000;2.000000;176.811523;-584.252380;1934.530762;0.370048;0.000000;0.000000;0.000000;0.000000;2.000000;231.830750;-312.303589;1949.075684;0.886610;0.000000;0.000000;0.000000;0.000000;2.000000;253.753784;-80.691559;1933.129883;1.113570;0.000000;0.000000;0.000000;0.000000;2.000000;221.734924;3.162510;1969.411621;1.764091;0.000000;0.000000;0.000000;0.000000;0.000000;204.764771;108.421700;1990.270996;2.715494;0.000000;0.000000;0.000000;0.000000;0.000000;190.752930;38.339905;1944.951172;1.754492;0.000000;0.000000;0.000000;0.000000;0.000000;-11.333618;-655.595032;1986.307373;0.316600;0.000000;0.000000;0.000000;0.000000;2.000000;-137.366882;-636.556091;2021.464844;0.378082;0.000000;0.000000;0.000000;0.000000;2.000000;-209.375854;-363.185364;2036.512695;0.331169;0.000000;0.000000;0.000000;0.000000;2.000000;-176.516479;-156.308121;1927.487305;0.478220;0.000000;0.000000;0.000000;0.000000;2.000000;-209.511353;-69.267220;1880.565186;0.946653;0.000000;0.000000;0.000000;0.000000;0.000000;-145.423584;11.192500;1851.891602;1.094830;0.000000;0.000000;0.000000;0.000000;0.000000;-147.872070;-44.514530;1852.133179;0.809479;0.000000;0.000000;0.000000;0.000000;0.000000;73.089417;-144.756317;1944.909912;0.112822;0.000000;0.000000;0.000000;0.000000;2.000000;-53.817200;234.092743;1896.148193;0.788193;0.000000;0.000000;0.000000;0.000000;2.000000;-118.753296;612.819336;1914.045654;0.368949;0.000000;0.000000;0.000000;0.000000;2.000000;-234.590210;715.875793;1807.094849;0.611010;0.000000;0.000000;0.000000;0.000000;2.000000;-65.907959;-154.728470;2049.677002;0.101729;0.000000;0.000000;0.000000;0.000000;2.000000;49.230103;221.671494;2131.697266;0.067860;0.000000;0.000000;0.000000;0.000000;2.000000;184.383057;574.156616;2224.370117;0.213716;0.000000;0.000000;0.000000;0.000000;2.000000;121.816711;724.337708;2164.683838;0.292959;0.000000;0.000000;0.000000;0.000000;2.000000;28.094666;-769.973145;1964.087402;0.482951;0.000000;0.000000;0.000000;0.000000;2.000000;3.801880;-819.675476;1812.294556;0.822847;0.000000;0.000000;0.000000;0.000000;2.000000;34.321716;-853.156311;1845.678467;0.594474;0.000000;0.000000;0.000000;0.000000;2.000000;108.713806;-835.788086;1947.707275;0.597892;0.000000;0.000000;0.000000;0.000000;2.000000;-17.957581;-849.036926;1849.312012;0.590992;0.000000;0.000000;0.000000;0.000000;2.000000;-55.916809;-834.061157;1974.562988;0.389978;0.000000;0.000000;0.000000;0.000000;2.000000;5662233600.000000
0.000000;-150.000000;2000.000000;0.000000;0.000000;0.000000;0.000000;0.000000;2.000000;5.717773;-329.863647;1982.636230;0.175694;0.000000;0.000000;0.000000;0.000000;2.000000;10.597107;-473.761108;1970.007080;0.262499;0.000000;0.000000;0.000000;0.000000;2.000000;19.241333;-693.164673;1983.807373;0.308488;0.000000;0.000000;0.000000;0.000000;2.000000;50.986084;-656.423218;1973.345703;0.288282;0.000000;0.000000;0.000000;0.000000;2.000000;177.305237;-592.227600;1943.217041;0.354643;0.000000;0.000000;0.000000;0.000000;2.000000;221.913147;-315.795959;1939.246582;0.432491;0.000000;0.000000;0.000000;0.000000;2.000000;225.307922;-82.976738;1907.217529;1.158251;0.000000;0.000000;0.000000;0.000000;2.000000;200.807007;1.071747;1950.315430;0.853605;0.000000;0.000000;0.000000;0.000000;0.000000;193.148926;106.510147;1978.846924;0.492909;0.000000;0.000000;0.000000;0.000000;0.000000;170.724060;39.337326;1940.166504;0.619489;0.000000;0.000000;0.000000;0.000000;0.000000;-14.682251;-657.248047;1991.722412;0.197653;0.000000;0.000000;0.000000;0.000000;2.000000;-137.289734;-634.501709;2038.737549;0.522675;0.000000;0.000000;0.000000;0.000000;2.000000;-211.887146;-359.802856;2058.514893;0.673134;0.000000;0.000000;0.000000;0.000000;2.000000;-202.565002;-148.140823;1950.062500;1.064427;0.000000;0.000000;0.000000;0.000000;2.000000;-229.037415;-59.199020;1900.792969;0.897326;0.000000;0.000000;0.000000;0.000000;0.000000;-168.917053;22.430655;1864.649658;0.871398;0.000000;0.000000;0.000000;0.000000;0.000000;-159.338623;-35.532955;1894.114746;1.335231;0.000000;0.000000;0.000000;0.000000;0.000000;89.689087;-145.057449;1978.336426;1.121470;0.000000;0.000000;0.000000;0.000000;2.000000;-11.094727;247.848892;1985.285400;2.998774;0.000000;0.000000;0.000000;0.000000;2.000000;107.247986;527.096375;2226.812500;11.877474;0.000000;0.000000;0.000000;0.000000;2.000000;144.686829;708.720825;2186.176025;16.114422;0.000000;0.000000;0.000000;0.000000;2.000000;-80.876587;-154.456909;2019.535156;1.011270;0.000000;0.000000;0.000000;0.000000;2.000000;-73.798767;247.015961;1964.795410;6.276717;0.000000;0.000000;0.000000;0.000000;2.000000;-52.951416;637.869995;1947.557129;11.122355;0.000000;0.000000;0.000000;0.000000;2.000000;-188.266968;713.053101;1866.654663;12.927681;0.000000;0.000000;0.000000;0.000000;2.000000;18.808655;-775.561279;1975.874023;0.481128;0.000000;0.000000;0.000000;0.000000;2.000000;28.429565;-816.938843;1818.676147;0.768865;0.000000;0.000000;0.000000;0.000000;2.000000;55.668701;-850.019958;1855.836182;0.716576;0.000000;0.000000;0.000000;0.000000;2.000000;108.039551;-832.985779;1971.899902;0.732083;0.000000;0.000000;0.000000;0.000000;2.000000;3.070190;-850.905701;1849.530029;0.634368;0.000000;0.000000;0.000000;0.000000;2.000000;-59.331848;-848.112183;1966.690918;0.494712;0.000000;0.000000;0.000000;0.000000;2.000000;5662266880.000000
0.000000;-150.000000;2000.000000;0.000000;0.000000;0.000000;0.000000;0.000000;2.000000;5.687622;-325.056061;1979.453613;0.173247;0.000000;0.000000;0.000000;0.000000;2.000000;5.789368;-464.188629;1956.687988;0.513589;0.000000;0.000000;0.000000;0.000000;2.000000;18.941528;-678.388184;1956.579590;0.930902;0.000000;0.000000;0.000000;0.000000;2.000000;48.470398;-641.339478;1946.438232;0.929967;0.000000;0.000000;0.000000;0.000000;2.000000;167.482239;-572.900146;1912.982910;1.117911;0.000000;0.000000;0.000000;0.000000;2.000000;212.339661;-303.499725;1907.871094;1.052657;0.000000;0.000000;0.000000;0.000000;2.000000;191.560425;-79.500648;1863.664063;1.658883;0.000000;0.000000;0.000000;0.000000;2.000000;170.076660;8.633686;1892.484375;1.980888;0.000000;0.000000;0.000000;0.000000;0.000000;138.903442;85.955132;1959.250977;1.839836;0.000000;0.000000;0.000000;0.000000;0.000000;148.573059;43.377388;1871.636597;2.167493;0.000000;0.000000;0.000000;0.000000;0.000000;-14.138489;-644.603882;1968.676025;0.790045;0.000000;0.000000;0.000000;0.000000;2.000000;-134.528137;-614.578247;2007.449951;1.117645;0.000000;0.000000;0.000000;0.000000;2.000000;-229.802795;-357.642090;2056.146973;0.546880;0.000000;0.000000;0.000000;0.000000;2.000000;-230.771057;-147.807724;1956.802246;0.871455;0.000000;0.000000;0.000000;0.000000;2.000000;-246.614197;-58.678825;1908.757324;0.580048;0.000000;0.000000;0.000000;0.000000;0.000000;-192.850403;16.099190;1858.360962;0.767515;0.000000;0.000000;0.000000;0.000000;0.000000;-204.753967;-41.646103;1904.424316;1.411368;0.000000;0.000000;0.000000;0.000000;0.000000;73.981140;-141.634155;1949.202393;0.999861;0.000000;0.000000;0.000000;0.000000;2.000000;-68.872742;219.927734;1875.304932;3.826100;0.000000;0.000000;0.000000;0.000000;2.000000;-100.552551;594.940063;1912.556152;11.502602;0.000000;0.000000;0.000000;0.000000;2.000000;-195.590149;725.770752;1822.318970;14.978026;0.000000;0.000000;0.000000;0.000000;2.000000;-66.712097;-157.543869;2045.806396;0.901613;0.000000;0.000000;0.000000;0.000000;2.000000;24.153809;220.270874;2118.315674;5.530681;0.000000;0.000000;0.000000;0.000000;2.000000;174.051331;552.599976;2232.938965;11.252754;0.000000;0.000000;0.000000;0.000000;2.000000;135.982422;707.762085;2173.750977;13.420219;0.000000;0.000000;0.000000;0.000000;2.000000;19.400269;-758.153931;1944.047852;1.090158;0.000000;0.000000;0.000000;0.000000;2.000000;13.356018;-811.812256;1794.671021;0.865541;0.000000;0.000000;0.000000;0.000000;2.000000;35.067749;-845.579956;1832.742310;0.939424;0.000000;0.000000;0.000000;0.000000;2.000000;93.908997;-830.082520;1942.288330;0.989739;0.000000;0.000000;0.000000;0.000000;2.000000;-15.708069;-836.990234;1828.386963;0.947012;0.000000;0.000000;0.000000;0.000000;2.000000;-69.228027;-813.318359;1943.921875;1.284348;0.000000;0.000000;0.000000;0.000000;2.000000;5662300160.000000
0.000000;-150.000000;2000.000000;0.000000;0.000000;0.000000;0.000000;0.000000;2.000000;6.383423;-326.773865;1987.813721;0.257304;0.000000;0.000000;0.000000;0.000000;2.000000;8.835815;-467.959869;1975.428467;0.581652;0.000000;0.000000;0.000000;0.000000;2.000000;20.485291;-682.567810;1956.340088;0.134076;0.000000;0.000000;0.000000;0.000000;2.000000;49.345337;-644.578674;1946.495117;0.100834;0.000000;0.000000;0.000000;0.000000;2.000000;164.565063;-579.956177;1894.216064;0.608792;0.000000;0.000000;0.000000;0.000000;2.000000;204.034973;-308.186646;1890.752441;0.588807;0.000000;0.000000;0.000000;0.000000;2.000000;155.871338;-91.657936;1828.059570;1.558215;0.000000;0.000000;0.000000;0.000000;2.000000;98.882446;-17.475227;1848.253784;2.637844;0.000000;0.000000;0.000000;0.000000;0.000000;29.358154;64.058365;1855.409912;4.582958;0.000000;0.000000;0.000000;0.000000;0.000000;74.604248;5.596716;1837.318726;2.700398;0.000000;0.000000;0.000000;0.000000;0.000000;-11.247070;-649.747742;1974.336426;0.245697;0.000000;0.000000;0.000000;0.000000;2.000000;-134.661438;-627.672974;2011.275635;0.409939;0.000000;0.000000;0.000000;0.000000;2.000000;-218.090942;-365.912140;2064.477051;0.498247;0.000000;0.000000;0.000000;0.000000;2.000000;-232.840088;-144.628036;1991.645996;1.053175;0.000000;0.000000;0.000000;0.000000;2.000000;-283.986572;-80.828125;1928.944824;1.439432;0.000000;0.000000;0.000000;0.000000;0.000000;-259.040771;17.660883;1900.311035;2.355166;0.000000;0.000000;0.000000;0.000000;0.000000;-236.757446;-34.257736;1914.526367;1.032562;0.000000;0.000000;0.000000;0.000000;0.000000;63.980408;-143.289673;1936.175049;0.495991;0.000000;0.000000;0.000000;0.000000;2.000000;-71.895813;226.543411;1880.822754;0.274332;0.000000;0.000000;0.000000;0.000000;2.000000;-106.198730;604.171631;1909.202637;0.340416;0.000000;0.000000;0.000000;0.000000;2.000000;-208.371948;728.273743;1815.261841;0.445120;0.000000;0.000000;0.000000;0.000000;2.000000;-57.693909;-156.051010;2057.554199;0.447270;0.000000;0.000000;0.000000;0.000000;2.000000;28.273987;223.887573;2136.410645;0.568127;0.000000;0.000000;0.000000;0.000000;2.000000;195.550598;555.732788;2234.085205;0.653742;0.000000;0.000000;0.000000;0.000000;2.000000;141.744568;714.671143;2199.621338;0.823017;0.000000;0.000000;0.000000;0.000000;2.000000;19.200500;-761.451294;1937.191650;0.228681;0.000000;0.000000;0.000000;0.000000;2.000000;-9.493347;-820.174622;1791.477661;0.737385;0.000000;0.000000;0.000000;0.000000;2.000000;16.679749;-853.476929;1827.538574;0.621320;0.000000;0.000000;0.000000;0.000000;2.000000;91.247803;-836.031982;1927.584961;0.483267;0.000000;0.000000;0.000000;0.000000;2.000000;-34.241455;-843.444763;1830.078003;0.591884;0.000000;0.000000;0.000000;0.000000;2.000000;-70.402832;-814.156860;1951.694336;0.237540;0.000000;0.000000;0.000000;0.000000;2.000000;5662333440.000000
0.000000;-150.000000;2000.000000;0.000000;0.000000;0.000000;0.000000;0.000000;2.000000;5.576721;-327.209930;1987.579102;0.028442;0.000000;0.000000;0.000000;0.000000;2.000000;12.027466;-468.923676;1979.536865;0.158984;0.000000;0.000000;0.000000;0.000000;2.000000;32.762451;-683.695190;1964.611816;0.446111;0.000000;0.000000;0.000000;0.000000;2.000000;59.689880;-644.608643;1953.143311;0.369492;0.000000;0.000000;0.000000;0.000000;2.000000;174.218567;-580.211182;1898.211182;0.314022;0.000000;0.000000;0.000000;0.000000;2.000000;208.976807;-307.304199;1888.049561;0.171316;0.000000;0.000000;0.000000;0.000000;2.000000;153.826538;-96.459610;1811.289185;0.527755;0.000000;0.000000;0.000000;0.000000;2.000000;99.367493;-17.721239;1817.366211;0.928256;0.000000;0.000000;0.000000;0.000000;0.000000;44.306152;72.555412;1837.519043;0.745608;0.000000;0.000000;0.000000;0.000000;0.000000;62.855225;0.094538;1805.726196;1.026221;0.000000;0.000000;0.000000;0.000000;0.000000;0.015930;-651.834351;1982.833496;0.428551;0.000000;0.000000;0.000000;0.000000;2.000000;-120.766785;-638.068481;2031.687744;0.805032;0.000000;0.000000;0.000000;0.000000;2.000000;-202.153259;-374.558044;2082.902100;0.776755;0.000000;0.000000;0.000000;0.000000;2.000000;-242.305969;-148.165558;2039.501709;1.469682;0.000000;0.000000;0.000000;0.000000;2.000000;-290.314026;-76.764946;1982.354004;1.620672;0.000000;0.000000;0.000000;0.000000;0.000000;-241.788635;15.378718;1963.634277;1.973287;0.000000;0.000000;0.000000;0.000000;0.000000;-230.126282;-30.896698;1973.167480;1.776156;0.000000;0.000000;0.000000;0.000000;0.000000;62.388367;-143.431915;1934.303467;0.073955;0.000000;0.000000;0.000000;0.000000;2.000000;-79.252930;223.430084;1867.892212;0.456710;0.000000;0.000000;0.000000;0.000000;2.000000;-88.960815;599.182983;1931.080811;0.850253;0.000000;0.000000;0.000000;0.000000;2.000000;-197.763367;729.014404;1852.739990;1.170604;0.000000;0.000000;0.000000;0.000000;2.000000;-56.258362;-155.922729;2059.241455;0.066678;0.000000;0.000000;0.000000;0.000000;2.000000;48.148193;215.346634;2159.124268;0.942495;0.000000;0.000000;0.000000;0.000000;2.000000;225.642578;539.284058;2268.257813;1.454729;0.000000;0.000000;0.000000;0.000000;2.000000;178.451233;699.841431;2229.799561;1.495786;0.000000;0.000000;0.000000;0.000000;2.000000;34.484680;-763.154541;1947.126953;0.550149;0.000000;0.000000;0.000000;0.000000;2.000000;-22.101563;-824.963013;1810.730103;0.706323;0.000000;0.000000;0.000000;0.000000;2.000000;8.875977;-858.389282;1842.860474;0.537341;0.000000;0.000000;0.000000;0.000000;2.000000;100.930847;-841.265625;1927.611328;0.330738;0.000000;0.000000;0.000000;0.000000;2.000000;-40.473328;-846.029297;1854.034790;0.747855;0.000000;0.000000;0.000000;0.000000;2.000000;-53.238647;-811.538086;1979.272705;0.979233;0.000000;0.000000;0.000000;0.000000;2.000000;5662366720.000000
0.000000;-150.000000;2000.000000;0.000000;0.000000;0.000000;0.000000;0.000000;2.000000;7.683533;-325.970398;1989.592041;0.095149;0.000000;0.000000;0.000000;0.000000;2.000000;19.538696;-466.487915;1986.123779;0.308983;0.000000;0.000000;0.000000;0.000000;2.000000;38.814270;-679.616150;1968.536621;0.248995;0.000000;0.000000;0.000000;0.000000;2.000000;64.907104;-640.766907;1955.893311;0.211494;0.000000;0.000000;0.000000;0.000000;2.000000;175.533569;-576.434753;1895.794189;0.140400;0.000000;0.000000;0.000000;0.000000;2.000000;194.987427;-304.784180;1872.913696;0.623921;0.000000;0.000000;0.000000;0.000000;2.000000;131.983643;-100.086250;1790.767090;0.907144;0.000000;0.000000;0.000000;0.000000;2.000000;74.013977;-24.550907;1788.871460;1.164299;0.000000;0.000000;0.000000;0.000000;0.000000;25.856750;55.253201;1841.147095;0.767791;0.000000;0.000000;0.000000;0.000000;0.000000;42.297913;-5.222410;1776.715942;1.080256;0.000000;0.000000;0.000000;0.000000;0.000000;7.481384;-648.076111;1988.736816;0.307471;0.000000;0.000000;0.000000;0.000000;2.000000;-110.632263;-631.924500;2040.749268;0.448279;0.000000;0.000000;0.000000;0.000000;2.000000;-205.770996;-380.096619;2112.026123;0.897413;0.000000;0.000000;0.000000;0.000000;2.000000;-257.075073;-162.225082;2049.903076;0.687822;0.000000;0.000000;0.000000;0.000000;2.000000;-315.311035;-80.673470;2071.642822;2.788588;0.000000;0.000000;0.000000;0.000000;0.000000;-263.954224;-7.236131;2016.838623;1.860422;0.000000;0.000000;0.000000;0.000000;0.000000;-243.321899;-37.655190;2015.102539;1.336498;0.000000;0.000000;0.000000;0.000000;0.000000;58.116516;-143.402710;1931.360474;0.155876;0.000000;0.000000;0.000000;0.000000;2.000000;-84.680054;221.146881;1872.385498;0.222551;0.000000;0.000000;0.000000;0.000000;2.000000;-82.770691;591.437622;1950.244629;0.648343;0.000000;0.000000;0.000000;0.000000;2.000000;-175.915527;727.059143;1865.040527;0.755668;0.000000;0.000000;0.000000;0.000000;2.000000;-52.406189;-155.949081;2061.895264;0.140562;0.000000;0.000000;0.000000;0.000000;2.000000;54.602722;206.286758;2179.208008;0.689863;0.000000;0.000000;0.000000;0.000000;2.000000;235.792725;522.770935;2294.173828;0.972439;0.000000;0.000000;0.000000;0.000000;2.000000;192.496460;684.455444;2261.880859;1.149396;0.000000;0.000000;0.000000;0.000000;2.000000;39.353638;-758.369263;1950.520752;0.229083;0.000000;0.000000;0.000000;0.000000;2.000000;-8.693909;-831.855713;1818.052612;0.503602;0.000000;0.000000;0.000000;0.000000;2.000000;17.049988;-862.724426;1856.115601;0.485726;0.000000;0.000000;0.000000;0.000000;2.000000;101.737183;-840.999451;1945.982056;0.552594;0.000000;0.000000;0.000000;0.000000;2.000000;-31.847046;-846.692139;1861.204468;0.337632;0.000000;0.000000;0.000000;0.000000;2.000000;-53.006592;-797.750549;1979.307373;0.414349;0.000000;0.000000;0.000000;0.000000;2.000000;5662400000.000000
0.000000;-150.000000;2000.000000;0.000000;0.000000;0.000000;0.000000;0.000000;2.000000;4.748962;-326.218201;1987.222656;0.113577;0.000000;0.000000;0.000000;0.000000;2.000000;16.416199;-466.978455;1983.251709;0.128328;0.000000;0.000000;0.000000;0.000000;2.000000;45.645142;-678.900940;1960.989746;0.306619;0.000000;0.000000;0.000000;0.000000;2.000000;69.299377;-638.511658;1948.062134;0.278177;0.000000;0.000000;0.000000;0.000000;2.000000;173.986633;-568.186951;1883.628784;0.444078;0.000000;0.000000;0.000000;0.000000;2.000000;199.757324;-298.586853;1843.612061;0.911277;0.000000;0.000000;0.000000;0.000000;2.000000;136.319702;-97.610504;1752.060547;1.172694;0.000000;0.000000;0.000000;0.000000;2.000000;75.584656;-24.083424;1754.403564;1.036864;0.000000;0.000000;0.000000;0.000000;0.000000;14.276550;46.743546;1806.212891;1.135051;0.000000;0.000000;0.000000;0.000000;0.000000;55.993591;-0.160377;1733.737549;1.363911;0.000000;0.000000;0.000000;0.000000;0.000000;13.531067;-649.271057;1982.976807;0.253554;0.000000;0.000000;0.000000;0.000000;2.000000;-105.168274;-638.097839;2035.513672;0.293453;0.000000;0.000000;0.000000;0.000000;2.000000;-203.731018;-388.011719;2110.043701;0.252726;0.000000;0.000000;0.000000;0.000000;2.000000;-259.710999;-166.418976;2066.391357;0.517316;0.000000;0.000000;0.000000;0.000000;2.000000;-318.826477;-89.917999;2101.081055;0.933151;0.000000;0.000000;0.000000;0.000000;0.000000;-264.089661;-11.824224;2056.620117;1.203288;0.000000;0.000000;0.000000;0.000000;0.000000;-236.598572;-40.447372;2046.417236;0.966040;0.000000;0.000000;0.000000;0.000000;0.000000;55.929626;-143.371704;1929.374390;0.088771;0.000000;0.000000;0.000000;0.000000;2.000000;-77.196411;225.460968;1869.896606;0.270117;0.000000;0.000000;0.000000;0.000000;2.000000;-61.868530;595.032288;1952.657227;0.641400;0.000000;0.000000;0.000000;0.000000;2.000000;-158.798767;731.583069;1872.632690;0.578837;0.000000;0.000000;0.000000;0.000000;2.000000;-50.434265;-155.977020;2063.686279;0.080049;0.000000;0.000000;0.000000;0.000000;2.000000;54.944946;207.934647;2179.543701;0.051569;0.000000;0.000000;0.000000;0.000000;2.000000;241.626099;522.009705;2294.490723;0.177024;0.000000;0.000000;0.000000;0.000000;2.000000;206.024109;686.159424;2263.744141;0.413500;0.000000;0.000000;0.000000;0.000000;2.000000;49.417236;-757.351501;1941.486816;0.407508;0.000000;0.000000;0.000000;0.000000;2.000000;-11.634766;-831.257935;1814.392578;0.142219;0.000000;0.000000;0.000000;0.000000;2.000000;16.221252;-862.444580;1850.810425;0.161563;0.000000;0.000000;0.000000;0.000000;2.000000;108.754517;-842.133423;1933.262329;0.437837;0.000000;0.000000;0.000000;0.000000;2.000000;-31.661804;-844.756958;1859.601685;0.075708;0.000000;0.000000;0.000000;0.000000;2.000000;-41.600708;-793.409485;1978.399658;0.367721;0.000000;0.000000;0.000000;0.000000;1.000000;5662433280.000000
0.000000;-150.000000;2000.000000;0.000000;0.000000;0.000000;0.000000;0.000000;2.000000;2.315552;-327.253296;1987.756836;0.081064;0.000000;0.000000;0.000000;0.000000;2.000000;12.933228;-468.874084;1984.524170;0.125137;0.000000;0.000000;0.000000;0.000000;2.000000;44.977417;-681.456848;1961.298950;0.079920;0.000000;0.000000;0.000000;0.000000;2.000000;67.567078;-640.487671;1947.353394;0.081783;0.000000;0.000000;0.000000;0.000000;2.000000;164.375122;-565.895813;1874.304199;0.408232;0.000000;0.000000;0.000000;0.000000;2.000000;194.107178;-296.969971;1823.815552;0.620506;0.000000;0.000000;0.000000;0.000000;2.000000;133.040588;-94.026924;1731.895996;0.623238;0.000000;0.000000;0.000000;0.000000;2.000000;76.004272;-21.457323;1757.947144;0.133128;0.000000;0.000000;0.000000;0.000000;0.000000;16.772461;35.142250;1827.735596;0.738502;0.000000;0.000000;0.000000;0.000000;0.000000;54.224915;7.239899;1742.388062;0.346171;0.000000;0.000000;0.000000;0.000000;0.000000;13.068542;-652.165588;1984.584229;0.100453;0.000000;0.000000;0.000000;0.000000;2.000000;-105.600952;-640.986023;2038.891113;0.134164;0.000000;0.000000;0.000000;0.000000;2.000000;-205.383911;-390.525085;2116.094482;0.203044;0.000000;0.000000;0.000000;0.000000;2.000000;-264.269165;-164.950394;2096.796631;0.924883;0.000000;0.000000;0.000000;0.000000;2.000000;-308.435181;-78.934242;2133.049561;1.062618;0.000000;0.000000;0.000000;0.000000;0.000000;-264.573120;-7.969769;2068.006836;0.361512;0.000000;0.000000;0.000000;0.000000;0.000000;-250.260010;-56.874046;2120.690430;2.322267;0.000000;0.000000;0.000000;0.000000;0.000000;54.239746;-144.275940;1927.385010;0.083005;0.000000;0.000000;0.000000;0.000000;2.000000;-75.548828;229.410172;1877.387207;0.259216;0.000000;0.000000;0.000000;0.000000;2.000000;-51.132019;598.668213;1968.280762;0.580004;0.000000;0.000000;0.000000;0.000000;2.000000;-150.630249;735.494873;1889.579956;0.577390;0.000000;0.000000;0.000000;0.000000;2.000000;-48.910339;-155.161667;2065.479980;0.074846;0.000000;0.000000;0.000000;0.000000;2.000000;49.519104;209.760025;2191.129883;0.388320;0.000000;0.000000;0.000000;0.000000;2.000000;245.973022;519.782349;2307.631104;0.421238;0.000000;0.000000;0.000000;0.000000;2.000000;210.558044;685.855530;2282.403564;0.577066;0.000000;0.000000;0.000000;0.000000;2.000000;49.327942;-760.290161;1941.658203;0.088492;0.000000;0.000000;0.000000;0.000000;2.000000;-22.692810;-833.590515;1818.961548;0.366287;0.000000;0.000000;0.000000;0.000000;2.000000;5.028503;-865.773865;1855.066772;0.373465;0.000000;0.000000;0.000000;0.000000;2.000000;103.052063;-849.339905;1932.937622;0.276306;0.000000;0.000000;0.000000;0.000000;2.000000;-41.417664;-844.741943;1865.656128;0.345008;0.000000;0.000000;0.000000;0.000000;2.000000;-42.368958;-789.708313;1983.975830;0.202424;0.000000;0.000000;0.000000;0.000000;1.000000;5662466560.000000
0.000000;-150.000000;2000.000000;0.000000;0.000000;0.000000;0.000000;0.000000;2.000000;8.662292;-328.345093;1983.135498;0.238177;0.000000;0.000000;0.000000;0.000000;2.000000;21.344849;-470.846558;1973.609253;0.418285;0.000000;0.000000;0.000000;0.000000;2.000000;52.090881;-685.938599;1952.992798;0.355127;0.000000;0.000000;0.000000;0.000000;2.000000;72.927002;-644.969788;1935.234131;0.420345;0.000000;0.000000;0.000000;0.000000;2.000000;158.275635;-565.042297;1851.690796;0.704240;0.000000;0.000000;0.000000;0.000000;2.000000;171.523743;-293.828857;1793.010498;1.151602;0.000000;0.000000;0.000000;0.000000;2.000000;109.501526;-87.071732;1704.861572;1.097196;0.000000;0.000000;0.000000;0.000000;2.000000;59.741943;-9.521414;1734.537720;0.928544;0.000000;0.000000;0.000000;0.000000;2.000000;3.063293;54.956665;1801.094238;1.079355;0.000000;0.000000;0.000000;0.000000;0.000000;23.432312;12.640816;1699.607544;1.592131;0.000000;0.000000;0.000000;0.000000;2.000000;22.556824;-655.764465;1979.088623;0.346767;0.000000;0.000000;0.000000;0.000000;2.000000;-83.950439;-626.037109;2051.552734;0.877348;0.000000;0.000000;0.000000;0.000000;2.000000;-189.735413;-379.038757;2140.573242;0.938742;0.000000;0.000000;0.000000;0.000000;1.000000;-306.428162;-181.081604;2086.293213;1.392597;0.000000;0.000000;0.000000;0.000000;1.000000;-314.027771;-83.511223;2122.154297;0.392852;0.000000;0.000000;0.000000;0.000000;0.000000;-250.301086;-6.084557;2085.488525;0.680477;0.000000;0.000000;0.000000;0.000000;0.000000;-257.416565;-72.943367;2105.722168;0.694031;0.000000;0.000000;0.000000;0.000000;0.000000;51.538391;-140.386505;1924.808594;0.161989;0.000000;0.000000;0.000000;0.000000;2.000000;-70.243713;239.688354;1873.025757;0.371440;0.000000;0.000000;0.000000;0.000000;2.000000;-44.339722;609.633545;1975.023071;0.437334;0.000000;0.000000;0.000000;0.000000;2.000000;-145.301331;746.287292;1893.776855;0.383025;0.000000;0.000000;0.000000;0.000000;2.000000;-46.474487;-158.668900;2067.803467;0.146074;0.000000;0.000000;0.000000;0.000000;2.000000;26.685913;216.422928;2192.601074;0.716074;0.000000;0.000000;0.000000;0.000000;2.000000;235.852966;525.795227;2300.307129;0.416587;0.000000;0.000000;0.000000;0.000000;2.000000;196.493042;693.225891;2279.290771;0.486218;0.000000;0.000000;0.000000;0.000000;2.000000;54.687805;-766.053223;1935.146606;0.306935;0.000000;0.000000;0.000000;0.000000;2.000000;-38.227783;-823.188049;1815.994141;0.568816;0.000000;0.000000;0.000000;0.000000;2.000000;1.655640;-857.420044;1836.084351;0.631364;0.000000;0.000000;0.000000;0.000000;2.000000;114.800354;-841.301941;1892.477173;1.288807;0.000000;0.000000;0.000000;0.000000;2.000000;-43.057983;-847.335693;1861.806152;0.147941;0.000000;0.000000;0.000000;0.000000;2.000000;-19.871216;-819.625122;1988.467773;1.132833;0.000000;0.000000;0.000000;0.000000;1.000000;5662499840.000000
0.000000;-150.000000;2000.000000;0.000000;0.000000;0.000000;0.000000;0.000000;2.000000;15.770142;-329.358459;1988.940430;0.277430;0.000000;0.000000;0.000000;0.000000;2.000000;28.352783;-472.748047;1980.082764;0.292306;0.000000;0.000000;0.000000;0.000000;2.000000;50.954041;-689.597290;1954.500122;0.123711;0.000000;0.000000;0.000000;0.000000;2.000000;71.111267;-648.773865;1934.921265;0.127007;0.000000;0.000000;0.000000;0.000000;2.000000;144.789673;-566.933594;1841.293701;0.514821;0.000000;0.000000;0.000000;0.000000;2.000000;157.380615;-295.221313;1777.364746;0.635115;0.000000;0.000000;0.000000;0.000000;2.000000;93.505371;-88.030258;1687.980591;0.699393;0.000000;0.000000;0.000000;0.000000;2.000000;44.671448;-6.027996;1707.231323;0.943033;0.000000;0.000000;0.000000;0.000000;2.000000;-2.086182;39.629425;1794.787109;0.521506;0.000000;0.000000;0.000000;0.000000;0.000000;14.104797;16.997211;1679.707275;0.673239;0.000000;0.000000;0.000000;0.000000;2.000000;24.949402;-658.753235;1983.907471;0.184932;0.000000;0.000000;0.000000;0.000000;2.000000;-71.414490;-626.278076;2069.588135;0.660021;0.000000;0.000000;0.000000;0.000000;2.000000;-182.788818;-381.264465;2162.427490;0.692292;0.000000;0.000000;0.000000;0.000000;1.000000;-315.037720;-195.997482;2094.712646;0.576026;0.000000;0.000000;0.000000;0.000000;1.000000;-314.070313;-94.690636;2121.658203;0.336253;0.000000;0.000000;0.000000;0.000000;0.000000;-243.152344;-14.576740;2112.421387;0.875323;0.000000;0.000000;0.000000;0.000000;0.000000;-257.590210;-84.735008;2111.230469;0.391104;0.000000;0.000000;0.000000;0.000000;0.000000;49.581848;-140.880737;1922.808228;0.085380;0.000000;0.000000;0.000000;0.000000;2.000000;-56.359375;249.011963;1898.051270;0.904433;0.000000;0.000000;0.000000;0.000000;2.000000;-36.746826;624.374329;1989.553711;0.662478;0.000000;0.000000;0.000000;0.000000;2.000000;-148.469116;755.958252;1911.548950;0.615369;0.000000;0.000000;0.000000;0.000000;2.000000;-44.710205;-158.223236;2069.607178;0.076988;0.000000;0.000000;0.000000;0.000000;2.000000;-34.538513;233.312103;2170.090576;2.024714;0.000000;0.000000;0.000000;0.000000;2.000000;207.684082;512.586182;2297.187500;0.939548;0.000000;0.000000;0.000000;0.000000;2.000000;178.983032;684.269226;2288.570313;0.653456;0.000000;0.000000;0.000000;0.000000;2.000000;49.469055;-770.014221;1935.714111;0.197603;0.000000;0.000000;0.000000;0.000000;2.000000;-54.433044;-830.008850;1826.153687;0.610169;0.000000;0.000000;0.000000;0.000000;2.000000;-8.849487;-861.272522;1838.305664;0.342777;0.000000;0.000000;0.000000;0.000000;2.000000;109.897522;-836.791077;1879.903320;0.427578;0.000000;0.000000;0.000000;0.000000;2.000000;-50.413086;-857.125183;1870.709106;0.454903;0.000000;0.000000;0.000000;0.000000;2.000000;-11.825134;-833.998657;1995.314697;0.536018;0.000000;0.000000;0.000000;0.000000;1.000000;5662533120.000000
0.000000;-150.000000;2000.000000;0.000000;0.000000;0.000000;0.000000;0.000000;2.000000;19.125183;-326.004028;1982.161011;0.244869;0.000000;0.000000;0.000000;0.000000;2.000000;39.353210;-466.326782;1970.504028;0.471626;0.000000;0.000000;0.000000;0.000000;2.000000;55.479919;-678.518738;1930.483643;0.794063;0.000000;0.000000;0.000000;0.000000;2.000000;72.003967;-637.228333;1910.188477;0.808164;0.000000;0.000000;0.000000;0.000000;2.000000;128.576416;-551.384033;1811.403931;1.106493;0.000000;0.000000;0.000000;0.000000;2.000000;133.636108;-283.338684;1747.450195;1.183667;0.000000;0.000000;0.000000;0.000000;2.000000;34.034058;-94.173729;1659.087036;1.965064;0.000000;0.000000;0.000000;0.000000;2.000000;-5.442139;-9.036856;1679.506836;1.697160;0.000000;0.000000;0.000000;0.000000;2.000000;-30.917664;23.627407;1778.997925;1.081906;0.000000;0.000000;0.000000;0.000000;0.000000;-9.490234;24.776054;1670.569702;0.783361;0.000000;0.000000;0.000000;0.000000;2.000000;35.436157;-649.749329;1965.061401;0.691622;0.000000;0.000000;0.000000;0.000000;2.000000;-41.540955;-626.044434;2068.583252;0.884569;0.000000;0.000000;0.000000;0.000000;2.000000;-145.501953;-391.804688;2183.427979;1.304243;0.000000;0.000000;0.000000;0.000000;1.000000;-302.866333;-232.660782;2114.254150;1.281136;0.000000;0.000000;0.000000;0.000000;1.000000;-307.022217;-130.881775;2132.057373;1.133685;0.000000;0.000000;0.000000;0.000000;0.000000;-255.980469;-38.632477;2121.753174;0.852725;0.000000;0.000000;0.000000;0.000000;0.000000;-265.793579;-109.073212;2107.540039;0.767853;0.000000;0.000000;0.000000;0.000000;0.000000;41.243286;-137.403137;1919.932617;0.280577;0.000000;0.000000;0.000000;0.000000;2.000000;-54.282410;249.827621;1901.127441;0.112460;0.000000;0.000000;0.000000;0.000000;2.000000;-35.090149;618.228882;1998.716797;0.330160;0.000000;0.000000;0.000000;0.000000;2.000000;-139.529053;749.399841;1916.264893;0.356563;0.000000;0.000000;0.000000;0.000000;2.000000;-37.190918;-161.359131;2072.200195;0.253009;0.000000;0.000000;0.000000;0.000000;1.000000;-64.918152;228.046600;2153.918457;1.030316;0.000000;0.000000;0.000000;0.000000;1.000000;108.109619;546.318115;2286.039063;3.128619;0.000000;0.000000;0.000000;0.000000;1.000000;37.790894;703.184570;2285.176025;4.216796;0.000000;0.000000;0.000000;0.000000;1.000000;50.289978;-756.741638;1908.303833;0.901565;0.000000;0.000000;0.000000;0.000000;2.000000;-55.008484;-818.702576;1804.580933;0.720964;0.000000;0.000000;0.000000;0.000000;2.000000;-16.022766;-853.116638;1824.884033;0.510949;0.000000;0.000000;0.000000;0.000000;2.000000;101.392029;-839.340820;1869.724976;0.399715;0.000000;0.000000;0.000000;0.000000;2.000000;-57.330627;-837.463928;1852.594849;0.817181;0.000000;0.000000;0.000000;0.000000;2.000000;-21.969543;-798.866943;1972.328857;1.278154;0.000000;0.000000;0.000000;0.000000;1.000000;5662566912.000000
0.000000;-150.000000;2000.000000;0.000000;0.000000;0.000000;0.000000;0.000000;2.000000;19.761963;-325.451355;1986.366333;0.128877;0.000000;0.000000;0.000000;0.000000;2.000000;47.075867;-464.253448;1980.838135;0.392621;0.000000;0.000000;0.000000;0.000000;2.000000;62.681519;-674.928040;1938.260376;0.336262;0.000000;0.000000;0.000000;0.000000;2.000000;75.587463;-633.431152;1916.385620;0.243491;0.000000;0.000000;0.000000;0.000000;2.000000;113.563171;-545.719238;1811.510742;0.482175;0.000000;0.000000;0.000000;0.000000;2.000000;119.477417;-281.063568;1739.661865;0.490348;0.000000;0.000000;0.000000;0.000000;2.000000;29.692993;-84.822624;1659.473755;0.310002;0.000000;0.000000;0.000000;0.000000;2.000000;-19.318665;-8.267601;1689.018311;0.506038;0.000000;0.000000;0.000000;0.000000;2.000000;-47.548279;20.047955;1788.542358;0.586119;0.000000;0.000000;0.000000;0.000000;0.000000;-38.295410;21.829304;1677.554443;0.895013;0.000000;0.000000;0.000000;0.000000;2.000000;46.537048;-646.828369;1975.026001;0.456746;0.000000;0.000000;0.000000;0.000000;2.000000;-14.844543;-627.534363;2088.605225;1.003713;0.000000;0.000000;0.000000;0.000000;2.000000;-111.627197;-400.280884;2219.382324;1.506023;0.000000;0.000000;0.000000;0.000000;1.000000;-283.984253;-253.991913;2162.418945;1.681457;0.000000;0.000000;0.000000;0.000000;1.000000;-288.838257;-151.415314;2169.182617;1.386961;0.000000;0.000000;0.000000;0.000000;0.000000;-251.187500;-54.749924;2150.404297;0.998226;0.000000;0.000000;0.000000;0.000000;0.000000;-258.385132;-129.021194;2129.611816;0.921242;0.000000;0.000000;0.000000;0.000000;0.000000;36.898193;-139.474258;1918.028320;0.155543;0.000000;0.000000;0.000000;0.000000;2.000000;-41.453125;250.049377;1924.278931;0.795356;0.000000;0.000000;0.000000;0.000000;2.000000;-23.766968;617.228943;2019.619507;0.714953;0.000000;0.000000;0.000000;0.000000;2.000000;-131.486816;747.918884;1942.837891;0.835420;0.000000;0.000000;0.000000;0.000000;2.000000;-33.272766;-159.491531;2073.917480;0.140260;0.000000;0.000000;0.000000;0.000000;2.000000;-79.089661;227.070221;2151.620361;0.432386;0.000000;0.000000;0.000000;0.000000;1.000000;61.227722;563.247131;2272.325928;1.553388;0.000000;0.000000;0.000000;0.000000;1.000000;-22.355347;712.479004;2276.140625;1.848774;0.000000;0.000000;0.000000;0.000000;1.000000;56.523621;-752.822632;1916.605103;0.333423;0.000000;0.000000;0.000000;0.000000;2.000000;-53.395813;-821.457336;1823.613159;0.579870;0.000000;0.000000;0.000000;0.000000;2.000000;-9.195801;-852.140381;1837.456421;0.430879;0.000000;0.000000;0.000000;0.000000;2.000000;110.271484;-827.833679;1868.618042;0.438006;0.000000;0.000000;0.000000;0.000000;2.000000;-47.983398;-841.942810;1870.393311;0.618886;0.000000;0.000000;0.000000;0.000000;2.000000;-2.530334;-804.279785;1986.277100;0.737088;0.000000;0.000000;0.000000;0.000000;1.000000;5662600192.000000
0.000000;-150.000000;2000.000000;0.000000;0.000000;0.000000;0.000000;0.000000;2.000000;21.954102;-326.037109;1988.520874;0.094020;0.000000;0.000000;0.000000;0.000000;2.000000;51.966248;-464.841858;1982.991577;0.161533;0.000000;0.000000;0.000000;0.000000;2.000000;59.866089;-675.503540;1934.416016;0.144221;0.000000;0.000000;0.000000;0.000000;2.000000;69.712463;-633.466797;1911.582153;0.228029;0.000000;0.000000;0.000000;0.000000;2.000000;94.369507;-542.943115;1804.400513;0.620665;0.000000;0.000000;0.000000;0.000000;2.000000;92.814209;-280.383698;1721.433838;0.970720;0.000000;0.000000;0.000000;0.000000;2.000000;14.815613;-77.891373;1641.897583;0.722593;0.000000;0.000000;0.000000;0.000000;2.000000;-58.901306;-17.663990;1653.940552;1.614096;0.000000;0.000000;0.000000;0.000000;2.000000;-101.531494;54.540169;1721.484253;2.786656;0.000000;0.000000;0.000000;0.000000;0.000000;-67.441772;15.877182;1640.261597;1.433421;0.000000;0.000000;0.000000;0.000000;2.000000;49.435120;-647.970703;1973.832886;0.100233;0.000000;0.000000;0.000000;0.000000;2.000000;8.483459;-632.876099;2097.394043;0.766063;0.000000;0.000000;0.000000;0.000000;2.000000;-59.139343;-406.377472;2248.540039;1.813450;0.000000;0.000000;0.000000;0.000000;2.000000;-239.996826;-261.656891;2215.068848;2.074331;0.000000;0.000000;0.000000;0.000000;1.000000;-261.664551;-161.038422;2206.134277;1.408239;0.000000;0.000000;0.000000;0.000000;0.000000;-262.091309;-65.062141;2161.536133;0.561467;0.000000;0.000000;0.000000;0.000000;0.000000;-259.282104;-148.037872;2147.069824;0.776160;0.000000;0.000000;0.000000;0.000000;0.000000;24.166626;-141.302994;1912.847900;0.416655;0.000000;0.000000;0.000000;0.000000;2.000000;-43.491333;251.047150;1937.649170;0.407496;0.000000;0.000000;0.000000;0.000000;2.000000;-22.441528;621.313354;2025.976929;0.230522;0.000000;0.000000;0.000000;0.000000;2.000000;-136.479736;755.331909;1963.676514;0.681323;0.000000;0.000000;0.000000;0.000000;2.000000;-21.792114;-157.842468;2078.588867;0.375717;0.000000;0.000000;0.000000;0.000000;2.000000;-76.171997;229.519241;2154.633301;0.145937;0.000000;0.000000;0.000000;0.000000;1.000000;52.827637;579.826782;2249.814941;0.877173;0.000000;0.000000;0.000000;0.000000;1.000000;-33.128174;727.278809;2268.980957;0.590618;0.000000;0.000000;0.000000;0.000000;1.000000;50.070801;-753.236572;1912.346924;0.232640;0.000000;0.000000;0.000000;0.000000;2.000000;-69.447266;-821.348389;1830.407715;0.523757;0.000000;0.000000;0.000000;0.000000;2.000000;-18.555481;-843.274048;1824.086792;0.558088;0.000000;0.000000;0.000000;0.000000;2.000000;99.671326;-799.700928;1833.081543;1.398659;0.000000;0.000000;0.000000;0.000000;2.000000;-47.643433;-850.835083;1866.641846;0.290180;0.000000;0.000000;0.000000;0.000000;2.000000;22.303101;-832.790894;1975.392090;1.182256;0.000000;0.000000;0.000000;0.000000;1.000000;5662633472.000000
0.000000;-150.000000;2000.000000;0.000000;0.000000;0.000000;0.000000;0.000000;2.000000;20.862244;-327.113647;1985.939453;0.090218;0.000000;0.000000;0.000000;0.000000;2.000000;47.367371;-467.429810;1978.055176;0.217128;0.000000;0.000000;0.000000;0.000000;2.000000;65.835938;-679.935913;1934.560303;0.223461;0.000000;0.000000;0.000000;0.000000;2.000000;74.237366;-637.784424;1910.722656;0.189697;0.000000;0.000000;0.000000;0.000000;2.000000;98.843079;-548.191101;1801.569336;0.223994;0.000000;0.000000;0.000000;0.000000;2.000000;102.000488;-282.513062;1722.913330;0.286815;0.000000;0.000000;0.000000;0.000000;2.000000;12.404541;-85.941162;1636.774048;0.295730;0.000000;0.000000;0.000000;0.000000;2.000000;-61.247803;-23.879883;1643.601685;0.369280;0.000000;0.000000;0.000000;0.000000;2.000000;-113.181091;38.549919;1715.329346;0.622571;0.000000;0.000000;0.000000;0.000000;0.000000;-52.053650;18.937241;1639.698242;0.471741;0.000000;0.000000;0.000000;0.000000;2.000000;53.359741;-651.802429;1973.341675;0.165472;0.000000;0.000000;0.000000;0.000000;2.000000;18.842590;-635.023438;2099.501953;0.324138;0.000000;0.000000;0.000000;0.000000;2.000000;-40.731262;-413.409546;2263.978271;0.752191;0.000000;0.000000;0.000000;0.000000;2.000000;-221.190247;-262.424805;2253.774902;1.293267;0.000000;0.000000;0.000000;0.000000;1.000000;-241.542908;-163.798218;2227.951416;0.895657;0.000000;0.000000;0.000000;0.000000;0.000000;-244.242493;-68.684288;2180.116455;0.781786;0.000000;0.000000;0.000000;0.000000;0.000000;-243.265442;-159.397720;2167.682861;0.855435;0.000000;0.000000;0.000000;0.000000;0.000000;28.180969;-139.823013;1913.618652;0.130629;0.000000;0.000000;0.000000;0.000000;2.000000;-30.342224;255.320618;1953.352783;0.628691;0.000000;0.000000;0.000000;0.000000;2.000000;-8.896301;627.659180;2043.256470;0.686732;0.000000;0.000000;0.000000;0.000000;2.000000;-123.769470;759.174072;1974.008057;0.505535;0.000000;0.000000;0.000000;0.000000;2.000000;-25.411987;-159.177032;2077.894043;0.117792;0.000000;0.000000;0.000000;0.000000;2.000000;-124.657776;228.120483;2108.657715;2.008188;0.000000;0.000000;0.000000;0.000000;2.000000;76.808594;534.011230;2235.675293;1.610891;0.000000;0.000000;0.000000;0.000000;2.000000;0.260376;688.806396;2228.645020;1.952411;0.000000;0.000000;0.000000;0.000000;2.000000;59.952942;-759.035156;1914.119019;0.348377;0.000000;0.000000;0.000000;0.000000;2.000000;-69.497131;-822.125854;1841.841797;0.344369;0.000000;0.000000;0.000000;0.000000;2.000000;-19.228333;-836.758423;1821.620728;0.210310;0.000000;0.000000;0.000000;0.000000;2.000000;95.916443;-783.002319;1818.347900;0.678596;0.000000;0.000000;0.000000;0.000000;2.000000;-38.751099;-855.998047;1866.310547;0.309130;0.000000;0.000000;0.000000;0.000000;2.000000;50.738037;-852.813293;1962.444336;1.115058;0.000000;0.000000;0.000000;0.000000;1.000000;5662666752.000000
0.000000;-150.000000;2000.000000;0.000000;0.000000;0.000000;0.000000;0.000000;2.000000;22.836914;-326.099152;1987.378052;0.079489;0.000000;0.000000;0.000000;0.000000;2.000000;46.146912;-466.257568;1979.182495;0.061098;0.000000;0.000000;0.000000;0.000000;2.000000;62.256653;-677.601013;1934.389160;0.128514;0.000000;0.000000;0.000000;0.000000;2.000000;72.381531;-635.588135;1911.486450;0.089396;0.000000;0.000000;0.000000;0.000000;2.000000;102.460876;-546.894226;1803.893921;0.134963;0.000000;0.000000;0.000000;0.000000;2.000000;79.641602;-285.997040;1717.588379;0.698521;0.000000;0.000000;0.000000;0.000000;2.000000;-14.834045;-92.502808;1632.749878;0.850520;0.000000;0.000000;0.000000;0.000000;2.000000;-94.187744;-39.411209;1643.553467;1.094288;0.000000;0.000000;0.000000;0.000000;2.000000;-144.838257;29.358547;1709.362183;1.006617;0.000000;0.000000;0.000000;0.000000;0.000000;-68.830811;12.712900;1635.267578;0.553934;0.000000;0.000000;0.000000;0.000000;2.000000;48.802429;-649.758423;1972.744751;0.151149;0.000000;0.000000;0.000000;0.000000;2.000000;1.196838;-634.884644;2094.124756;0.554308;0.000000;0.000000;0.000000;0.000000;2.000000;-100.110107;-420.203857;2244.424561;1.889534;0.000000;0.000000;0.000000;0.000000;1.000000;-272.286621;-261.288025;2239.047607;1.598215;0.000000;0.000000;0.000000;0.000000;1.000000;-243.615723;-162.623947;2226.931396;0.077870;0.000000;0.000000;0.000000;0.000000;0.000000;-241.729736;-59.658653;2201.897217;0.712448;0.000000;0.000000;0.000000;0.000000;0.000000;-236.599731;-159.836624;2185.095947;0.560411;0.000000;0.000000;0.000000;0.000000;0.000000;30.660461;-139.926529;1914.930298;0.084344;0.000000;0.000000;0.000000;0.000000;2.000000;-25.039978;252.190674;1967.089600;0.452331;0.000000;0.000000;0.000000;0.000000;2.000000;1.568420;621.660828;2059.472656;0.607280;0.000000;0.000000;0.000000;0.000000;2.000000;-106.738770;761.686401;1999.410522;0.922061;0.000000;0.000000;0.000000;0.000000;2.000000;-27.647888;-159.083694;2076.710938;0.076062;0.000000;0.000000;0.000000;0.000000;2.000000;-169.924072;213.592361;2086.998535;1.569771;0.000000;0.000000;0.000000;0.000000;2.000000;21.997314;532.193298;2189.434570;2.155473;0.000000;0.000000;0.000000;0.000000;2.000000;-1.088318;702.467712;2196.819580;1.041463;0.000000;0.000000;0.000000;0.000000;2.000000;55.744446;-755.977600;1912.970337;0.160074;0.000000;0.000000;0.000000;0.000000;2.000000;-74.479980;-825.175354;1850.016113;0.301901;0.000000;0.000000;0.000000;0.000000;2.000000;-24.956421;-840.397217;1829.156250;0.304712;0.000000;0.000000;0.000000;0.000000;2.000000;88.599548;-785.729797;1818.270020;0.234649;0.000000;0.000000;0.000000;0.000000;2.000000;-42.540894;-856.753845;1875.471313;0.298753;0.000000;0.000000;0.000000;0.000000;2.000000;49.692566;-845.954407;1967.498779;0.257932;0.000000;0.000000;0.000000;0.000000;1.000000;5662700032.000000
0.000000;-150.000000;2000.000000;0.000000;0.000000;0.000000;0.000000;0.000000;2.000000;22.766663;-326.271179;1986.237793;0.034715;0.000000;0.000000;0.000000;0.000000;2.000000;45.406128;-466.666748;1976.890625;0.073411;0.000000;0.000000;0.000000;0.000000;2.000000;60.151306;-678.009644;1930.217407;0.140948;0.000000;0.000000;0.000000;0.000000;2.000000;70.345520;-635.805725;1907.553589;0.133232;0.000000;0.000000;0.000000;0.000000;2.000000;99.662109;-546.649719;1799.871338;0.147432;0.000000;0.000000;0.000000;0.000000;2.000000;74.584412;-285.828491;1712.750366;0.210358;0.000000;0.000000;0.000000;0.000000;2.000000;-23.397278;-93.797516;1627.692627;0.301352;0.000000;0.000000;0.000000;0.000000;2.000000;-105.264282;-43.490906;1632.690186;0.482030;0.000000;0.000000;0.000000;0.000000;2.000000;-171.764526;25.959545;1681.802368;1.162251;0.000000;0.000000;0.000000;0.000000;0.000000;-77.672852;10.597326;1624.592163;0.421340;0.000000;0.000000;0.000000;0.000000;2.000000;47.085938;-650.373596;1968.942505;0.126708;0.000000;0.000000;0.000000;0.000000;2.000000;-2.991699;-636.095642;2089.592773;0.188967;0.000000;0.000000;0.000000;0.000000;2.000000;-112.046631;-422.959534;2237.373047;0.424730;0.000000;0.000000;0.000000;0.000000;1.000000;-285.410645;-264.875122;2231.561523;0.466616;0.000000;0.000000;0.000000;0.000000;1.000000;-254.686523;-166.113937;2225.624512;0.350998;0.000000;0.000000;0.000000;0.000000;0.000000;-249.100708;-62.331848;2204.148926;0.245122;0.000000;0.000000;0.000000;0.000000;0.000000;-243.634766;-161.552841;2186.336914;0.220761;0.000000;0.000000;0.000000;0.000000;0.000000;30.514587;-139.407410;1914.806763;0.016622;0.000000;0.000000;0.000000;0.000000;2.000000;-25.040222;252.994705;1969.156738;0.066647;0.000000;0.000000;0.000000;0.000000;2.000000;0.795898;622.456604;2063.939209;0.138287;0.000000;0.000000;0.000000;0.000000;2.000000;-106.209351;761.508911;1998.702148;0.027103;0.000000;0.000000;0.000000;0.000000;2.000000;-27.516357;-159.551804;2076.822754;0.014992;0.000000;0.000000;0.000000;0.000000;1.000000;-157.138428;215.616241;2122.892578;1.146542;0.000000;0.000000;0.000000;0.000000;1.000000;7.973083;553.040955;2213.043457;1.035976;0.000000;0.000000;0.000000;0.000000;1.000000;-53.030396;713.705078;2224.364746;1.798621;0.000000;0.000000;0.000000;0.000000;1.000000;53.083069;-756.284058;1908.182007;0.164868;0.000000;0.000000;0.000000;0.000000;2.000000;-79.263184;-815.162292;1838.908813;0.471776;0.000000;0.000000;0.000000;0.000000;2.000000;-30.062805;-832.725281;1818.936768;0.413499;0.000000;0.000000;0.000000;0.000000;2.000000;87.058716;-784.794312;1813.335693;0.157851;0.000000;0.000000;0.000000;0.000000;2.000000;-50.079102;-849.560120;1864.161499;0.462083;0.000000;0.000000;0.000000;0.000000;2.000000;39.840088;-847.653198;1959.297241;0.388565;0.000000;0.000000;0.000000;0.000000;1.000000;5662733312.000000
0.000000;-150.000000;2000.000000;0.000000;0.000000;0.000000;0.000000;0.000000;2.000000;22.588257;-325.842316;1986.057129;0.014976;0.000000;0.000000;0.000000;0.000000;2.000000;52.900269;-464.619080;1980.179688;0.253498;0.000000;0.000000;0.000000;0.000000;2.000000;69.709534;-675.921631;1936.566650;0.350460;0.000000;0.000000;0.000000;0.000000;2.000000;79.357361;-634.040283;1913.329102;0.325972;0.000000;0.000000;0.000000;0.000000;2.000000;104.929749;-546.004883;1804.239258;0.206530;0.000000;0.000000;0.000000;0.000000;2.000000;67.420837;-288.039612;1715.222412;0.237203;0.000000;0.000000;0.000000;0.000000;2.000000;-49.449036;-104.157623;1637.894775;0.896476;0.000000;0.000000;0.000000;0.000000;2.000000;-127.928772;-52.196999;1656.711914;1.026272;0.000000;0.000000;0.000000;0.000000;2.000000;-199.957581;18.904409;1693.557129;0.941995;0.000000;0.000000;0.000000;0.000000;0.000000;-124.149475;-8.808243;1636.432007;1.554631;0.000000;0.000000;0.000000;0.000000;2.000000;56.505432;-647.946045;1974.845825;0.341900;0.000000;0.000000;0.000000;0.000000;2.000000;6.437195;-632.580566;2095.018555;0.343521;0.000000;0.000000;0.000000;0.000000;2.000000;-98.429749;-417.811249;2242.165527;0.460523;0.000000;0.000000;0.000000;0.000000;1.000000;-278.097473;-267.961700;2233.383301;0.244718;0.000000;0.000000;0.000000;0.000000;1.000000;-252.060242;-167.975098;2231.000488;0.188280;0.000000;0.000000;0.000000;0.000000;0.000000;-235.111389;-63.557449;2226.734375;0.799135;0.000000;0.000000;0.000000;0.000000;0.000000;-222.462830;-158.933884;2199.802734;0.758045;0.000000;0.000000;0.000000;0.000000;0.000000;34.267944;-138.980499;1916.541748;0.124908;0.000000;0.000000;0.000000;0.000000;2.000000;-0.842773;253.055969;1982.256592;0.826801;0.000000;0.000000;0.000000;0.000000;2.000000;19.592529;621.208130;2079.678223;0.737611;0.000000;0.000000;0.000000;0.000000;2.000000;-82.643005;761.600098;2011.051147;0.799459;0.000000;0.000000;0.000000;0.000000;2.000000;-30.900879;-159.936752;2075.257813;0.112639;0.000000;0.000000;0.000000;0.000000;1.000000;-98.693787;226.488770;2145.832031;1.914656;0.000000;0.000000;0.000000;0.000000;1.000000;11.286133;583.128662;2241.921875;1.257077;0.000000;0.000000;0.000000;0.000000;1.000000;-77.866394;729.880737;2247.784668;1.135074;0.000000;0.000000;0.000000;0.000000;1.000000;63.421875;-754.381226;1915.718262;0.388663;0.000000;0.000000;0.000000;0.000000;2.000000;-66.047058;-810.934937;1840.250244;0.418884;0.000000;0.000000;0.000000;0.000000;2.000000;-16.255554;-826.750732;1820.666260;0.455034;0.000000;0.000000;0.000000;0.000000;2.000000;100.019104;-777.267578;1820.604126;0.500509;0.000000;0.000000;0.000000;0.000000;2.000000;-37.096069;-846.193970;1864.298218;0.403035;0.000000;0.000000;0.000000;0.000000;2.000000;50.207520;-848.297241;1961.408691;0.318505;0.000000;0.000000;0.000000;0.000000;2.000000;5662766592.000000
0.000000;-150.000000;2000.000000;0.000000;0.000000;0.000000;0.000000;0.000000;2.000000;30.575317;-325.341675;1993.382935;0.326006;0.000000;0.000000;0.000000;0.000000;2.000000;59.970093;-464.651306;1991.411133;0.398779;0.000000;0.000000;0.000000;0.000000;2.000000;68.712646;-677.581055;1951.871948;0.463559;0.000000;0.000000;0.000000;0.000000;2.000000;81.437012;-636.554138;1928.432617;0.464299;0.000000;0.000000;0.000000;0.000000;2.000000;108.647278;-551.567139;1817.056519;0.434442;0.000000;0.000000;0.000000;0.000000;2.000000;86.544983;-291.504333;1727.661987;0.693375;0.000000;0.000000;0.000000;0.000000;2.000000;-41.695618;-112.566849;1655.881958;0.640503;0.000000;0.000000;0.000000;0.000000;2.000000;-128.690002;-74.000938;1669.531128;0.760355;0.000000;0.000000;0.000000;0.000000;2.000000;-201.090149;-20.682949;1729.134399;1.599671;0.000000;0.000000;0.000000;0.000000;0.000000;-136.245667;-33.748344;1660.566772;1.104369;0.000000;0.000000;0.000000;0.000000;2.000000;55.068542;-648.295898;1989.101318;0.430649;0.000000;0.000000;0.000000;0.000000;2.000000;-3.358154;-625.700806;2104.485840;0.458575;0.000000;0.000000;0.000000;0.000000;2.000000;-110.206970;-410.619324;2250.578125;0.485626;0.000000;0.000000;0.000000;0.000000;1.000000;-287.396301;-257.861755;2234.711914;0.414448;0.000000;0.000000;0.000000;0.000000;1.000000;-259.710876;-158.141647;2232.835449;0.378410;0.000000;0.000000;0.000000;0.000000;0.000000;-221.103577;-60.834526;2249.690918;0.812208;0.000000;0.000000;0.000000;0.000000;0.000000;-200.284851;-154.496368;2212.914063;0.785550;0.000000;0.000000;0.000000;0.000000;0.000000;48.893738;-138.608429;1924.064087;0.494323;0.000000;0.000000;0.000000;0.000000;2.000000;16.453735;253.219513;1995.874512;0.661497;0.000000;0.000000;0.000000;0.000000;2.000000;36.251160;620.006470;2100.620117;0.804883;0.000000;0.000000;0.000000;0.000000;2.000000;-65.977600;756.712219;2024.195557;0.654471;0.000000;0.000000;0.000000;0.000000;2.000000;-44.089661;-160.272293;2068.474854;0.445751;0.000000;0.000000;0.000000;0.000000;2.000000;-200.069153;207.133118;2077.321289;3.722243;0.000000;0.000000;0.000000;0.000000;2.000000;-148.633972;584.144775;2142.118164;5.664382;0.000000;0.000000;0.000000;0.000000;2.000000;-238.382141;710.609619;2067.537598;7.275464;0.000000;0.000000;0.000000;0.000000;2.000000;59.655090;-756.139282;1931.940796;0.503204;0.000000;0.000000;0.000000;0.000000;2.000000;-51.342957;-783.805359;1819.470337;1.117865;0.000000;0.000000;0.000000;0.000000;2.000000;-11.397400;-822.353760;1825.865601;0.251343;0.000000;0.000000;0.000000;0.000000;2.000000;108.407166;-821.758484;1866.663696;1.940670;0.000000;0.000000;0.000000;0.000000;2.000000;-51.153381;-816.780090;1859.226318;0.991363;0.000000;0.000000;0.000000;0.000000;2.000000;-9.277466;-817.321411;1983.145142;2.118430;0.000000;0.000000;0.000000;0.000000;2.000000;5662799872.000000
0.000000;-150.000000;2000.000000;0.000000;0.000000;0.000000;0.000000;0.000000;2.000000;29.016602;-322.955383;1988.923706;0.159024;0.000000;0.000000;0.000000;0.000000;2.000000;59.903320;-459.978455;1986.548828;0.202645;0.000000;0.000000;0.000000;0.000000;2.000000;70.384888;-670.586914;1951.031250;0.217555;0.000000;0.000000;0.000000;0.000000;2.000000;84.954712;-630.477722;1928.454590;0.210974;0.000000;0.000000;0.000000;0.000000;2.000000;125.157776;-551.885437;1818.763306;0.498844;0.000000;0.000000;0.000000;0.000000;2.000000;90.183289;-294.705322;1736.787598;0.310471;0.000000;0.000000;0.000000;0.000000;2.000000;-46.070435;-122.666626;1673.337891;0.620079;0.000000;0.000000;0.000000;0.000000;2.000000;-131.061157;-84.732780;1691.587769;0.740483;0.000000;0.000000;0.000000;0.000000;2.000000;-208.334961;-46.565880;1754.031128;1.100868;0.000000;0.000000;0.000000;0.000000;0.000000;-142.294922;-49.173035;1686.142334;0.915665;0.000000;0.000000;0.000000;0.000000;2.000000;54.231567;-641.150085;1986.211060;0.232978;0.000000;0.000000;0.000000;0.000000;2.000000;-13.305664;-616.620422;2093.986816;0.513141;0.000000;0.000000;0.000000;0.000000;2.000000;-127.869873;-401.327209;2226.041504;0.950378;0.000000;0.000000;0.000000;0.000000;1.000000;-293.737427;-240.604874;2212.843750;0.858464;0.000000;0.000000;0.000000;0.000000;1.000000;-263.372559;-144.979355;2231.880859;0.411522;0.000000;0.000000;0.000000;0.000000;0.000000;-220.474731;-60.615784;2276.449707;0.804299;0.000000;0.000000;0.000000;0.000000;0.000000;-184.410767;-153.337296;2228.358398;0.666402;0.000000;0.000000;0.000000;0.000000;0.000000;55.871399;-136.210861;1931.049805;0.305304;0.000000;0.000000;0.000000;0.000000;2.000000;28.141846;249.339966;2008.923584;0.539144;0.000000;0.000000;0.000000;0.000000;2.000000;43.602051;611.255432;2112.787109;0.501589;0.000000;0.000000;0.000000;0.000000;2.000000;-50.500488;756.689941;2049.213867;0.883974;0.000000;0.000000;0.000000;0.000000;2.000000;-50.381592;-162.434280;2062.175293;0.275308;0.000000;0.000000;0.000000;0.000000;2.000000;-181.223145;209.085999;2063.333252;0.707663;0.000000;0.000000;0.000000;0.000000;2.000000;-174.165405;584.800964;2124.988281;0.924054;0.000000;0.000000;0.000000;0.000000;2.000000;-250.315918;710.597107;2040.147705;0.897739;0.000000;0.000000;0.000000;0.000000;2.000000;62.587769;-748.301758;1931.715210;0.251541;0.000000;0.000000;0.000000;0.000000;2.000000;-42.515991;-785.354370;1819.330811;0.269319;0.000000;0.000000;0.000000;0.000000;2.000000;-4.726868;-823.461121;1831.948120;0.273288;0.000000;0.000000;0.000000;0.000000;2.000000;111.435608;-821.436096;1877.701904;0.344070;0.000000;0.000000;0.000000;0.000000;2.000000;-45.226440;-813.066956;1862.009888;0.226189;0.000000;0.000000;0.000000;0.000000;2.000000;-9.655334;-800.435059;1985.415894;0.512095;0.000000;0.000000;0.000000;0.000000;2.000000;5662833152.000000
0.000000;-150.000000;2000.000000;0.000000;0.000000;0.000000;0.000000;0.000000;2.000000;32.315186;-321.988770;1993.257935;0.166219;0.000000;0.000000;0.000000;0.000000;2.000000;63.286133;-458.526001;1992.858765;0.219512;0.000000;0.000000;0.000000;0.000000;2.000000;67.125610;-668.709900;1957.833984;0.233571;0.000000;0.000000;0.000000;0.000000;2.000000;82.187012;-629.200684;1934.873779;0.213525;0.000000;0.000000;0.000000;0.000000;2.000000;114.295044;-548.349609;1824.766479;0.387771;0.000000;0.000000;0.000000;0.000000;2.000000;71.697754;-292.659729;1744.809814;0.608617;0.000000;0.000000;0.000000;0.000000;2.000000;-76.904846;-126.943604;1696.939697;1.173838;0.000000;0.000000;0.000000;0.000000;2.000000;-160.093201;-89.170456;1721.181274;1.252802;0.000000;0.000000;0.000000;0.000000;0.000000;-237.197083;-48.352524;1781.510132;1.198655;0.000000;0.000000;0.000000;0.000000;0.000000;-178.626038;-59.507355;1717.697266;1.478922;0.000000;0.000000;0.000000;0.000000;0.000000;52.687439;-638.862610;1993.186523;0.225409;0.000000;0.000000;0.000000;0.000000;2.000000;-11.351013;-615.259277;2102.764648;0.273295;0.000000;0.000000;0.000000;0.000000;2.000000;-112.267761;-391.047241;2229.019775;0.568515;0.000000;0.000000;0.000000;0.000000;1.000000;-281.474792;-239.870377;2188.137939;0.829070;0.000000;0.000000;0.000000;0.000000;1.000000;-263.209534;-144.742264;2219.368164;0.376082;0.000000;0.000000;0.000000;0.000000;0.000000;-233.213562;-70.912689;2286.594482;0.578939;0.000000;0.000000;0.000000;0.000000;0.000000;-177.596130;-155.611801;2237.299072;0.344635;0.000000;0.000000;0.000000;0.000000;0.000000;60.275879;-136.138412;1935.299683;0.183923;0.000000;0.000000;0.000000;0.000000;2.000000;46.100525;247.311981;2020.142822;0.639183;0.000000;0.000000;0.000000;0.000000;2.000000;50.201111;607.630798;2125.995117;0.456827;0.000000;0.000000;0.000000;0.000000;2.000000;-27.019470;754.428589;2046.587036;0.713205;0.000000;0.000000;0.000000;0.000000;2.000000;-54.353333;-162.499619;2058.343262;0.165846;0.000000;0.000000;0.000000;0.000000;2.000000;-180.519226;208.226974;2031.044067;0.970802;0.000000;0.000000;0.000000;0.000000;2.000000;-226.256409;583.533630;2064.019531;2.409898;0.000000;0.000000;0.000000;0.000000;2.000000;-317.298645;702.939209;1986.041016;2.597528;0.000000;0.000000;0.000000;0.000000;2.000000;56.775208;-745.963196;1939.002563;0.288775;0.000000;0.000000;0.000000;0.000000;2.000000;-29.252747;-795.622559;1816.470581;0.511286;0.000000;0.000000;0.000000;0.000000;2.000000;7.333191;-830.909851;1837.329468;0.455590;0.000000;0.000000;0.000000;0.000000;2.000000;115.065796;-820.542542;1898.748169;0.642300;0.000000;0.000000;0.000000;0.000000;2.000000;-37.282410;-820.061890;1860.260498;0.322366;0.000000;0.000000;0.000000;0.000000;2.000000;-20.617859;-796.779541;1985.646973;0.347303;0.000000;0.000000;0.000000;0.000000;1.000000;5662866432.000000
0.000000;-150.000000;2000.000000;0.000000;0.000000;0.000000;0.000000;0.000000;2.000000;29.880493;-321.612366;1998.888550;0.181877;0.000000;0.000000;0.000000;0.000000;2.000000;55.986938;-458.393494;2000.749390;0.318116;0.000000;0.000000;0.000000;0.000000;2.000000;69.141663;-667.802368;1970.544678;0.381793;0.000000;0.000000;0.000000;0.000000;2.000000;84.418457;-628.432312;1948.026123;0.395431;0.000000;0.000000;0.000000;0.000000;2.000000;118.176819;-548.205017;1838.908325;0.433997;0.000000;0.000000;0.000000;0.000000;2.000000;71.724243;-292.362488;1766.852661;0.652369;0.000000;0.000000;0.000000;0.000000;2.000000;-91.116821;-138.618271;1733.201416;1.203227;0.000000;0.000000;0.000000;0.000000;2.000000;-173.980225;-103.563492;1760.494141;1.305278;0.000000;0.000000;0.000000;0.000000;0.000000;-248.019043;-58.512154;1820.661499;1.239074;0.000000;0.000000;0.000000;0.000000;0.000000;-197.018188;-78.618225;1753.866089;1.327289;0.000000;0.000000;0.000000;0.000000;0.000000;51.339111;-637.992615;2003.991089;0.323244;0.000000;0.000000;0.000000;0.000000;1.000000;-27.288574;-609.005188;2101.285645;0.508537;0.000000;0.000000;0.000000;0.000000;1.000000;-127.364014;-381.091431;2218.017090;0.626413;0.000000;0.000000;0.000000;0.000000;1.000000;-280.558105;-216.678513;2172.262207;0.832153;0.000000;0.000000;0.000000;0.000000;1.000000;-264.409668;-128.358276;2219.031006;0.486250;0.000000;0.000000;0.000000;0.000000;0.000000;-241.357422;-78.338776;2306.902588;0.683772;0.000000;0.000000;0.000000;0.000000;0.000000;-172.811401;-163.473785;2253.021484;0.539124;0.000000;0.000000;0.000000;0.000000;0.000000;67.732788;-137.840851;1943.511108;0.332088;0.000000;0.000000;0.000000;0.000000;2.000000;55.589172;242.411835;2033.275024;0.500898;0.000000;0.000000;0.000000;0.000000;2.000000;57.504089;599.113708;2144.256104;0.634238;0.000000;0.000000;0.000000;0.000000;2.000000;-16.214844;746.562561;2064.982422;0.672873;0.000000;0.000000;0.000000;0.000000;2.000000;-61.077637;-160.964462;2050.938477;0.299464;0.000000;0.000000;0.000000;0.000000;2.000000;-183.881714;208.266052;2018.436157;0.386146;0.000000;0.000000;0.000000;0.000000;2.000000;-239.718384;580.889282;2041.726196;0.774637;0.000000;0.000000;0.000000;0.000000;2.000000;-332.697754;688.134583;1951.299561;1.206892;0.000000;0.000000;0.000000;0.000000;2.000000;62.737000;-745.277588;1952.704468;0.442662;0.000000;0.000000;0.000000;0.000000;2.000000;-3.776001;-792.047913;1818.518677;0.763722;0.000000;0.000000;0.000000;0.000000;2.000000;17.623291;-830.811462;1850.554565;0.495888;0.000000;0.000000;0.000000;0.000000;2.000000;108.228882;-835.151672;1934.778931;1.168217;0.000000;0.000000;0.000000;0.000000;2.000000;-26.661987;-807.571350;1860.794556;0.485441;0.000000;0.000000;0.000000;0.000000;2.000000;-32.374756;-770.894958;1983.221924;0.844364;0.000000;0.000000;0.000000;0.000000;1.000000;5662900224.000000
0.000000;-150.000000;2000.000000;0.000000;0.000000;0.000000;0.000000;0.000000;2.000000;28.529053;-321.395081;1999.093384;0.041588;0.000000;0.000000;0.000000;0.000000;2.000000;55.194641;-457.620605;2004.318604;0.112286;0.000000;0.000000;0.000000;0.000000;2.000000;59.753235;-666.723022;1973.253906;0.295401;0.000000;0.000000;0.000000;0.000000;2.000000;79.090698;-628.214233;1952.711548;0.213290;0.000000;0.000000;0.000000;0.000000;2.000000;124.733093;-549.755859;1847.141479;0.319662;0.000000;0.000000;0.000000;0.000000;2.000000;82.589417;-291.733276;1783.232910;0.590932;0.000000;0.000000;0.000000;0.000000;2.000000;-95.451172;-153.898605;1765.068237;1.069884;0.000000;0.000000;0.000000;0.000000;2.000000;-181.413818;-135.955627;1797.988525;1.505507;0.000000;0.000000;0.000000;0.000000;0.000000;-263.526855;-100.948807;1853.729004;1.682376;0.000000;0.000000;0.000000;0.000000;0.000000;-208.028564;-111.686981;1799.679077;1.729684;0.000000;0.000000;0.000000;0.000000;0.000000;40.627563;-636.257996;2005.168335;0.327968;0.000000;0.000000;0.000000;0.000000;1.000000;-47.742554;-602.882446;2091.666504;0.703652;0.000000;0.000000;0.000000;0.000000;1.000000;-141.956055;-371.357666;2204.462402;0.666094;0.000000;0.000000;0.000000;0.000000;1.000000;-275.576050;-194.314697;2148.531250;0.991186;0.000000;0.000000;0.000000;0.000000;1.000000;-259.311768;-109.720459;2201.218018;0.789675;0.000000;0.000000;0.000000;0.000000;0.000000;-243.968018;-82.446793;2299.812988;0.258402;0.000000;0.000000;0.000000;0.000000;0.000000;-177.552368;-166.597778;2252.144531;0.172627;0.000000;0.000000;0.000000;0.000000;0.000000;73.012573;-137.587692;1950.995239;0.275317;0.000000;0.000000;0.000000;0.000000;2.000000;62.760498;241.540146;2041.435059;0.327474;0.000000;0.000000;0.000000;0.000000;2.000000;63.996399;597.018799;2153.159668;0.337037;0.000000;0.000000;0.000000;0.000000;2.000000;-5.295410;748.361816;2078.432129;0.523360;0.000000;0.000000;0.000000;0.000000;2.000000;-65.838745;-161.192719;2044.189697;0.248267;0.000000;0.000000;0.000000;0.000000;2.000000;-175.738281;210.678482;2007.731689;0.410595;0.000000;0.000000;0.000000;0.000000;2.000000;-242.746216;581.195374;2011.307251;0.918594;0.000000;0.000000;0.000000;0.000000;2.000000;-327.384033;685.314575;1910.432617;1.241206;0.000000;0.000000;0.000000;0.000000;2.000000;50.873474;-743.431030;1954.110474;0.363234;0.000000;0.000000;0.000000;0.000000;2.000000;-16.210571;-787.462463;1819.747437;0.399938;0.000000;0.000000;0.000000;0.000000;2.000000;17.920105;-822.875061;1843.257935;0.324067;0.000000;0.000000;0.000000;0.000000;2.000000;115.437378;-813.969055;1918.459595;0.832167;0.000000;0.000000;0.000000;0.000000;2.000000;-29.248535;-814.242371;1860.390991;0.215333;0.000000;0.000000;0.000000;0.000000;2.000000;-30.035278;-797.804199;1986.931396;0.819239;0.000000;0.000000;0.000000;0.000000;1.000000;5662933504.000000
0.000000;-150.000000;2000.000000;0.000000;0.000000;0.000000;0.000000;0.000000;2.000000;26.346252;-321.677063;1999.540527;0.067485;0.000000;0.000000;0.000000;0.000000;2.000000;51.793457;-457.957825;2007.327393;0.136825;0.000000;0.000000;0.000000;0.000000;2.000000;60.543701;-667.975403;1985.177490;0.361034;0.000000;0.000000;0.000000;0.000000;2.000000;80.917908;-630.092102;1964.517700;0.363383;0.000000;0.000000;0.000000;0.000000;2.000000;139.773376;-556.453430;1862.135254;0.669122;0.000000;0.000000;0.000000;0.000000;2.000000;115.358154;-294.121887;1807.679810;1.230558;0.000000;0.000000;0.000000;0.000000;2.000000;-73.299561;-170.712250;1794.828979;1.223918;0.000000;0.000000;0.000000;0.000000;2.000000;-154.902466;-148.372757;1835.205933;1.422824;0.000000;0.000000;0.000000;0.000000;0.000000;-221.388672;-100.463715;1901.165527;1.906594;0.000000;0.000000;0.000000;0.000000;0.000000;-160.781006;-97.483170;1816.609497;1.567323;0.000000;0.000000;0.000000;0.000000;0.000000;38.913513;-636.516907;2014.385498;0.281814;0.000000;0.000000;0.000000;0.000000;2.000000;-55.242798;-607.184265;2096.034180;0.291073;0.000000;0.000000;0.000000;0.000000;2.000000;-152.429565;-375.383911;2205.428955;0.338410;0.000000;0.000000;0.000000;0.000000;2.000000;-277.795410;-216.755295;2098.628906;1.645458;0.000000;0.000000;0.000000;0.000000;2.000000;-334.609741;-157.786133;2157.649170;2.986473;0.000000;0.000000;0.000000;0.000000;0.000000;-372.364502;-99.368904;2234.159668;4.362911;0.000000;0.000000;0.000000;0.000000;0.000000;-323.249634;-159.830917;2187.495361;4.793869;0.000000;0.000000;0.000000;0.000000;0.000000;76.879761;-138.087326;1957.247437;0.221409;0.000000;0.000000;0.000000;0.000000;2.000000;68.878357;240.946564;2047.649414;0.262639;0.000000;0.000000;0.000000;0.000000;2.000000;68.946106;595.742615;2161.051270;0.282525;0.000000;0.000000;0.000000;0.000000;2.000000;6.593628;754.285461;2095.932129;0.660162;0.000000;0.000000;0.000000;0.000000;2.000000;-69.325928;-160.742188;2038.552002;0.199649;0.000000;0.000000;0.000000;0.000000;2.000000;-164.115967;215.144363;2002.488403;0.405943;0.000000;0.000000;0.000000;0.000000;2.000000;-237.504639;584.050171;1988.445313;0.709982;0.000000;0.000000;0.000000;0.000000;2.000000;-327.378174;677.187561;1881.645630;0.898804;0.000000;0.000000;0.000000;0.000000;2.000000;53.784302;-745.458008;1968.586914;0.447856;0.000000;0.000000;0.000000;0.000000;2.000000;0.903320;-777.328979;1824.847168;0.616960;0.000000;0.000000;0.000000;0.000000;2.000000;29.866150;-816.138672;1849.833618;0.457014;0.000000;0.000000;0.000000;0.000000;2.000000;117.974792;-817.847595;1936.241089;0.552152;0.000000;0.000000;0.000000;0.000000;2.000000;-18.423706;-805.469971;1861.882446;0.421055;0.000000;0.000000;0.000000;0.000000;2.000000;-33.430664;-796.250183;1988.216675;0.118663;0.000000;0.000000;0.000000;0.000000;1.000000;5662966784.000000
0.000000;-150.000000;2000.000000;0.000000;0.000000;0.000000;0.000000;0.000000;2.000000;23.953491;-322.904785;1998.120483;0.091383;0.000000;0.000000;0.000000;0.000000;2.000000;46.620300;-460.465546;2004.403198;0.193807;0.000000;0.000000;0.000000;0.000000;2.000000;57.173218;-671.644287;1983.911011;0.154462;0.000000;0.000000;0.000000;0.000000;2.000000;78.814575;-633.637695;1964.230469;0.124174;0.000000;0.000000;0.000000;0.000000;2.000000;149.429016;-559.851074;1868.656494;0.364688;0.000000;0.000000;0.000000;0.000000;2.000000;138.114258;-292.838440;1827.549805;0.908578;0.000000;0.000000;0.000000;0.000000;2.000000;-57.784302;-179.076843;1813.907959;0.780497;0.000000;0.000000;0.000000;0.000000;2.000000;-142.277222;-173.549911;1855.234985;1.038486;0.000000;0.000000;0.000000;0.000000;0.000000;-166.352173;-73.499329;1879.501953;1.953219;0.000000;0.000000;0.000000;0.000000;0.000000;-159.223267;-104.774567;1868.641357;1.579427;0.000000;0.000000;0.000000;0.000000;0.000000;33.609436;-639.915283;2011.697388;0.205798;0.000000;0.000000;0.000000;0.000000;2.000000;-65.768799;-613.231323;2088.966797;0.422078;0.000000;0.000000;0.000000;0.000000;2.000000;-159.341431;-385.726471;2213.030762;0.438053;0.000000;0.000000;0.000000;0.000000;2.000000;-276.505249;-212.396133;2117.922852;0.595622;0.000000;0.000000;0.000000;0.000000;2.000000;-333.036499;-157.665375;2181.959961;0.732029;0.000000;0.000000;0.000000;0.000000;0.000000;-398.776611;-107.067688;2244.557129;0.883729;0.000000;0.000000;0.000000;0.000000;0.000000;-340.158325;-161.563019;2191.607422;0.525466;0.000000;0.000000;0.000000;0.000000;0.000000;80.251282;-138.477432;1962.756348;0.194426;0.000000;0.000000;0.000000;0.000000;2.000000;75.168457;241.887283;2056.249756;0.321411;0.000000;0.000000;0.000000;0.000000;2.000000;78.347107;597.175171;2174.181885;0.487153;0.000000;0.000000;0.000000;0.000000;2.000000;15.681274;757.131958;2110.240723;0.516463;0.000000;0.000000;0.000000;0.000000;2.000000;-72.366211;-160.390396;2033.584229;0.175327;0.000000;0.000000;0.000000;0.000000;2.000000;-161.506226;217.395355;1984.126587;0.561372;0.000000;0.000000;0.000000;0.000000;2.000000;-230.116821;588.617432;1959.662720;0.903382;0.000000;0.000000;0.000000;0.000000;2.000000;-317.517700;677.443481;1846.020142;1.110751;0.000000;0.000000;0.000000;0.000000;2.000000;51.567322;-749.624512;1967.288818;0.147082;0.000000;0.000000;0.000000;0.000000;2.000000;-1.040161;-790.871582;1824.976929;0.411117;0.000000;0.000000;0.000000;0.000000;2.000000;31.433899;-826.550781;1850.898315;0.318004;0.000000;0.000000;0.000000;0.000000;2.000000;121.137268;-818.209473;1936.165771;0.095673;0.000000;0.000000;0.000000;0.000000;2.000000;-17.609131;-819.243286;1863.490723;0.417392;0.000000;0.000000;0.000000;0.000000;2.000000;-31.474487;-806.656250;1990.317017;0.324358;0.000000;0.000000;0.000000;0.000000;2.000000;5663000064.000000
0.000000;-150.000000;2000.000000;0.000000;0.000000;0.000000;0.000000;0.000000;2.000000;23.912354;-323.624329;1995.278687;0.088094;0.000000;0.000000;0.000000;0.000000;2.000000;48.079102;-461.522339;2002.092651;0.088034;0.000000;0.000000;0.000000;0.000000;2.000000;59.605896;-673.956055;1985.939575;0.117830;0.000000;0.000000;0.000000;0.000000;2.000000;81.451111;-636.116272;1965.661377;0.116926;0.000000;0.000000;0.000000;0.000000;2.000000;162.028564;-566.686096;1873.885254;0.458473;0.000000;0.000000;0.000000;0.000000;2.000000;141.530396;-298.746582;1834.639282;0.295690;0.000000;0.000000;0.000000;0.000000;2.000000;-53.450806;-180.718994;1832.262695;0.568832;0.000000;0.000000;0.000000;0.000000;2.000000;-138.790039;-191.040070;1871.832397;0.732052;0.000000;0.000000;0.000000;0.000000;0.000000;-166.456665;-92.360641;1899.638184;0.829037;0.000000;0.000000;0.000000;0.000000;0.000000;-154.958740;-104.607986;1879.026611;0.337379;0.000000;0.000000;0.000000;0.000000;0.000000;35.507507;-641.613159;2012.914551;0.084813;0.000000;0.000000;0.000000;0.000000;2.000000;-63.630127;-617.027893;2092.101074;0.161287;0.000000;0.000000;0.000000;0.000000;2.000000;-160.329834;-390.711487;2218.588379;0.226289;0.000000;0.000000;0.000000;0.000000;2.000000;-278.725342;-211.779236;2133.481445;0.472605;0.000000;0.000000;0.000000;0.000000;2.000000;-334.625488;-160.054199;2201.167969;0.583567;0.000000;0.000000;0.000000;0.000000;0.000000;-411.332642;-114.564133;2255.401855;0.547055;0.000000;0.000000;0.000000;0.000000;0.000000;-342.309570;-162.526993;2209.593750;0.545077;0.000000;0.000000;0.000000;0.000000;0.000000;79.742065;-137.955322;1960.938721;0.058849;0.000000;0.000000;0.000000;0.000000;2.000000;74.749939;243.404587;2057.499512;0.060390;0.000000;0.000000;0.000000;0.000000;2.000000;81.379822;598.033630;2182.262939;0.260636;0.000000;0.000000;0.000000;0.000000;2.000000;19.856689;758.008301;2115.045898;0.193085;0.000000;0.000000;0.000000;0.000000;2.000000;-71.906982;-160.861221;2035.223267;0.053067;0.000000;0.000000;0.000000;0.000000;2.000000;-154.961670;217.964142;1971.626709;0.424308;0.000000;0.000000;0.000000;0.000000;2.000000;-220.414307;590.156921;1932.257446;0.874785;0.000000;0.000000;0.000000;0.000000;2.000000;-303.049561;679.892334;1814.737183;1.038268;0.000000;0.000000;0.000000;0.000000;2.000000;54.426758;-752.616699;1970.770142;0.162508;0.000000;0.000000;0.000000;0.000000;2.000000;9.807495;-784.190857;1822.615967;0.389326;0.000000;0.000000;0.000000;0.000000;2.000000;28.735718;-826.239136;1852.605225;0.096392;0.000000;0.000000;0.000000;0.000000;2.000000;107.231506;-838.201782;1948.607788;0.821729;0.000000;0.000000;0.000000;0.000000;2.000000;-18.068481;-806.054504;1859.086426;0.418039;0.000000;0.000000;0.000000;0.000000;2.000000;-43.087769;-785.703552;1983.741943;0.746449;0.000000;0.000000;0.000000;0.000000;2.000000;5663033344.000000
0.000000;-150.000000;2000.000000;0.000000;0.000000;0.000000;0.000000;0.000000;2.000000;22.868286;-321.592377;1989.897827;0.175653;0.000000;0.000000;0.000000;0.000000;2.000000;45.920471;-458.119415;1996.732178;0.201511;0.000000;0.000000;0.000000;0.000000;2.000000;53.038574;-668.294922;1979.283813;0.328443;0.000000;0.000000;0.000000;0.000000;2.000000;77.052856;-631.275146;1961.325562;0.235797;0.000000;0.000000;0.000000;0.000000;2.000000;169.107605;-568.491333;1878.321289;0.256819;0.000000;0.000000;0.000000;0.000000;2.000000;156.555237;-302.255249;1845.094238;0.560026;0.000000;0.000000;0.000000;0.000000;2.000000;-38.989136;-191.168854;1829.515503;0.542438;0.000000;0.000000;0.000000;0.000000;2.000000;-125.000732;-184.972961;1865.893311;0.486582;0.000000;0.000000;0.000000;0.000000;0.000000;-167.852539;-105.528717;1919.583130;0.719366;0.000000;0.000000;0.000000;0.000000;0.000000;-150.452393;-139.828659;1858.727417;1.228985;0.000000;0.000000;0.000000;0.000000;0.000000;28.104614;-635.931641;2004.463257;0.378304;0.000000;0.000000;0.000000;0.000000;2.000000;-73.722412;-612.363831;2078.047852;0.538440;0.000000;0.000000;0.000000;0.000000;2.000000;-168.048950;-401.114044;2224.249023;0.424775;0.000000;0.000000;0.000000;0.000000;2.000000;-281.654297;-216.952835;2151.490723;0.569868;0.000000;0.000000;0.000000;0.000000;2.000000;-338.131470;-170.675858;2220.946777;0.682768;0.000000;0.000000;0.000000;0.000000;0.000000;-410.635620;-128.722321;2281.279785;0.886600;0.000000;0.000000;0.000000;0.000000;0.000000;-342.082397;-184.828629;2234.007813;0.993615;0.000000;0.000000;0.000000;0.000000;0.000000;83.375061;-137.285431;1972.770752;0.372456;0.000000;0.000000;0.000000;0.000000;2.000000;78.219727;239.339188;2070.418945;0.420113;0.000000;0.000000;0.000000;0.000000;2.000000;81.436707;590.828064;2191.798340;0.359131;0.000000;0.000000;0.000000;0.000000;2.000000;25.220703;753.133484;2131.362793;0.536489;0.000000;0.000000;0.000000;0.000000;2.000000;-75.182861;-161.465286;2024.553711;0.335861;0.000000;0.000000;0.000000;0.000000;2.000000;-152.991089;213.453156;1957.739380;0.442728;0.000000;0.000000;0.000000;0.000000;2.000000;-215.305664;581.764465;1916.798828;0.550381;0.000000;0.000000;0.000000;0.000000;2.000000;-288.981079;666.686890;1792.596313;0.882475;0.000000;0.000000;0.000000;0.000000;2.000000;47.042969;-745.785400;1963.062134;0.380794;0.000000;0.000000;0.000000;0.000000;2.000000;-9.612305;-794.146729;1825.785645;0.662623;0.000000;0.000000;0.000000;0.000000;2.000000;12.926758;-831.783142;1857.959717;0.528479;0.000000;0.000000;0.000000;0.000000;2.000000;99.337158;-831.461060;1945.799194;0.323134;0.000000;0.000000;0.000000;0.000000;2.000000;-33.105225;-812.019043;1866.497314;0.534654;0.000000;0.000000;0.000000;0.000000;2.000000;-46.849976;-778.495422;1988.582275;0.284332;0.000000;0.000000;0.000000;0.000000;2.000000;5663066624.000000
0.000000;-150.000000;2000.000000;0.000000;0.000000;0.000000;0.000000;0.000000;2.000000;21.263306;-321.345520;1989.931396;0.048804;0.000000;0.000000;0.000000;0.000000;2.000000;43.048828;-457.686462;1997.312378;0.088987;0.000000;0.000000;0.000000;0.000000;2.000000;48.118286;-667.477966;1981.205444;0.160608;0.000000;0.000000;0.000000;0.000000;2.000000;73.016296;-630.941284;1963.797974;0.142588;0.000000;0.000000;0.000000;0.000000;2.000000;170.793457;-571.487305;1885.630127;0.242697;0.000000;0.000000;0.000000;0.000000;2.000000;162.878235;-306.765869;1845.275024;0.233446;0.000000;0.000000;0.000000;0.000000;2.000000;-35.693115;-205.076355;1817.252197;0.565887;0.000000;0.000000;0.000000;0.000000;2.000000;-117.350220;-183.164795;1856.827515;0.360562;0.000000;0.000000;0.000000;0.000000;0.000000;-157.027710;-118.553268;1929.104980;0.583801;0.000000;0.000000;0.000000;0.000000;0.000000;-140.106812;-150.897003;1846.299805;0.588808;0.000000;0.000000;0.000000;0.000000;0.000000;22.930786;-634.767273;2005.427856;0.161966;0.000000;0.000000;0.000000;0.000000;2.000000;-79.950195;-609.369873;2076.311523;0.214089;0.000000;0.000000;0.000000;0.000000;2.000000;-178.646606;-396.666626;2216.047363;0.424260;0.000000;0.000000;0.000000;0.000000;2.000000;-289.809082;-206.080170;2159.794434;0.478574;0.000000;0.000000;0.000000;0.000000;2.000000;-344.459473;-164.672363;2233.288330;0.454113;0.000000;0.000000;0.000000;0.000000;0.000000;-419.294189;-126.682571;2292.938721;0.440655;0.000000;0.000000;0.000000;0.000000;0.000000;-336.928467;-202.203232;2250.433105;0.734938;0.000000;0.000000;0.000000;0.000000;0.000000;83.514648;-138.084732;1973.598877;0.034837;0.000000;0.000000;0.000000;0.000000;2.000000;78.162842;237.320251;2071.904053;0.075330;0.000000;0.000000;0.000000;0.000000;2.000000;83.628723;585.886108;2198.559082;0.260112;0.000000;0.000000;0.000000;0.000000;2.000000;26.571045;749.779175;2145.014648;0.424357;0.000000;0.000000;0.000000;0.000000;2.000000;-75.308960;-160.744537;2023.807007;0.031413;0.000000;0.000000;0.000000;0.000000;2.000000;-148.060425;212.128387;1946.538330;0.369884;0.000000;0.000000;0.000000;0.000000;2.000000;-207.005127;578.571777;1894.347778;0.725611;0.000000;0.000000;0.000000;0.000000;2.000000;-275.529053;657.820496;1764.176880;0.981627;0.000000;0.000000;0.000000;0.000000;2.000000;41.673584;-744.778442;1965.261230;0.176953;0.000000;0.000000;0.000000;0.000000;2.000000;-12.292603;-792.242310;1827.052612;0.105879;0.000000;0.000000;0.000000;0.000000;2.000000;1.275635;-830.702515;1862.844238;0.381001;0.000000;0.000000;0.000000;0.000000;2.000000;79.899780;-838.529358;1956.975708;0.706409;0.000000;0.000000;0.000000;0.000000;2.000000;-41.181396;-803.265869;1866.543945;0.357868;0.000000;0.000000;0.000000;0.000000;2.000000;-57.670654;-759.974243;1984.811401;0.654428;0.000000;0.000000;0.000000;0.000000;2.000000;5663099904.000000
0.000000;-150.000000;2000.000000;0.000000;0.000000;0.000000;0.000000;0.000000;2.000000;24.237427;-321.017090;1991.142090;0.096991;0.000000;0.000000;0.000000;0.000000;2.000000;48.097900;-457.104553;1996.508179;0.154619;0.000000;0.000000;0.000000;0.000000;2.000000;54.384155;-666.833069;1980.015381;0.192620;0.000000;0.000000;0.000000;0.000000;2.000000;79.132996;-630.125061;1962.756104;0.188048;0.000000;0.000000;0.000000;0.000000;2.000000;175.340454;-569.488098;1883.556274;0.161738;0.000000;0.000000;0.000000;0.000000;2.000000;161.446411;-305.671875;1839.098877;0.193319;0.000000;0.000000;0.000000;0.000000;2.000000;-32.572021;-196.990005;1805.907593;0.428994;0.000000;0.000000;0.000000;0.000000;2.000000;-114.947754;-173.988403;1843.315674;0.496064;0.000000;0.000000;0.000000;0.000000;0.000000;-137.409668;-107.500038;1921.082886;0.718266;0.000000;0.000000;0.000000;0.000000;0.000000;-133.817383;-138.520142;1827.128418;0.711249;0.000000;0.000000;0.000000;0.000000;0.000000;28.939697;-634.309692;2004.221191;0.184673;0.000000;0.000000;0.000000;0.000000;2.000000;-74.708130;-607.678772;2073.517090;0.185589;0.000000;0.000000;0.000000;0.000000;2.000000;-182.263916;-383.699097;2186.541504;0.974521;0.000000;0.000000;0.000000;0.000000;1.000000;-297.811279;-196.605606;2127.470215;1.040313;0.000000;0.000000;0.000000;0.000000;1.000000;-351.354614;-153.847198;2201.005371;1.043891;0.000000;0.000000;0.000000;0.000000;0.000000;-398.412842;-115.456055;2284.151367;0.759737;0.000000;0.000000;0.000000;0.000000;0.000000;-317.152954;-192.754211;2235.353760;0.799381;0.000000;0.000000;0.000000;0.000000;0.000000;82.017456;-136.811096;1969.786377;0.128888;0.000000;0.000000;0.000000;0.000000;2.000000;78.826721;239.967514;2062.786621;0.285972;0.000000;0.000000;0.000000;0.000000;2.000000;89.295898;583.765808;2201.575684;0.203158;0.000000;0.000000;0.000000;0.000000;2.000000;34.229736;747.577026;2145.745117;0.240457;0.000000;0.000000;0.000000;0.000000;2.000000;-73.958984;-161.893021;2027.244873;0.116222;0.000000;0.000000;0.000000;0.000000;2.000000;-138.788208;209.454102;1936.714478;0.413785;0.000000;0.000000;0.000000;0.000000;2.000000;-190.262573;575.251770;1873.300049;0.814265;0.000000;0.000000;0.000000;0.000000;2.000000;-247.305664;663.479797;1743.368286;1.067272;0.000000;0.000000;0.000000;0.000000;2.000000;48.419312;-744.137146;1963.902954;0.207660;0.000000;0.000000;0.000000;0.000000;2.000000;-21.234619;-787.977661;1831.641602;0.328069;0.000000;0.000000;0.000000;0.000000;2.000000;-5.414551;-827.327637;1865.488525;0.238765;0.000000;0.000000;0.000000;0.000000;2.000000;82.207581;-839.044678;1950.863159;0.196935;0.000000;0.000000;0.000000;0.000000;2.000000;-46.252319;-798.485840;1873.823730;0.302813;0.000000;0.000000;0.000000;0.000000;2.000000;-48.844116;-756.126831;1993.540894;0.390526;0.000000;0.000000;0.000000;0.000000;2.000000;5663133184.000000
0.000000;-150.000000;2000.000000;0.000000;0.000000;0.000000;0.000000;0.000000;2.000000;23.092651;-320.171753;1996.784424;0.174850;0.000000;0.000000;0.000000;0.000000;2.000000;44.442505;-455.474854;2006.410034;0.320917;0.000000;0.000000;0.000000;0.000000;2.000000;52.973572;-664.010010;1995.024414;0.460854;0.000000;0.000000;0.000000;0.000000;2.000000;78.082397;-627.738892;1978.267212;0.472617;0.000000;0.000000;0.000000;0.000000;2.000000;175.299927;-570.833679;1899.196411;0.471694;0.000000;0.000000;0.000000;0.000000;2.000000;156.385925;-311.717407;1841.889893;0.251305;0.000000;0.000000;0.000000;0.000000;2.000000;-35.742798;-201.892166;1812.102051;0.255773;0.000000;0.000000;0.000000;0.000000;2.000000;-120.395020;-176.480789;1840.081055;0.204564;0.000000;0.000000;0.000000;0.000000;0.000000;-149.677856;-122.365891;1923.964233;0.585594;0.000000;0.000000;0.000000;0.000000;0.000000;-126.083740;-130.117859;1827.568848;0.343393;0.000000;0.000000;0.000000;0.000000;0.000000;26.345093;-631.399414;2017.095459;0.404198;0.000000;0.000000;0.000000;0.000000;2.000000;-80.472656;-608.461792;2081.084961;0.286822;0.000000;0.000000;0.000000;0.000000;2.000000;-188.511841;-389.847778;2199.500000;0.470102;0.000000;0.000000;0.000000;0.000000;2.000000;-298.787598;-206.094727;2127.341797;0.286661;0.000000;0.000000;0.000000;0.000000;2.000000;-356.891602;-161.534103;2195.181152;0.334153;0.000000;0.000000;0.000000;0.000000;0.000000;-416.186768;-120.679169;2267.782959;0.742813;0.000000;0.000000;0.000000;0.000000;0.000000;-346.772827;-192.364777;2219.937012;1.003428;0.000000;0.000000;0.000000;0.000000;0.000000;84.476563;-138.144684;1979.274170;0.297224;0.000000;0.000000;0.000000;0.000000;2.000000;82.410217;233.638138;2080.893066;0.586319;0.000000;0.000000;0.000000;0.000000;2.000000;87.369446;576.275085;2216.006836;0.491982;0.000000;0.000000;0.000000;0.000000;2.000000;39.458862;744.584290;2172.335693;0.819249;0.000000;0.000000;0.000000;0.000000;2.000000;-76.176392;-160.690460;2018.689453;0.268015;0.000000;0.000000;0.000000;0.000000;2.000000;-137.794556;209.151260;1931.203125;0.168521;0.000000;0.000000;0.000000;0.000000;2.000000;-189.323853;572.749268;1870.447754;0.117454;0.000000;0.000000;0.000000;0.000000;2.000000;-220.903931;667.142883;1737.671509;0.819009;0.000000;0.000000;0.000000;0.000000;2.000000;48.381592;-741.162292;1980.483643;0.506174;0.000000;0.000000;0.000000;0.000000;2.000000;-24.642944;-788.951782;1852.745117;0.643004;0.000000;0.000000;0.000000;0.000000;2.000000;-14.944092;-825.883362;1890.769775;0.812988;0.000000;0.000000;0.000000;0.000000;2.000000;68.588562;-839.983826;1978.632324;0.929786;0.000000;0.000000;0.000000;0.000000;2.000000;-51.195313;-791.196899;1894.828857;0.684395;0.000000;0.000000;0.000000;0.000000;2.000000;-49.268555;-736.353699;2008.407837;0.743459;0.000000;0.000000;0.000000;0.000000;1.000000;5663166464.000000
0.000000;-150.000000;2000.000000;0.000000;0.000000;0.000000;0.000000;0.000000;2.000000;19.713745;-320.153900;1991.815796;0.177815;0.000000;0.000000;0.000000;0.000000;2.000000;38.702637;-455.716888;1999.391235;0.268412;0.000000;0.000000;0.000000;0.000000;2.000000;47.592896;-663.804932;1986.340210;0.302382;0.000000;0.000000;0.000000;0.000000;2.000000;73.434509;-627.455200;1971.152588;0.251628;0.000000;0.000000;0.000000;0.000000;2.000000;176.866516;-572.130127;1899.583008;0.061254;0.000000;0.000000;0.000000;0.000000;2.000000;159.574768;-314.407410;1837.636841;0.176303;0.000000;0.000000;0.000000;0.000000;2.000000;-23.082642;-199.882385;1780.859619;0.999347;0.000000;0.000000;0.000000;0.000000;2.000000;-103.211182;-179.948730;1822.683350;0.730883;0.000000;0.000000;0.000000;0.000000;0.000000;-131.768555;-125.464844;1906.371948;0.748549;0.000000;0.000000;0.000000;0.000000;0.000000;-127.715576;-152.640518;1814.387329;0.773774;0.000000;0.000000;0.000000;0.000000;0.000000;20.037598;-631.437622;2007.447510;0.341113;0.000000;0.000000;0.000000;0.000000;2.000000;-91.114258;-614.775879;2065.303711;0.593451;0.000000;0.000000;0.000000;0.000000;2.000000;-203.453735;-407.577057;2198.348389;0.686983;0.000000;0.000000;0.000000;0.000000;2.000000;-310.547607;-220.579666;2131.023926;0.562784;0.000000;0.000000;0.000000;0.000000;2.000000;-372.197144;-180.075119;2198.038086;0.716483;0.000000;0.000000;0.000000;0.000000;0.000000;-444.021118;-143.127411;2260.479004;1.080045;0.000000;0.000000;0.000000;0.000000;0.000000;-375.376953;-199.967239;2210.798584;0.916663;0.000000;0.000000;0.000000;0.000000;0.000000;84.715454;-139.236069;1980.270142;0.044292;0.000000;0.000000;0.000000;0.000000;2.000000;85.713562;231.347794;2083.933594;0.149151;0.000000;0.000000;0.000000;0.000000;2.000000;91.055420;572.834961;2220.336426;0.196667;0.000000;0.000000;0.000000;0.000000;2.000000;44.773071;740.997681;2175.546875;0.212196;0.000000;0.000000;0.000000;0.000000;2.000000;-76.391479;-159.706314;2017.791260;0.039940;0.000000;0.000000;0.000000;0.000000;2.000000;-130.145874;208.539139;1921.527710;0.365433;0.000000;0.000000;0.000000;0.000000;2.000000;-174.400024;570.915527;1852.006714;0.704132;0.000000;0.000000;0.000000;0.000000;2.000000;-211.200073;662.995483;1719.280518;0.627475;0.000000;0.000000;0.000000;0.000000;2.000000;43.631958;-740.679932;1970.853271;0.318086;0.000000;0.000000;0.000000;0.000000;2.000000;-10.372803;-797.139160;1837.612549;0.661493;0.000000;0.000000;0.000000;0.000000;2.000000;-5.230713;-831.635132;1878.578613;0.491683;0.000000;0.000000;0.000000;0.000000;2.000000;65.745544;-838.728027;1977.376099;0.099204;0.000000;0.000000;0.000000;0.000000;2.000000;-42.291870;-797.810181;1875.742920;0.653244;0.000000;0.000000;0.000000;0.000000;2.000000;-56.817383;-736.972656;1985.053223;0.726566;0.000000;0.000000;0.000000;0.000000;1.000000;5663200256.000000
0.000000;-150.000000;2000.000000;0.000000;0.000000;0.000000;0.000000;0.000000;2.000000;16.510132;-323.372253;1998.351563;0.239137;0.000000;0.000000;0.000000;0.000000;2.000000;31.396118;-461.466797;2008.096313;0.382715;0.000000;0.000000;0.000000;0.000000;2.000000;34.707397;-673.230164;2000.000854;0.631356;0.000000;0.000000;0.000000;0.000000;2.000000;63.091064;-637.479736;1985.652954;0.614142;0.000000;0.000000;0.000000;0.000000;2.000000;172.979797;-583.579529;1918.611694;0.677440;0.000000;0.000000;0.000000;0.000000;2.000000;175.509094;-321.682434;1853.952271;0.719287;0.000000;0.000000;0.000000;0.000000;2.000000;-12.584351;-212.976074;1790.148071;0.576371;0.000000;0.000000;0.000000;0.000000;2.000000;-98.761353;-189.098251;1819.131836;0.323806;0.000000;0.000000;0.000000;0.000000;2.000000;-114.624634;-137.188995;1909.580688;0.631486;0.000000;0.000000;0.000000;0.000000;0.000000;-97.379517;-135.264877;1807.640503;1.069859;0.000000;0.000000;0.000000;0.000000;2.000000;6.355713;-639.048584;2018.739014;0.580028;0.000000;0.000000;0.000000;0.000000;2.000000;-114.208740;-612.296387;2053.824219;0.778519;0.000000;0.000000;0.000000;0.000000;2.000000;-232.106689;-429.406738;2221.778564;1.291193;0.000000;0.000000;0.000000;0.000000;2.000000;-320.972656;-225.054916;2167.773438;1.155674;0.000000;0.000000;0.000000;0.000000;2.000000;-390.324463;-189.399612;2232.300049;1.197946;0.000000;0.000000;0.000000;0.000000;0.000000;-474.900513;-154.462723;2281.053711;1.165829;0.000000;0.000000;0.000000;0.000000;0.000000;-397.272705;-206.797546;2241.190430;1.144095;0.000000;0.000000;0.000000;0.000000;0.000000;87.539368;-141.533081;1986.262695;0.210683;0.000000;0.000000;0.000000;0.000000;2.000000;92.062561;235.345871;2089.608398;0.282672;0.000000;0.000000;0.000000;0.000000;2.000000;103.198425;570.718994;2253.632813;1.066846;0.000000;0.000000;0.000000;0.000000;2.000000;57.182129;737.526306;2194.430176;0.686922;0.000000;0.000000;0.000000;0.000000;2.000000;-78.937988;-157.635025;2012.387451;0.189984;0.000000;0.000000;0.000000;0.000000;2.000000;-122.850342;218.936340;1919.244019;0.387774;0.000000;0.000000;0.000000;0.000000;2.000000;-157.834717;588.192139;1849.387939;0.723497;0.000000;0.000000;0.000000;0.000000;2.000000;-192.272217;671.803650;1707.486572;0.720493;0.000000;0.000000;0.000000;0.000000;2.000000;29.337646;-751.497681;1985.696167;0.699328;0.000000;0.000000;0.000000;0.000000;2.000000;8.282349;-811.679504;1842.368896;0.724937;0.000000;0.000000;0.000000;0.000000;2.000000;15.972290;-847.008789;1883.337280;0.799844;0.000000;0.000000;0.000000;0.000000;2.000000;73.545166;-843.470337;1992.831177;0.539347;0.000000;0.000000;0.000000;0.000000;2.000000;-27.967407;-822.108765;1875.957520;0.847578;0.000000;0.000000;0.000000;0.000000;2.000000;-71.675781;-772.133606;1985.282959;1.147001;0.000000;0.000000;0.000000;0.000000;2.000000;5663233536.000000
0.000000;-150.000000;2000.000000;0.000000;0.000000;0.000000;0.000000;0.000000;2.000000;12.711548;-324.516296;1999.220825;0.122033;0.000000;0.000000;0.000000;0.000000;2.000000;24.358398;-463.332153;2011.996826;0.248189;0.000000;0.000000;0.000000;0.000000;2.000000;29.612305;-676.119019;2005.975098;0.251395;0.000000;0.000000;0.000000;0.000000;2.000000;58.335815;-640.104858;1992.226074;0.256220;0.000000;0.000000;0.000000;0.000000;2.000000;171.619202;-583.690552;1931.872803;0.400577;0.000000;0.000000;0.000000;0.000000;2.000000;180.532410;-322.648132;1859.497437;0.226689;0.000000;0.000000;0.000000;0.000000;2.000000;-1.627441;-210.037079;1782.782349;0.406422;0.000000;0.000000;0.000000;0.000000;2.000000;-91.006470;-189.070267;1804.952026;0.485633;0.000000;0.000000;0.000000;0.000000;2.000000;-128.237793;-145.725677;1894.208984;0.668178;0.000000;0.000000;0.000000;0.000000;0.000000;-109.781372;-155.840912;1795.516968;0.808600;0.000000;0.000000;0.000000;0.000000;2.000000;0.223633;-641.838257;2023.475952;0.247461;0.000000;0.000000;0.000000;0.000000;2.000000;-123.541504;-621.510498;2053.579834;0.394146;0.000000;0.000000;0.000000;0.000000;2.000000;-260.027466;-457.498718;2228.903809;1.209225;0.000000;0.000000;0.000000;0.000000;2.000000;-352.259399;-253.048279;2176.364502;1.287621;0.000000;0.000000;0.000000;0.000000;2.000000;-423.787354;-219.643646;2240.463867;1.377341;0.000000;0.000000;0.000000;0.000000;0.000000;-504.061401;-188.836975;2299.273926;1.460943;0.000000;0.000000;0.000000;0.000000;0.000000;-431.057617;-235.694504;2248.574463;1.354158;0.000000;0.000000;0.000000;0.000000;0.000000;88.614197;-143.500122;1989.841064;0.126877;0.000000;0.000000;0.000000;0.000000;2.000000;98.810181;232.322388;2103.095215;0.462161;0.000000;0.000000;0.000000;0.000000;2.000000;109.634399;568.051208;2270.374268;0.544870;0.000000;0.000000;0.000000;0.000000;2.000000;63.098755;735.642944;2211.140137;0.535645;0.000000;0.000000;0.000000;0.000000;2.000000;-79.907471;-155.861221;2009.160889;0.114408;0.000000;0.000000;0.000000;0.000000;2.000000;-121.261353;222.629227;1914.947144;0.176813;0.000000;0.000000;0.000000;0.000000;2.000000;-153.147827;593.858276;1844.493286;0.265428;0.000000;0.000000;0.000000;0.000000;2.000000;-196.432983;688.511414;1711.279541;0.529774;0.000000;0.000000;0.000000;0.000000;2.000000;25.330566;-754.921326;1992.160522;0.250620;0.000000;0.000000;0.000000;0.000000;2.000000;17.032349;-815.722656;1846.994019;0.321249;0.000000;0.000000;0.000000;0.000000;2.000000;25.469360;-850.798096;1888.373535;0.342491;0.000000;0.000000;0.000000;0.000000;2.000000;76.835754;-843.380371;2001.361938;0.274755;0.000000;0.000000;0.000000;0.000000;2.000000;-20.144653;-829.467163;1878.678955;0.332907;0.000000;0.000000;0.000000;0.000000;2.000000;-73.909180;-783.994141;1986.174316;0.363637;0.000000;0.000000;0.000000;0.000000;2.000000;5663266816.000000
0.000000;-150.000000;2000.000000;0.000000;0.000000;0.000000;0.000000;0.000000;2.000000;8.844727;-325.782318;1997.534790;0.132341;0.000000;0.000000;0.000000;0.000000;2.000000;17.293213;-465.841827;2008.228760;0.252142;0.000000;0.000000;0.000000;0.000000;2.000000;21.342651;-679.980835;2011.641357;0.322800;0.000000;0.000000;0.000000;0.000000;2.000000;51.024170;-644.536011;1997.451172;0.301077;0.000000;0.000000;0.000000;0.000000;2.000000;167.430786;-589.005737;1940.364624;0.326274;0.000000;0.000000;0.000000;0.000000;2.000000;183.039917;-328.520325;1861.359985;0.199858;0.000000;0.000000;0.000000;0.000000;2.000000;12.123535;-209.222977;1766.901978;0.631681;0.000000;0.000000;0.000000;0.000000;2.000000;-78.151611;-187.704742;1787.238525;0.658924;0.000000;0.000000;0.000000;0.000000;2.000000;-123.924683;-152.473694;1876.845703;0.574557;0.000000;0.000000;0.000000;0.000000;0.000000;-98.243530;-156.435745;1779.823730;0.585555;0.000000;0.000000;0.000000;0.000000;2.000000;-8.672852;-644.612671;2026.517944;0.294561;0.000000;0.000000;0.000000;0.000000;2.000000;-133.488770;-624.373413;2055.625977;0.317048;0.000000;0.000000;0.000000;0.000000;2.000000;-269.660767;-447.683289;2221.201416;0.473646;0.000000;0.000000;0.000000;0.000000;2.000000;-373.018066;-245.560135;2174.679443;0.665030;0.000000;0.000000;0.000000;0.000000;2.000000;-446.383423;-217.614243;2240.260498;0.681729;0.000000;0.000000;0.000000;0.000000;0.000000;-523.843628;-193.914246;2306.739258;0.653396;0.000000;0.000000;0.000000;0.000000;0.000000;-445.623169;-251.482056;2251.072754;0.649792;0.000000;0.000000;0.000000;0.000000;0.000000;89.298889;-145.368164;1990.115112;0.060347;0.000000;0.000000;0.000000;0.000000;2.000000;104.125793;232.365067;2104.621582;0.166183;0.000000;0.000000;0.000000;0.000000;2.000000;114.543884;567.357056;2278.306885;0.281092;0.000000;0.000000;0.000000;0.000000;2.000000;65.710205;737.164063;2224.036621;0.398013;0.000000;0.000000;0.000000;0.000000;2.000000;-80.524658;-154.176727;2008.913574;0.054416;0.000000;0.000000;0.000000;0.000000;2.000000;-117.831055;226.455505;1911.930298;0.179054;0.000000;0.000000;0.000000;0.000000;2.000000;-146.635132;600.117676;1840.828857;0.292908;0.000000;0.000000;0.000000;0.000000;2.000000;-179.615112;702.090698;1708.791626;0.653798;0.000000;0.000000;0.000000;0.000000;2.000000;17.056152;-759.757813;2001.016357;0.392105;0.000000;0.000000;0.000000;0.000000;2.000000;21.167480;-800.485474;1847.849854;0.475105;0.000000;0.000000;0.000000;0.000000;2.000000;27.380127;-841.007568;1884.851074;0.317876;0.000000;0.000000;0.000000;0.000000;2.000000;70.201416;-848.430786;2002.136108;0.251617;0.000000;0.000000;0.000000;0.000000;2.000000;-18.160156;-819.069214;1874.564941;0.341255;0.000000;0.000000;0.000000;0.000000;2.000000;-81.294434;-789.315308;1983.375000;0.286156;0.000000;0.000000;0.000000;0.000000;2.000000;5663300096.000000
0.000000;-150.000000;2000.000000;0.000000;0.000000;0.000000;0.000000;0.000000;2.000000;5.908691;-328.653564;1999.666504;0.139031;0.000000;0.000000;0.000000;0.000000;2.000000;11.064697;-470.335327;2017.582886;0.363676;0.000000;0.000000;0.000000;0.000000;2.000000;8.568970;-687.756042;2023.876831;0.580580;0.000000;0.000000;0.000000;0.000000;2.000000;40.636475;-652.834290;2011.073242;0.571961;0.000000;0.000000;0.000000;0.000000;2.000000;161.406677;-597.077576;1957.965576;0.609345;0.000000;0.000000;0.000000;0.000000;2.000000;180.442932;-333.537781;1875.226318;0.449914;0.000000;0.000000;0.000000;0.000000;2.000000;13.748657;-207.531219;1773.546997;0.211747;0.000000;0.000000;0.000000;0.000000;2.000000;-78.614258;-181.502991;1783.543945;0.217357;0.000000;0.000000;0.000000;0.000000;2.000000;-121.897583;-147.641403;1876.823120;0.157461;0.000000;0.000000;0.000000;0.000000;0.000000;-92.968140;-144.225891;1776.152588;0.414606;0.000000;0.000000;0.000000;0.000000;2.000000;-21.776611;-650.783325;2036.505615;0.528657;0.000000;0.000000;0.000000;0.000000;2.000000;-149.877075;-624.603394;2052.846191;0.499519;0.000000;0.000000;0.000000;0.000000;2.000000;-310.270508;-454.830200;2211.087891;1.275722;0.000000;0.000000;0.000000;0.000000;2.000000;-409.085083;-241.715271;2197.056641;1.280609;0.000000;0.000000;0.000000;0.000000;2.000000;-476.175171;-218.505142;2272.895996;1.328049;0.000000;0.000000;0.000000;0.000000;0.000000;-563.812988;-191.939590;2327.101563;1.349180;0.000000;0.000000;0.000000;0.000000;0.000000;-484.245605;-230.318222;2278.873291;1.564945;0.000000;0.000000;0.000000;0.000000;0.000000;91.278137;-146.976776;1997.639526;0.238730;0.000000;0.000000;0.000000;0.000000;2.000000;106.219666;230.575592;2132.253906;0.834413;0.000000;0.000000;0.000000;0.000000;2.000000;116.745911;571.254517;2307.683105;0.892889;0.000000;0.000000;0.000000;0.000000;2.000000;65.510132;740.550415;2244.866455;0.634142;0.000000;0.000000;0.000000;0.000000;2.000000;-82.309448;-152.726181;2002.128540;0.215271;0.000000;0.000000;0.000000;0.000000;2.000000;-119.346680;236.959091;1916.585449;0.348212;0.000000;0.000000;0.000000;0.000000;2.000000;-148.701172;619.160583;1860.759033;0.830607;0.000000;0.000000;0.000000;0.000000;2.000000;-170.669189;734.665527;1734.268433;1.271363;0.000000;0.000000;0.000000;0.000000;2.000000;2.566040;-768.753723;2013.778076;0.640067;0.000000;0.000000;0.000000;0.000000;2.000000;-7.442139;-806.401855;1857.561401;0.925085;0.000000;0.000000;0.000000;0.000000;2.000000;11.341309;-846.217407;1892.302612;0.553987;0.000000;0.000000;0.000000;0.000000;2.000000;71.545288;-847.313477;2004.140503;0.079907;0.000000;0.000000;0.000000;0.000000;2.000000;-39.162964;-832.700684;1889.014771;0.868661;0.000000;0.000000;0.000000;0.000000;2.000000;-91.745117;-816.410828;2008.190552;1.147819;0.000000;0.000000;0.000000;0.000000;2.000000;5663333376.000000
