posX0;posY0;posZ0;posVel0;rotX0;rotY0;rotZ0;rotVel0;confidence0;posX1;posY1;posZ1;posVel1;rotX1;rotY1;rotZ1;rotVel1;confidence1;posX2;posY2;posZ2;posVel2;rotX2;rotY2;rotZ2;rotVel2;confidence2;posX3;posY3;posZ3;posVel3;rotX3;rotY3;rotZ3;rotVel3;confidence3;posX4;posY4;posZ4;posVel4;rotX4;rotY4;rotZ4;rotVel4;confidence4;posX5;posY5;posZ5;posVel5;rotX5;rotY5;rotZ5;rotVel5;confidence5;posX6;posY6;posZ6;posVel6;rotX6;rotY6;rotZ6;rotVel6;confidence6;posX7;posY7;posZ7;posVel7;rotX7;rotY7;rotZ7;rotVel7;confidence7;posX8;posY8;posZ8;posVel8;rotX8;rotY8;rotZ8;rotVel8;confidence8;posX9;posY9;posZ9;posVel9;rotX9;rotY9;rotZ9;rotVel9;confidence9;posX10;posY10;posZ10;posVel10;rotX10;rotY10;rotZ10;rotVel10;confidence10;posX11;posY11;posZ11;posVel11;rotX11;rotY11;rotZ11;rotVel11;confidence11;posX12;posY12;posZ12;posVel12;rotX12;rotY12;rotZ12;rotVel12;confidence12;posX13;posY13;posZ13;posVel13;rotX13;rotY13;rotZ13;rotVel13;confidence13;posX14;posY14;posZ14;posVel14;rotX14;rotY14;rotZ14;rotVel14;confidence14;posX15;posY15;posZ15;posVel15;rotX15;rotY15;rotZ15;rotVel15;confidence15;posX16;posY16;posZ16;posVel16;rotX16;rotY16;rotZ16;rotVel16;confidence16;posX17;posY17;posZ17;posVel17;rotX17;rotY17;rotZ17;rotVel17;confidence17;posX18;posY18;posZ18;posVel18;rotX18;rotY18;rotZ18;rotVel18;confidence18;posX19;posY19;posZ19;posVel19;rotX19;rotY19;rotZ19;rotVel19;confidence19;posX20;posY20;posZ20;posVel20;rotX20;rotY20;rotZ20;rotVel20;confidence20;posX21;posY21;posZ21;posVel21;rotX21;rotY21;rotZ21;rotVel21;confidence21;posX22;posY22;posZ22;posVel22;rotX22;rotY22;rotZ22;rotVel22;confidence22;posX23;posY23;posZ23;posVel23;rotX23;rotY23;rotZ23;rotVel23;confidence23;posX24;posY24;posZ24;posVel24;rotX24;rotY24;rotZ24;rotVel24;confidence24;posX25;posY25;posZ25;posVel25;rotX25;rotY25;rotZ25;rotVel25;confidence25;posX26;posY26;posZ26;posVel26;rotX26;rotY26;rotZ26;rotVel26;confidence26;posX27;posY27;posZ27;posVel27;rotX27;rotY27;rotZ27;rotVel27;confidence27;posX28;posY28;posZ28;posVel28;rotX28;rotY28;rotZ28;rotVel28;confidence28;posX29;posY29;posZ29;posVel29;rotX29;rotY29;rotZ29;rotVel29;confidence29;posX30;posY30;posZ30;posVel30;rotX30;rotY30;rotZ30;rotVel30;confidence30;posX31;posY31;posZ31;posVel31;rotX31;rotY31;rotZ31;rotVel31;confidence31;TimeStamp
0.000000;-150.000000;2000.000000;0.000000;0.000000;0.000000;0.000000;0.000000;2.000000;-15.840393;-335.887085;2001.788818;0.000000;0.000000;0.000000;0.000000;0.000000;2.000000;-30.941956;-484.217224;1997.692505;0.000000;0.000000;0.000000;0.000000;0.000000;2.000000;-37.643677;-710.945557;2007.510376;0.000000;0.000000;0.000000;0.000000;0.000000;2.000000;-69.935486;-672.320923;2017.140381;0.000000;0.000000;0.000000;0.000000;0.000000;2.000000;-203.337769;-630.149902;2069.807373;0.000000;0.000000;0.000000;0.000000;0.000000;2.000000;-237.988220;-344.317078;2094.559082;0.000000;0.000000;0.000000;0.000000;0.000000;2.000000;-163.346985;-150.657730;2220.078613;0.000000;0.000000;0.000000;0.000000;0.000000;2.000000;-227.729187;-73.233528;2219.220703;0.000000;0.000000;0.000000;0.000000;0.000000;2.000000;-187.284912;-40.347206;2319.478027;0.000000;0.000000;0.000000;0.000000;0.000000;2.000000;-179.744019;-23.753212;2226.541016;0.000000;0.000000;0.000000;0.000000;0.000000;2.000000;-4.012207;-674.706177;1992.620239;0.000000;0.000000;0.000000;0.000000;0.000000;2.000000;118.975098;-631.298828;1948.986084;0.000000;0.000000;0.000000;0.000000;0.000000;2.000000;191.818481;-347.146973;1923.389038;0.000000;0.000000;0.000000;0.000000;0.000000;2.000000;252.904785;-110.335899;1900.625244;0.000000;0.000000;0.000000;0.000000;0.000000;2.000000;175.578369;-36.436306;1918.385986;0.000000;0.000000;0.000000;0.000000;0.000000;2.000000;242.697266;-121.878113;1941.437378;0.000000;0.000000;0.000000;0.000000;0.000000;2.000000;320.565308;-70.855316;2021.173584;0.000000;0.000000;0.000000;0.000000;0.000000;2.000000;-86.807373;-142.230438;2038.685303;0.000000;0.000000;0.000000;0.000000;0.000000;2.000000;-70.629456;271.959839;2097.472168;0.000000;0.000000;0.000000;0.000000;0.000000;2.000000;-73.442566;651.182251;1969.935181;0.000000;0.000000;0.000000;0.000000;0.000000;2.000000;-51.210876;827.905884;2051.518799;0.000000;0.000000;0.000000;0.000000;0.000000;2.000000;78.277954;-157.006134;1965.115601;0.000000;0.000000;0.000000;0.000000;0.000000;2.000000;185.810913;230.023804;2081.471191;0.000000;0.000000;0.000000;0.000000;0.000000;2.000000;215.384521;631.265259;2041.476563;0.000000;0.000000;0.000000;0.000000;0.000000;2.000000;282.616821;762.597900;2145.019531;0.000000;0.000000;0.000000;0.000000;0.000000;1.000000;-35.231689;-794.672363;2024.285889;0.000000;0.000000;0.000000;0.000000;0.000000;2.000000;-7.840942;-835.136719;2185.066895;0.000000;0.000000;0.000000;0.000000;0.000000;2.000000;-48.931213;-865.524292;2156.530029;0.000000;0.000000;0.000000;0.000000;0.000000;2.000000;-129.654724;-841.595825;2054.125488;0.000000;0.000000;0.000000;0.000000;0.000000;2.000000;4.634888;-873.379761;2148.884277;0.000000;0.000000;0.000000;0.000000;0.000000;2.000000;35.247681;-879.245605;2015.460327;0.000000;0.000000;0.000000;0.000000;0.000000;2.000000;13056766976.000000
0.000000;-150.000000;2000.000000;0.000000;0.000000;0.000000;0.000000;0.000000;2.000000;-16.836060;-336.392029;1997.014160;0.149641;0.000000;0.000000;0.000000;0.000000;2.000000;-33.156494;-484.924072;1989.068481;0.272578;0.000000;0.000000;0.000000;0.000000;2.000000;-48.240662;-711.671753;2004.562378;0.336406;0.000000;0.000000;0.000000;0.000000;2.000000;-77.125244;-671.333862;2018.089111;0.223357;0.000000;0.000000;0.000000;0.000000;2.000000;-209.537537;-631.162476;2075.941406;0.267945;0.000000;0.000000;0.000000;0.000000;2.000000;-239.331726;-344.303833;2105.623047;0.340126;0.000000;0.000000;0.000000;0.000000;2.000000;-124.093140;-157.251419;2210.237305;1.251292;0.000000;0.000000;0.000000;0.000000;2.000000;-111.555054;-96.647362;2290.088379;4.213953;0.000000;0.000000;0.000000;0.000000;2.000000;-30.785767;-71.642952;2365.605469;5.069882;0.000000;0.000000;0.000000;0.000000;2.000000;-71.057983;-58.810249;2273.013184;3.762622;0.000000;0.000000;0.000000;0.000000;2.000000;-15.541687;-677.127747;1984.046875;0.444652;0.000000;0.000000;0.000000;0.000000;2.000000;107.744019;-655.951782;1925.829956;1.087605;0.000000;0.000000;0.000000;0.000000;2.000000;266.575928;-407.368042;1941.503662;2.981271;0.000000;0.000000;0.000000;0.000000;2.000000;399.073975;-200.008347;1954.448975;5.484984;0.000000;0.000000;0.000000;0.000000;2.000000;405.481201;-105.693001;1900.635132;7.347508;0.000000;0.000000;0.000000;0.000000;2.000000;372.795654;-163.826050;1989.904419;4.426024;0.000000;0.000000;0.000000;0.000000;2.000000;433.870239;-58.481056;2013.097290;3.487073;0.000000;0.000000;0.000000;0.000000;2.000000;-84.591125;-143.066208;2044.133789;0.181307;0.000000;0.000000;0.000000;0.000000;2.000000;-53.620056;270.470886;2110.754883;0.660173;0.000000;0.000000;0.000000;0.000000;2.000000;-115.234558;623.061340;1929.075317;1.979385;0.000000;0.000000;0.000000;0.000000;2.000000;-102.271423;818.109131;1949.548828;3.493034;0.000000;0.000000;0.000000;0.000000;2.000000;76.279541;-156.252518;1960.202637;0.163487;0.000000;0.000000;0.000000;0.000000;2.000000;191.826294;232.037476;2069.338867;0.417804;0.000000;0.000000;0.000000;0.000000;2.000000;229.971924;635.838989;2064.786133;0.850695;0.000000;0.000000;0.000000;0.000000;2.000000;307.009033;768.677063;2160.285645;0.897544;0.000000;0.000000;0.000000;0.000000;1.000000;-47.008484;-795.444031;2022.604980;0.363805;0.000000;0.000000;0.000000;0.000000;2.000000;-9.243896;-834.173218;2182.278320;0.099698;0.000000;0.000000;0.000000;0.000000;2.000000;-41.478516;-872.981506;2152.223633;0.347549;0.000000;0.000000;0.000000;0.000000;2.000000;-126.443054;-866.290894;2050.115723;0.769769;0.000000;0.000000;0.000000;0.000000;2.000000;12.453491;-866.580505;2144.524170;0.343063;0.000000;0.000000;0.000000;0.000000;2.000000;42.952271;-859.024963;2010.702515;0.676136;0.000000;0.000000;0.000000;0.000000;2.000000;13056799744.000000
0.000000;-150.000000;2000.000000;0.000000;0.000000;0.000000;0.000000;0.000000;2.000000;-17.984131;-336.315704;1998.966797;0.067070;0.000000;0.000000;0.000000;0.000000;2.000000;-33.671021;-485.099243;1995.653931;0.195545;0.000000;0.000000;0.000000;0.000000;2.000000;-55.977234;-711.491272;2007.340332;0.243317;0.000000;0.000000;0.000000;0.000000;2.000000;-82.663025;-670.488647;2023.194824;0.224300;0.000000;0.000000;0.000000;0.000000;2.000000;-212.753052;-628.928101;2085.205322;0.297628;0.000000;0.000000;0.000000;0.000000;2.000000;-233.920898;-342.704163;2126.352783;0.635769;0.000000;0.000000;0.000000;0.000000;2.000000;-122.428650;-150.603394;2225.779297;0.502660;0.000000;0.000000;0.000000;0.000000;2.000000;-85.538940;-102.627487;2306.679199;0.930107;0.000000;0.000000;0.000000;0.000000;2.000000;-8.381348;-58.898483;2377.301758;0.837629;0.000000;0.000000;0.000000;0.000000;2.000000;-61.696533;-57.834999;2292.522949;0.641023;0.000000;0.000000;0.000000;0.000000;2.000000;-23.187744;-677.647949;1985.819336;0.232778;0.000000;0.000000;0.000000;0.000000;2.000000;95.566895;-658.998230;1918.080933;0.436542;0.000000;0.000000;0.000000;0.000000;2.000000;256.556763;-411.391846;1925.122681;0.580586;0.000000;0.000000;0.000000;0.000000;2.000000;390.707886;-204.695969;1927.945679;0.834071;0.000000;0.000000;0.000000;0.000000;2.000000;371.717529;-119.921936;1862.475586;1.565512;0.000000;0.000000;0.000000;0.000000;2.000000;436.862915;-113.997414;1952.692505;2.642263;0.000000;0.000000;0.000000;0.000000;2.000000;419.219238;-86.489708;1968.415649;1.619672;0.000000;0.000000;0.000000;0.000000;2.000000;-84.145325;-142.126450;2044.833618;0.037099;0.000000;0.000000;0.000000;0.000000;2.000000;-53.947998;273.777405;2095.241211;0.469505;0.000000;0.000000;0.000000;0.000000;2.000000;-129.860596;625.328552;1916.944580;0.566311;0.000000;0.000000;0.000000;0.000000;2.000000;-105.765869;815.884216;1958.692017;0.297049;0.000000;0.000000;0.000000;0.000000;2.000000;75.877563;-157.099930;1959.571411;0.033456;0.000000;0.000000;0.000000;0.000000;2.000000;192.843506;231.986191;2064.358398;0.150436;0.000000;0.000000;0.000000;0.000000;2.000000;234.067139;635.455566;2072.213623;0.251252;0.000000;0.000000;0.000000;0.000000;2.000000;325.674438;752.802490;2174.888184;0.844113;0.000000;0.000000;0.000000;0.000000;1.000000;-56.781677;-795.638367;2023.595703;0.290755;0.000000;0.000000;0.000000;0.000000;2.000000;4.004761;-842.563416;2173.687988;0.529137;0.000000;0.000000;0.000000;0.000000;2.000000;-37.606323;-876.472412;2149.866211;0.169321;0.000000;0.000000;0.000000;0.000000;2.000000;-138.055786;-857.114990;2064.855225;0.618132;0.000000;0.000000;0.000000;0.000000;2.000000;14.441650;-876.393982;2132.539063;0.462160;0.000000;0.000000;0.000000;0.000000;2.000000;21.116943;-869.234131;1995.419800;0.844599;0.000000;0.000000;0.000000;0.000000;2.000000;13056833536.000000
0.000000;-150.000000;2000.000000;0.000000;0.000000;0.000000;0.000000;0.000000;2.000000;-17.352783;-338.310822;2004.243042;0.173220;0.000000;0.000000;0.000000;0.000000;2.000000;-35.078064;-488.468872;2001.745239;0.216735;0.000000;0.000000;0.000000;0.000000;2.000000;-59.498535;-717.023315;2014.112549;0.287685;0.000000;0.000000;0.000000;0.000000;2.000000;-86.097839;-675.329956;2030.077148;0.277362;0.000000;0.000000;0.000000;0.000000;2.000000;-213.840576;-619.267578;2089.333008;0.322313;0.000000;0.000000;0.000000;0.000000;2.000000;-223.337524;-332.455322;2148.444824;0.810358;0.000000;0.000000;0.000000;0.000000;2.000000;-99.018921;-152.879395;2261.451416;1.303960;0.000000;0.000000;0.000000;0.000000;2.000000;-40.645142;-116.988892;2337.133789;1.712573;0.000000;0.000000;0.000000;0.000000;2.000000;21.644043;-66.915665;2419.219238;1.592443;0.000000;0.000000;0.000000;0.000000;0.000000;2.743896;-93.828384;2314.445801;2.349795;0.000000;0.000000;0.000000;0.000000;2.000000;-26.112549;-683.149292;1992.239258;0.273017;0.000000;0.000000;0.000000;0.000000;2.000000;91.439819;-656.639160;1922.090820;0.189792;0.000000;0.000000;0.000000;0.000000;2.000000;250.960449;-404.961609;1903.754150;0.702091;0.000000;0.000000;0.000000;0.000000;2.000000;383.956421;-195.060379;1887.403076;1.288308;0.000000;0.000000;0.000000;0.000000;2.000000;444.704346;-104.632309;1902.122925;2.577382;0.000000;0.000000;0.000000;0.000000;2.000000;493.207153;-6.651423;1929.110352;3.769131;0.000000;0.000000;0.000000;0.000000;2.000000;404.255493;-79.997078;1953.052246;0.683827;0.000000;0.000000;0.000000;0.000000;2.000000;-80.325562;-141.401443;2053.105469;0.278931;0.000000;0.000000;0.000000;0.000000;2.000000;-59.771790;281.361481;2084.956055;0.428573;0.000000;0.000000;0.000000;0.000000;2.000000;-139.043884;645.301636;1924.279907;0.707234;0.000000;0.000000;0.000000;0.000000;2.000000;-97.432922;831.659058;1978.984253;0.824573;0.000000;0.000000;0.000000;0.000000;2.000000;72.433105;-157.753693;1952.112305;0.251525;0.000000;0.000000;0.000000;0.000000;2.000000;198.927979;230.441940;2066.484863;0.202264;0.000000;0.000000;0.000000;0.000000;2.000000;235.851074;638.325928;2083.833984;0.369318;0.000000;0.000000;0.000000;0.000000;2.000000;340.211182;758.662720;2173.415771;0.480424;0.000000;0.000000;0.000000;0.000000;2.000000;-60.992920;-802.009277;2030.735718;0.319055;0.000000;0.000000;0.000000;0.000000;2.000000;-8.238892;-844.062622;2187.181152;0.557913;0.000000;0.000000;0.000000;0.000000;2.000000;-47.711060;-880.069824;2161.349854;0.479545;0.000000;0.000000;0.000000;0.000000;2.000000;-143.947327;-865.438477;2068.663086;0.332194;0.000000;0.000000;0.000000;0.000000;2.000000;5.885010;-878.910278;2147.240723;0.524766;0.000000;0.000000;0.000000;0.000000;2.000000;21.368408;-874.766113;2009.252075;0.454700;0.000000;0.000000;0.000000;0.000000;2.000000;13056866304.000000
0.000000;-150.000000;2000.000000;0.000000;0.000000;0.000000;0.000000;0.000000;2.000000;-15.350647;-338.558289;2001.617065;0.097994;0.000000;0.000000;0.000000;0.000000;2.000000;-30.222290;-489.053986;1999.236938;0.162659;0.000000;0.000000;0.000000;0.000000;2.000000;-56.371765;-717.520935;2010.363770;0.145209;0.000000;0.000000;0.000000;0.000000;2.000000;-81.807495;-675.738525;2027.939819;0.142360;0.000000;0.000000;0.000000;0.000000;2.000000;-205.509460;-616.733276;2092.720703;0.276509;0.000000;0.000000;0.000000;0.000000;2.000000;-205.251343;-330.694641;2156.417969;0.587237;0.000000;0.000000;0.000000;0.000000;2.000000;-78.005432;-155.022812;2272.356934;0.703470;0.000000;0.000000;0.000000;0.000000;2.000000;-20.140869;-104.435059;2339.585449;0.715164;0.000000;0.000000;0.000000;0.000000;2.000000;57.764343;-62.377487;2412.330078;1.096425;0.000000;0.000000;0.000000;0.000000;0.000000;28.671204;-94.674721;2322.167969;0.800962;0.000000;0.000000;0.000000;0.000000;1.000000;-23.658508;-683.733154;1987.348755;0.162842;0.000000;0.000000;0.000000;0.000000;2.000000;90.166077;-657.137695;1911.286133;0.322293;0.000000;0.000000;0.000000;0.000000;2.000000;246.201355;-403.978912;1884.469849;0.588517;0.000000;0.000000;0.000000;0.000000;2.000000;376.324036;-192.807175;1861.890137;0.790876;0.000000;0.000000;0.000000;0.000000;2.000000;451.750793;-114.270340;1877.094360;0.820619;0.000000;0.000000;0.000000;0.000000;2.000000;453.353943;-1.713686;1880.823730;1.858526;0.000000;0.000000;0.000000;0.000000;2.000000;426.391052;-68.302925;1921.823120;1.184450;0.000000;0.000000;0.000000;0.000000;2.000000;-78.506409;-143.128265;2056.027344;0.113956;0.000000;0.000000;0.000000;0.000000;2.000000;-48.668030;279.690277;2079.731934;0.366494;0.000000;0.000000;0.000000;0.000000;2.000000;-140.651917;647.901245;1936.309937;0.367315;0.000000;0.000000;0.000000;0.000000;2.000000;-71.378967;817.440552;2013.280518;1.342225;0.000000;0.000000;0.000000;0.000000;2.000000;70.792664;-156.196548;1949.477417;0.102762;0.000000;0.000000;0.000000;0.000000;2.000000;207.082458;229.538010;2061.164551;0.289372;0.000000;0.000000;0.000000;0.000000;2.000000;253.747986;635.916077;2088.930420;0.555274;0.000000;0.000000;0.000000;0.000000;2.000000;374.009949;736.277466;2183.127441;1.233624;0.000000;0.000000;0.000000;0.000000;2.000000;-57.974365;-802.675415;2026.172485;0.163106;0.000000;0.000000;0.000000;0.000000;2.000000;2.040039;-844.203552;2180.154297;0.368490;0.000000;0.000000;0.000000;0.000000;2.000000;-42.850586;-876.724792;2158.935059;0.188664;0.000000;0.000000;0.000000;0.000000;2.000000;-143.922363;-855.366272;2072.906738;0.323441;0.000000;0.000000;0.000000;0.000000;2.000000;9.334229;-881.858093;2140.923340;0.230170;0.000000;0.000000;0.000000;0.000000;2.000000;14.469055;-884.623840;2002.105469;0.414140;0.000000;0.000000;0.000000;0.000000;2.000000;13056900096.000000
0.000000;-150.000000;2000.000000;0.000000;0.000000;0.000000;0.000000;0.000000;2.000000;-13.542786;-341.072693;2004.532471;0.129799;0.000000;0.000000;0.000000;0.000000;2.000000;-29.209961;-493.416931;2001.418823;0.152040;0.000000;0.000000;0.000000;0.000000;2.000000;-53.680969;-724.972595;2013.694580;0.262277;0.000000;0.000000;0.000000;0.000000;2.000000;-79.714722;-682.807312;2031.455688;0.249254;0.000000;0.000000;0.000000;0.000000;2.000000;-204.779358;-622.230164;2096.728027;0.208789;0.000000;0.000000;0.000000;0.000000;2.000000;-196.334595;-332.965515;2162.591309;0.338147;0.000000;0.000000;0.000000;0.000000;2.000000;-80.991516;-135.423813;2261.194824;0.694320;0.000000;0.000000;0.000000;0.000000;2.000000;0.657959;-134.532104;2324.659180;1.205818;0.000000;0.000000;0.000000;0.000000;2.000000;81.866638;-104.332268;2401.863770;1.510749;0.000000;0.000000;0.000000;0.000000;1.000000;33.336487;-113.461823;2329.488770;0.631584;0.000000;0.000000;0.000000;0.000000;1.000000;-20.950623;-690.564575;1990.098633;0.239447;0.000000;0.000000;0.000000;0.000000;2.000000;93.344910;-666.210571;1910.774292;0.293801;0.000000;0.000000;0.000000;0.000000;2.000000;237.301331;-403.454712;1869.741699;0.525402;0.000000;0.000000;0.000000;0.000000;2.000000;359.444275;-183.842575;1847.791626;0.724790;0.000000;0.000000;0.000000;0.000000;2.000000;442.739319;-113.659294;1870.931030;0.333699;0.000000;0.000000;0.000000;0.000000;2.000000;440.677917;-0.015282;1861.317505;0.711825;0.000000;0.000000;0.000000;0.000000;2.000000;413.965515;-55.899540;1900.562500;0.841451;0.000000;0.000000;0.000000;0.000000;2.000000;-79.127319;-143.033066;2057.273926;0.042600;0.000000;0.000000;0.000000;0.000000;2.000000;-50.475769;285.134521;2083.977051;0.217787;0.000000;0.000000;0.000000;0.000000;2.000000;-136.202332;662.469299;1945.731201;0.546586;0.000000;0.000000;0.000000;0.000000;2.000000;-81.982483;843.709412;2014.241577;0.865006;0.000000;0.000000;0.000000;0.000000;1.000000;71.352478;-156.282410;1948.353760;0.038401;0.000000;0.000000;0.000000;0.000000;2.000000;211.982117;235.180038;2055.331787;0.289290;0.000000;0.000000;0.000000;0.000000;2.000000;272.401672;643.385010;2101.501221;0.723318;0.000000;0.000000;0.000000;0.000000;2.000000;393.495911;748.827087;2193.617920;0.776399;0.000000;0.000000;0.000000;0.000000;2.000000;-54.498718;-811.163147;2030.041138;0.303781;0.000000;0.000000;0.000000;0.000000;2.000000;4.464539;-843.372192;2189.003906;0.281168;0.000000;0.000000;0.000000;0.000000;2.000000;-38.918640;-879.328064;2168.058594;0.313420;0.000000;0.000000;0.000000;0.000000;2.000000;-140.088745;-866.409851;2077.864502;0.387509;0.000000;0.000000;0.000000;0.000000;2.000000;14.530457;-882.840515;2151.208740;0.352944;0.000000;0.000000;0.000000;0.000000;2.000000;23.161804;-891.617126;2011.033203;0.436064;0.000000;0.000000;0.000000;0.000000;2.000000;13056932864.000000
0.000000;-150.000000;2000.000000;0.000000;0.000000;0.000000;0.000000;0.000000;2.000000;-11.335571;-338.840973;2013.637695;0.285010;0.000000;0.000000;0.000000;0.000000;2.000000;-27.923950;-489.564178;2013.546875;0.378496;0.000000;0.000000;0.000000;0.000000;2.000000;-53.339539;-718.197754;2032.425537;0.589531;0.000000;0.000000;0.000000;0.000000;2.000000;-78.167175;-675.818726;2049.834473;0.583672;0.000000;0.000000;0.000000;0.000000;2.000000;-200.391174;-617.958374;2119.198242;0.689211;0.000000;0.000000;0.000000;0.000000;2.000000;-188.255615;-330.500824;2178.655273;0.537087;0.000000;0.000000;0.000000;0.000000;2.000000;-54.162659;-133.416641;2241.743164;0.982456;0.000000;0.000000;0.000000;0.000000;2.000000;31.383484;-132.601074;2297.970947;1.205720;0.000000;0.000000;0.000000;0.000000;2.000000;121.521057;-101.000786;2361.795410;1.671154;0.000000;0.000000;0.000000;0.000000;2.000000;39.167236;-110.788567;2342.092285;0.418498;0.000000;0.000000;0.000000;0.000000;1.000000;-21.550598;-685.003174;2007.066650;0.528712;0.000000;0.000000;0.000000;0.000000;2.000000;89.286804;-665.132813;1924.189941;0.415997;0.000000;0.000000;0.000000;0.000000;2.000000;226.241882;-403.461792;1875.377441;0.367324;0.000000;0.000000;0.000000;0.000000;2.000000;342.522156;-183.745804;1851.795898;0.514610;0.000000;0.000000;0.000000;0.000000;2.000000;426.512756;-113.736855;1865.741943;0.504151;0.000000;0.000000;0.000000;0.000000;2.000000;417.862244;-1.728338;1854.359131;0.707700;0.000000;0.000000;0.000000;0.000000;2.000000;400.756653;-56.593571;1898.758667;0.395050;0.000000;0.000000;0.000000;0.000000;2.000000;-79.575195;-141.275024;2054.671875;0.093870;0.000000;0.000000;0.000000;0.000000;2.000000;-44.283630;281.300964;2091.180420;0.303131;0.000000;0.000000;0.000000;0.000000;2.000000;-114.649231;663.752808;1971.887329;1.003683;0.000000;0.000000;0.000000;0.000000;2.000000;-39.847168;830.529785;2050.998291;1.700014;0.000000;0.000000;0.000000;0.000000;2.000000;71.756531;-157.867691;1950.700073;0.084646;0.000000;0.000000;0.000000;0.000000;2.000000;208.957458;228.737534;2062.375732;0.296330;0.000000;0.000000;0.000000;0.000000;2.000000;281.020813;631.059692;2105.901367;0.463734;0.000000;0.000000;0.000000;0.000000;2.000000;391.549377;737.649536;2205.907715;0.494975;0.000000;0.000000;0.000000;0.000000;2.000000;-54.181946;-803.070923;2050.808594;0.659642;0.000000;0.000000;0.000000;0.000000;2.000000;15.201233;-840.875244;2202.274414;0.510523;0.000000;0.000000;0.000000;0.000000;2.000000;-28.817017;-876.013062;2183.070801;0.544378;0.000000;0.000000;0.000000;0.000000;2.000000;-135.013428;-860.548706;2101.534668;0.737086;0.000000;0.000000;0.000000;0.000000;2.000000;22.831299;-878.250244;2162.645996;0.439715;0.000000;0.000000;0.000000;0.000000;2.000000;21.786316;-881.068359;2023.383423;0.482368;0.000000;0.000000;0.000000;0.000000;2.000000;13056966656.000000
0.000000;-150.000000;2000.000000;0.000000;0.000000;0.000000;0.000000;0.000000;2.000000;-9.868530;-338.727875;2016.592285;0.097677;0.000000;0.000000;0.000000;0.000000;2.000000;-25.377441;-489.572510;2019.414307;0.189282;0.000000;0.000000;0.000000;0.000000;2.000000;-51.396912;-718.111694;2039.199341;0.208552;0.000000;0.000000;0.000000;0.000000;2.000000;-75.577209;-675.587463;2057.189453;0.230856;0.000000;0.000000;0.000000;0.000000;2.000000;-195.220154;-614.559326;2128.385742;0.327804;0.000000;0.000000;0.000000;0.000000;2.000000;-179.995728;-328.206512;2192.586914;0.484076;0.000000;0.000000;0.000000;0.000000;2.000000;-43.719849;-133.040756;2257.151855;0.550952;0.000000;0.000000;0.000000;0.000000;2.000000;43.810425;-132.698196;2310.285645;0.517739;0.000000;0.000000;0.000000;0.000000;2.000000;136.550537;-101.545013;2370.546387;0.514916;0.000000;0.000000;0.000000;0.000000;2.000000;52.978577;-110.178345;2354.111328;0.542108;0.000000;0.000000;0.000000;0.000000;1.000000;-20.099182;-685.088440;2012.996704;0.180684;0.000000;0.000000;0.000000;0.000000;2.000000;85.337402;-664.286377;1923.514160;0.121189;0.000000;0.000000;0.000000;0.000000;2.000000;212.617798;-398.722931;1869.425781;0.461775;0.000000;0.000000;0.000000;0.000000;2.000000;320.989746;-176.288834;1835.399780;0.830754;0.000000;0.000000;0.000000;0.000000;2.000000;402.477783;-104.614494;1854.839966;0.826350;0.000000;0.000000;0.000000;0.000000;2.000000;385.134155;6.714849;1847.043213;1.023388;0.000000;0.000000;0.000000;0.000000;2.000000;369.018433;-44.994297;1882.715942;1.106955;0.000000;0.000000;0.000000;0.000000;2.000000;-77.968689;-140.918869;2056.919434;0.082432;0.000000;0.000000;0.000000;0.000000;2.000000;-34.174316;281.246857;2089.859131;0.301712;0.000000;0.000000;0.000000;0.000000;2.000000;-100.247070;667.455383;1980.313843;0.505801;0.000000;0.000000;0.000000;0.000000;2.000000;-26.428772;837.913818;2052.288574;0.454846;0.000000;0.000000;0.000000;0.000000;2.000000;70.307739;-158.188843;1948.673340;0.074335;0.000000;0.000000;0.000000;0.000000;2.000000;202.927734;232.005280;2053.542236;0.330945;0.000000;0.000000;0.000000;0.000000;2.000000;293.958496;628.073853;2115.725586;0.488787;0.000000;0.000000;0.000000;0.000000;2.000000;408.208496;727.218201;2219.219238;0.702501;0.000000;0.000000;0.000000;0.000000;2.000000;-52.175171;-802.979431;2057.698975;0.212395;0.000000;0.000000;0.000000;0.000000;2.000000;13.159790;-835.530640;2212.196289;0.338932;0.000000;0.000000;0.000000;0.000000;2.000000;-30.621094;-871.100342;2193.206543;0.337569;0.000000;0.000000;0.000000;0.000000;2.000000;-134.664368;-858.042664;2108.487793;0.218963;0.000000;0.000000;0.000000;0.000000;2.000000;21.514526;-874.413086;2174.180908;0.361846;0.000000;0.000000;0.000000;0.000000;2.000000;23.920593;-882.423828;2035.107300;0.354918;0.000000;0.000000;0.000000;0.000000;2.000000;13057000448.000000
0.000000;-150.000000;2000.000000;0.000000;0.000000;0.000000;0.000000;0.000000;2.000000;-11.997681;-335.466736;2020.840088;0.175873;0.000000;0.000000;0.000000;0.000000;2.000000;-28.191040;-483.906006;2028.429932;0.336119;0.000000;0.000000;0.000000;0.000000;2.000000;-58.368652;-708.518799;2049.270264;0.474793;0.000000;0.000000;0.000000;0.000000;2.000000;-80.952576;-666.027527;2067.284180;0.454897;0.000000;0.000000;0.000000;0.000000;2.000000;-198.940918;-613.418152;2143.226807;0.468227;0.000000;0.000000;0.000000;0.000000;2.000000;-162.626587;-334.099731;2210.897949;0.790936;0.000000;0.000000;0.000000;0.000000;2.000000;-21.107483;-147.457275;2276.099609;1.002061;0.000000;0.000000;0.000000;0.000000;2.000000;61.576172;-117.083427;2325.395508;0.856534;0.000000;0.000000;0.000000;0.000000;2.000000;162.320190;-107.695152;2376.315918;0.827464;0.000000;0.000000;0.000000;0.000000;1.000000;78.338684;-113.840027;2378.602051;1.081691;0.000000;0.000000;0.000000;0.000000;1.000000;-27.301758;-676.734131;2022.746094;0.449264;0.000000;0.000000;0.000000;0.000000;2.000000;76.988953;-666.842712;1933.130615;0.396385;0.000000;0.000000;0.000000;0.000000;2.000000;196.731689;-406.023315;1864.159180;0.557229;0.000000;0.000000;0.000000;0.000000;2.000000;302.023193;-185.012619;1837.921753;0.641737;0.000000;0.000000;0.000000;0.000000;2.000000;373.792847;-105.634270;1856.919189;0.878243;0.000000;0.000000;0.000000;0.000000;2.000000;379.359253;5.038925;1846.119873;0.185658;0.000000;0.000000;0.000000;0.000000;2.000000;350.581055;-60.827614;1888.292236;0.760938;0.000000;0.000000;0.000000;0.000000;2.000000;-76.845337;-138.767731;2055.722168;0.082582;0.000000;0.000000;0.000000;0.000000;2.000000;-27.490417;275.782349;2098.495850;0.372675;0.000000;0.000000;0.000000;0.000000;2.000000;-87.665710;657.659485;1991.702393;0.597980;0.000000;0.000000;0.000000;0.000000;2.000000;-15.195496;826.527283;2060.972656;0.555431;0.000000;0.000000;0.000000;0.000000;2.000000;69.294861;-160.128632;1949.752930;0.074467;0.000000;0.000000;0.000000;0.000000;2.000000;197.930786;227.094284;2045.927734;0.315777;0.000000;0.000000;0.000000;0.000000;2.000000;300.894653;613.040771;2114.497559;0.506639;0.000000;0.000000;0.000000;0.000000;2.000000;410.076538;711.488342;2219.540039;0.483510;0.000000;0.000000;0.000000;0.000000;2.000000;-60.615540;-792.081909;2067.838623;0.522206;0.000000;0.000000;0.000000;0.000000;2.000000;19.817261;-846.273987;2205.563721;0.435592;0.000000;0.000000;0.000000;0.000000;2.000000;-28.037659;-875.970947;2189.111084;0.209595;0.000000;0.000000;0.000000;0.000000;2.000000;-139.008240;-846.568665;2122.167480;0.560773;0.000000;0.000000;0.000000;0.000000;2.000000;20.134155;-880.299133;2163.330322;0.379065;0.000000;0.000000;0.000000;0.000000;2.000000;4.450317;-871.875366;2027.142212;0.718172;0.000000;0.000000;0.000000;0.000000;2.000000;13057033216.000000
0.000000;-150.000000;2000.000000;0.000000;0.000000;0.000000;0.000000;0.000000;2.000000;-11.054504;-336.314758;2022.570068;0.063480;0.000000;0.000000;0.000000;0.000000;2.000000;-27.495789;-485.484558;2030.798218;0.086702;0.000000;0.000000;0.000000;0.000000;2.000000;-52.466064;-711.726563;2053.881348;0.241127;0.000000;0.000000;0.000000;0.000000;2.000000;-75.878235;-669.388123;2071.970215;0.227309;0.000000;0.000000;0.000000;0.000000;2.000000;-191.334412;-605.353516;2144.512451;0.330262;0.000000;0.000000;0.000000;0.000000;2.000000;-157.748901;-326.057739;2219.793457;0.383105;0.000000;0.000000;0.000000;0.000000;2.000000;-29.989197;-134.071167;2300.762695;0.871025;0.000000;0.000000;0.000000;0.000000;2.000000;60.479553;-115.462143;2342.783936;0.517822;0.000000;0.000000;0.000000;0.000000;1.000000;166.843079;-102.428703;2381.287598;0.252684;0.000000;0.000000;0.000000;0.000000;1.000000;83.442749;-114.589088;2387.018311;0.292125;0.000000;0.000000;0.000000;0.000000;1.000000;-22.322144;-679.296936;2026.553101;0.200398;0.000000;0.000000;0.000000;0.000000;2.000000;77.843384;-663.465454;1932.097412;0.107530;0.000000;0.000000;0.000000;0.000000;2.000000;184.231506;-394.541260;1865.752075;0.504494;0.000000;0.000000;0.000000;0.000000;2.000000;279.690735;-168.295273;1834.774414;0.830770;0.000000;0.000000;0.000000;0.000000;2.000000;351.007385;-87.782890;1853.980957;0.860984;0.000000;0.000000;0.000000;0.000000;2.000000;326.237488;19.933386;1871.601074;1.798371;0.000000;0.000000;0.000000;0.000000;2.000000;336.328308;-51.079746;1881.598389;0.548042;0.000000;0.000000;0.000000;0.000000;2.000000;-75.535767;-138.461105;2058.256836;0.084914;0.000000;0.000000;0.000000;0.000000;2.000000;-33.703125;278.684265;2105.302002;0.285908;0.000000;0.000000;0.000000;0.000000;2.000000;-75.991699;666.603577;2003.903687;0.565487;0.000000;0.000000;0.000000;0.000000;2.000000;0.389771;831.143005;2081.786865;0.781517;0.000000;0.000000;0.000000;0.000000;2.000000;68.113953;-160.405121;1947.467529;0.076565;0.000000;0.000000;0.000000;0.000000;2.000000;190.631775;232.220352;2039.256592;0.329606;0.000000;0.000000;0.000000;0.000000;2.000000;289.102356;622.193298;2104.171631;0.537133;0.000000;0.000000;0.000000;0.000000;2.000000;399.368103;723.586060;2206.892578;0.607182;0.000000;0.000000;0.000000;0.000000;2.000000;-52.585815;-795.607605;2073.217285;0.304442;0.000000;0.000000;0.000000;0.000000;2.000000;16.460388;-835.650085;2222.558350;0.601363;0.000000;0.000000;0.000000;0.000000;2.000000;-27.765198;-869.650879;2203.400146;0.462439;0.000000;0.000000;0.000000;0.000000;2.000000;-133.235291;-851.969116;2123.337891;0.236486;0.000000;0.000000;0.000000;0.000000;2.000000;23.280945;-872.378784;2182.847168;0.630224;0.000000;0.000000;0.000000;0.000000;2.000000;21.455261;-873.685303;2044.796997;0.727366;0.000000;0.000000;0.000000;0.000000;2.000000;13057067008.000000
0.000000;-150.000000;2000.000000;0.000000;0.000000;0.000000;0.000000;0.000000;2.000000;-8.459473;-338.363617;2021.639526;0.104822;0.000000;0.000000;0.000000;0.000000;2.000000;-22.192078;-489.208618;2030.517822;0.197957;0.000000;0.000000;0.000000;0.000000;2.000000;-44.045959;-718.158508;2051.662109;0.330370;0.000000;0.000000;0.000000;0.000000;2.000000;-67.572205;-675.930542;2071.211914;0.323498;0.000000;0.000000;0.000000;0.000000;2.000000;-182.962097;-615.820801;2149.945068;0.441370;0.000000;0.000000;0.000000;0.000000;2.000000;-159.993958;-331.299988;2220.253906;0.174601;0.000000;0.000000;0.000000;0.000000;2.000000;-72.171448;-112.300552;2292.407471;1.470907;0.000000;0.000000;0.000000;0.000000;2.000000;22.083618;-101.956299;2331.170410;1.291701;0.000000;0.000000;0.000000;0.000000;1.000000;132.784363;-99.946594;2362.070801;1.195823;0.000000;0.000000;0.000000;0.000000;1.000000;56.915344;-124.411163;2365.640625;1.082054;0.000000;0.000000;0.000000;0.000000;1.000000;-14.883240;-684.721313;2023.547241;0.295558;0.000000;0.000000;0.000000;0.000000;2.000000;82.435852;-666.011475;1924.795776;0.274466;0.000000;0.000000;0.000000;0.000000;2.000000;175.800232;-388.957336;1859.618896;0.360937;0.000000;0.000000;0.000000;0.000000;2.000000;262.772766;-155.555481;1839.866821;0.664732;0.000000;0.000000;0.000000;0.000000;2.000000;330.891296;-74.157898;1869.862915;0.885817;0.000000;0.000000;0.000000;0.000000;2.000000;294.875427;32.847614;1874.226685;1.038159;0.000000;0.000000;0.000000;0.000000;2.000000;321.727234;-45.759155;1856.781006;0.893599;0.000000;0.000000;0.000000;0.000000;2.000000;-74.453857;-139.613800;2061.302002;0.104708;0.000000;0.000000;0.000000;0.000000;2.000000;-19.113647;280.664734;2102.292725;0.458608;0.000000;0.000000;0.000000;0.000000;2.000000;-53.703369;676.253357;2013.000977;0.791488;0.000000;0.000000;0.000000;0.000000;2.000000;38.904846;822.490906;2111.776855;1.512905;0.000000;0.000000;0.000000;0.000000;2.000000;67.138306;-159.365692;1944.721436;0.094424;0.000000;0.000000;0.000000;0.000000;2.000000;198.506287;236.616104;2027.953369;0.441286;0.000000;0.000000;0.000000;0.000000;2.000000;282.593811;636.902710;2071.121338;1.121723;0.000000;0.000000;0.000000;0.000000;2.000000;427.919861;725.960449;2138.726563;2.256536;0.000000;0.000000;0.000000;0.000000;2.000000;-42.582214;-803.071106;2070.082764;0.392719;0.000000;0.000000;0.000000;0.000000;2.000000;28.278564;-829.931030;2223.311768;0.401332;0.000000;0.000000;0.000000;0.000000;2.000000;-15.661316;-866.619141;2206.917480;0.395632;0.000000;0.000000;0.000000;0.000000;2.000000;-122.657654;-857.493103;2125.331055;0.369217;0.000000;0.000000;0.000000;0.000000;2.000000;35.875427;-869.915649;2186.259766;0.405245;0.000000;0.000000;0.000000;0.000000;2.000000;33.776978;-882.315308;2047.445801;0.466148;0.000000;0.000000;0.000000;0.000000;2.000000;13057099776.000000
0.000000;-150.000000;2000.000000;0.000000;0.000000;0.000000;0.000000;0.000000;2.000000;-8.716187;-339.500092;2019.659180;0.067994;0.000000;0.000000;0.000000;0.000000;2.000000;-21.330200;-491.185516;2028.551270;0.086370;0.000000;0.000000;0.000000;0.000000;2.000000;-36.087158;-721.848022;2049.554199;0.266989;0.000000;0.000000;0.000000;0.000000;2.000000;-60.746521;-680.182373;2069.588379;0.242776;0.000000;0.000000;0.000000;0.000000;2.000000;-175.291687;-614.326538;2146.369629;0.254312;0.000000;0.000000;0.000000;0.000000;2.000000;-149.450317;-329.400818;2219.971680;0.317147;0.000000;0.000000;0.000000;0.000000;2.000000;-86.382507;-101.268188;2293.814209;0.534022;0.000000;0.000000;0.000000;0.000000;2.000000;7.796875;-91.372864;2334.168213;0.533580;0.000000;0.000000;0.000000;0.000000;1.000000;120.944946;-91.691750;2357.408691;0.448845;0.000000;0.000000;0.000000;0.000000;1.000000;48.868896;-123.946243;2357.085938;0.347818;0.000000;0.000000;0.000000;0.000000;1.000000;-8.163574;-687.327393;2021.014771;0.226068;0.000000;0.000000;0.000000;0.000000;2.000000;80.588318;-657.381958;1916.178711;0.365007;0.000000;0.000000;0.000000;0.000000;2.000000;171.582886;-376.020660;1859.994385;0.402815;0.000000;0.000000;0.000000;0.000000;2.000000;255.061157;-140.736069;1833.282227;0.531387;0.000000;0.000000;0.000000;0.000000;2.000000;321.642944;-67.520996;1883.190063;0.518671;0.000000;0.000000;0.000000;0.000000;2.000000;273.579468;35.260654;1879.069946;0.650233;0.000000;0.000000;0.000000;0.000000;2.000000;306.657227;-27.096445;1860.333618;0.717601;0.000000;0.000000;0.000000;0.000000;2.000000;-74.854370;-140.160934;2061.653809;0.022606;0.000000;0.000000;0.000000;0.000000;2.000000;-7.438232;279.671631;2110.082031;0.416381;0.000000;0.000000;0.000000;0.000000;2.000000;-32.105835;677.529907;2018.543945;0.660926;0.000000;0.000000;0.000000;0.000000;2.000000;43.352417;831.231567;2122.411621;0.428103;0.000000;0.000000;0.000000;0.000000;1.000000;67.499390;-158.872314;1944.404297;0.020382;0.000000;0.000000;0.000000;0.000000;2.000000;199.614990;240.511948;2020.517700;0.250573;0.000000;0.000000;0.000000;0.000000;2.000000;260.017822;648.882324;2040.566162;1.178821;0.000000;0.000000;0.000000;0.000000;2.000000;405.895752;742.547119;2102.988770;1.335737;0.000000;0.000000;0.000000;0.000000;2.000000;-31.816528;-807.125977;2067.853516;0.346768;0.000000;0.000000;0.000000;0.000000;2.000000;54.466553;-830.133423;2214.595947;0.816792;0.000000;0.000000;0.000000;0.000000;2.000000;6.652344;-864.891113;2205.329590;0.663966;0.000000;0.000000;0.000000;0.000000;2.000000;-108.640381;-853.270874;2135.057861;0.520128;0.000000;0.000000;0.000000;0.000000;2.000000;55.505371;-872.729248;2179.333496;0.621607;0.000000;0.000000;0.000000;0.000000;2.000000;37.063843;-892.742432;2041.940674;0.362237;0.000000;0.000000;0.000000;0.000000;2.000000;13057133568.000000
0.000000;-150.000000;2000.000000;0.000000;0.000000;0.000000;0.000000;0.000000;2.000000;-6.966492;-341.177673;2013.667236;0.197256;0.000000;0.000000;0.000000;0.000000;2.000000;-16.471558;-494.054932;2020.581665;0.298003;0.000000;0.000000;0.000000;0.000000;2.000000;-32.087280;-726.248474;2038.350952;0.387075;0.000000;0.000000;0.000000;0.000000;2.000000;-56.311035;-684.552368;2059.591797;0.359411;0.000000;0.000000;0.000000;0.000000;2.000000;-168.856018;-615.654968;2138.356445;0.316256;0.000000;0.000000;0.000000;0.000000;2.000000;-136.099548;-329.134216;2209.685547;0.514399;0.000000;0.000000;0.000000;0.000000;2.000000;-107.442749;-88.905846;2270.012207;1.040688;0.000000;0.000000;0.000000;0.000000;2.000000;-17.186523;-60.111103;2311.733398;1.400085;0.000000;0.000000;0.000000;0.000000;2.000000;65.862854;-5.766787;2372.091553;3.146823;0.000000;0.000000;0.000000;0.000000;2.000000;21.628113;-43.548389;2304.151611;3.052966;0.000000;0.000000;0.000000;0.000000;2.000000;-4.352722;-691.220398;2009.693481;0.383417;0.000000;0.000000;0.000000;0.000000;2.000000;82.253784;-653.158813;1904.629517;0.378704;0.000000;0.000000;0.000000;0.000000;2.000000;169.146973;-366.137756;1863.467407;0.328213;0.000000;0.000000;0.000000;0.000000;2.000000;245.328247;-126.659103;1838.961792;0.550289;0.000000;0.000000;0.000000;0.000000;2.000000;313.473877;-57.031013;1893.104614;0.506143;0.000000;0.000000;0.000000;0.000000;2.000000;259.405151;39.323917;1864.307617;0.636749;0.000000;0.000000;0.000000;0.000000;2.000000;279.904175;2.004519;1848.575439;1.258585;0.000000;0.000000;0.000000;0.000000;2.000000;-69.811035;-142.565552;2068.409180;0.267534;0.000000;0.000000;0.000000;0.000000;2.000000;8.899536;278.720093;2107.710938;0.504649;0.000000;0.000000;0.000000;0.000000;2.000000;-14.152710;680.224854;2021.490967;0.561277;0.000000;0.000000;0.000000;0.000000;2.000000;78.180908;823.433655;2128.850586;1.106779;0.000000;0.000000;0.000000;0.000000;1.000000;62.951599;-156.703964;1938.312744;0.241246;0.000000;0.000000;0.000000;0.000000;2.000000;199.957642;243.336975;2015.899170;0.165553;0.000000;0.000000;0.000000;0.000000;2.000000;212.887695;658.731323;2010.463501;1.732910;0.000000;0.000000;0.000000;0.000000;2.000000;365.540894;763.263611;2020.666870;2.868422;0.000000;0.000000;0.000000;0.000000;2.000000;-27.890930;-812.304443;2055.334961;0.430440;0.000000;0.000000;0.000000;0.000000;2.000000;51.405518;-831.423523;2207.610352;0.236059;0.000000;0.000000;0.000000;0.000000;2.000000;3.805237;-866.627014;2196.858887;0.277814;0.000000;0.000000;0.000000;0.000000;2.000000;-108.466125;-856.881958;2120.219971;0.466064;0.000000;0.000000;0.000000;0.000000;2.000000;54.164368;-875.202698;2173.415039;0.199988;0.000000;0.000000;0.000000;0.000000;2.000000;42.491333;-899.061707;2035.090088;0.329139;0.000000;0.000000;0.000000;0.000000;2.000000;13057166336.000000
0.000000;-150.000000;2000.000000;0.000000;0.000000;0.000000;0.000000;0.000000;2.000000;-12.897949;-340.520142;2008.974731;0.224660;0.000000;0.000000;0.000000;0.000000;2.000000;-22.637573;-492.841187;2016.724487;0.218207;0.000000;0.000000;0.000000;0.000000;2.000000;-38.977295;-724.120117;2035.749756;0.226860;0.000000;0.000000;0.000000;0.000000;2.000000;-62.185974;-682.345825;2057.537598;0.195410;0.000000;0.000000;0.000000;0.000000;2.000000;-168.896484;-605.823792;2136.408691;0.296589;0.000000;0.000000;0.000000;0.000000;2.000000;-155.460266;-318.683838;2207.476563;0.654347;0.000000;0.000000;0.000000;0.000000;2.000000;-91.374329;-91.881180;2286.337891;0.683571;0.000000;0.000000;0.000000;0.000000;2.000000;-37.963196;-42.783600;2359.706543;1.629845;0.000000;0.000000;0.000000;0.000000;2.000000;33.081970;12.136425;2432.796875;2.109252;0.000000;0.000000;0.000000;0.000000;2.000000;-4.394226;-0.185285;2316.599854;1.541237;0.000000;0.000000;0.000000;0.000000;2.000000;-12.061768;-689.467834;2006.188477;0.255915;0.000000;0.000000;0.000000;0.000000;2.000000;74.606567;-649.251709;1902.607788;0.261076;0.000000;0.000000;0.000000;0.000000;2.000000;153.015442;-361.599731;1856.370117;0.538550;0.000000;0.000000;0.000000;0.000000;2.000000;227.108398;-121.475769;1842.587891;0.570749;0.000000;0.000000;0.000000;0.000000;2.000000;297.091187;-55.973923;1898.751953;0.513759;0.000000;0.000000;0.000000;0.000000;2.000000;257.589111;47.923100;1874.315796;0.394160;0.000000;0.000000;0.000000;0.000000;2.000000;260.092773;11.153515;1888.013916;1.333841;0.000000;0.000000;0.000000;0.000000;2.000000;-68.983154;-142.091934;2068.737793;0.029853;0.000000;0.000000;0.000000;0.000000;2.000000;10.902588;277.105225;2112.419922;0.158797;0.000000;0.000000;0.000000;0.000000;2.000000;-6.917725;678.765320;2032.282715;0.386905;0.000000;0.000000;0.000000;0.000000;2.000000;92.031311;806.567871;2151.328613;0.927134;0.000000;0.000000;0.000000;0.000000;1.000000;62.205078;-157.131042;1938.016113;0.026923;0.000000;0.000000;0.000000;0.000000;2.000000;183.838013;247.819611;2007.590576;0.552815;0.000000;0.000000;0.000000;0.000000;2.000000;170.727661;660.470093;1973.345825;1.663056;0.000000;0.000000;0.000000;0.000000;2.000000;328.895386;751.403809;2002.062866;1.265817;0.000000;0.000000;0.000000;0.000000;2.000000;-34.754028;-809.861450;2052.840332;0.227871;0.000000;0.000000;0.000000;0.000000;2.000000;17.208435;-842.120972;2213.794434;1.076022;0.000000;0.000000;0.000000;0.000000;2.000000;-27.907471;-875.375610;2192.445313;0.982246;0.000000;0.000000;0.000000;0.000000;2.000000;-125.132935;-857.664368;2099.246582;0.793108;0.000000;0.000000;0.000000;0.000000;2.000000;25.485168;-883.024292;2177.300293;0.887177;0.000000;0.000000;0.000000;0.000000;2.000000;37.349365;-895.810181;2037.995117;0.199508;0.000000;0.000000;0.000000;0.000000;2.000000;13057200128.000000
0.000000;-150.000000;2000.000000;0.000000;0.000000;0.000000;0.000000;0.000000;2.000000;-9.845764;-339.366394;2006.863525;0.118604;0.000000;0.000000;0.000000;0.000000;2.000000;-18.182983;-490.745605;2011.921265;0.209897;0.000000;0.000000;0.000000;0.000000;2.000000;-32.202515;-720.438782;2030.948242;0.277197;0.000000;0.000000;0.000000;0.000000;2.000000;-54.725220;-679.164063;2053.458740;0.277061;0.000000;0.000000;0.000000;0.000000;2.000000;-157.319275;-606.330383;2138.814941;0.361190;0.000000;0.000000;0.000000;0.000000;2.000000;-152.965881;-319.173462;2201.298096;0.203887;0.000000;0.000000;0.000000;0.000000;2.000000;-100.449890;-87.265137;2266.960938;0.668007;0.000000;0.000000;0.000000;0.000000;2.000000;-52.661377;-33.514809;2339.870117;0.804780;0.000000;0.000000;0.000000;0.000000;2.000000;14.520569;24.281752;2413.037354;0.906569;0.000000;0.000000;0.000000;0.000000;2.000000;-26.177979;8.966335;2294.491699;0.987494;0.000000;0.000000;0.000000;0.000000;2.000000;-6.778625;-685.819763;2000.735718;0.257060;0.000000;0.000000;0.000000;0.000000;2.000000;75.304382;-651.999634;1892.651245;0.315928;0.000000;0.000000;0.000000;0.000000;2.000000;150.682007;-365.672852;1847.742920;0.299731;0.000000;0.000000;0.000000;0.000000;2.000000;225.897034;-127.466736;1846.355591;0.219121;0.000000;0.000000;0.000000;0.000000;2.000000;300.119568;-70.375458;1904.590698;0.483168;0.000000;0.000000;0.000000;0.000000;2.000000;254.451355;32.155880;1891.859741;0.726191;0.000000;0.000000;0.000000;0.000000;2.000000;275.203796;-14.934002;1917.607422;1.289228;0.000000;0.000000;0.000000;0.000000;2.000000;-65.512451;-144.011276;2071.252930;0.143321;0.000000;0.000000;0.000000;0.000000;2.000000;29.376709;269.239685;2110.123047;0.616754;0.000000;0.000000;0.000000;0.000000;2.000000;18.702087;669.368469;2036.879761;0.844520;0.000000;0.000000;0.000000;0.000000;2.000000;123.419067;797.157959;2148.252441;1.004395;0.000000;0.000000;0.000000;0.000000;1.000000;59.075500;-155.400299;1935.748047;0.129237;0.000000;0.000000;0.000000;0.000000;2.000000;179.780762;248.038620;1995.484619;0.389698;0.000000;0.000000;0.000000;0.000000;2.000000;109.289612;649.178589;1938.904785;2.176893;0.000000;0.000000;0.000000;0.000000;2.000000;249.257629;766.863403;1951.740601;2.913350;0.000000;0.000000;0.000000;0.000000;2.000000;-26.846680;-805.540283;2047.594238;0.318204;0.000000;0.000000;0.000000;0.000000;2.000000;59.012451;-824.505554;2194.143066;1.508709;0.000000;0.000000;0.000000;0.000000;2.000000;10.947998;-858.724792;2186.225586;1.303955;0.000000;0.000000;0.000000;0.000000;2.000000;-103.750000;-848.023865;2116.160645;0.882509;0.000000;0.000000;0.000000;0.000000;2.000000;59.380249;-868.094360;2160.560547;1.240380;0.000000;0.000000;0.000000;0.000000;2.000000;40.442566;-892.511169;2024.680176;0.429137;0.000000;0.000000;0.000000;0.000000;2.000000;13057232896.000000
0.000000;-150.000000;2000.000000;0.000000;0.000000;0.000000;0.000000;0.000000;2.000000;-12.547485;-335.094788;2002.879150;0.190457;0.000000;0.000000;0.000000;0.000000;2.000000;-25.519775;-482.857880;2002.545898;0.422610;0.000000;0.000000;0.000000;0.000000;2.000000;-39.376221;-707.483887;2020.767578;0.531796;0.000000;0.000000;0.000000;0.000000;2.000000;-60.861877;-667.139282;2043.332520;0.499404;0.000000;0.000000;0.000000;0.000000;2.000000;-158.032715;-603.665039;2136.239746;0.111690;0.000000;0.000000;0.000000;0.000000;2.000000;-150.195557;-322.919556;2197.207520;0.183477;0.000000;0.000000;0.000000;0.000000;2.000000;-100.291321;-94.913399;2258.092041;0.346600;0.000000;0.000000;0.000000;0.000000;2.000000;-75.720886;-7.810651;2300.968262;1.539338;0.000000;0.000000;0.000000;0.000000;2.000000;0.626831;53.357300;2356.267090;1.931774;0.000000;0.000000;0.000000;0.000000;2.000000;-39.974731;14.207178;2264.167969;0.998004;0.000000;0.000000;0.000000;0.000000;2.000000;-15.032166;-673.601196;1990.832397;0.525629;0.000000;0.000000;0.000000;0.000000;2.000000;64.929443;-647.101318;1883.081787;0.442120;0.000000;0.000000;0.000000;0.000000;2.000000;143.413269;-368.336029;1839.705078;0.330240;0.000000;0.000000;0.000000;0.000000;2.000000;222.748352;-137.349197;1843.904297;0.315391;0.000000;0.000000;0.000000;0.000000;2.000000;287.696960;-88.088013;1914.486328;0.704022;0.000000;0.000000;0.000000;0.000000;2.000000;265.987488;18.004902;1892.712280;0.540876;0.000000;0.000000;0.000000;0.000000;2.000000;251.861267;-27.578100;1934.045288;0.924011;0.000000;0.000000;0.000000;0.000000;2.000000;-62.961121;-144.632034;2070.708252;0.079358;0.000000;0.000000;0.000000;0.000000;2.000000;36.669312;257.073639;2116.012207;0.454495;0.000000;0.000000;0.000000;0.000000;2.000000;26.761108;647.387573;2039.318726;0.696567;0.000000;0.000000;0.000000;0.000000;2.000000;113.183594;813.543091;2093.015137;1.731722;0.000000;0.000000;0.000000;0.000000;2.000000;56.774780;-154.840515;1936.239258;0.071563;0.000000;0.000000;0.000000;0.000000;2.000000;166.263611;243.536453;1984.001343;0.541515;0.000000;0.000000;0.000000;0.000000;2.000000;62.308838;623.348145;1902.699341;1.914460;0.000000;0.000000;0.000000;0.000000;2.000000;113.213318;795.034546;1910.781372;4.286294;0.000000;0.000000;0.000000;0.000000;2.000000;-34.008362;-790.759155;2036.694580;0.583342;0.000000;0.000000;0.000000;0.000000;2.000000;60.062866;-839.049194;2166.103516;0.935262;0.000000;0.000000;0.000000;0.000000;2.000000;11.573853;-869.532715;2155.706543;0.958284;0.000000;0.000000;0.000000;0.000000;2.000000;-105.119690;-843.757690;2100.021973;0.495653;0.000000;0.000000;0.000000;0.000000;2.000000;56.555420;-874.198242;2125.514893;1.056026;0.000000;0.000000;0.000000;0.000000;2.000000;27.156433;-870.575439;1992.511597;1.217453;0.000000;0.000000;0.000000;0.000000;2.000000;13057266688.000000
0.000000;-150.000000;2000.000000;0.000000;0.000000;0.000000;0.000000;0.000000;2.000000;-13.643860;-333.723572;1996.925171;0.183695;0.000000;0.000000;0.000000;0.000000;2.000000;-30.322388;-479.883850;1989.364014;0.424398;0.000000;0.000000;0.000000;0.000000;2.000000;-42.633606;-702.688416;2011.335449;0.327629;0.000000;0.000000;0.000000;0.000000;2.000000;-63.778320;-662.363831;2033.458130;0.335867;0.000000;0.000000;0.000000;0.000000;2.000000;-151.869446;-598.364685;2133.165039;0.257191;0.000000;0.000000;0.000000;0.000000;2.000000;-151.098511;-319.238831;2192.687500;0.174557;0.000000;0.000000;0.000000;0.000000;2.000000;-122.992615;-88.431198;2250.288086;0.735826;0.000000;0.000000;0.000000;0.000000;2.000000;-101.719666;3.770632;2280.892090;1.030711;0.000000;0.000000;0.000000;0.000000;2.000000;-16.996521;71.454292;2307.251953;1.631787;0.000000;0.000000;0.000000;0.000000;2.000000;-49.806824;22.816879;2249.041992;0.591554;0.000000;0.000000;0.000000;0.000000;2.000000;-19.152466;-669.417603;1980.642822;0.348023;0.000000;0.000000;0.000000;0.000000;2.000000;66.998962;-650.322815;1877.390625;0.202987;0.000000;0.000000;0.000000;0.000000;2.000000;139.218445;-373.725220;1824.060547;0.505155;0.000000;0.000000;0.000000;0.000000;2.000000;221.579712;-146.895172;1848.688965;0.317877;0.000000;0.000000;0.000000;0.000000;2.000000;294.088989;-101.702095;1913.234253;0.446615;0.000000;0.000000;0.000000;0.000000;2.000000;284.003296;7.280064;1905.910767;0.733156;0.000000;0.000000;0.000000;0.000000;2.000000;247.108398;-43.026146;1950.869507;0.690398;0.000000;0.000000;0.000000;0.000000;2.000000;-62.100159;-146.571732;2070.711426;0.062802;0.000000;0.000000;0.000000;0.000000;2.000000;39.879211;249.977798;2128.145020;0.426649;0.000000;0.000000;0.000000;0.000000;2.000000;25.099854;635.647583;2043.428589;0.371361;0.000000;0.000000;0.000000;0.000000;2.000000;129.337097;795.221863;2076.681152;0.869546;0.000000;0.000000;0.000000;0.000000;2.000000;55.998474;-153.091415;1936.236572;0.056630;0.000000;0.000000;0.000000;0.000000;2.000000;141.965637;248.593033;1979.149048;0.748356;0.000000;0.000000;0.000000;0.000000;2.000000;-8.346130;608.716736;1894.555542;2.148797;0.000000;0.000000;0.000000;0.000000;2.000000;41.973816;779.415588;1898.848633;2.186948;0.000000;0.000000;0.000000;0.000000;2.000000;-36.608398;-785.089172;2028.403198;0.307047;0.000000;0.000000;0.000000;0.000000;2.000000;49.917542;-844.891357;2156.773438;0.443012;0.000000;0.000000;0.000000;0.000000;2.000000;1.860291;-873.339172;2141.843262;0.513444;0.000000;0.000000;0.000000;0.000000;2.000000;-110.891235;-841.251465;2083.536377;0.522182;0.000000;0.000000;0.000000;0.000000;2.000000;47.820984;-876.393494;2113.664063;0.440477;0.000000;0.000000;0.000000;0.000000;2.000000;24.947998;-861.710693;1981.105103;0.432469;0.000000;0.000000;0.000000;0.000000;2.000000;13057300480.000000
0.000000;-150.000000;2000.000000;0.000000;0.000000;0.000000;0.000000;0.000000;2.000000;-18.111938;-333.012817;1992.736694;0.188153;0.000000;0.000000;0.000000;0.000000;2.000000;-37.562317;-478.500488;1982.491333;0.307553;0.000000;0.000000;0.000000;0.000000;2.000000;-47.931030;-701.042603;2005.555176;0.244489;0.000000;0.000000;0.000000;0.000000;2.000000;-68.933044;-660.816162;2027.863037;0.236922;0.000000;0.000000;0.000000;0.000000;2.000000;-151.532593;-596.542908;2131.763184;0.070900;0.000000;0.000000;0.000000;0.000000;2.000000;-157.622253;-317.742920;2190.984619;0.210763;0.000000;0.000000;0.000000;0.000000;2.000000;-121.512451;-88.559387;2249.494385;0.051404;0.000000;0.000000;0.000000;0.000000;2.000000;-113.926941;8.997133;2266.626953;0.594762;0.000000;0.000000;0.000000;0.000000;2.000000;-37.408875;70.808701;2319.072754;0.720119;0.000000;0.000000;0.000000;0.000000;2.000000;-66.874756;17.525951;2225.806396;0.894535;0.000000;0.000000;0.000000;0.000000;2.000000;-25.255249;-667.777588;1974.349365;0.272174;0.000000;0.000000;0.000000;0.000000;2.000000;57.513306;-642.684937;1869.819824;0.437618;0.000000;0.000000;0.000000;0.000000;2.000000;132.189758;-366.784180;1818.048828;0.352899;0.000000;0.000000;0.000000;0.000000;2.000000;219.682495;-143.492233;1852.643066;0.169405;0.000000;0.000000;0.000000;0.000000;2.000000;296.770813;-99.842094;1912.582153;0.101569;0.000000;0.000000;0.000000;0.000000;2.000000;284.764832;9.040518;1915.063232;0.285379;0.000000;0.000000;0.000000;0.000000;2.000000;261.539612;-39.080994;1944.017456;0.502174;0.000000;0.000000;0.000000;0.000000;2.000000;-62.302917;-146.627945;2070.395508;0.011584;0.000000;0.000000;0.000000;0.000000;2.000000;59.152344;244.508789;2123.599609;0.626930;0.000000;0.000000;0.000000;0.000000;2.000000;72.479126;624.609680;2018.076538;1.674121;0.000000;0.000000;0.000000;0.000000;2.000000;178.882263;778.788940;2065.605957;1.628456;0.000000;0.000000;0.000000;0.000000;2.000000;56.181335;-153.040710;1936.521240;0.010441;0.000000;0.000000;0.000000;0.000000;2.000000;113.087708;254.630753;1964.246094;1.008691;0.000000;0.000000;0.000000;0.000000;2.000000;-66.428772;600.962280;1881.103760;1.834783;0.000000;0.000000;0.000000;0.000000;2.000000;-28.212646;772.966614;1905.025757;2.159188;0.000000;0.000000;0.000000;0.000000;2.000000;-41.042114;-783.236816;2022.827148;0.224634;0.000000;0.000000;0.000000;0.000000;2.000000;64.714478;-834.369629;2139.795898;0.758589;0.000000;0.000000;0.000000;0.000000;2.000000;12.526611;-859.064758;2138.878418;0.551279;0.000000;0.000000;0.000000;0.000000;2.000000;-106.670288;-822.906921;2099.018066;0.743791;0.000000;0.000000;0.000000;0.000000;2.000000;51.282043;-870.910706;2103.283691;0.373503;0.000000;0.000000;0.000000;0.000000;2.000000;3.022461;-871.732727;1977.029053;0.746144;0.000000;0.000000;0.000000;0.000000;2.000000;13057333248.000000
0.000000;-150.000000;2000.000000;0.000000;0.000000;0.000000;0.000000;0.000000;2.000000;-17.440918;-334.282471;1989.082153;0.116198;0.000000;0.000000;0.000000;0.000000;2.000000;-33.285095;-481.307983;1978.705444;0.188350;0.000000;0.000000;0.000000;0.000000;2.000000;-36.633972;-705.986877;1999.351685;0.408501;0.000000;0.000000;0.000000;0.000000;2.000000;-58.487671;-666.374573;2022.773682;0.381166;0.000000;0.000000;0.000000;0.000000;2.000000;-143.204224;-600.232971;2125.360840;0.329489;0.000000;0.000000;0.000000;0.000000;2.000000;-150.507813;-320.123962;2188.450684;0.234336;0.000000;0.000000;0.000000;0.000000;2.000000;-142.006958;-86.105118;2245.682129;0.621154;0.000000;0.000000;0.000000;0.000000;2.000000;-139.606628;12.837925;2260.551758;0.789139;0.000000;0.000000;0.000000;0.000000;2.000000;-63.385315;70.786499;2319.247559;0.768733;0.000000;0.000000;0.000000;0.000000;2.000000;-93.056763;24.713551;2223.075684;0.807518;0.000000;0.000000;0.000000;0.000000;2.000000;-15.464417;-671.439148;1967.858154;0.364128;0.000000;0.000000;0.000000;0.000000;2.000000;60.681091;-637.213989;1859.628174;0.354911;0.000000;0.000000;0.000000;0.000000;2.000000;133.900085;-357.814819;1812.503052;0.316145;0.000000;0.000000;0.000000;0.000000;2.000000;233.202820;-139.074738;1855.917969;0.431932;0.000000;0.000000;0.000000;0.000000;2.000000;319.571533;-101.951424;1908.594360;0.687818;0.000000;0.000000;0.000000;0.000000;2.000000;298.106812;6.331951;1908.341919;0.449305;0.000000;0.000000;0.000000;0.000000;2.000000;287.326416;-39.209904;1949.742065;0.781691;0.000000;0.000000;0.000000;0.000000;2.000000;-61.933289;-148.387268;2071.715820;0.066006;0.000000;0.000000;0.000000;0.000000;2.000000;74.629211;240.469559;2128.931641;0.498952;0.000000;0.000000;0.000000;0.000000;2.000000;48.060242;620.385498;2014.529175;0.740831;0.000000;0.000000;0.000000;0.000000;2.000000;150.614197;782.478760;2048.017822;0.991266;0.000000;0.000000;0.000000;0.000000;2.000000;55.847961;-151.454269;1935.330566;0.059522;0.000000;0.000000;0.000000;0.000000;2.000000;88.359802;262.660583;1949.892334;0.878850;0.000000;0.000000;0.000000;0.000000;2.000000;-128.001770;595.284424;1886.462280;1.836706;0.000000;0.000000;0.000000;0.000000;2.000000;-94.098328;770.890808;1896.768188;1.965956;0.000000;0.000000;0.000000;0.000000;2.000000;-26.889771;-788.754883;2015.565552;0.498240;0.000000;0.000000;0.000000;0.000000;2.000000;75.709229;-837.677246;2137.932129;0.344217;0.000000;0.000000;0.000000;0.000000;2.000000;24.183960;-864.432983;2134.239258;0.403845;0.000000;0.000000;0.000000;0.000000;2.000000;-95.099182;-831.935486;2088.670410;0.531419;0.000000;0.000000;0.000000;0.000000;2.000000;65.314270;-874.549072;2100.195801;0.438609;0.000000;0.000000;0.000000;0.000000;2.000000;22.906128;-875.731934;1970.794800;0.627911;0.000000;0.000000;0.000000;0.000000;2.000000;13057367040.000000
0.000000;-150.000000;2000.000000;0.000000;0.000000;0.000000;0.000000;0.000000;2.000000;-9.929810;-334.987244;1983.175903;0.292392;0.000000;0.000000;0.000000;0.000000;2.000000;-22.673401;-482.148071;1965.966553;0.506622;0.000000;0.000000;0.000000;0.000000;2.000000;-23.883667;-707.343689;1988.926147;0.504328;0.000000;0.000000;0.000000;0.000000;2.000000;-45.664612;-667.543823;2012.449585;0.503665;0.000000;0.000000;0.000000;0.000000;2.000000;-132.347168;-602.083679;2114.513672;0.471753;0.000000;0.000000;0.000000;0.000000;2.000000;-143.498840;-322.954346;2185.093262;0.252410;0.000000;0.000000;0.000000;0.000000;2.000000;-153.086548;-88.666702;2244.247559;0.349792;0.000000;0.000000;0.000000;0.000000;2.000000;-140.647156;9.766940;2259.620605;0.102952;0.000000;0.000000;0.000000;0.000000;2.000000;-66.953003;73.689674;2315.978027;0.172219;0.000000;0.000000;0.000000;0.000000;2.000000;-102.992554;25.917109;2227.479980;0.333699;0.000000;0.000000;0.000000;0.000000;2.000000;-3.522034;-672.839050;1956.597900;0.502729;0.000000;0.000000;0.000000;0.000000;2.000000;72.685669;-637.221436;1848.312500;0.503452;0.000000;0.000000;0.000000;0.000000;2.000000;136.690796;-355.741394;1794.812256;0.550207;0.000000;0.000000;0.000000;0.000000;2.000000;234.913208;-139.000626;1852.670776;0.112026;0.000000;0.000000;0.000000;0.000000;2.000000;329.103821;-102.114685;1890.800537;0.616056;0.000000;0.000000;0.000000;0.000000;2.000000;319.114563;7.693853;1901.087769;0.679524;0.000000;0.000000;0.000000;0.000000;2.000000;309.725708;-51.511501;1943.847168;0.800357;0.000000;0.000000;0.000000;0.000000;2.000000;-58.878235;-153.620331;2074.557617;0.204249;0.000000;0.000000;0.000000;0.000000;2.000000;90.743896;233.647049;2117.802002;0.632898;0.000000;0.000000;0.000000;0.000000;2.000000;88.608093;626.976868;2051.303955;1.682612;0.000000;0.000000;0.000000;0.000000;2.000000;194.052795;791.357239;2055.109131;1.370245;0.000000;0.000000;0.000000;0.000000;2.000000;53.093079;-146.735397;1932.768311;0.184176;0.000000;0.000000;0.000000;0.000000;2.000000;63.494080;269.952515;1943.771973;0.812556;0.000000;0.000000;0.000000;0.000000;2.000000;-176.229187;591.394287;1902.437744;1.554969;0.000000;0.000000;0.000000;0.000000;2.000000;-144.826904;767.132751;1881.772217;1.618408;0.000000;0.000000;0.000000;0.000000;2.000000;-13.154968;-790.133240;2005.807129;0.515893;0.000000;0.000000;0.000000;0.000000;2.000000;88.454773;-832.694702;2132.040527;0.454687;0.000000;0.000000;0.000000;0.000000;2.000000;36.618103;-859.380798;2129.456299;0.434818;0.000000;0.000000;0.000000;0.000000;2.000000;-82.453186;-828.722656;2080.942871;0.462780;0.000000;0.000000;0.000000;0.000000;2.000000;78.080933;-871.738525;2096.291748;0.416348;0.000000;0.000000;0.000000;0.000000;2.000000;36.568298;-880.140686;1966.413452;0.458057;0.000000;0.000000;0.000000;0.000000;2.000000;13057399808.000000
0.000000;-150.000000;2000.000000;0.000000;0.000000;0.000000;0.000000;0.000000;2.000000;-7.527710;-330.658813;1976.594238;0.243712;0.000000;0.000000;0.000000;0.000000;2.000000;-18.946289;-474.239471;1954.233643;0.433005;0.000000;0.000000;0.000000;0.000000;2.000000;-23.697876;-695.530029;1969.591187;0.670548;0.000000;0.000000;0.000000;0.000000;2.000000;-43.635132;-656.921143;1994.511230;0.619858;0.000000;0.000000;0.000000;0.000000;2.000000;-120.496277;-601.129395;2105.518311;0.441192;0.000000;0.000000;0.000000;0.000000;2.000000;-137.630676;-329.099518;2179.427734;0.302219;0.000000;0.000000;0.000000;0.000000;2.000000;-142.258118;-101.018028;2243.778320;0.486287;0.000000;0.000000;0.000000;0.000000;2.000000;-141.404114;-3.946641;2259.918945;0.406537;0.000000;0.000000;0.000000;0.000000;2.000000;-67.099182;56.562603;2314.797363;0.508059;0.000000;0.000000;0.000000;0.000000;2.000000;-93.737671;6.498075;2220.112549;0.672890;0.000000;0.000000;0.000000;0.000000;2.000000;-4.008545;-661.050903;1938.452026;0.640512;0.000000;0.000000;0.000000;0.000000;2.000000;70.444519;-629.888062;1830.987183;0.560678;0.000000;0.000000;0.000000;0.000000;2.000000;144.781677;-356.181396;1782.392456;0.438840;0.000000;0.000000;0.000000;0.000000;2.000000;238.505066;-143.458862;1842.225830;0.352483;0.000000;0.000000;0.000000;0.000000;2.000000;335.026794;-103.391953;1859.697266;0.937735;0.000000;0.000000;0.000000;0.000000;2.000000;340.860229;1.314825;1887.698242;0.778940;0.000000;0.000000;0.000000;0.000000;2.000000;317.789978;-58.083412;1932.343018;0.458992;0.000000;0.000000;0.000000;0.000000;2.000000;-52.814514;-157.695709;2076.385742;0.222870;0.000000;0.000000;0.000000;0.000000;2.000000;100.837830;220.057281;2109.239014;0.561401;0.000000;0.000000;0.000000;0.000000;2.000000;129.345032;605.553345;2050.407227;1.362320;0.000000;0.000000;0.000000;0.000000;2.000000;235.316284;764.881470;2056.671143;1.451581;0.000000;0.000000;0.000000;0.000000;2.000000;47.625183;-143.060425;1931.119629;0.200973;0.000000;0.000000;0.000000;0.000000;2.000000;31.546753;265.307373;1932.823853;1.008794;0.000000;0.000000;0.000000;0.000000;2.000000;-192.273132;589.422852;1901.706421;0.478846;0.000000;0.000000;0.000000;0.000000;2.000000;-168.334595;763.041504;1884.058960;0.709351;0.000000;0.000000;0.000000;0.000000;2.000000;-14.264038;-777.355103;1983.183960;0.769594;0.000000;0.000000;0.000000;0.000000;2.000000;103.410889;-845.578369;2075.194092;1.780787;0.000000;0.000000;0.000000;0.000000;2.000000;51.142334;-868.589111;2078.437988;1.593240;0.000000;0.000000;0.000000;0.000000;2.000000;-69.728577;-825.219360;2061.288574;0.700594;0.000000;0.000000;0.000000;0.000000;2.000000;83.778809;-876.202271;2036.822144;1.772860;0.000000;0.000000;0.000000;0.000000;2.000000;19.121460;-858.898438;1920.852905;1.574657;0.000000;0.000000;0.000000;0.000000;2.000000;13057433600.000000
0.000000;-150.000000;2000.000000;0.000000;0.000000;0.000000;0.000000;0.000000;2.000000;-6.410095;-331.412598;1982.659790;0.189622;0.000000;0.000000;0.000000;0.000000;2.000000;-20.474487;-475.020569;1961.893799;0.239565;0.000000;0.000000;0.000000;0.000000;2.000000;-29.502136;-696.258301;1976.570068;0.277902;0.000000;0.000000;0.000000;0.000000;2.000000;-48.407532;-657.340210;2001.826538;0.266859;0.000000;0.000000;0.000000;0.000000;2.000000;-125.424500;-601.974609;2112.968262;0.273815;0.000000;0.000000;0.000000;0.000000;2.000000;-131.986633;-332.537109;2197.474609;0.586511;0.000000;0.000000;0.000000;0.000000;2.000000;-138.251068;-106.353600;2268.203369;0.772708;0.000000;0.000000;0.000000;0.000000;2.000000;-130.435425;-8.516169;2275.540283;0.598968;0.000000;0.000000;0.000000;0.000000;2.000000;-54.736450;54.535858;2325.461426;0.502074;0.000000;0.000000;0.000000;0.000000;2.000000;-82.905884;-3.753329;2236.767578;0.682263;0.000000;0.000000;0.000000;0.000000;2.000000;-9.444031;-662.065430;1945.338257;0.269513;0.000000;0.000000;0.000000;0.000000;2.000000;65.442139;-633.193848;1837.509155;0.270366;0.000000;0.000000;0.000000;0.000000;2.000000;145.068176;-360.716400;1790.139282;0.274084;0.000000;0.000000;0.000000;0.000000;2.000000;251.567322;-154.484283;1851.449219;0.592743;0.000000;0.000000;0.000000;0.000000;2.000000;348.667419;-116.688812;1870.776733;0.672515;0.000000;0.000000;0.000000;0.000000;2.000000;352.382202;-9.697935;1888.786621;0.487538;0.000000;0.000000;0.000000;0.000000;2.000000;336.361267;-73.455994;1938.247925;0.757474;0.000000;0.000000;0.000000;0.000000;2.000000;-57.375427;-154.976700;2073.275635;0.187795;0.000000;0.000000;0.000000;0.000000;2.000000;109.683777;216.990845;2107.457031;0.290846;0.000000;0.000000;0.000000;0.000000;2.000000;164.208435;603.595337;2085.276367;1.505957;0.000000;0.000000;0.000000;0.000000;2.000000;278.667725;754.651733;2112.604492;2.182067;0.000000;0.000000;0.000000;0.000000;2.000000;51.737976;-145.512283;1933.924072;0.169343;0.000000;0.000000;0.000000;0.000000;2.000000;-5.252930;259.154175;1942.525513;1.176491;0.000000;0.000000;0.000000;0.000000;2.000000;-216.413757;593.027100;1932.410400;1.197011;0.000000;0.000000;0.000000;0.000000;2.000000;-169.924438;761.318359;1908.868164;0.760490;0.000000;0.000000;0.000000;0.000000;2.000000;-21.569153;-778.315430;1989.796021;0.302118;0.000000;0.000000;0.000000;0.000000;2.000000;110.095276;-840.719971;2065.599121;0.386440;0.000000;0.000000;0.000000;0.000000;2.000000;60.532593;-868.496582;2072.308594;0.342226;0.000000;0.000000;0.000000;0.000000;2.000000;-64.688171;-835.296143;2069.577637;0.426871;0.000000;0.000000;0.000000;0.000000;2.000000;89.352783;-870.792603;2027.364502;0.373489;0.000000;0.000000;0.000000;0.000000;2.000000;12.136658;-852.906006;1919.419556;0.284242;0.000000;0.000000;0.000000;0.000000;2.000000;13057466368.000000
0.000000;-150.000000;2000.000000;0.000000;0.000000;0.000000;0.000000;0.000000;2.000000;-4.966003;-331.884338;1983.710327;0.054659;0.000000;0.000000;0.000000;0.000000;2.000000;-24.336365;-474.735413;1960.319946;0.123698;0.000000;0.000000;0.000000;0.000000;2.000000;-32.373413;-696.637451;1971.048462;0.184513;0.000000;0.000000;0.000000;0.000000;2.000000;-51.084595;-658.195862;1997.337036;0.156743;0.000000;0.000000;0.000000;0.000000;2.000000;-130.212158;-605.039673;2108.420410;0.215437;0.000000;0.000000;0.000000;0.000000;2.000000;-127.613708;-336.723022;2198.239258;0.180562;0.000000;0.000000;0.000000;0.000000;2.000000;-125.754089;-111.490685;2273.538086;0.429884;0.000000;0.000000;0.000000;0.000000;2.000000;-115.165222;-14.656301;2288.799561;0.625444;0.000000;0.000000;0.000000;0.000000;2.000000;-39.367432;52.397079;2333.525879;0.517507;0.000000;0.000000;0.000000;0.000000;2.000000;-69.805054;-8.597466;2245.143311;0.481963;0.000000;0.000000;0.000000;0.000000;2.000000;-12.856201;-661.734741;1940.113892;0.184917;0.000000;0.000000;0.000000;0.000000;2.000000;60.022583;-635.642883;1829.925293;0.285205;0.000000;0.000000;0.000000;0.000000;2.000000;144.206482;-363.960480;1782.724365;0.240864;0.000000;0.000000;0.000000;0.000000;2.000000;254.058167;-158.134033;1841.103027;0.332927;0.000000;0.000000;0.000000;0.000000;2.000000;350.945923;-123.486877;1867.241821;0.236559;0.000000;0.000000;0.000000;0.000000;2.000000;353.416748;-16.381557;1885.948486;0.217051;0.000000;0.000000;0.000000;0.000000;2.000000;341.501038;-79.602913;1923.580200;0.494602;0.000000;0.000000;0.000000;0.000000;2.000000;-52.672485;-155.448868;2076.897461;0.176216;0.000000;0.000000;0.000000;0.000000;2.000000;101.828735;223.515381;2100.455078;0.366400;0.000000;0.000000;0.000000;0.000000;2.000000;183.670410;606.623901;2097.635498;0.688113;0.000000;0.000000;0.000000;0.000000;2.000000;311.733093;746.757629;2125.207520;1.072906;0.000000;0.000000;0.000000;0.000000;2.000000;47.497131;-145.086502;1930.658447;0.158895;0.000000;0.000000;0.000000;0.000000;2.000000;-28.275879;257.272888;1937.244629;0.701220;0.000000;0.000000;0.000000;0.000000;2.000000;-219.496429;603.911743;1936.636230;0.357370;0.000000;0.000000;0.000000;0.000000;2.000000;-153.491180;766.299133;1916.075195;0.551095;0.000000;0.000000;0.000000;0.000000;2.000000;-23.941284;-779.041321;1982.659424;0.223587;0.000000;0.000000;0.000000;0.000000;2.000000;111.291016;-837.019714;2056.305664;0.298125;0.000000;0.000000;0.000000;0.000000;2.000000;63.704102;-868.701843;2060.370117;0.365597;0.000000;0.000000;0.000000;0.000000;2.000000;-63.775696;-844.346680;2057.898193;0.438088;0.000000;0.000000;0.000000;0.000000;2.000000;93.153687;-865.879822;2015.750732;0.389752;0.000000;0.000000;0.000000;0.000000;2.000000;15.886353;-846.215149;1907.852783;0.410709;0.000000;0.000000;0.000000;0.000000;2.000000;13057500160.000000
0.000000;-150.000000;2000.000000;0.000000;0.000000;0.000000;0.000000;0.000000;2.000000;-10.979797;-332.649963;1975.619873;0.308526;0.000000;0.000000;0.000000;0.000000;2.000000;-33.781982;-476.208527;1950.130737;0.426384;0.000000;0.000000;0.000000;0.000000;2.000000;-34.585510;-700.699585;1958.247681;0.415369;0.000000;0.000000;0.000000;0.000000;2.000000;-53.510986;-662.791016;1986.119873;0.377269;0.000000;0.000000;0.000000;0.000000;2.000000;-130.862549;-599.700806;2095.273926;0.433475;0.000000;0.000000;0.000000;0.000000;2.000000;-134.119720;-329.559265;2188.922363;0.409950;0.000000;0.000000;0.000000;0.000000;2.000000;-117.495514;-104.905830;2271.670898;0.327337;0.000000;0.000000;0.000000;0.000000;2.000000;-101.912415;-7.609204;2286.420410;0.463786;0.000000;0.000000;0.000000;0.000000;2.000000;-47.245789;83.106857;2322.229980;1.027113;0.000000;0.000000;0.000000;0.000000;2.000000;-54.681030;-2.502871;2247.678223;0.503592;0.000000;0.000000;0.000000;0.000000;2.000000;-17.309387;-664.452515;1926.661621;0.440322;0.000000;0.000000;0.000000;0.000000;2.000000;55.473572;-628.539307;1817.441406;0.459795;0.000000;0.000000;0.000000;0.000000;2.000000;139.255554;-354.048126;1767.291992;0.579773;0.000000;0.000000;0.000000;0.000000;2.000000;243.462097;-141.328232;1821.619385;0.849203;0.000000;0.000000;0.000000;0.000000;2.000000;340.616455;-114.363525;1858.260742;0.502006;0.000000;0.000000;0.000000;0.000000;2.000000;344.165344;-6.120503;1876.914795;0.503758;0.000000;0.000000;0.000000;0.000000;2.000000;325.791199;-61.656872;1911.880981;0.810718;0.000000;0.000000;0.000000;0.000000;2.000000;-38.280151;-159.144058;2085.745117;0.527764;0.000000;0.000000;0.000000;0.000000;2.000000;117.456238;224.348495;2101.994385;0.479895;0.000000;0.000000;0.000000;0.000000;2.000000;191.594910;613.209351;2099.422119;0.319135;0.000000;0.000000;0.000000;0.000000;2.000000;334.444946;743.561157;2112.699219;0.797265;0.000000;0.000000;0.000000;0.000000;2.000000;34.518860;-141.754410;1922.680054;0.475911;0.000000;0.000000;0.000000;0.000000;2.000000;-54.734924;262.258728;1927.419434;0.874676;0.000000;0.000000;0.000000;0.000000;2.000000;-222.416229;625.090210;1943.751953;0.687619;0.000000;0.000000;0.000000;0.000000;2.000000;-140.997803;778.493286;1903.196045;0.662066;0.000000;0.000000;0.000000;0.000000;2.000000;-23.032471;-783.801514;1968.470337;0.457576;0.000000;0.000000;0.000000;0.000000;2.000000;108.824402;-838.123413;2053.951660;0.109369;0.000000;0.000000;0.000000;0.000000;2.000000;60.591370;-870.062500;2056.702148;0.152571;0.000000;0.000000;0.000000;0.000000;2.000000;-67.841553;-846.060425;2045.094727;0.413282;0.000000;0.000000;0.000000;0.000000;2.000000;93.057739;-869.357788;2013.435059;0.127547;0.000000;0.000000;0.000000;0.000000;2.000000;21.804016;-855.222900;1898.972290;0.426178;0.000000;0.000000;0.000000;0.000000;2.000000;13057532928.000000
0.000000;-150.000000;2000.000000;0.000000;0.000000;0.000000;0.000000;0.000000;2.000000;-17.142944;-333.547668;1972.927734;0.200791;0.000000;0.000000;0.000000;0.000000;2.000000;-42.842102;-478.218292;1948.472046;0.278984;0.000000;0.000000;0.000000;0.000000;2.000000;-46.202698;-704.930786;1949.721924;0.444435;0.000000;0.000000;0.000000;0.000000;2.000000;-61.346008;-667.375916;1981.038940;0.307857;0.000000;0.000000;0.000000;0.000000;2.000000;-112.879517;-619.104370;2112.582520;0.935561;0.000000;0.000000;0.000000;0.000000;2.000000;-142.218170;-343.477875;2192.977051;0.491413;0.000000;0.000000;0.000000;0.000000;2.000000;-89.691040;-117.042740;2261.120605;0.950524;0.000000;0.000000;0.000000;0.000000;2.000000;-62.943420;-25.398500;2292.736084;1.281382;0.000000;0.000000;0.000000;0.000000;2.000000;28.335693;12.236691;2347.388184;3.155220;0.000000;0.000000;0.000000;0.000000;2.000000;-22.897522;-11.952065;2253.307861;0.995292;0.000000;0.000000;0.000000;0.000000;2.000000;-31.988892;-667.539734;1917.180664;0.525143;0.000000;0.000000;0.000000;0.000000;2.000000;39.835571;-631.638733;1805.750732;0.585029;0.000000;0.000000;0.000000;0.000000;2.000000;126.694580;-354.624084;1758.912598;0.447159;0.000000;0.000000;0.000000;0.000000;2.000000;249.892944;-147.427521;1804.323730;0.575119;0.000000;0.000000;0.000000;0.000000;2.000000;343.799255;-117.297989;1849.031982;0.301660;0.000000;0.000000;0.000000;0.000000;2.000000;342.666748;-6.449841;1852.975342;0.709889;0.000000;0.000000;0.000000;0.000000;2.000000;325.199890;-56.502754;1891.478394;0.622983;0.000000;0.000000;0.000000;0.000000;2.000000;-23.432922;-161.322388;2091.603516;0.476716;0.000000;0.000000;0.000000;0.000000;2.000000;138.033875;224.037048;2106.982910;0.626656;0.000000;0.000000;0.000000;0.000000;2.000000;206.412964;617.713501;2104.722900;0.484419;0.000000;0.000000;0.000000;0.000000;2.000000;358.395935;740.069580;2119.232422;0.741903;0.000000;0.000000;0.000000;0.000000;2.000000;21.130493;-139.790100;1917.396973;0.429878;0.000000;0.000000;0.000000;0.000000;2.000000;-82.721863;264.441711;1933.055298;0.847304;0.000000;0.000000;0.000000;0.000000;2.000000;-214.513062;645.307556;1957.774780;0.764755;0.000000;0.000000;0.000000;0.000000;2.000000;-108.527527;777.322571;1896.592896;0.981166;0.000000;0.000000;0.000000;0.000000;2.000000;-34.727539;-789.231873;1956.035278;0.530111;0.000000;0.000000;0.000000;0.000000;2.000000;119.633179;-819.820007;2014.353027;1.329997;0.000000;0.000000;0.000000;0.000000;2.000000;77.250244;-856.697144;2030.505615;1.000223;0.000000;0.000000;0.000000;0.000000;2.000000;-53.926758;-848.113831;2046.260498;0.417664;0.000000;0.000000;0.000000;0.000000;2.000000;99.597595;-857.031311;1980.684937;1.053471;0.000000;0.000000;0.000000;0.000000;2.000000;3.502930;-862.957520;1883.449219;0.746138;0.000000;0.000000;0.000000;0.000000;2.000000;13057566720.000000
0.000000;-150.000000;2000.000000;0.000000;0.000000;0.000000;0.000000;0.000000;2.000000;-7.728088;-335.962280;1969.983154;0.300539;0.000000;0.000000;0.000000;0.000000;2.000000;-25.251953;-483.270355;1943.348877;0.562406;0.000000;0.000000;0.000000;0.000000;2.000000;-11.811218;-712.191162;1950.384399;1.040357;0.000000;0.000000;0.000000;0.000000;2.000000;-29.473022;-674.601929;1981.334595;0.967187;0.000000;0.000000;0.000000;0.000000;2.000000;-91.438232;-616.370728;2106.192383;0.667011;0.000000;0.000000;0.000000;0.000000;2.000000;-124.041595;-336.242493;2181.964111;0.664372;0.000000;0.000000;0.000000;0.000000;2.000000;-65.436676;-106.770432;2245.050781;0.913087;0.000000;0.000000;0.000000;0.000000;2.000000;-24.469879;-37.427723;2307.240967;1.267770;0.000000;0.000000;0.000000;0.000000;2.000000;45.728699;28.717735;2368.356689;0.942251;0.000000;0.000000;0.000000;0.000000;2.000000;7.375427;-7.134563;2257.216797;0.914480;0.000000;0.000000;0.000000;0.000000;2.000000;-0.661865;-674.276367;1916.318237;0.948591;0.000000;0.000000;0.000000;0.000000;2.000000;62.287476;-623.351074;1803.370605;0.711729;0.000000;0.000000;0.000000;0.000000;2.000000;144.100342;-342.011108;1751.526245;0.672614;0.000000;0.000000;0.000000;0.000000;2.000000;264.020813;-127.845505;1788.330078;0.857093;0.000000;0.000000;0.000000;0.000000;2.000000;350.609314;-113.861168;1853.987671;0.269193;0.000000;0.000000;0.000000;0.000000;2.000000;335.147339;-3.526232;1840.419678;0.441651;0.000000;0.000000;0.000000;0.000000;2.000000;333.313293;-30.813389;1875.809814;0.922268;0.000000;0.000000;0.000000;0.000000;2.000000;-23.171204;-163.964417;2092.479248;0.082731;0.000000;0.000000;0.000000;0.000000;2.000000;148.032959;222.536072;2109.109131;0.305760;0.000000;0.000000;0.000000;0.000000;2.000000;218.356384;620.667725;2111.809082;0.420162;0.000000;0.000000;0.000000;0.000000;2.000000;375.127991;741.475586;2116.220215;0.504826;0.000000;0.000000;0.000000;0.000000;2.000000;20.894531;-137.407669;1916.607422;0.074601;0.000000;0.000000;0.000000;0.000000;2.000000;-57.246704;277.739441;1928.088257;0.863017;0.000000;0.000000;0.000000;0.000000;2.000000;-179.614136;666.577026;1955.478149;1.211354;0.000000;0.000000;0.000000;0.000000;2.000000;-60.937714;792.946899;1899.604492;1.484951;0.000000;0.000000;0.000000;0.000000;2.000000;6.101624;-796.220459;1958.727783;1.228408;0.000000;0.000000;0.000000;0.000000;2.000000;144.378113;-836.191284;2048.816650;1.345764;0.000000;0.000000;0.000000;0.000000;2.000000;95.435913;-867.772217;2059.101074;1.055047;0.000000;0.000000;0.000000;0.000000;2.000000;-36.221741;-845.432495;2048.439453;0.533824;0.000000;0.000000;0.000000;0.000000;2.000000;126.827637;-874.663086;2014.160889;1.379480;0.000000;0.000000;0.000000;0.000000;2.000000;49.445862;-880.286499;1899.486816;1.528620;0.000000;0.000000;0.000000;0.000000;2.000000;13057600512.000000
0.000000;-150.000000;2000.000000;0.000000;0.000000;0.000000;0.000000;0.000000;2.000000;-9.242950;-336.749878;1969.790405;0.052436;0.000000;0.000000;0.000000;0.000000;2.000000;-25.940735;-484.951355;1943.616089;0.056036;0.000000;0.000000;0.000000;0.000000;2.000000;-5.904205;-714.523438;1948.094727;0.206022;0.000000;0.000000;0.000000;0.000000;2.000000;-22.933929;-677.461426;1980.408569;0.219629;0.000000;0.000000;0.000000;0.000000;2.000000;-75.023651;-623.093628;2112.178223;0.571312;0.000000;0.000000;0.000000;0.000000;2.000000;-121.664948;-350.880768;2211.146484;0.998973;0.000000;0.000000;0.000000;0.000000;2.000000;-35.636261;-131.466461;2282.473145;1.642966;0.000000;0.000000;0.000000;0.000000;2.000000;-6.283478;-82.785583;2367.439697;2.366238;0.000000;0.000000;0.000000;0.000000;2.000000;34.855560;-27.969652;2459.430908;3.290553;0.000000;0.000000;0.000000;0.000000;2.000000;34.448029;-43.693958;2338.588379;2.844993;0.000000;0.000000;0.000000;0.000000;2.000000;2.388275;-675.918213;1913.619385;0.134009;0.000000;0.000000;0.000000;0.000000;2.000000;57.904205;-620.545898;1798.099487;0.226050;0.000000;0.000000;0.000000;0.000000;2.000000;132.376740;-335.976807;1744.884766;0.450550;0.000000;0.000000;0.000000;0.000000;2.000000;248.751373;-117.597099;1775.593994;0.682662;0.000000;0.000000;0.000000;0.000000;2.000000;332.892120;-84.763199;1838.507080;1.141961;0.000000;0.000000;0.000000;0.000000;2.000000;307.960968;19.943277;1804.903076;1.541469;0.000000;0.000000;0.000000;0.000000;2.000000;307.578705;-9.655808;1861.110718;1.111266;0.000000;0.000000;0.000000;0.000000;2.000000;-21.914642;-163.999100;2093.244629;0.044913;0.000000;0.000000;0.000000;0.000000;2.000000;149.511200;224.394104;2113.244385;0.145521;0.000000;0.000000;0.000000;0.000000;2.000000;196.417023;627.833618;2117.677490;0.726757;0.000000;0.000000;0.000000;0.000000;2.000000;347.342865;757.260498;2112.553711;0.981613;0.000000;0.000000;0.000000;0.000000;2.000000;19.761383;-137.376404;1915.917480;0.040498;0.000000;0.000000;0.000000;0.000000;2.000000;-51.885773;280.895630;1928.670166;0.190679;0.000000;0.000000;0.000000;0.000000;2.000000;-158.274078;676.567871;1953.115356;0.722692;0.000000;0.000000;0.000000;0.000000;2.000000;-31.733032;800.722656;1907.760254;0.955299;0.000000;0.000000;0.000000;0.000000;2.000000;14.781403;-798.474487;1954.809570;0.298654;0.000000;0.000000;0.000000;0.000000;2.000000;139.319122;-825.428833;2068.239258;0.695011;0.000000;0.000000;0.000000;0.000000;2.000000;88.911957;-856.029907;2075.569336;0.648560;0.000000;0.000000;0.000000;0.000000;2.000000;-40.357330;-836.372437;2043.685425;0.336785;0.000000;0.000000;0.000000;0.000000;2.000000;126.392303;-868.378052;2036.534058;0.709329;0.000000;0.000000;0.000000;0.000000;2.000000;65.481842;-889.441895;1913.268799;0.703175;0.000000;0.000000;0.000000;0.000000;2.000000;13057633280.000000
0.000000;-150.000000;2000.000000;0.000000;0.000000;0.000000;0.000000;0.000000;2.000000;-12.667297;-333.697754;1966.524048;0.166644;0.000000;0.000000;0.000000;0.000000;2.000000;-32.476593;-479.257507;1938.137207;0.303460;0.000000;0.000000;0.000000;0.000000;2.000000;-12.714630;-706.133728;1940.642578;0.388448;0.000000;0.000000;0.000000;0.000000;2.000000;-27.612244;-669.605286;1973.620483;0.336999;0.000000;0.000000;0.000000;0.000000;2.000000;-72.585938;-608.396301;2102.922852;0.519028;0.000000;0.000000;0.000000;0.000000;2.000000;-145.195770;-327.956299;2092.081055;3.655137;0.000000;0.000000;0.000000;0.000000;2.000000;-107.260803;-88.046654;2077.840332;6.543286;0.000000;0.000000;0.000000;0.000000;2.000000;-61.727753;-45.834160;2157.518555;6.517567;0.000000;0.000000;0.000000;0.000000;2.000000;-6.353119;2.701945;2243.696045;6.562696;0.000000;0.000000;0.000000;0.000000;2.000000;-11.295868;-40.327930;2162.696777;5.379194;0.000000;0.000000;0.000000;0.000000;2.000000;-6.474304;-667.879150;1906.285645;0.415308;0.000000;0.000000;0.000000;0.000000;2.000000;44.842407;-613.050415;1790.558350;0.498410;0.000000;0.000000;0.000000;0.000000;2.000000;120.196228;-330.263245;1750.566284;0.432186;0.000000;0.000000;0.000000;0.000000;2.000000;223.152039;-106.904182;1765.316284;0.875515;0.000000;0.000000;0.000000;0.000000;2.000000;304.483398;-66.004517;1824.830566;1.085693;0.000000;0.000000;0.000000;0.000000;2.000000;271.994812;34.193336;1788.516602;1.243301;0.000000;0.000000;0.000000;0.000000;2.000000;292.592468;-5.724040;1835.231567;0.892593;0.000000;0.000000;0.000000;0.000000;2.000000;-17.653748;-165.674454;2092.692871;0.136469;0.000000;0.000000;0.000000;0.000000;2.000000;157.523987;215.424362;2113.776123;0.356275;0.000000;0.000000;0.000000;0.000000;2.000000;155.495300;616.767639;2111.647461;1.267113;0.000000;0.000000;0.000000;0.000000;2.000000;287.692444;761.535767;2125.346191;1.809788;0.000000;0.000000;0.000000;0.000000;2.000000;15.919159;-135.865677;1916.414551;0.123058;0.000000;0.000000;0.000000;0.000000;2.000000;-42.155792;279.375916;1930.211060;0.294974;0.000000;0.000000;0.000000;0.000000;2.000000;-130.616180;674.534729;1952.929688;0.820702;0.000000;0.000000;0.000000;0.000000;2.000000;-6.359314;799.344543;1911.994629;0.762355;0.000000;0.000000;0.000000;0.000000;2.000000;7.981537;-789.128662;1945.798218;0.433701;0.000000;0.000000;0.000000;0.000000;2.000000;149.523315;-806.027588;2035.771484;1.159302;0.000000;0.000000;0.000000;0.000000;2.000000;102.011536;-834.683105;2054.982910;0.959412;0.000000;0.000000;0.000000;0.000000;2.000000;-29.413544;-816.760742;2045.402954;0.666551;0.000000;0.000000;0.000000;0.000000;2.000000;131.456726;-851.229004;2011.769531;0.903923;0.000000;0.000000;0.000000;0.000000;2.000000;50.186157;-883.387085;1905.694336;0.535941;0.000000;0.000000;0.000000;0.000000;2.000000;13057667072.000000
0.000000;-150.000000;2000.000000;0.000000;0.000000;0.000000;0.000000;0.000000;2.000000;-12.923462;-335.643463;1965.907104;0.062780;0.000000;0.000000;0.000000;0.000000;2.000000;-32.035339;-482.689697;1936.105103;0.122467;0.000000;0.000000;0.000000;0.000000;2.000000;-2.755798;-710.645142;1949.682495;0.432932;0.000000;0.000000;0.000000;0.000000;2.000000;-19.054138;-672.753906;1981.310059;0.364023;0.000000;0.000000;0.000000;0.000000;2.000000;-53.422241;-601.809204;2110.794922;0.663437;0.000000;0.000000;0.000000;0.000000;2.000000;-128.175201;-323.758514;2056.240723;1.217590;0.000000;0.000000;0.000000;0.000000;2.000000;-115.755371;-83.465805;2005.252808;2.234689;0.000000;0.000000;0.000000;0.000000;2.000000;-55.404144;-21.828672;2059.895020;3.074047;0.000000;0.000000;0.000000;0.000000;2.000000;20.985413;40.073208;2118.740234;4.066742;0.000000;0.000000;0.000000;0.000000;2.000000;-22.755981;1.289482;2041.169678;3.935724;0.000000;0.000000;0.000000;0.000000;2.000000;1.722443;-673.512207;1913.041016;0.366913;0.000000;0.000000;0.000000;0.000000;2.000000;51.488922;-618.824463;1794.796997;0.298202;0.000000;0.000000;0.000000;0.000000;2.000000;117.448364;-331.133057;1749.637451;0.092414;0.000000;0.000000;0.000000;0.000000;2.000000;201.136719;-96.548859;1751.184570;0.858631;0.000000;0.000000;0.000000;0.000000;2.000000;278.868591;-57.141983;1818.217163;0.851435;0.000000;0.000000;0.000000;0.000000;2.000000;245.738770;37.462376;1766.855225;1.043541;0.000000;0.000000;0.000000;0.000000;2.000000;266.791687;3.592568;1830.748291;0.848246;0.000000;0.000000;0.000000;0.000000;2.000000;-28.726807;-164.738510;2091.143799;0.342407;0.000000;0.000000;0.000000;0.000000;2.000000;145.808350;220.791458;2124.813721;0.517802;0.000000;0.000000;0.000000;0.000000;2.000000;115.663086;623.834351;2089.321289;1.410098;0.000000;0.000000;0.000000;0.000000;2.000000;226.473328;787.943359;2105.335205;2.124335;0.000000;0.000000;0.000000;0.000000;2.000000;25.904205;-136.709641;1917.811523;0.308763;0.000000;0.000000;0.000000;0.000000;2.000000;-27.131012;283.794464;1932.144531;0.481565;0.000000;0.000000;0.000000;0.000000;2.000000;-109.342957;685.002441;1951.294556;0.725264;0.000000;0.000000;0.000000;0.000000;2.000000;30.723969;796.648438;1914.890747;1.138116;0.000000;0.000000;0.000000;0.000000;2.000000;21.588745;-793.276978;1958.801758;0.588172;0.000000;0.000000;0.000000;0.000000;2.000000;163.713379;-827.807129;2046.238770;0.855184;0.000000;0.000000;0.000000;0.000000;2.000000;113.775085;-854.409424;2064.171143;0.754921;0.000000;0.000000;0.000000;0.000000;2.000000;-17.382233;-825.621216;2057.709473;0.590742;0.000000;0.000000;0.000000;0.000000;2.000000;141.800598;-870.071777;2018.968018;0.691790;0.000000;0.000000;0.000000;0.000000;2.000000;56.488678;-888.266235;1910.822632;0.289237;0.000000;0.000000;0.000000;0.000000;2.000000;13057699840.000000
0.000000;-150.000000;2000.000000;0.000000;0.000000;0.000000;0.000000;0.000000;2.000000;-12.610870;-335.946075;1967.176147;0.039700;0.000000;0.000000;0.000000;0.000000;2.000000;-26.373962;-484.159210;1940.121826;0.209973;0.000000;0.000000;0.000000;0.000000;2.000000;-11.647766;-713.948730;1943.885620;0.328979;0.000000;0.000000;0.000000;0.000000;2.000000;-22.654297;-676.278076;1977.987549;0.178590;0.000000;0.000000;0.000000;0.000000;2.000000;-50.793945;-610.459351;2111.663574;0.268770;0.000000;0.000000;0.000000;0.000000;2.000000;-132.311432;-340.057831;2033.170898;0.844818;0.000000;0.000000;0.000000;0.000000;2.000000;-130.210236;-102.990105;1967.428101;1.330311;0.000000;0.000000;0.000000;0.000000;2.000000;-91.538086;-38.038364;2036.120361;1.366935;0.000000;0.000000;0.000000;0.000000;2.000000;-7.252930;-15.121962;2110.336182;1.851511;0.000000;0.000000;0.000000;0.000000;2.000000;-39.748627;-22.629179;1996.208862;1.588758;0.000000;0.000000;0.000000;0.000000;2.000000;-7.704803;-675.828857;1908.187988;0.321176;0.000000;0.000000;0.000000;0.000000;2.000000;29.398376;-621.106812;1785.352539;0.714162;0.000000;0.000000;0.000000;0.000000;2.000000;80.822235;-329.433624;1746.785645;1.088313;0.000000;0.000000;0.000000;0.000000;2.000000;163.765350;-94.521683;1744.225586;1.126532;0.000000;0.000000;0.000000;0.000000;2.000000;248.758636;-52.109440;1799.655273;1.057287;0.000000;0.000000;0.000000;0.000000;2.000000;211.799408;42.627434;1751.163330;1.117023;0.000000;0.000000;0.000000;0.000000;2.000000;243.491791;2.297986;1808.361938;0.956955;0.000000;0.000000;0.000000;0.000000;2.000000;-22.313873;-164.890198;2092.925293;0.197014;0.000000;0.000000;0.000000;0.000000;2.000000;116.184845;234.773697;2055.311523;2.273762;0.000000;0.000000;0.000000;0.000000;2.000000;27.357147;629.580505;2024.668701;3.243203;0.000000;0.000000;0.000000;0.000000;2.000000;150.771149;773.639648;2083.868652;2.366727;0.000000;0.000000;0.000000;0.000000;2.000000;20.121399;-136.572861;1916.205078;0.177656;0.000000;0.000000;0.000000;0.000000;2.000000;-11.134705;286.133362;1933.011963;0.479097;0.000000;0.000000;0.000000;0.000000;2.000000;-75.414581;690.392517;1958.067993;1.036199;0.000000;0.000000;0.000000;0.000000;2.000000;72.692688;788.742310;1915.423584;1.263916;0.000000;0.000000;0.000000;0.000000;2.000000;7.693878;-798.297363;1948.260864;0.537076;0.000000;0.000000;0.000000;0.000000;2.000000;158.690094;-836.302673;2017.604492;0.896290;0.000000;0.000000;0.000000;0.000000;2.000000;110.693207;-861.585632;2041.730835;0.703141;0.000000;0.000000;0.000000;0.000000;2.000000;-19.519958;-829.443848;2051.428711;0.226593;0.000000;0.000000;0.000000;0.000000;2.000000;132.497772;-878.055969;1993.470947;0.837215;0.000000;0.000000;0.000000;0.000000;2.000000;33.972931;-894.271973;1896.801270;0.804808;0.000000;0.000000;0.000000;0.000000;2.000000;13057733632.000000
0.000000;-150.000000;2000.000000;0.000000;0.000000;0.000000;0.000000;0.000000;2.000000;-5.542725;-328.484314;1956.626465;0.449482;0.000000;0.000000;0.000000;0.000000;2.000000;-19.093262;-469.911316;1919.248901;0.802612;0.000000;0.000000;0.000000;0.000000;2.000000;-3.157959;-692.959290;1921.090698;0.980485;0.000000;0.000000;0.000000;0.000000;2.000000;-16.991119;-656.941650;1953.652466;0.964165;0.000000;0.000000;0.000000;0.000000;2.000000;-50.202728;-593.630249;2082.375488;1.031007;0.000000;0.000000;0.000000;0.000000;2.000000;-105.343658;-323.887451;2010.139282;1.189480;0.000000;0.000000;0.000000;0.000000;2.000000;-120.188873;-92.367928;1953.114624;0.624033;0.000000;0.000000;0.000000;0.000000;2.000000;-96.541443;2.062551;1972.119507;2.309926;0.000000;0.000000;0.000000;0.000000;2.000000;-22.913513;-5.345980;2055.254883;1.772851;0.000000;0.000000;0.000000;0.000000;2.000000;-37.368164;-4.757293;1945.690308;1.636947;0.000000;0.000000;0.000000;0.000000;2.000000;3.314514;-655.421753;1887.393555;0.950604;0.000000;0.000000;0.000000;0.000000;2.000000;54.248505;-601.029236;1774.272461;1.031930;0.000000;0.000000;0.000000;0.000000;2.000000;91.941132;-316.012634;1736.073486;0.624309;0.000000;0.000000;0.000000;0.000000;2.000000;153.653351;-82.114647;1732.773682;0.600610;0.000000;0.000000;0.000000;0.000000;2.000000;226.235931;-27.057186;1788.499268;1.082985;0.000000;0.000000;0.000000;0.000000;2.000000;194.505341;70.141617;1749.592041;0.992917;0.000000;0.000000;0.000000;0.000000;2.000000;215.683441;20.199757;1795.661377;1.081150;0.000000;0.000000;0.000000;0.000000;2.000000;-28.625549;-170.282440;2087.121094;0.309121;0.000000;0.000000;0.000000;0.000000;2.000000;17.865417;235.593689;2143.158691;4.023753;0.000000;0.000000;0.000000;0.000000;1.000000;-0.811890;628.380493;2169.087158;4.490506;0.000000;0.000000;0.000000;0.000000;1.000000;132.529144;757.757446;2221.211426;4.255867;0.000000;0.000000;0.000000;0.000000;1.000000;25.812927;-131.710419;1921.438965;0.278748;0.000000;0.000000;0.000000;0.000000;2.000000;6.559784;279.463867;1936.811279;0.588611;0.000000;0.000000;0.000000;0.000000;2.000000;-49.183044;673.211060;1957.863037;0.956977;0.000000;0.000000;0.000000;0.000000;2.000000;71.000031;800.435608;1928.040771;0.527514;0.000000;0.000000;0.000000;0.000000;2.000000;15.922241;-774.769775;1925.831787;1.023280;0.000000;0.000000;0.000000;0.000000;2.000000;162.522980;-808.689758;1994.770142;1.099722;0.000000;0.000000;0.000000;0.000000;2.000000;115.570404;-828.344604;2021.843872;1.191454;0.000000;0.000000;0.000000;0.000000;2.000000;-9.432220;-791.363525;2029.422607;1.377064;0.000000;0.000000;0.000000;0.000000;2.000000;135.145477;-850.809509;1976.984619;0.975216;0.000000;0.000000;0.000000;0.000000;2.000000;36.982391;-874.338867;1887.412109;0.678659;0.000000;0.000000;0.000000;0.000000;2.000000;13057766400.000000
0.000000;-150.000000;2000.000000;0.000000;0.000000;0.000000;0.000000;0.000000;2.000000;-9.117950;-326.405762;1956.953735;0.122765;0.000000;0.000000;0.000000;0.000000;2.000000;-20.857361;-466.818542;1921.278564;0.121283;0.000000;0.000000;0.000000;0.000000;2.000000;-3.670868;-687.392212;1922.987793;0.174709;0.000000;0.000000;0.000000;0.000000;2.000000;-14.988892;-651.654114;1955.998779;0.181151;0.000000;0.000000;0.000000;0.000000;2.000000;-35.319489;-588.032898;2085.466553;0.479363;0.000000;0.000000;0.000000;0.000000;2.000000;-111.690552;-337.167786;1982.792236;0.919051;0.000000;0.000000;0.000000;0.000000;2.000000;-110.396698;-115.800507;1899.952881;1.743502;0.000000;0.000000;0.000000;0.000000;2.000000;-81.878296;-33.873913;1945.826172;1.387324;0.000000;0.000000;0.000000;0.000000;2.000000;-19.866211;3.004872;2029.013550;0.819902;0.000000;0.000000;0.000000;0.000000;2.000000;-40.857697;-17.483784;1932.040527;0.561840;0.000000;0.000000;0.000000;0.000000;2.000000;-0.138428;-650.405640;1889.056641;0.186810;0.000000;0.000000;0.000000;0.000000;2.000000;36.788300;-593.430298;1773.507080;0.563965;0.000000;0.000000;0.000000;0.000000;2.000000;60.811249;-310.448181;1732.506714;0.941756;0.000000;0.000000;0.000000;0.000000;2.000000;107.741577;-76.166138;1718.351318;1.434955;0.000000;0.000000;0.000000;0.000000;2.000000;185.881226;-23.703712;1766.370117;1.365588;0.000000;0.000000;0.000000;0.000000;2.000000;156.214325;68.711098;1718.467041;1.460882;0.000000;0.000000;0.000000;0.000000;2.000000;179.975830;26.776337;1762.313477;1.458888;0.000000;0.000000;0.000000;0.000000;2.000000;-27.282135;-169.724182;2086.609375;0.045637;0.000000;0.000000;0.000000;0.000000;2.000000;-7.149658;232.736633;2150.359863;0.774955;0.000000;0.000000;0.000000;0.000000;1.000000;-17.597778;619.646301;2197.400879;1.007772;0.000000;0.000000;0.000000;0.000000;1.000000;117.591217;738.861633;2260.329834;1.359480;0.000000;0.000000;0.000000;0.000000;1.000000;24.601471;-132.213852;1921.900635;0.041156;0.000000;0.000000;0.000000;0.000000;2.000000;30.313812;275.225891;1928.711670;0.753204;0.000000;0.000000;0.000000;0.000000;2.000000;-9.868195;666.900024;1943.310669;1.254560;0.000000;0.000000;0.000000;0.000000;2.000000;120.715576;782.523315;1922.513306;1.572333;0.000000;0.000000;0.000000;0.000000;2.000000;16.003754;-768.199524;1926.591797;0.195744;0.000000;0.000000;0.000000;0.000000;2.000000;170.475952;-783.126587;1978.855957;0.921656;0.000000;0.000000;0.000000;0.000000;2.000000;129.227173;-799.898071;2014.505249;0.958719;0.000000;0.000000;0.000000;0.000000;2.000000;5.314880;-768.275940;2032.840942;0.816996;0.000000;0.000000;0.000000;0.000000;2.000000;144.259155;-828.361877;1972.046143;0.731693;0.000000;0.000000;0.000000;0.000000;2.000000;38.467896;-870.641418;1902.413574;0.459329;0.000000;0.000000;0.000000;0.000000;2.000000;13057800192.000000
0.000000;-150.000000;2000.000000;0.000000;0.000000;0.000000;0.000000;0.000000;2.000000;-7.147858;-323.615112;1953.688965;0.144202;0.000000;0.000000;0.000000;0.000000;2.000000;-17.795624;-461.626892;1914.864868;0.268595;0.000000;0.000000;0.000000;0.000000;2.000000;-0.619690;-679.783203;1913.515259;0.382306;0.000000;0.000000;0.000000;0.000000;2.000000;-13.184998;-645.005798;1946.280518;0.363529;0.000000;0.000000;0.000000;0.000000;2.000000;-45.043640;-583.397461;2072.581055;0.512552;0.000000;0.000000;0.000000;0.000000;2.000000;-111.421982;-334.635986;1966.284912;0.509720;0.000000;0.000000;0.000000;0.000000;2.000000;-93.948212;-114.935143;1888.299805;0.615741;0.000000;0.000000;0.000000;0.000000;2.000000;-60.060028;-46.281384;1947.956909;0.768729;0.000000;0.000000;0.000000;0.000000;1.000000;4.822083;-6.069291;2025.647949;0.809251;0.000000;0.000000;0.000000;0.000000;1.000000;-17.849335;-28.944782;1936.296631;0.795130;0.000000;0.000000;0.000000;0.000000;1.000000;4.202850;-642.627991;1880.756958;0.371542;0.000000;0.000000;0.000000;0.000000;2.000000;37.531982;-581.826477;1767.778564;0.395574;0.000000;0.000000;0.000000;0.000000;2.000000;58.391754;-300.725098;1734.648193;0.312680;0.000000;0.000000;0.000000;0.000000;2.000000;75.963654;-66.240700;1707.148193;1.071971;0.000000;0.000000;0.000000;0.000000;2.000000;161.240845;-14.321976;1738.033936;1.181194;0.000000;0.000000;0.000000;0.000000;2.000000;108.712189;76.513153;1716.800293;1.469954;0.000000;0.000000;0.000000;0.000000;2.000000;121.865692;49.506802;1697.229980;2.751549;0.000000;0.000000;0.000000;0.000000;2.000000;-33.594818;-170.754868;2082.992920;0.224239;0.000000;0.000000;0.000000;0.000000;2.000000;-20.076630;226.282516;2153.786621;0.453168;0.000000;0.000000;0.000000;0.000000;1.000000;-36.001862;607.926697;2206.862793;0.725771;0.000000;0.000000;0.000000;0.000000;1.000000;90.120911;727.417175;2280.840576;1.102983;0.000000;0.000000;0.000000;0.000000;1.000000;30.293945;-131.284439;1925.161621;0.202205;0.000000;0.000000;0.000000;0.000000;2.000000;47.520905;271.366638;1932.790771;0.552374;0.000000;0.000000;0.000000;0.000000;2.000000;9.125610;658.815491;1949.454590;0.657278;0.000000;0.000000;0.000000;0.000000;2.000000;138.730438;773.486938;1934.056885;0.708800;0.000000;0.000000;0.000000;0.000000;2.000000;18.773346;-759.748962;1916.505615;0.410361;0.000000;0.000000;0.000000;0.000000;2.000000;129.568939;-813.379944;2021.778076;2.031416;0.000000;0.000000;0.000000;0.000000;2.000000;75.449493;-823.758850;2033.877075;1.890278;0.000000;0.000000;0.000000;0.000000;1.000000;-36.058502;-767.716614;2006.426392;1.498099;0.000000;0.000000;0.000000;0.000000;1.000000;102.247650;-850.289063;1997.062134;1.635346;0.000000;0.000000;0.000000;0.000000;2.000000;32.448273;-860.642273;1885.428467;0.628923;0.000000;0.000000;0.000000;0.000000;2.000000;13057832960.000000
0.000000;-150.000000;2000.000000;0.000000;0.000000;0.000000;0.000000;0.000000;2.000000;-17.540894;-323.003418;1959.201904;0.348620;0.000000;0.000000;0.000000;0.000000;2.000000;-29.408051;-461.611816;1927.008667;0.497230;0.000000;0.000000;0.000000;0.000000;2.000000;-14.480835;-677.491699;1906.587646;0.463554;0.000000;0.000000;0.000000;0.000000;2.000000;-20.719177;-645.536987;1943.302979;0.240252;0.000000;0.000000;0.000000;0.000000;2.000000;-26.064667;-594.157959;2076.773438;0.657444;0.000000;0.000000;0.000000;0.000000;2.000000;-103.495743;-350.608765;1970.800415;0.544334;0.000000;0.000000;0.000000;0.000000;2.000000;-106.390152;-136.530960;1880.903076;0.769352;0.000000;0.000000;0.000000;0.000000;2.000000;-78.355591;-56.245869;1926.314209;0.888979;0.000000;0.000000;0.000000;0.000000;2.000000;-4.231445;-0.988017;1982.483521;1.313785;0.000000;0.000000;0.000000;0.000000;2.000000;-34.207397;-44.031834;1882.309692;1.728026;0.000000;0.000000;0.000000;0.000000;2.000000;-15.274170;-638.244019;1876.545898;0.603799;0.000000;0.000000;0.000000;0.000000;2.000000;4.725250;-574.106567;1763.313843;1.006074;0.000000;0.000000;0.000000;0.000000;2.000000;12.370697;-294.268280;1730.182373;1.381566;0.000000;0.000000;0.000000;0.000000;2.000000;45.068817;-61.807102;1716.559814;0.964710;0.000000;0.000000;0.000000;0.000000;2.000000;124.295624;-10.883752;1760.200439;1.279054;0.000000;0.000000;0.000000;0.000000;2.000000;65.401398;60.135803;1707.337891;1.398578;0.000000;0.000000;0.000000;0.000000;2.000000;80.808258;31.851025;1667.741577;1.584530;0.000000;0.000000;0.000000;0.000000;2.000000;-19.686279;-168.564194;2087.185059;0.434743;0.000000;0.000000;0.000000;0.000000;2.000000;37.215912;221.622482;2158.991211;1.708004;0.000000;0.000000;0.000000;0.000000;2.000000;-174.044220;538.882813;2121.114746;5.225077;0.000000;0.000000;0.000000;0.000000;2.000000;-135.092117;715.150269;2070.224609;9.132171;0.000000;0.000000;0.000000;0.000000;2.000000;17.751984;-133.259857;1921.381470;0.392027;0.000000;0.000000;0.000000;0.000000;2.000000;71.276276;263.505066;1923.990845;0.784941;0.000000;0.000000;0.000000;0.000000;2.000000;28.522949;647.228394;1951.399536;0.671111;0.000000;0.000000;0.000000;0.000000;2.000000;160.059296;755.825684;1925.279785;0.859658;0.000000;0.000000;0.000000;0.000000;2.000000;4.407166;-756.804199;1900.186035;0.649282;0.000000;0.000000;0.000000;0.000000;2.000000;154.582123;-789.653809;1947.611694;2.420330;0.000000;0.000000;0.000000;0.000000;2.000000;112.919281;-807.221802;1980.713379;1.985992;0.000000;0.000000;0.000000;0.000000;2.000000;-5.970215;-769.284180;2003.829834;0.894909;0.000000;0.000000;0.000000;0.000000;2.000000;125.398987;-830.740845;1935.646484;2.026621;0.000000;0.000000;0.000000;0.000000;2.000000;18.455902;-855.036133;1863.679688;0.783078;0.000000;0.000000;0.000000;0.000000;2.000000;13057866752.000000
0.000000;-150.000000;2000.000000;0.000000;0.000000;0.000000;0.000000;0.000000;2.000000;-21.762558;-321.220520;1955.960327;0.171304;0.000000;0.000000;0.000000;0.000000;2.000000;-34.124329;-458.905548;1921.768188;0.230463;0.000000;0.000000;0.000000;0.000000;2.000000;-25.429886;-673.821716;1894.869751;0.502067;0.000000;0.000000;0.000000;0.000000;2.000000;-28.997360;-642.863953;1932.604004;0.420812;0.000000;0.000000;0.000000;0.000000;2.000000;-24.861755;-595.935059;2067.334961;0.295390;0.000000;0.000000;0.000000;0.000000;2.000000;-96.422028;-353.818726;1956.040894;0.508999;0.000000;0.000000;0.000000;0.000000;2.000000;-69.203033;-145.025146;1859.648193;1.332610;0.000000;0.000000;0.000000;0.000000;2.000000;-44.681702;-68.148666;1911.918457;1.175163;0.000000;0.000000;0.000000;0.000000;1.000000;17.635132;-18.360081;1984.562378;0.854632;0.000000;0.000000;0.000000;0.000000;1.000000;2.210907;-53.269600;1885.861816;1.151709;0.000000;0.000000;0.000000;0.000000;1.000000;-26.832443;-633.846191;1866.055420;0.494898;0.000000;0.000000;0.000000;0.000000;2.000000;-9.823364;-561.761597;1757.631592;0.607559;0.000000;0.000000;0.000000;0.000000;2.000000;0.405609;-282.544739;1726.510010;0.523348;0.000000;0.000000;0.000000;0.000000;2.000000;-1.315826;-50.120071;1695.376465;1.596526;0.000000;0.000000;0.000000;0.000000;2.000000;83.184265;3.213943;1722.421265;1.757387;0.000000;0.000000;0.000000;0.000000;2.000000;105.909241;100.683754;1757.474609;2.323891;0.000000;0.000000;0.000000;0.000000;2.000000;57.523804;36.953564;1686.414795;0.924079;0.000000;0.000000;0.000000;0.000000;2.000000;-20.567322;-169.631027;2086.486328;0.047303;0.000000;0.000000;0.000000;0.000000;2.000000;18.509064;222.823029;2151.467285;0.616423;0.000000;0.000000;0.000000;0.000000;2.000000;-214.986084;523.227600;2117.377686;1.342526;0.000000;0.000000;0.000000;0.000000;2.000000;-175.735840;705.529114;2102.805176;1.616560;0.000000;0.000000;0.000000;0.000000;2.000000;18.546448;-132.297821;1922.011475;0.042655;0.000000;0.000000;0.000000;0.000000;2.000000;98.350128;258.856445;1914.555420;0.886393;0.000000;0.000000;0.000000;0.000000;2.000000;58.754303;641.265808;1949.288574;0.942565;0.000000;0.000000;0.000000;0.000000;2.000000;194.964722;742.728149;1921.571167;1.143366;0.000000;0.000000;0.000000;0.000000;2.000000;-8.833099;-753.109863;1885.386475;0.616410;0.000000;0.000000;0.000000;0.000000;2.000000;143.616150;-780.902527;1926.948975;0.762198;0.000000;0.000000;0.000000;0.000000;1.000000;103.931122;-800.419800;1961.114868;0.689965;0.000000;0.000000;0.000000;0.000000;1.000000;-15.062958;-767.366394;1988.845581;0.538083;0.000000;0.000000;0.000000;0.000000;1.000000;115.639679;-822.767944;1915.414307;0.727415;0.000000;0.000000;0.000000;0.000000;1.000000;7.486450;-849.968933;1847.032227;0.627760;0.000000;0.000000;0.000000;0.000000;1.000000;13057899520.000000
0.000000;-150.000000;2000.000000;0.000000;0.000000;0.000000;0.000000;0.000000;2.000000;-22.860046;-323.961182;1961.086670;0.175061;0.000000;0.000000;0.000000;0.000000;2.000000;-33.025177;-464.230560;1931.686279;0.334716;0.000000;0.000000;0.000000;0.000000;2.000000;-19.110291;-682.116516;1918.885498;0.774799;0.000000;0.000000;0.000000;0.000000;2.000000;-22.326126;-648.465332;1954.875000;0.707681;0.000000;0.000000;0.000000;0.000000;2.000000;-1.286926;-591.779541;2085.572021;0.890557;0.000000;0.000000;0.000000;0.000000;2.000000;-26.008331;-316.411713;2053.077881;3.716643;0.000000;0.000000;0.000000;0.000000;2.000000;52.362946;-101.135040;2007.208130;5.804910;0.000000;0.000000;0.000000;0.000000;1.000000;6.740753;-85.250298;1923.090820;1.637409;0.000000;0.000000;0.000000;0.000000;1.000000;33.207306;-8.847364;1995.964233;0.636752;0.000000;0.000000;0.000000;0.000000;1.000000;59.233795;-60.597488;1896.474365;1.730087;0.000000;0.000000;0.000000;0.000000;1.000000;-22.602936;-643.905762;1887.236572;0.705107;0.000000;0.000000;0.000000;0.000000;2.000000;-14.893753;-577.718262;1772.735229;0.667279;0.000000;0.000000;0.000000;0.000000;2.000000;-27.154175;-298.287048;1725.594482;0.939636;0.000000;0.000000;0.000000;0.000000;2.000000;-41.066681;-65.665665;1684.671509;1.302215;0.000000;0.000000;0.000000;0.000000;2.000000;42.248138;-4.616627;1700.172852;1.398108;0.000000;0.000000;0.000000;0.000000;2.000000;23.611664;89.020943;1748.465088;2.474157;0.000000;0.000000;0.000000;0.000000;2.000000;6.428009;27.155357;1671.583008;1.600959;0.000000;0.000000;0.000000;0.000000;2.000000;-20.991440;-166.884705;2087.814453;0.091144;0.000000;0.000000;0.000000;0.000000;2.000000;6.231110;232.625275;2135.659668;0.659537;0.000000;0.000000;0.000000;0.000000;2.000000;-240.011795;528.338928;2114.142090;0.761910;0.000000;0.000000;0.000000;0.000000;2.000000;-231.441208;716.838013;2111.035889;1.699648;0.000000;0.000000;0.000000;0.000000;2.000000;18.928925;-134.774323;1920.813965;0.082188;0.000000;0.000000;0.000000;0.000000;2.000000;108.451477;257.831726;1909.205566;0.339619;0.000000;0.000000;0.000000;0.000000;2.000000;77.998779;645.151184;1936.466553;0.693918;0.000000;0.000000;0.000000;0.000000;2.000000;217.684235;746.262817;1916.160156;0.699010;0.000000;0.000000;0.000000;0.000000;2.000000;-0.465820;-762.124573;1914.137573;0.925409;0.000000;0.000000;0.000000;0.000000;2.000000;144.197723;-811.170654;1967.708008;1.502486;0.000000;0.000000;0.000000;0.000000;2.000000;99.403107;-823.610168;1999.612915;1.336729;0.000000;0.000000;0.000000;0.000000;2.000000;-15.951202;-772.025024;2018.082764;0.876519;0.000000;0.000000;0.000000;0.000000;2.000000;110.838135;-849.139954;1954.986694;1.414434;0.000000;0.000000;0.000000;0.000000;2.000000;3.816833;-862.414185;1878.890625;1.017970;0.000000;0.000000;0.000000;0.000000;2.000000;13057933312.000000
0.000000;-150.000000;2000.000000;0.000000;0.000000;0.000000;0.000000;0.000000;2.000000;-22.919586;-326.239441;1972.677490;0.349572;0.000000;0.000000;0.000000;0.000000;2.000000;-31.425858;-468.283051;1952.294189;0.623325;0.000000;0.000000;0.000000;0.000000;2.000000;-26.278824;-686.246094;1933.692871;0.501945;0.000000;0.000000;0.000000;0.000000;2.000000;-23.791351;-653.329041;1970.445435;0.484673;0.000000;0.000000;0.000000;0.000000;2.000000;12.942627;-605.502808;2101.296387;0.747512;0.000000;0.000000;0.000000;0.000000;2.000000;37.285858;-332.114899;2148.622070;3.423241;0.000000;0.000000;0.000000;0.000000;2.000000;160.708893;-135.847672;2118.762695;4.715224;0.000000;0.000000;0.000000;0.000000;1.000000;109.264648;-100.835510;2044.286987;4.720266;0.000000;0.000000;0.000000;0.000000;1.000000;76.459381;-6.747416;2000.335693;1.287971;0.000000;0.000000;0.000000;0.000000;1.000000;111.484985;-77.589279;2011.793579;3.780175;0.000000;0.000000;0.000000;0.000000;1.000000;-32.550461;-647.215820;1903.464966;0.571739;0.000000;0.000000;0.000000;0.000000;2.000000;-28.590408;-580.480164;1789.012695;0.634821;0.000000;0.000000;0.000000;0.000000;2.000000;-49.878876;-301.036560;1744.355713;0.875845;0.000000;0.000000;0.000000;0.000000;2.000000;-69.688629;-68.241135;1706.253784;1.063549;0.000000;0.000000;0.000000;0.000000;2.000000;-3.038559;-14.318041;1766.001465;2.381882;0.000000;0.000000;0.000000;0.000000;2.000000;35.951218;65.984726;1825.080811;2.395537;0.000000;0.000000;0.000000;0.000000;2.000000;-17.402374;19.661694;1724.267090;1.725455;0.000000;0.000000;0.000000;0.000000;2.000000;-14.775726;-162.016510;2089.905273;0.241695;0.000000;0.000000;0.000000;0.000000;2.000000;-1.339981;240.063385;2120.808838;0.540175;0.000000;0.000000;0.000000;0.000000;2.000000;-237.787704;543.541321;2147.073730;1.075385;0.000000;0.000000;0.000000;0.000000;2.000000;-209.740387;729.293518;2128.082520;0.895960;0.000000;0.000000;0.000000;0.000000;2.000000;13.323929;-139.164185;1918.928467;0.217948;0.000000;0.000000;0.000000;0.000000;2.000000;123.532288;248.523987;1921.298340;0.634902;0.000000;0.000000;0.000000;0.000000;2.000000;124.910004;636.953857;1952.307007;1.485187;0.000000;0.000000;0.000000;0.000000;2.000000;266.574371;733.899780;1925.636353;1.518456;0.000000;0.000000;0.000000;0.000000;2.000000;-10.970764;-766.681152;1925.079346;0.468687;0.000000;0.000000;0.000000;0.000000;2.000000;145.612732;-790.164734;1959.132690;0.672732;0.000000;0.000000;0.000000;0.000000;1.000000;107.979614;-810.018860;1996.173462;0.486358;0.000000;0.000000;0.000000;0.000000;1.000000;-11.230835;-778.858704;2029.985962;0.429521;0.000000;0.000000;0.000000;0.000000;1.000000;117.832855;-833.328552;1949.952148;0.532895;0.000000;0.000000;0.000000;0.000000;1.000000;5.785721;-864.889832;1887.603027;0.274291;0.000000;0.000000;0.000000;0.000000;1.000000;13057967104.000000
0.000000;-150.000000;2000.000000;0.000000;0.000000;0.000000;0.000000;0.000000;2.000000;-5.754944;-333.469940;1993.577759;0.854343;0.000000;0.000000;0.000000;0.000000;2.000000;-16.049927;-479.895905;1989.753296;1.285534;0.000000;0.000000;0.000000;0.000000;2.000000;16.713074;-700.331177;1972.617920;1.821327;0.000000;0.000000;0.000000;0.000000;2.000000;23.104706;-665.001526;2008.077393;1.869224;0.000000;0.000000;0.000000;0.000000;2.000000;85.587921;-606.705994;2127.898926;2.361217;0.000000;0.000000;0.000000;0.000000;2.000000;96.712158;-325.807465;2171.633789;1.954271;0.000000;0.000000;0.000000;0.000000;2.000000;156.893158;-129.560516;2049.637939;2.121426;0.000000;0.000000;0.000000;0.000000;2.000000;128.676086;-93.665909;1961.642212;2.599977;0.000000;0.000000;0.000000;0.000000;2.000000;109.422119;-56.869385;1858.440430;4.701393;0.000000;0.000000;0.000000;0.000000;2.000000;141.406738;-66.085022;1921.906006;2.912380;0.000000;0.000000;0.000000;0.000000;2.000000;-2.448700;-663.172485;1943.704590;1.609049;0.000000;0.000000;0.000000;0.000000;2.000000;-33.029800;-598.480347;1828.765625;1.338609;0.000000;0.000000;0.000000;0.000000;2.000000;-66.298988;-316.790283;1768.967041;1.022916;0.000000;0.000000;0.000000;0.000000;2.000000;-95.296516;-82.013954;1718.872070;0.967304;0.000000;0.000000;0.000000;0.000000;2.000000;-18.908203;-15.733360;1753.010254;0.627372;0.000000;0.000000;0.000000;0.000000;2.000000;-54.216667;84.932487;1777.014160;3.171431;0.000000;0.000000;0.000000;0.000000;2.000000;-41.344360;8.629482;1707.055664;0.960776;0.000000;0.000000;0.000000;0.000000;2.000000;20.867828;-153.855499;2091.443604;1.116890;0.000000;0.000000;0.000000;0.000000;2.000000;-12.452362;254.815002;2133.261963;0.679779;0.000000;0.000000;0.000000;0.000000;2.000000;-252.413193;566.236206;2157.473877;0.882969;0.000000;0.000000;0.000000;0.000000;2.000000;-184.869354;741.000000;2111.711914;0.976375;0.000000;0.000000;0.000000;0.000000;2.000000;-18.817444;-146.523331;1917.541260;1.007149;0.000000;0.000000;0.000000;0.000000;2.000000;115.378082;242.374939;1933.503418;0.485667;0.000000;0.000000;0.000000;0.000000;2.000000;154.150513;637.507690;1961.765137;0.938022;0.000000;0.000000;0.000000;0.000000;2.000000;303.559204;726.909180;1927.516846;1.150105;0.000000;0.000000;0.000000;0.000000;2.000000;41.550995;-779.875610;1961.290283;1.988065;0.000000;0.000000;0.000000;0.000000;2.000000;176.436218;-875.655457;1961.757202;2.774523;0.000000;0.000000;0.000000;0.000000;2.000000;155.705414;-859.226807;2012.952026;2.153749;0.000000;0.000000;0.000000;0.000000;2.000000;86.658478;-757.475342;2056.691895;3.164538;0.000000;0.000000;0.000000;0.000000;2.000000;132.659698;-897.452454;1982.867798;2.245718;0.000000;0.000000;0.000000;0.000000;2.000000;-0.728210;-879.156372;1974.625122;2.698487;0.000000;0.000000;0.000000;0.000000;2.000000;13057999872.000000
0.000000;-150.000000;2000.000000;0.000000;0.000000;0.000000;0.000000;0.000000;2.000000;-5.431274;-332.253967;1983.927002;0.288010;0.000000;0.000000;0.000000;0.000000;2.000000;-14.990921;-477.764221;1971.730591;0.537974;0.000000;0.000000;0.000000;0.000000;2.000000;14.423843;-696.908020;1944.766235;0.833170;0.000000;0.000000;0.000000;0.000000;2.000000;17.924530;-663.998169;1982.629761;0.769084;0.000000;0.000000;0.000000;0.000000;2.000000;72.788162;-622.315979;2112.105225;0.758492;0.000000;0.000000;0.000000;0.000000;2.000000;102.061783;-381.398132;2258.690674;3.060795;0.000000;0.000000;0.000000;0.000000;2.000000;203.092667;-166.495804;2274.069336;6.868340;0.000000;0.000000;0.000000;0.000000;2.000000;233.677628;-95.915047;2212.073975;8.036309;0.000000;0.000000;0.000000;0.000000;2.000000;239.341660;-18.214804;2133.200195;9.066523;0.000000;0.000000;0.000000;0.000000;2.000000;227.295395;-62.017483;2192.466553;8.401252;0.000000;0.000000;0.000000;0.000000;2.000000;-0.820831;-657.751465;1916.471802;0.823117;0.000000;0.000000;0.000000;0.000000;2.000000;-31.407974;-588.230042;1804.951416;0.768739;0.000000;0.000000;0.000000;0.000000;2.000000;-98.303604;-315.914368;1735.488281;1.370850;0.000000;0.000000;0.000000;0.000000;2.000000;-136.382034;-84.238548;1681.212769;1.650629;0.000000;0.000000;0.000000;0.000000;2.000000;-44.456200;-34.680977;1701.444092;1.792938;0.000000;0.000000;0.000000;0.000000;2.000000;-94.131500;57.729538;1671.995850;3.420759;0.000000;0.000000;0.000000;0.000000;2.000000;-56.764587;5.946842;1663.078369;1.381379;0.000000;0.000000;0.000000;0.000000;2.000000;11.261978;-158.491577;2092.482178;0.317132;0.000000;0.000000;0.000000;0.000000;2.000000;-30.494453;250.109177;2089.633301;1.404060;0.000000;0.000000;0.000000;0.000000;2.000000;-241.348236;580.911743;2103.687500;1.682053;0.000000;0.000000;0.000000;0.000000;2.000000;-165.268600;751.530518;2058.467285;1.707705;0.000000;0.000000;0.000000;0.000000;2.000000;-10.155426;-142.342773;1916.604980;0.285972;0.000000;0.000000;0.000000;0.000000;2.000000;113.562302;247.962814;1890.170898;1.294065;0.000000;0.000000;0.000000;0.000000;2.000000;177.791672;639.086670;1874.592041;2.673288;0.000000;0.000000;0.000000;0.000000;2.000000;335.503113;718.961548;1870.138916;1.957560;0.000000;0.000000;0.000000;0.000000;2.000000;38.460922;-776.050659;1931.248413;0.900853;0.000000;0.000000;0.000000;0.000000;2.000000;175.140579;-868.209106;1928.810791;1.000304;0.000000;0.000000;0.000000;0.000000;2.000000;151.372879;-857.981079;1980.077759;0.981946;0.000000;0.000000;0.000000;0.000000;2.000000;77.690643;-763.422607;2030.544312;0.836743;0.000000;0.000000;0.000000;0.000000;2.000000;131.046097;-893.002075;1944.894653;1.132430;0.000000;0.000000;0.000000;0.000000;2.000000;-1.694061;-876.691406;1931.317749;1.283979;0.000000;0.000000;0.000000;0.000000;2.000000;13058033664.000000
0.000000;-150.000000;2000.000000;0.000000;0.000000;0.000000;0.000000;0.000000;2.000000;0.065407;-331.665405;1979.555298;0.215082;0.000000;0.000000;0.000000;0.000000;2.000000;0.681007;-476.888306;1963.135864;0.546125;0.000000;0.000000;0.000000;0.000000;2.000000;25.094704;-697.178040;1943.944946;0.326716;0.000000;0.000000;0.000000;0.000000;2.000000;30.156975;-662.977539;1980.377197;0.380857;0.000000;0.000000;0.000000;0.000000;2.000000;86.378288;-622.025024;2109.293457;0.423615;0.000000;0.000000;0.000000;0.000000;2.000000;87.072533;-401.453918;2286.865967;1.150298;0.000000;0.000000;0.000000;0.000000;2.000000;196.322296;-191.541168;2264.823242;0.840535;0.000000;0.000000;0.000000;0.000000;2.000000;249.404663;-130.799286;2208.001465;1.174366;0.000000;0.000000;0.000000;0.000000;2.000000;295.691925;-41.584480;2161.548828;2.052892;0.000000;0.000000;0.000000;0.000000;2.000000;247.861847;-111.563766;2173.491211;1.736522;0.000000;0.000000;0.000000;0.000000;2.000000;9.953781;-658.866272;1914.572632;0.335613;0.000000;0.000000;0.000000;0.000000;2.000000;-27.902840;-594.711670;1802.273926;0.239259;0.000000;0.000000;0.000000;0.000000;2.000000;-101.663422;-322.812469;1740.008789;0.271773;0.000000;0.000000;0.000000;0.000000;2.000000;-144.886185;-90.788559;1692.885986;0.483958;0.000000;0.000000;0.000000;0.000000;2.000000;-57.869308;-32.043461;1709.143555;0.478795;0.000000;0.000000;0.000000;0.000000;2.000000;-120.416023;42.465538;1660.347412;0.993370;0.000000;0.000000;0.000000;0.000000;2.000000;-77.586792;11.603271;1663.428955;0.658559;0.000000;0.000000;0.000000;0.000000;2.000000;12.407143;-160.352234;2092.026123;0.068113;0.000000;0.000000;0.000000;0.000000;2.000000;-22.893837;248.338318;2089.040039;0.238852;0.000000;0.000000;0.000000;0.000000;2.000000;-208.021378;593.506470;2105.992676;1.089533;0.000000;0.000000;0.000000;0.000000;2.000000;-129.856491;759.213562;2048.700195;1.145301;0.000000;0.000000;0.000000;0.000000;2.000000;-11.188065;-140.664948;1917.015991;0.061418;0.000000;0.000000;0.000000;0.000000;2.000000;112.908882;247.759735;1876.429932;0.419861;0.000000;0.000000;0.000000;0.000000;2.000000;191.157806;634.677612;1842.917236;1.057771;0.000000;0.000000;0.000000;0.000000;2.000000;350.367371;710.648926;1834.258057;1.212083;0.000000;0.000000;0.000000;0.000000;2.000000;47.210106;-777.152771;1932.926270;0.273942;0.000000;0.000000;0.000000;0.000000;2.000000;183.931213;-868.302856;1922.377808;0.332442;0.000000;0.000000;0.000000;0.000000;2.000000;163.679077;-857.530579;1974.945557;0.407138;0.000000;0.000000;0.000000;0.000000;2.000000;92.994225;-762.889465;2028.996582;0.469692;0.000000;0.000000;0.000000;0.000000;2.000000;141.286682;-893.132019;1941.758057;0.326873;0.000000;0.000000;0.000000;0.000000;2.000000;7.974869;-877.923157;1937.105591;0.345947;0.000000;0.000000;0.000000;0.000000;2.000000;13058066432.000000
0.000000;-150.000000;2000.000000;0.000000;0.000000;0.000000;0.000000;0.000000;2.000000;1.937912;-332.020691;1980.284790;0.060392;0.000000;0.000000;0.000000;0.000000;2.000000;4.644844;-477.489349;1964.238525;0.123047;0.000000;0.000000;0.000000;0.000000;2.000000;32.937820;-697.759644;1946.186890;0.242009;0.000000;0.000000;0.000000;0.000000;2.000000;38.236244;-663.104858;1982.261719;0.245535;0.000000;0.000000;0.000000;0.000000;2.000000;96.299477;-614.758423;2108.020020;0.365869;0.000000;0.000000;0.000000;0.000000;2.000000;97.748680;-404.584412;2298.434326;0.474969;0.000000;0.000000;0.000000;0.000000;2.000000;226.422089;-204.632629;2287.370605;1.178436;0.000000;0.000000;0.000000;0.000000;2.000000;246.468384;-141.318954;2214.187500;0.371448;0.000000;0.000000;0.000000;0.000000;2.000000;294.709747;-66.501389;2148.060547;0.838971;0.000000;0.000000;0.000000;0.000000;2.000000;245.773529;-134.051544;2163.451904;0.731397;0.000000;0.000000;0.000000;0.000000;2.000000;16.300064;-659.942139;1916.848755;0.202042;0.000000;0.000000;0.000000;0.000000;2.000000;-25.407188;-597.411377;1804.747559;0.131132;0.000000;0.000000;0.000000;0.000000;2.000000;-102.136169;-327.264832;1736.641602;0.165786;0.000000;0.000000;0.000000;0.000000;2.000000;-155.083282;-98.241638;1683.270020;0.469767;0.000000;0.000000;0.000000;0.000000;2.000000;-67.321365;-44.060986;1709.433838;0.452534;0.000000;0.000000;0.000000;0.000000;2.000000;-131.806305;30.205376;1662.447754;0.499112;0.000000;0.000000;0.000000;0.000000;2.000000;-80.525253;-1.356915;1664.089233;0.393748;0.000000;0.000000;0.000000;0.000000;2.000000;22.608902;-159.540405;2090.303955;0.307111;0.000000;0.000000;0.000000;0.000000;2.000000;-26.309082;248.313263;2082.083496;0.229336;0.000000;0.000000;0.000000;0.000000;2.000000;-187.790527;605.621704;2102.866211;0.703936;0.000000;0.000000;0.000000;0.000000;2.000000;-91.704964;749.881714;2019.667969;1.445357;0.000000;0.000000;0.000000;0.000000;2.000000;-20.387436;-141.396988;1918.568848;0.276935;0.000000;0.000000;0.000000;0.000000;2.000000;110.312340;243.846588;1864.283691;0.385373;0.000000;0.000000;0.000000;0.000000;2.000000;181.349792;632.093384;1823.585449;0.646041;0.000000;0.000000;0.000000;0.000000;2.000000;342.893219;699.963257;1799.327393;1.103378;0.000000;0.000000;0.000000;0.000000;2.000000;56.375084;-777.504150;1935.246216;0.279965;0.000000;0.000000;0.000000;0.000000;2.000000;194.901184;-866.681152;1927.873535;0.366250;0.000000;0.000000;0.000000;0.000000;2.000000;172.418945;-857.480469;1979.927979;0.297716;0.000000;0.000000;0.000000;0.000000;2.000000;98.217049;-765.020752;2033.523071;0.214031;0.000000;0.000000;0.000000;0.000000;2.000000;151.820770;-892.589600;1944.966919;0.326271;0.000000;0.000000;0.000000;0.000000;2.000000;18.384369;-879.015503;1935.407837;0.313786;0.000000;0.000000;0.000000;0.000000;2.000000;13058100224.000000
0.000000;-150.000000;2000.000000;0.000000;0.000000;0.000000;0.000000;0.000000;2.000000;3.409420;-332.217255;1976.396606;0.127013;0.000000;0.000000;0.000000;0.000000;2.000000;6.011784;-477.897949;1957.562134;0.208347;0.000000;0.000000;0.000000;0.000000;2.000000;33.314384;-698.630127;1934.230957;0.366012;0.000000;0.000000;0.000000;0.000000;2.000000;39.936745;-664.560791;1970.899414;0.353416;0.000000;0.000000;0.000000;0.000000;2.000000;100.950882;-615.952454;2095.789551;0.400985;0.000000;0.000000;0.000000;0.000000;2.000000;101.406723;-390.417328;2269.459473;0.990590;0.000000;0.000000;0.000000;0.000000;2.000000;212.663071;-179.259216;2280.098633;0.908380;0.000000;0.000000;0.000000;0.000000;2.000000;246.869827;-123.392357;2205.618652;0.606486;0.000000;0.000000;0.000000;0.000000;2.000000;301.609314;-48.114082;2144.583008;0.608663;0.000000;0.000000;0.000000;0.000000;2.000000;255.149216;-111.235985;2163.561523;0.752780;0.000000;0.000000;0.000000;0.000000;2.000000;15.699551;-660.087524;1906.108154;0.328319;0.000000;0.000000;0.000000;0.000000;2.000000;-29.382376;-594.277405;1796.620361;0.292197;0.000000;0.000000;0.000000;0.000000;2.000000;-100.736938;-319.052399;1739.331055;0.267155;0.000000;0.000000;0.000000;0.000000;2.000000;-160.487366;-89.547607;1691.470947;0.400287;0.000000;0.000000;0.000000;0.000000;2.000000;-73.103783;-33.885876;1717.390869;0.431890;0.000000;0.000000;0.000000;0.000000;2.000000;-135.209503;42.806137;1670.162109;0.462693;0.000000;0.000000;0.000000;0.000000;2.000000;-83.228439;-2.759731;1666.550537;0.119499;0.000000;0.000000;0.000000;0.000000;2.000000;26.147476;-161.107239;2089.524658;0.120472;0.000000;0.000000;0.000000;0.000000;2.000000;-11.331776;249.417816;2078.673340;0.469980;0.000000;0.000000;0.000000;0.000000;2.000000;-148.056610;618.703064;2094.553223;1.301571;0.000000;0.000000;0.000000;0.000000;2.000000;-54.122787;761.402527;2004.820190;1.282322;0.000000;0.000000;0.000000;0.000000;2.000000;-23.578339;-139.984116;1919.271484;0.108635;0.000000;0.000000;0.000000;0.000000;2.000000;102.667587;246.850800;1855.176758;0.374265;0.000000;0.000000;0.000000;0.000000;2.000000;155.077591;639.423096;1813.432739;0.888177;0.000000;0.000000;0.000000;0.000000;2.000000;312.636536;715.384827;1782.979492;1.150211;0.000000;0.000000;0.000000;0.000000;2.000000;56.283234;-778.475281;1920.913940;0.438398;0.000000;0.000000;0.000000;0.000000;2.000000;188.853043;-875.867249;1902.542358;0.842768;0.000000;0.000000;0.000000;0.000000;2.000000;176.214676;-858.492188;1956.045166;0.738639;0.000000;0.000000;0.000000;0.000000;2.000000;115.479202;-755.296936;2008.143677;0.982575;0.000000;0.000000;0.000000;0.000000;2.000000;148.524857;-896.871460;1930.339233;0.475885;0.000000;0.000000;0.000000;0.000000;2.000000;15.525097;-877.115906;1941.974609;0.226132;0.000000;0.000000;0.000000;0.000000;2.000000;13058132992.000000
0.000000;-150.000000;2000.000000;0.000000;0.000000;0.000000;0.000000;0.000000;2.000000;6.394927;-332.417358;1977.160156;0.091385;0.000000;0.000000;0.000000;0.000000;2.000000;13.571839;-478.087769;1958.301514;0.224861;0.000000;0.000000;0.000000;0.000000;2.000000;45.698261;-698.863586;1939.937012;0.403564;0.000000;0.000000;0.000000;0.000000;2.000000;51.608334;-663.798828;1975.849731;0.375854;0.000000;0.000000;0.000000;0.000000;2.000000;103.412720;-614.150024;2104.602295;0.275982;0.000000;0.000000;0.000000;0.000000;2.000000;97.743538;-388.655273;2278.693115;0.298556;0.000000;0.000000;0.000000;0.000000;2.000000;212.510498;-179.162140;2290.223145;0.299660;0.000000;0.000000;0.000000;0.000000;2.000000;235.723953;-125.749687;2209.810791;0.359235;0.000000;0.000000;0.000000;0.000000;2.000000;281.456482;-52.730583;2139.171875;0.632434;0.000000;0.000000;0.000000;0.000000;2.000000;226.495453;-117.282784;2162.340332;0.867374;0.000000;0.000000;0.000000;0.000000;2.000000;27.207996;-661.326111;1910.939209;0.371172;0.000000;0.000000;0.000000;0.000000;2.000000;-23.648542;-599.852844;1801.294922;0.274135;0.000000;0.000000;0.000000;0.000000;2.000000;-100.134888;-326.871704;1738.686646;0.232862;0.000000;0.000000;0.000000;0.000000;2.000000;-156.045242;-96.465622;1689.331421;0.251398;0.000000;0.000000;0.000000;0.000000;2.000000;-77.277161;-28.161354;1712.966919;0.247164;0.000000;0.000000;0.000000;0.000000;2.000000;-129.777145;56.126343;1666.789551;0.437246;0.000000;0.000000;0.000000;0.000000;2.000000;-90.397964;2.215916;1665.698120;0.259483;0.000000;0.000000;0.000000;0.000000;2.000000;26.803223;-160.269913;2089.528320;0.031473;0.000000;0.000000;0.000000;0.000000;2.000000;2.122796;250.819992;2061.501465;0.646902;0.000000;0.000000;0.000000;0.000000;2.000000;-126.773735;623.176819;2080.492676;0.766376;0.000000;0.000000;0.000000;0.000000;2.000000;-28.810101;765.421692;1993.994873;0.823336;0.000000;0.000000;0.000000;0.000000;2.000000;-24.169647;-140.739166;1919.268555;0.028381;0.000000;0.000000;0.000000;0.000000;2.000000;101.896011;243.918503;1840.726685;0.436931;0.000000;0.000000;0.000000;0.000000;2.000000;89.276871;641.665588;1817.189087;1.951527;0.000000;0.000000;0.000000;0.000000;2.000000;225.790634;741.234253;1762.099976;2.751710;0.000000;0.000000;0.000000;0.000000;2.000000;70.418274;-778.549866;1928.397095;0.473302;0.000000;0.000000;0.000000;0.000000;2.000000;207.691833;-871.322998;1927.533813;0.935864;0.000000;0.000000;0.000000;0.000000;2.000000;183.861267;-860.074585;1978.878784;0.714131;0.000000;0.000000;0.000000;0.000000;2.000000;109.943893;-764.059082;2027.901855;0.660258;0.000000;0.000000;0.000000;0.000000;2.000000;163.369827;-895.896362;1944.192871;0.601577;0.000000;0.000000;0.000000;0.000000;2.000000;29.971844;-879.635620;1930.365723;0.553491;0.000000;0.000000;0.000000;0.000000;2.000000;13058166784.000000
0.000000;-150.000000;2000.000000;0.000000;0.000000;0.000000;0.000000;0.000000;2.000000;3.658413;-332.850220;1982.230957;0.176340;0.000000;0.000000;0.000000;0.000000;2.000000;16.108759;-478.065979;1963.892700;0.187373;0.000000;0.000000;0.000000;0.000000;2.000000;44.943398;-698.034851;1935.927246;0.127060;0.000000;0.000000;0.000000;0.000000;2.000000;53.536671;-664.312439;1972.498535;0.119029;0.000000;0.000000;0.000000;0.000000;2.000000;116.009735;-618.094910;2097.553223;0.456680;0.000000;0.000000;0.000000;0.000000;2.000000;108.392624;-390.472046;2268.248291;0.458575;0.000000;0.000000;0.000000;0.000000;2.000000;203.891769;-171.517944;2270.122559;0.707027;0.000000;0.000000;0.000000;0.000000;2.000000;221.213058;-118.478180;2188.130371;0.826503;0.000000;0.000000;0.000000;0.000000;2.000000;252.041107;-39.360081;2116.189941;1.210053;0.000000;0.000000;0.000000;0.000000;2.000000;234.066360;-87.303055;2173.003418;0.998165;0.000000;0.000000;0.000000;0.000000;2.000000;24.917570;-659.437439;1909.559570;0.099903;0.000000;0.000000;0.000000;0.000000;2.000000;-30.774845;-593.384094;1805.244507;0.317483;0.000000;0.000000;0.000000;0.000000;2.000000;-99.799553;-318.439392;1744.072021;0.305509;0.000000;0.000000;0.000000;0.000000;2.000000;-149.697113;-86.708427;1695.808472;0.406530;0.000000;0.000000;0.000000;0.000000;2.000000;-72.332062;-18.098888;1722.463013;0.448393;0.000000;0.000000;0.000000;0.000000;2.000000;-133.370270;63.993385;1683.713623;0.580015;0.000000;0.000000;0.000000;0.000000;2.000000;-86.984222;7.252659;1670.310181;0.233002;0.000000;0.000000;0.000000;0.000000;2.000000;37.898903;-157.559479;2085.592285;0.368686;0.000000;0.000000;0.000000;0.000000;2.000000;106.715271;248.122910;2059.203125;3.193740;0.000000;0.000000;0.000000;0.000000;1.000000;-32.503227;614.079651;2103.611328;2.975137;0.000000;0.000000;0.000000;0.000000;1.000000;72.110779;771.935974;2066.643555;3.800056;0.000000;0.000000;0.000000;0.000000;1.000000;-34.175102;-143.183289;1922.817627;0.332458;0.000000;0.000000;0.000000;0.000000;2.000000;97.276367;238.716873;1842.087646;0.216331;0.000000;0.000000;0.000000;0.000000;2.000000;9.860304;627.192749;1839.383423;2.554932;0.000000;0.000000;0.000000;0.000000;2.000000;128.865051;744.583008;1779.618652;3.007598;0.000000;0.000000;0.000000;0.000000;2.000000;68.103859;-777.346252;1920.063721;0.266484;0.000000;0.000000;0.000000;0.000000;2.000000;199.816513;-875.761780;1901.177124;0.850340;0.000000;0.000000;0.000000;0.000000;2.000000;186.085236;-860.268799;1954.979980;0.732509;0.000000;0.000000;0.000000;0.000000;2.000000;125.411362;-758.324585;2009.514893;0.753857;0.000000;0.000000;0.000000;0.000000;2.000000;158.554596;-897.252930;1927.159180;0.541782;0.000000;0.000000;0.000000;0.000000;2.000000;25.587824;-876.137756;1936.323486;0.249703;0.000000;0.000000;0.000000;0.000000;2.000000;13058199552.000000
0.000000;-150.000000;2000.000000;0.000000;0.000000;0.000000;0.000000;0.000000;2.000000;1.522034;-334.461731;1986.083008;0.138801;0.000000;0.000000;0.000000;0.000000;2.000000;10.545179;-481.284668;1970.794678;0.279101;0.000000;0.000000;0.000000;0.000000;2.000000;45.532196;-701.950684;1943.196289;0.244959;0.000000;0.000000;0.000000;0.000000;2.000000;52.947430;-667.752747;1980.056152;0.246351;0.000000;0.000000;0.000000;0.000000;2.000000;112.458580;-622.476135;2108.042969;0.352441;0.000000;0.000000;0.000000;0.000000;2.000000;108.700195;-384.060364;2266.950195;0.193803;0.000000;0.000000;0.000000;0.000000;2.000000;199.479279;-161.418732;2261.493164;0.414226;0.000000;0.000000;0.000000;0.000000;2.000000;215.937134;-108.909279;2178.177490;0.437392;0.000000;0.000000;0.000000;0.000000;2.000000;234.222168;-38.007828;2093.369385;0.857743;0.000000;0.000000;0.000000;0.000000;2.000000;232.549530;-87.842674;2148.493896;0.726869;0.000000;0.000000;0.000000;0.000000;2.000000;24.639259;-663.649170;1916.406982;0.238039;0.000000;0.000000;0.000000;0.000000;2.000000;-29.641129;-598.727539;1809.475220;0.204462;0.000000;0.000000;0.000000;0.000000;2.000000;-97.067192;-321.990936;1745.330811;0.137738;0.000000;0.000000;0.000000;0.000000;2.000000;-145.520050;-88.597130;1695.398926;0.136200;0.000000;0.000000;0.000000;0.000000;2.000000;-64.548454;-26.170380;1728.633423;0.378750;0.000000;0.000000;0.000000;0.000000;2.000000;-112.852196;58.378700;1677.183105;0.658507;0.000000;0.000000;0.000000;0.000000;2.000000;-74.455536;4.740477;1671.949707;0.381239;0.000000;0.000000;0.000000;0.000000;2.000000;44.777828;-155.897385;2083.063477;0.222393;0.000000;0.000000;0.000000;0.000000;2.000000;169.928101;237.122116;2036.227905;2.016818;0.000000;0.000000;0.000000;0.000000;1.000000;43.759373;610.268066;2083.469727;2.336932;0.000000;0.000000;0.000000;0.000000;1.000000;151.952606;767.041809;2045.372070;2.449445;0.000000;0.000000;0.000000;0.000000;1.000000;-40.378143;-144.682083;1925.098145;0.200544;0.000000;0.000000;0.000000;0.000000;2.000000;76.972816;242.876678;1835.785522;0.641048;0.000000;0.000000;0.000000;0.000000;2.000000;-61.985664;618.437622;1854.796997;2.189882;0.000000;0.000000;0.000000;0.000000;2.000000;36.392590;750.925537;1786.157715;2.749766;0.000000;0.000000;0.000000;0.000000;2.000000;71.049454;-781.188660;1927.551636;0.263873;0.000000;0.000000;0.000000;0.000000;2.000000;205.702057;-879.213135;1932.306885;0.943084;0.000000;0.000000;0.000000;0.000000;2.000000;178.829559;-868.709656;1982.665894;0.883038;0.000000;0.000000;0.000000;0.000000;2.000000;104.692612;-771.208618;2030.383057;0.950083;0.000000;0.000000;0.000000;0.000000;2.000000;159.344696;-902.860535;1945.340088;0.563519;0.000000;0.000000;0.000000;0.000000;2.000000;26.990343;-881.362427;1923.486084;0.412247;0.000000;0.000000;0.000000;0.000000;2.000000;13058233344.000000
0.000000;-150.000000;2000.000000;0.000000;0.000000;0.000000;0.000000;0.000000;2.000000;6.908253;-335.999939;1985.594238;0.166396;0.000000;0.000000;0.000000;0.000000;2.000000;23.450661;-483.313843;1968.297363;0.393602;0.000000;0.000000;0.000000;0.000000;2.000000;46.355572;-708.019287;1943.930420;0.182530;0.000000;0.000000;0.000000;0.000000;2.000000;56.665466;-673.268066;1980.216431;0.196894;0.000000;0.000000;0.000000;0.000000;2.000000;111.272903;-618.364502;2108.199463;0.126717;0.000000;0.000000;0.000000;0.000000;2.000000;108.947075;-363.467896;2244.725830;0.896634;0.000000;0.000000;0.000000;0.000000;2.000000;181.836029;-135.466705;2284.798828;1.156752;0.000000;0.000000;0.000000;0.000000;2.000000;170.146240;-65.392700;2213.343750;2.139534;0.000000;0.000000;0.000000;0.000000;2.000000;165.852386;-35.339344;2104.426758;2.051064;0.000000;0.000000;0.000000;0.000000;2.000000;205.662781;-47.826664;2165.706299;1.514864;0.000000;0.000000;0.000000;0.000000;2.000000;26.551430;-668.820313;1916.716064;0.163412;0.000000;0.000000;0.000000;0.000000;2.000000;-40.972412;-605.335632;1814.992554;0.421119;0.000000;0.000000;0.000000;0.000000;2.000000;-94.819260;-322.683350;1751.595703;0.198032;0.000000;0.000000;0.000000;0.000000;2.000000;-139.995193;-86.966743;1698.673584;0.196086;0.000000;0.000000;0.000000;0.000000;2.000000;-44.944649;-36.984425;1714.090332;0.790053;0.000000;0.000000;0.000000;0.000000;2.000000;-99.742294;56.109749;1687.963989;0.506759;0.000000;0.000000;0.000000;0.000000;2.000000;-52.185562;-3.575788;1680.960327;0.752323;0.000000;0.000000;0.000000;0.000000;2.000000;44.741219;-154.854355;2084.133057;0.044224;0.000000;0.000000;0.000000;0.000000;2.000000;55.267998;261.635010;2040.382935;3.471967;0.000000;0.000000;0.000000;0.000000;2.000000;-55.018745;645.994019;2060.042480;3.184809;0.000000;0.000000;0.000000;0.000000;2.000000;61.322063;761.287354;1952.333740;3.847422;0.000000;0.000000;0.000000;0.000000;2.000000;-40.345131;-145.622620;1924.133545;0.039881;0.000000;0.000000;0.000000;0.000000;2.000000;57.039425;251.731155;1836.173706;0.645566;0.000000;0.000000;0.000000;0.000000;2.000000;-127.048935;609.184204;1881.008545;2.093761;0.000000;0.000000;0.000000;0.000000;2.000000;-41.360039;750.891541;1809.550049;2.402796;0.000000;0.000000;0.000000;0.000000;2.000000;67.466805;-789.499756;1929.041138;0.271430;0.000000;0.000000;0.000000;0.000000;2.000000;199.719391;-893.321289;1927.187866;0.478120;0.000000;0.000000;0.000000;0.000000;2.000000;174.319824;-883.357788;1979.014526;0.466251;0.000000;0.000000;0.000000;0.000000;2.000000;104.414886;-783.909973;2032.125366;0.379478;0.000000;0.000000;0.000000;0.000000;2.000000;152.448914;-915.896851;1940.856079;0.456155;0.000000;0.000000;0.000000;0.000000;2.000000;19.244938;-888.756042;1923.056641;0.317128;0.000000;0.000000;0.000000;0.000000;2.000000;13058267136.000000
0.000000;-150.000000;2000.000000;0.000000;0.000000;0.000000;0.000000;0.000000;2.000000;6.095177;-334.409882;1980.227661;0.172605;0.000000;0.000000;0.000000;0.000000;2.000000;15.233208;-481.299957;1961.572021;0.329833;0.000000;0.000000;0.000000;0.000000;2.000000;33.132298;-705.454956;1940.864868;0.421572;0.000000;0.000000;0.000000;0.000000;2.000000;44.933014;-670.484741;1976.036377;0.389467;0.000000;0.000000;0.000000;0.000000;2.000000;106.180313;-624.767944;2103.581055;0.286716;0.000000;0.000000;0.000000;0.000000;2.000000;69.308716;-381.847290;2252.741211;1.355629;0.000000;0.000000;0.000000;0.000000;2.000000;147.942505;-154.646393;2272.649414;1.244967;0.000000;0.000000;0.000000;0.000000;2.000000;162.607971;-93.885437;2194.389160;1.069395;0.000000;0.000000;0.000000;0.000000;2.000000;161.764603;-6.821316;2123.318848;1.051373;0.000000;0.000000;0.000000;0.000000;2.000000;173.075378;-62.444519;2172.132813;1.107465;0.000000;0.000000;0.000000;0.000000;2.000000;13.523514;-666.599731;1913.601807;0.414361;0.000000;0.000000;0.000000;0.000000;2.000000;-57.885025;-605.809753;1814.019165;0.517188;0.000000;0.000000;0.000000;0.000000;2.000000;-104.241608;-322.852570;1754.347900;0.299607;0.000000;0.000000;0.000000;0.000000;2.000000;-131.387085;-85.077911;1705.266235;0.335874;0.000000;0.000000;0.000000;0.000000;2.000000;-34.713547;-37.986397;1697.106934;0.605845;0.000000;0.000000;0.000000;0.000000;2.000000;-72.049606;52.669884;1748.017334;2.020882;0.000000;0.000000;0.000000;0.000000;2.000000;-43.632355;-8.632500;1685.959717;0.339448;0.000000;0.000000;0.000000;0.000000;2.000000;53.122787;-156.638062;2078.287109;0.316571;0.000000;0.000000;0.000000;0.000000;2.000000;45.569901;258.374725;2045.116943;0.344042;0.000000;0.000000;0.000000;0.000000;2.000000;-36.985909;647.513428;2056.222168;0.564440;0.000000;0.000000;0.000000;0.000000;2.000000;69.924736;761.699646;1940.025635;0.458440;0.000000;0.000000;0.000000;0.000000;2.000000;-47.903152;-144.014175;1929.404785;0.285461;0.000000;0.000000;0.000000;0.000000;2.000000;12.983757;257.500488;1839.412842;1.359550;0.000000;0.000000;0.000000;0.000000;2.000000;-197.504593;590.407410;1920.558960;2.531452;0.000000;0.000000;0.000000;0.000000;2.000000;-147.186111;744.080811;1843.138062;3.394688;0.000000;0.000000;0.000000;0.000000;2.000000;52.195293;-787.090454;1927.028687;0.475794;0.000000;0.000000;0.000000;0.000000;2.000000;187.194748;-885.621155;1925.490234;0.451661;0.000000;0.000000;0.000000;0.000000;2.000000;160.305237;-878.239441;1976.597046;0.461260;0.000000;0.000000;0.000000;0.000000;2.000000;86.069641;-783.561157;2030.562866;0.561980;0.000000;0.000000;0.000000;0.000000;2.000000;140.689941;-910.078796;1937.113647;0.416349;0.000000;0.000000;0.000000;0.000000;2.000000;7.916130;-887.093750;1916.739502;0.399082;0.000000;0.000000;0.000000;0.000000;2.000000;13058299904.000000
0.000000;-150.000000;2000.000000;0.000000;0.000000;0.000000;0.000000;0.000000;2.000000;6.340714;-334.106384;1977.422974;0.083799;0.000000;0.000000;0.000000;0.000000;2.000000;14.590866;-480.882202;1957.337158;0.127356;0.000000;0.000000;0.000000;0.000000;2.000000;31.861771;-705.310486;1938.813843;0.071525;0.000000;0.000000;0.000000;0.000000;2.000000;44.113152;-669.986877;1973.485229;0.080655;0.000000;0.000000;0.000000;0.000000;2.000000;105.761597;-624.037537;2100.777832;0.086616;0.000000;0.000000;0.000000;0.000000;2.000000;62.750328;-378.100952;2243.284180;0.358162;0.000000;0.000000;0.000000;0.000000;2.000000;137.526001;-149.202484;2258.478516;0.544824;0.000000;0.000000;0.000000;0.000000;2.000000;153.914520;-95.981895;2175.210449;0.626218;0.000000;0.000000;0.000000;0.000000;2.000000;153.837387;-20.603609;2091.821777;1.044109;0.000000;0.000000;0.000000;0.000000;2.000000;158.242920;-52.199623;2166.515625;0.558758;0.000000;0.000000;0.000000;0.000000;2.000000;12.021042;-666.703552;1911.352661;0.080102;0.000000;0.000000;0.000000;0.000000;2.000000;-62.633049;-607.241150;1813.333618;0.148149;0.000000;0.000000;0.000000;0.000000;2.000000;-118.007835;-325.054932;1757.620850;0.423778;0.000000;0.000000;0.000000;0.000000;2.000000;-99.346886;-87.395935;1704.048828;0.951320;0.000000;0.000000;0.000000;0.000000;2.000000;-27.692329;-6.794271;1705.574585;0.978778;0.000000;0.000000;0.000000;0.000000;2.000000;-54.080452;56.459862;1792.238037;1.416975;0.000000;0.000000;0.000000;0.000000;2.000000;-17.866592;-1.009796;1700.949829;0.910518;0.000000;0.000000;0.000000;0.000000;2.000000;51.688625;-157.924713;2079.139648;0.062350;0.000000;0.000000;0.000000;0.000000;2.000000;54.340130;257.236572;2046.318115;0.264115;0.000000;0.000000;0.000000;0.000000;2.000000;-16.982773;648.803589;2044.930908;0.680816;0.000000;0.000000;0.000000;0.000000;2.000000;95.261612;756.846191;1927.845215;0.844239;0.000000;0.000000;0.000000;0.000000;2.000000;-46.609917;-142.853943;1928.636108;0.056222;0.000000;0.000000;0.000000;0.000000;2.000000;-34.350380;264.728577;1846.196411;1.431136;0.000000;0.000000;0.000000;0.000000;2.000000;-272.981384;567.409424;1961.103394;2.625184;0.000000;0.000000;0.000000;0.000000;2.000000;-231.161835;729.966675;1898.039307;2.998275;0.000000;0.000000;0.000000;0.000000;2.000000;50.627777;-787.136292;1925.635010;0.062085;0.000000;0.000000;0.000000;0.000000;2.000000;175.251434;-898.534668;1927.361206;0.523468;0.000000;0.000000;0.000000;0.000000;2.000000;146.417648;-890.185608;1977.254517;0.542452;0.000000;0.000000;0.000000;0.000000;1.000000;78.901031;-790.385864;2030.862183;0.293036;0.000000;0.000000;0.000000;0.000000;1.000000;126.000542;-918.609192;1935.618530;0.504626;0.000000;0.000000;0.000000;0.000000;2.000000;-2.578003;-881.856201;1909.265625;0.411561;0.000000;0.000000;0.000000;0.000000;2.000000;13058333696.000000
0.000000;-150.000000;2000.000000;0.000000;0.000000;0.000000;0.000000;0.000000;2.000000;-2.313965;-331.525848;1981.102417;0.297607;0.000000;0.000000;0.000000;0.000000;2.000000;4.126709;-475.695831;1959.530762;0.362645;0.000000;0.000000;0.000000;0.000000;2.000000;22.911705;-696.511169;1944.620117;0.422031;0.000000;0.000000;0.000000;0.000000;2.000000;38.547783;-660.693665;1976.040039;0.339643;0.000000;0.000000;0.000000;0.000000;2.000000;128.929321;-596.156860;2071.199707;1.427799;0.000000;0.000000;0.000000;0.000000;2.000000;91.971191;-331.950714;2164.786621;2.918472;0.000000;0.000000;0.000000;0.000000;2.000000;159.403641;-111.012291;2110.524414;4.710745;0.000000;0.000000;0.000000;0.000000;2.000000;111.257126;-54.165901;2046.061279;4.342485;0.000000;0.000000;0.000000;0.000000;2.000000;52.851219;26.845383;1998.662842;4.435895;0.000000;0.000000;0.000000;0.000000;2.000000;124.523277;-9.642217;2022.096802;4.708512;0.000000;0.000000;0.000000;0.000000;2.000000;-0.625931;-659.589539;1919.432495;0.506848;0.000000;0.000000;0.000000;0.000000;2.000000;-72.764511;-600.351929;1822.534912;0.467598;0.000000;0.000000;0.000000;0.000000;2.000000;-106.459045;-318.827698;1771.633301;0.585828;0.000000;0.000000;0.000000;0.000000;2.000000;-59.069244;-92.835022;1705.140137;1.240780;0.000000;0.000000;0.000000;0.000000;2.000000;8.408798;-12.779991;1722.148438;1.225961;0.000000;0.000000;0.000000;0.000000;2.000000;-17.349625;44.929001;1810.541260;1.300895;0.000000;0.000000;0.000000;0.000000;2.000000;11.941650;-2.613621;1718.169189;1.051688;0.000000;0.000000;0.000000;0.000000;2.000000;57.722633;-158.315506;2072.808838;0.267166;0.000000;0.000000;0.000000;0.000000;2.000000;78.580170;250.122009;2050.625977;0.782081;0.000000;0.000000;0.000000;0.000000;2.000000;20.302261;637.141846;2045.002197;1.192209;0.000000;0.000000;0.000000;0.000000;2.000000;126.548828;750.005432;1932.274780;0.986670;0.000000;0.000000;0.000000;0.000000;2.000000;-52.051025;-142.501541;1934.344971;0.240917;0.000000;0.000000;0.000000;0.000000;2.000000;-51.210785;261.897522;1872.311768;0.952569;0.000000;0.000000;0.000000;0.000000;2.000000;-302.151489;540.035828;1999.278320;1.687469;0.000000;0.000000;0.000000;0.000000;2.000000;-273.555756;711.770447;1971.266113;2.641227;0.000000;0.000000;0.000000;0.000000;2.000000;41.112068;-776.989136;1931.344971;0.458899;0.000000;0.000000;0.000000;0.000000;2.000000;174.818771;-872.604492;1928.826660;0.792699;0.000000;0.000000;0.000000;0.000000;2.000000;148.037476;-866.494141;1979.071411;0.726812;0.000000;0.000000;0.000000;0.000000;1.000000;73.857597;-775.026489;2033.405640;0.499423;0.000000;0.000000;0.000000;0.000000;1.000000;129.248520;-897.291504;1939.578735;0.669078;0.000000;0.000000;0.000000;0.000000;2.000000;-1.447983;-875.560425;1919.234009;0.361453;0.000000;0.000000;0.000000;0.000000;2.000000;13058366464.000000
0.000000;-150.000000;2000.000000;0.000000;0.000000;0.000000;0.000000;0.000000;2.000000;-2.046387;-332.101807;1994.421631;0.394601;0.000000;0.000000;0.000000;0.000000;2.000000;12.304535;-476.028442;1977.224854;0.576922;0.000000;0.000000;0.000000;0.000000;2.000000;32.385895;-696.455078;1964.221802;0.644274;0.000000;0.000000;0.000000;0.000000;2.000000;48.450623;-660.253418;1994.833374;0.628768;0.000000;0.000000;0.000000;0.000000;2.000000;142.428070;-592.882446;2083.956543;0.558101;0.000000;0.000000;0.000000;0.000000;2.000000;110.102699;-323.212402;2160.637207;0.608150;0.000000;0.000000;0.000000;0.000000;2.000000;160.164383;-98.899086;2103.333984;0.417469;0.000000;0.000000;0.000000;0.000000;2.000000;151.099396;-15.029142;2052.792480;1.664684;0.000000;0.000000;0.000000;0.000000;2.000000;118.452118;79.235191;2005.613037;2.492915;0.000000;0.000000;0.000000;0.000000;2.000000;145.401398;10.550138;2026.236816;0.868218;0.000000;0.000000;0.000000;0.000000;2.000000;8.026993;-660.044128;1939.251465;0.640102;0.000000;0.000000;0.000000;0.000000;2.000000;-65.157822;-603.062073;1842.116211;0.626805;0.000000;0.000000;0.000000;0.000000;2.000000;-103.364487;-322.073730;1794.422119;0.687320;0.000000;0.000000;0.000000;0.000000;2.000000;-17.623260;-109.774559;1722.915283;1.425585;0.000000;0.000000;0.000000;0.000000;2.000000;-5.119690;-16.706842;1771.840454;1.528472;0.000000;0.000000;0.000000;0.000000;2.000000;18.321915;40.988766;1860.649780;1.823946;0.000000;0.000000;0.000000;0.000000;2.000000;58.015160;-6.264056;1720.725220;1.369807;0.000000;0.000000;0.000000;0.000000;2.000000;58.180534;-152.879349;2072.650879;0.161508;0.000000;0.000000;0.000000;0.000000;2.000000;112.396980;252.127609;2059.033203;1.032904;0.000000;0.000000;0.000000;0.000000;2.000000;51.748962;637.680481;2040.550659;0.940009;0.000000;0.000000;0.000000;0.000000;2.000000;161.293472;759.335449;1941.534302;1.099315;0.000000;0.000000;0.000000;0.000000;2.000000;-52.463959;-147.403564;1934.487549;0.145640;0.000000;0.000000;0.000000;0.000000;2.000000;-87.161545;258.293701;1902.837891;1.399739;0.000000;0.000000;0.000000;0.000000;2.000000;-329.556213;534.856628;2046.565063;1.624610;0.000000;0.000000;0.000000;0.000000;2.000000;-311.141113;709.594299;2035.939331;2.214526;0.000000;0.000000;0.000000;0.000000;2.000000;50.852005;-776.791260;1951.392090;0.659589;0.000000;0.000000;0.000000;0.000000;2.000000;185.627167;-870.131042;1944.048584;0.557293;0.000000;0.000000;0.000000;0.000000;2.000000;159.106857;-866.582520;1994.561890;0.563425;0.000000;0.000000;0.000000;0.000000;1.000000;84.109390;-778.765198;2053.087402;0.665969;0.000000;0.000000;0.000000;0.000000;1.000000;140.550781;-895.859436;1953.946777;0.542633;0.000000;0.000000;0.000000;0.000000;2.000000;9.677246;-875.169434;1935.285156;0.578055;0.000000;0.000000;0.000000;0.000000;2.000000;13058400256.000000
0.000000;-150.000000;2000.000000;0.000000;0.000000;0.000000;0.000000;0.000000;2.000000;3.163239;-331.365784;1986.851318;0.281344;0.000000;0.000000;0.000000;0.000000;2.000000;14.442902;-475.153931;1968.476440;0.276133;0.000000;0.000000;0.000000;0.000000;2.000000;26.996414;-695.865906;1957.930908;0.253441;0.000000;0.000000;0.000000;0.000000;2.000000;44.579193;-659.931458;1987.867798;0.243397;0.000000;0.000000;0.000000;0.000000;2.000000;143.432159;-610.592346;2082.895508;0.542299;0.000000;0.000000;0.000000;0.000000;2.000000;128.809677;-332.175232;2123.256348;1.304644;0.000000;0.000000;0.000000;0.000000;2.000000;180.593536;-107.265129;2071.900879;1.172201;0.000000;0.000000;0.000000;0.000000;2.000000;161.065720;-15.949799;2041.635132;0.457419;0.000000;0.000000;0.000000;0.000000;2.000000;119.675026;72.042183;1989.888428;0.529019;0.000000;0.000000;0.000000;0.000000;2.000000;158.000687;3.868191;2011.249146;0.631368;0.000000;0.000000;0.000000;0.000000;2.000000;3.619019;-659.021912;1932.841919;0.239437;0.000000;0.000000;0.000000;0.000000;2.000000;-71.344681;-606.411804;1834.935425;0.306791;0.000000;0.000000;0.000000;0.000000;2.000000;-92.567764;-323.457031;1791.619629;0.343016;0.000000;0.000000;0.000000;0.000000;2.000000;10.654663;-118.400856;1723.613037;0.902485;0.000000;0.000000;0.000000;0.000000;2.000000;46.212463;-19.219181;1731.963135;1.985169;0.000000;0.000000;0.000000;0.000000;2.000000;55.875931;23.717300;1830.887085;1.554428;0.000000;0.000000;0.000000;0.000000;2.000000;83.282959;-18.790012;1717.756226;0.865418;0.000000;0.000000;0.000000;0.000000;2.000000;62.367798;-153.901031;2068.812256;0.176137;0.000000;0.000000;0.000000;0.000000;2.000000;120.141541;248.937439;2038.237305;0.684183;0.000000;0.000000;0.000000;0.000000;2.000000;88.163719;637.405945;2024.497314;1.214515;0.000000;0.000000;0.000000;0.000000;2.000000;195.483475;754.614014;1918.588867;1.264821;0.000000;0.000000;0.000000;0.000000;2.000000;-56.239761;-146.482269;1937.948975;0.158829;0.000000;0.000000;0.000000;0.000000;2.000000;-130.205521;254.054230;1920.839111;1.429709;0.000000;0.000000;0.000000;0.000000;2.000000;-344.512390;544.616272;2078.898438;1.127246;0.000000;0.000000;0.000000;0.000000;2.000000;-335.754944;719.799194;2068.527832;1.284638;0.000000;0.000000;0.000000;0.000000;2.000000;42.598465;-776.772766;1945.888306;0.302744;0.000000;0.000000;0.000000;0.000000;2.000000;180.345810;-862.741699;1924.248047;0.664805;0.000000;0.000000;0.000000;0.000000;2.000000;158.980881;-860.718567;1977.117188;0.561656;0.000000;0.000000;0.000000;0.000000;1.000000;85.986664;-777.252625;2043.498291;0.301743;0.000000;0.000000;0.000000;0.000000;1.000000;137.980804;-890.772461;1938.432373;0.504398;0.000000;0.000000;0.000000;0.000000;2.000000;5.232620;-876.953003;1933.288574;0.158345;0.000000;0.000000;0.000000;0.000000;2.000000;13058433024.000000
0.000000;-150.000000;2000.000000;0.000000;0.000000;0.000000;0.000000;0.000000;2.000000;6.566147;-330.938660;1986.992798;0.101578;0.000000;0.000000;0.000000;0.000000;2.000000;18.207275;-474.582947;1969.946045;0.120774;0.000000;0.000000;0.000000;0.000000;2.000000;30.736557;-695.024780;1963.207153;0.193001;0.000000;0.000000;0.000000;0.000000;2.000000;48.860901;-658.605225;1992.056885;0.181557;0.000000;0.000000;0.000000;0.000000;2.000000;149.231308;-604.973145;2082.640869;0.239081;0.000000;0.000000;0.000000;0.000000;2.000000;131.568359;-329.099304;2134.020752;0.341209;0.000000;0.000000;0.000000;0.000000;2.000000;192.154724;-109.471382;2072.501953;0.348756;0.000000;0.000000;0.000000;0.000000;2.000000;183.495850;-17.461357;2039.967163;0.667105;0.000000;0.000000;0.000000;0.000000;2.000000;152.330811;73.256073;1986.239990;0.973052;0.000000;0.000000;0.000000;0.000000;2.000000;188.486298;10.467388;2016.940430;0.938289;0.000000;0.000000;0.000000;0.000000;2.000000;6.857178;-658.730957;1937.980713;0.179951;0.000000;0.000000;0.000000;0.000000;2.000000;-67.372009;-603.355591;1841.396362;0.241986;0.000000;0.000000;0.000000;0.000000;2.000000;-66.710754;-319.985016;1799.223267;0.804171;0.000000;0.000000;0.000000;0.000000;2.000000;38.253220;-117.126823;1728.925781;0.832567;0.000000;0.000000;0.000000;0.000000;2.000000;78.597687;-19.780878;1733.910889;0.960245;0.000000;0.000000;0.000000;0.000000;2.000000;86.869431;16.917469;1835.218628;0.947708;0.000000;0.000000;0.000000;0.000000;2.000000;113.590958;-20.108809;1721.236084;0.903634;0.000000;0.000000;0.000000;0.000000;2.000000;67.025894;-152.176376;2064.110352;0.202403;0.000000;0.000000;0.000000;0.000000;2.000000;144.537323;246.160400;2028.892822;0.777444;0.000000;0.000000;0.000000;0.000000;2.000000;122.310791;634.334473;2009.666016;1.105450;0.000000;0.000000;0.000000;0.000000;2.000000;230.962158;749.490234;1903.516357;1.150765;0.000000;0.000000;0.000000;0.000000;2.000000;-60.440216;-148.037476;1942.188843;0.182516;0.000000;0.000000;0.000000;0.000000;2.000000;-171.206970;243.472198;1945.978149;1.457297;0.000000;0.000000;0.000000;0.000000;2.000000;-368.992920;537.699829;2116.444092;1.342095;0.000000;0.000000;0.000000;0.000000;2.000000;-353.194580;709.069946;2082.695313;0.736840;0.000000;0.000000;0.000000;0.000000;2.000000;46.138763;-775.975586;1952.352783;0.219384;0.000000;0.000000;0.000000;0.000000;2.000000;186.758804;-840.124878;1899.037720;1.020076;0.000000;0.000000;0.000000;0.000000;2.000000;174.091507;-847.462769;1954.074585;0.904886;0.000000;0.000000;0.000000;0.000000;2.000000;104.324280;-783.095581;2041.408936;0.572889;0.000000;0.000000;0.000000;0.000000;2.000000;150.537247;-874.826538;1915.005493;0.917260;0.000000;0.000000;0.000000;0.000000;2.000000;18.230301;-877.548340;1931.111084;0.390396;0.000000;0.000000;0.000000;0.000000;2.000000;13058466816.000000
0.000000;-150.000000;2000.000000;0.000000;0.000000;0.000000;0.000000;0.000000;2.000000;3.986206;-332.824493;1986.435059;0.098999;0.000000;0.000000;0.000000;0.000000;2.000000;12.406891;-478.263123;1970.095093;0.209686;0.000000;0.000000;0.000000;0.000000;2.000000;17.841736;-701.181274;1961.581055;0.438884;0.000000;0.000000;0.000000;0.000000;2.000000;37.187378;-665.235474;1991.105469;0.410727;0.000000;0.000000;0.000000;0.000000;2.000000;140.362030;-613.518738;2082.039063;0.376312;0.000000;0.000000;0.000000;0.000000;2.000000;115.918198;-335.680420;2135.730469;0.520736;0.000000;0.000000;0.000000;0.000000;2.000000;176.754517;-115.584419;2067.269531;0.530263;0.000000;0.000000;0.000000;0.000000;2.000000;175.393707;-22.098669;2034.802368;0.325588;0.000000;0.000000;0.000000;0.000000;2.000000;153.237183;72.671127;1981.301025;0.154278;0.000000;0.000000;0.000000;0.000000;2.000000;172.204544;-1.064365;2005.513428;0.701674;0.000000;0.000000;0.000000;0.000000;2.000000;-4.941711;-663.554260;1936.271973;0.392478;0.000000;0.000000;0.000000;0.000000;2.000000;-76.162689;-603.390991;1838.400146;0.283427;0.000000;0.000000;0.000000;0.000000;2.000000;-75.902222;-316.979431;1796.877441;0.303676;0.000000;0.000000;0.000000;0.000000;2.000000;40.876846;-117.603737;1726.948608;0.101308;0.000000;0.000000;0.000000;0.000000;2.000000;82.683975;-20.094658;1736.968506;0.156044;0.000000;0.000000;0.000000;0.000000;2.000000;87.547302;18.019463;1839.149048;0.126278;0.000000;0.000000;0.000000;0.000000;2.000000;121.874496;-24.384359;1721.272949;0.284483;0.000000;0.000000;0.000000;0.000000;2.000000;68.038605;-153.292389;2064.367676;0.046656;0.000000;0.000000;0.000000;0.000000;2.000000;151.722015;246.938629;2018.276733;0.391918;0.000000;0.000000;0.000000;0.000000;2.000000;139.176498;639.222351;1993.850098;0.721201;0.000000;0.000000;0.000000;0.000000;2.000000;246.512192;751.133728;1879.695190;0.869592;0.000000;0.000000;0.000000;0.000000;2.000000;-61.353363;-147.031082;1941.956787;0.042071;0.000000;0.000000;0.000000;0.000000;2.000000;-170.510620;248.610168;1964.331909;0.582034;0.000000;0.000000;0.000000;0.000000;2.000000;-354.719116;552.086426;2142.883301;1.016628;0.000000;0.000000;0.000000;0.000000;2.000000;-345.113770;723.528992;2099.291504;0.715569;0.000000;0.000000;0.000000;0.000000;2.000000;30.786469;-783.331299;1950.043823;0.524273;0.000000;0.000000;0.000000;0.000000;2.000000;174.949356;-836.452332;1889.436279;0.477810;0.000000;0.000000;0.000000;0.000000;2.000000;162.283508;-851.092896;1943.611084;0.494056;0.000000;0.000000;0.000000;0.000000;2.000000;89.579681;-799.752502;2038.775757;0.683614;0.000000;0.000000;0.000000;0.000000;2.000000;139.468216;-874.370911;1900.885742;0.547702;0.000000;0.000000;0.000000;0.000000;2.000000;5.939453;-883.327209;1915.888184;0.622586;0.000000;0.000000;0.000000;0.000000;2.000000;13058499584.000000
0.000000;-150.000000;2000.000000;0.000000;0.000000;0.000000;0.000000;0.000000;2.000000;3.102203;-332.847107;1984.897339;0.052493;0.000000;0.000000;0.000000;0.000000;2.000000;9.087616;-478.487183;1968.377808;0.110793;0.000000;0.000000;0.000000;0.000000;2.000000;21.421143;-701.342651;1961.588623;0.106033;0.000000;0.000000;0.000000;0.000000;2.000000;41.201233;-664.441345;1989.669678;0.128322;0.000000;0.000000;0.000000;0.000000;2.000000;147.652344;-605.701904;2072.349854;0.426929;0.000000;0.000000;0.000000;0.000000;2.000000;119.283630;-341.656586;2173.642822;1.140144;0.000000;0.000000;0.000000;0.000000;2.000000;169.274673;-146.728241;2045.533691;1.145487;0.000000;0.000000;0.000000;0.000000;2.000000;149.901062;-51.337376;2027.251465;1.169494;0.000000;0.000000;0.000000;0.000000;2.000000;158.472153;49.264275;1980.803955;0.709939;0.000000;0.000000;0.000000;0.000000;2.000000;141.885788;-35.940170;1980.339966;1.557282;0.000000;0.000000;0.000000;0.000000;2.000000;-3.992645;-664.730286;1937.244629;0.053183;0.000000;0.000000;0.000000;0.000000;2.000000;-71.924927;-606.323181;1835.904419;0.169443;0.000000;0.000000;0.000000;0.000000;2.000000;-84.606079;-320.961792;1788.169556;0.382931;0.000000;0.000000;0.000000;0.000000;2.000000;43.920502;-128.046707;1720.179443;0.379136;0.000000;0.000000;0.000000;0.000000;2.000000;95.701645;-35.007401;1726.029785;0.669285;0.000000;0.000000;0.000000;0.000000;2.000000;101.451599;9.123966;1825.793945;0.628329;0.000000;0.000000;0.000000;0.000000;2.000000;125.102737;-36.810226;1715.296875;0.419067;0.000000;0.000000;0.000000;0.000000;2.000000;73.798691;-153.519119;2057.764160;0.259400;0.000000;0.000000;0.000000;0.000000;2.000000;145.755875;248.808990;2007.778931;0.361586;0.000000;0.000000;0.000000;0.000000;2.000000;176.647583;640.016541;1978.539429;1.198099;0.000000;0.000000;0.000000;0.000000;2.000000;292.902252;735.393066;1858.059326;1.584781;0.000000;0.000000;0.000000;0.000000;2.000000;-66.547546;-146.826675;1947.911377;0.233911;0.000000;0.000000;0.000000;0.000000;2.000000;-181.415680;246.371552;1985.060547;0.696285;0.000000;0.000000;0.000000;0.000000;2.000000;-350.348419;570.697388;2141.272461;0.567739;0.000000;0.000000;0.000000;0.000000;2.000000;-321.349213;735.342773;2082.289307;0.932711;0.000000;0.000000;0.000000;0.000000;2.000000;36.422363;-783.205078;1950.078735;0.166827;0.000000;0.000000;0.000000;0.000000;2.000000;173.847534;-834.279785;1873.782349;0.468819;0.000000;0.000000;0.000000;0.000000;2.000000;164.983521;-853.290588;1927.394165;0.490838;0.000000;0.000000;0.000000;0.000000;2.000000;101.449799;-808.693604;2032.159790;0.481385;0.000000;0.000000;0.000000;0.000000;2.000000;138.199936;-872.226807;1884.781128;0.482249;0.000000;0.000000;0.000000;0.000000;2.000000;5.939484;-879.297119;1909.626099;0.220373;0.000000;0.000000;0.000000;0.000000;2.000000;13058533376.000000
0.000000;-150.000000;2000.000000;0.000000;0.000000;0.000000;0.000000;0.000000;2.000000;14.894318;-332.725647;1984.673462;0.349043;0.000000;0.000000;0.000000;0.000000;2.000000;33.106628;-477.086121;1963.232056;0.728100;0.000000;0.000000;0.000000;0.000000;2.000000;38.400146;-700.897461;1961.882080;0.502704;0.000000;0.000000;0.000000;0.000000;2.000000;59.566345;-663.865479;1988.999023;0.544104;0.000000;0.000000;0.000000;0.000000;2.000000;164.902740;-604.226563;2073.128174;0.512869;0.000000;0.000000;0.000000;0.000000;2.000000;144.889816;-336.549896;2168.797363;0.785873;0.000000;0.000000;0.000000;0.000000;2.000000;187.279099;-129.820358;2056.239502;0.796618;0.000000;0.000000;0.000000;0.000000;2.000000;173.091797;-33.269539;2074.583984;1.648886;0.000000;0.000000;0.000000;0.000000;2.000000;168.087219;14.281624;1973.938843;1.092678;0.000000;0.000000;0.000000;0.000000;2.000000;149.677338;-26.750326;1973.939209;0.403734;0.000000;0.000000;0.000000;0.000000;2.000000;13.929047;-664.013916;1936.720581;0.531003;0.000000;0.000000;0.000000;0.000000;2.000000;-55.039093;-606.093872;1835.332397;0.500032;0.000000;0.000000;0.000000;0.000000;2.000000;-72.819763;-320.249268;1787.560181;0.349892;0.000000;0.000000;0.000000;0.000000;2.000000;67.618530;-131.819794;1728.976685;0.756340;0.000000;0.000000;0.000000;0.000000;2.000000;117.703949;-37.442997;1725.069702;0.655703;0.000000;0.000000;0.000000;0.000000;2.000000;129.598099;-0.598431;1827.521851;0.882707;0.000000;0.000000;0.000000;0.000000;2.000000;154.674698;-39.747452;1717.817261;0.882580;0.000000;0.000000;0.000000;0.000000;2.000000;77.355225;-148.175461;2053.420898;0.229354;0.000000;0.000000;0.000000;0.000000;2.000000;150.851410;254.952362;2003.323120;0.270511;0.000000;0.000000;0.000000;0.000000;2.000000;200.541122;644.872559;1969.428833;0.770258;0.000000;0.000000;0.000000;0.000000;2.000000;319.847076;719.377197;1837.009033;1.117357;0.000000;0.000000;0.000000;0.000000;2.000000;-69.754608;-151.645294;1951.827881;0.206818;0.000000;0.000000;0.000000;0.000000;2.000000;-174.045807;245.086243;1994.069214;0.346531;0.000000;0.000000;0.000000;0.000000;2.000000;-318.606415;587.697021;2137.832031;1.070417;0.000000;0.000000;0.000000;0.000000;2.000000;-283.591522;741.963989;2056.796875;1.362345;0.000000;0.000000;0.000000;0.000000;2.000000;50.778412;-783.664185;1952.289917;0.430060;0.000000;0.000000;0.000000;0.000000;2.000000;170.799362;-823.741333;1845.304199;0.903117;0.000000;0.000000;0.000000;0.000000;2.000000;173.531601;-847.271606;1897.937500;0.924979;0.000000;0.000000;0.000000;0.000000;2.000000;131.992233;-813.257690;2017.130615;1.016351;0.000000;0.000000;0.000000;0.000000;2.000000;138.820831;-863.789307;1860.133911;0.771154;0.000000;0.000000;0.000000;0.000000;2.000000;14.345886;-877.551758;1910.837402;0.256590;0.000000;0.000000;0.000000;0.000000;2.000000;13058567168.000000
0.000000;-150.000000;2000.000000;0.000000;0.000000;0.000000;0.000000;0.000000;2.000000;16.800262;-335.700043;1991.277466;0.228561;0.000000;0.000000;0.000000;0.000000;2.000000;43.908752;-480.250305;1965.995239;0.353705;0.000000;0.000000;0.000000;0.000000;2.000000;45.322723;-707.298218;1972.756348;0.439221;0.000000;0.000000;0.000000;0.000000;2.000000;66.590393;-669.128540;1999.602905;0.420079;0.000000;0.000000;0.000000;0.000000;2.000000;167.285583;-601.957031;2087.461670;0.448803;0.000000;0.000000;0.000000;0.000000;2.000000;162.750153;-339.593079;2208.876953;1.342297;0.000000;0.000000;0.000000;0.000000;2.000000;193.526062;-100.107292;2233.133789;5.477330;0.000000;0.000000;0.000000;0.000000;2.000000;199.615128;-6.780300;2195.671387;3.868315;0.000000;0.000000;0.000000;0.000000;2.000000;208.502930;31.856915;2089.795898;3.782848;0.000000;0.000000;0.000000;0.000000;2.000000;205.748291;24.501068;2163.813477;6.241042;0.000000;0.000000;0.000000;0.000000;2.000000;21.962006;-670.402954;1945.156494;0.405451;0.000000;0.000000;0.000000;0.000000;2.000000;-49.486969;-614.152466;1841.890747;0.359511;0.000000;0.000000;0.000000;0.000000;2.000000;-80.423615;-325.521088;1791.642090;0.308624;0.000000;0.000000;0.000000;0.000000;2.000000;57.980225;-133.200241;1726.477417;0.306772;0.000000;0.000000;0.000000;0.000000;2.000000;114.784882;-40.816711;1728.964600;0.180733;0.000000;0.000000;0.000000;0.000000;2.000000;122.582336;-8.970047;1835.143188;0.406457;0.000000;0.000000;0.000000;0.000000;2.000000;148.424789;-48.397842;1712.703125;0.361147;0.000000;0.000000;0.000000;0.000000;2.000000;75.928955;-145.836746;2057.610596;0.152763;0.000000;0.000000;0.000000;0.000000;2.000000;162.517578;260.111267;2001.444702;0.393478;0.000000;0.000000;0.000000;0.000000;2.000000;222.441818;654.090820;1963.602539;0.746629;0.000000;0.000000;0.000000;0.000000;2.000000;342.704529;701.379028;1816.224365;1.091147;0.000000;0.000000;0.000000;0.000000;2.000000;-68.468475;-153.754196;1948.050171;0.137745;0.000000;0.000000;0.000000;0.000000;2.000000;-161.513550;250.692596;2001.284668;0.473319;0.000000;0.000000;0.000000;0.000000;2.000000;-294.386963;605.672241;2142.585938;0.931806;0.000000;0.000000;0.000000;0.000000;2.000000;-243.445251;741.475464;2035.420410;1.388102;0.000000;0.000000;0.000000;0.000000;2.000000;56.698914;-791.764526;1966.376099;0.527776;0.000000;0.000000;0.000000;0.000000;2.000000;170.374863;-814.755371;1844.657227;0.275245;0.000000;0.000000;0.000000;0.000000;2.000000;174.831787;-848.769043;1892.120605;0.187550;0.000000;0.000000;0.000000;0.000000;2.000000;140.939529;-837.213135;2019.834717;0.784741;0.000000;0.000000;0.000000;0.000000;2.000000;136.839249;-856.319092;1853.493896;0.310951;0.000000;0.000000;0.000000;0.000000;2.000000;12.943909;-875.427490;1908.964844;0.096430;0.000000;0.000000;0.000000;0.000000;2.000000;13058599936.000000
0.000000;-150.000000;2000.000000;0.000000;0.000000;0.000000;0.000000;0.000000;2.000000;11.654816;-337.054260;1991.560059;0.157675;0.000000;0.000000;0.000000;0.000000;2.000000;37.960907;-481.881592;1962.788452;0.205710;0.000000;0.000000;0.000000;0.000000;2.000000;32.726044;-710.082397;1958.431641;0.570478;0.000000;0.000000;0.000000;0.000000;2.000000;56.194489;-673.729919;1986.438599;0.514733;0.000000;0.000000;0.000000;0.000000;2.000000;164.389526;-612.891174;2071.233398;0.585384;0.000000;0.000000;0.000000;0.000000;2.000000;165.249786;-355.031311;2205.221191;0.475286;0.000000;0.000000;0.000000;0.000000;2.000000;201.273117;-114.381569;2221.850586;0.585222;0.000000;0.000000;0.000000;0.000000;2.000000;183.126663;-15.583530;2209.080322;0.680741;0.000000;0.000000;0.000000;0.000000;2.000000;183.645218;20.287834;2101.265137;0.879505;0.000000;0.000000;0.000000;0.000000;2.000000;135.528046;-28.853909;2146.658447;2.658734;0.000000;0.000000;0.000000;0.000000;2.000000;9.409149;-671.016357;1933.412109;0.509032;0.000000;0.000000;0.000000;0.000000;2.000000;-68.017456;-608.845520;1837.157837;0.587358;0.000000;0.000000;0.000000;0.000000;2.000000;-102.056274;-319.068542;1786.746582;0.683570;0.000000;0.000000;0.000000;0.000000;2.000000;25.018738;-119.055656;1717.112549;1.097023;0.000000;0.000000;0.000000;0.000000;2.000000;98.192291;-38.381561;1722.051270;0.536796;0.000000;0.000000;0.000000;0.000000;2.000000;107.912415;-0.890702;1826.808838;0.553586;0.000000;0.000000;0.000000;0.000000;2.000000;131.088501;-50.649197;1711.692871;0.518200;0.000000;0.000000;0.000000;0.000000;2.000000;75.690857;-147.938141;2058.825928;0.072182;0.000000;0.000000;0.000000;0.000000;2.000000;165.551666;258.697815;1997.194702;0.160091;0.000000;0.000000;0.000000;0.000000;2.000000;231.007523;653.361877;1954.479736;0.370948;0.000000;0.000000;0.000000;0.000000;2.000000;338.758636;701.742737;1796.814209;0.586249;0.000000;0.000000;0.000000;0.000000;2.000000;-68.253784;-151.859268;1946.953979;0.065094;0.000000;0.000000;0.000000;0.000000;2.000000;-162.093689;253.001022;2011.196167;0.301648;0.000000;0.000000;0.000000;0.000000;2.000000;-280.721375;623.593201;2129.014648;0.778515;0.000000;0.000000;0.000000;0.000000;2.000000;-226.057007;747.269653;2008.316650;0.968249;0.000000;0.000000;0.000000;0.000000;2.000000;41.354675;-794.843872;1947.484497;0.725972;0.000000;0.000000;0.000000;0.000000;2.000000;155.800308;-822.766602;1826.341553;0.732122;0.000000;0.000000;0.000000;0.000000;2.000000;159.656006;-855.665955;1874.994873;0.707239;0.000000;0.000000;0.000000;0.000000;2.000000;125.221771;-840.062866;2002.832275;0.690377;0.000000;0.000000;0.000000;0.000000;2.000000;121.536224;-863.854065;1836.230591;0.718185;0.000000;0.000000;0.000000;0.000000;2.000000;-3.442627;-879.947266;1891.945801;0.711825;0.000000;0.000000;0.000000;0.000000;2.000000;13058633728.000000
0.000000;-150.000000;2000.000000;0.000000;0.000000;0.000000;0.000000;0.000000;2.000000;6.821533;-337.158752;1996.871338;0.219177;0.000000;0.000000;0.000000;0.000000;2.000000;31.610168;-481.986755;1967.995605;0.250648;0.000000;0.000000;0.000000;0.000000;2.000000;25.763306;-709.558411;1956.435913;0.221620;0.000000;0.000000;0.000000;0.000000;2.000000;50.517120;-674.208252;1984.469116;0.183969;0.000000;0.000000;0.000000;0.000000;2.000000;164.064728;-618.184204;2065.055664;0.248463;0.000000;0.000000;0.000000;0.000000;2.000000;173.253143;-357.789673;2192.678711;0.461791;0.000000;0.000000;0.000000;0.000000;2.000000;206.733139;-117.253174;2210.542725;0.393103;0.000000;0.000000;0.000000;0.000000;2.000000;182.801956;-19.523308;2200.690186;0.283044;0.000000;0.000000;0.000000;0.000000;2.000000;180.510559;20.294321;2094.485352;0.227947;0.000000;0.000000;0.000000;0.000000;2.000000;177.456818;-19.843903;2107.849609;1.765100;0.000000;0.000000;0.000000;0.000000;2.000000;1.438171;-669.747803;1933.838135;0.246659;0.000000;0.000000;0.000000;0.000000;2.000000;-83.677521;-608.726501;1843.860229;0.519851;0.000000;0.000000;0.000000;0.000000;2.000000;-114.881897;-318.487000;1797.171143;0.504700;0.000000;0.000000;0.000000;0.000000;2.000000;7.898712;-119.373909;1719.148804;0.526234;0.000000;0.000000;0.000000;0.000000;2.000000;73.316284;-32.841995;1728.211182;0.800147;0.000000;0.000000;0.000000;0.000000;2.000000;69.376709;6.335230;1832.538940;1.209224;0.000000;0.000000;0.000000;0.000000;2.000000;106.275146;-42.182003;1719.133423;0.831713;0.000000;0.000000;0.000000;0.000000;2.000000;77.031647;-148.142044;2056.810059;0.074146;0.000000;0.000000;0.000000;0.000000;2.000000;162.291077;258.954163;1996.250610;0.103887;0.000000;0.000000;0.000000;0.000000;2.000000;213.656479;655.919556;1962.554932;0.589242;0.000000;0.000000;0.000000;0.000000;2.000000;309.180481;716.450256;1801.627808;1.018734;0.000000;0.000000;0.000000;0.000000;2.000000;-69.462830;-151.675400;1948.772095;0.066869;0.000000;0.000000;0.000000;0.000000;2.000000;-159.234863;252.595627;2017.980591;0.225015;0.000000;0.000000;0.000000;0.000000;2.000000;-263.429077;632.612610;2115.441406;0.725142;0.000000;0.000000;0.000000;0.000000;2.000000;-206.137939;747.324402;1987.743530;0.873904;0.000000;0.000000;0.000000;0.000000;2.000000;33.710663;-793.784851;1942.359619;0.282707;0.000000;0.000000;0.000000;0.000000;2.000000;142.042389;-830.043030;1818.214233;0.535825;0.000000;0.000000;0.000000;0.000000;2.000000;147.907776;-859.933594;1868.468994;0.430309;0.000000;0.000000;0.000000;0.000000;2.000000;119.595337;-836.338074;1996.362915;0.285276;0.000000;0.000000;0.000000;0.000000;2.000000;108.037689;-870.054260;1832.120850;0.470350;0.000000;0.000000;0.000000;0.000000;2.000000;-14.139526;-881.500305;1894.285156;0.337503;0.000000;0.000000;0.000000;0.000000;2.000000;13058666496.000000
0.000000;-150.000000;2000.000000;0.000000;0.000000;0.000000;0.000000;0.000000;2.000000;7.575104;-336.456360;1989.562378;0.218430;0.000000;0.000000;0.000000;0.000000;2.000000;24.233093;-482.890076;1964.951660;0.237671;0.000000;0.000000;0.000000;0.000000;2.000000;22.355072;-710.119019;1955.236450;0.108202;0.000000;0.000000;0.000000;0.000000;2.000000;47.876129;-674.150757;1981.536499;0.116801;0.000000;0.000000;0.000000;0.000000;2.000000;165.545715;-622.982727;2058.761963;0.238272;0.000000;0.000000;0.000000;0.000000;2.000000;179.621674;-361.079895;2181.319824;0.397479;0.000000;0.000000;0.000000;0.000000;2.000000;217.597305;-121.084030;2181.127930;0.934840;0.000000;0.000000;0.000000;0.000000;2.000000;192.504379;-25.110010;2162.802246;1.169138;0.000000;0.000000;0.000000;0.000000;2.000000;204.474777;9.872601;2055.810547;1.381270;0.000000;0.000000;0.000000;0.000000;2.000000;200.096176;-36.387150;2067.226318;1.460719;0.000000;0.000000;0.000000;0.000000;2.000000;-3.951019;-671.057312;1933.841309;0.164122;0.000000;0.000000;0.000000;0.000000;2.000000;-91.131165;-617.433411;1841.615479;0.345623;0.000000;0.000000;0.000000;0.000000;2.000000;-144.504883;-330.462341;1799.051025;0.947184;0.000000;0.000000;0.000000;0.000000;2.000000;-30.114777;-126.542145;1722.396729;1.148780;0.000000;0.000000;0.000000;0.000000;2.000000;30.737793;-36.716824;1717.272583;1.305977;0.000000;0.000000;0.000000;0.000000;2.000000;18.054749;10.144700;1817.391357;1.587539;0.000000;0.000000;0.000000;0.000000;2.000000;61.309540;-44.683342;1708.001953;1.372823;0.000000;0.000000;0.000000;0.000000;2.000000;80.001556;-149.671753;2052.196777;0.168556;0.000000;0.000000;0.000000;0.000000;2.000000;179.660339;251.168335;1979.452759;0.751260;0.000000;0.000000;0.000000;0.000000;2.000000;153.404175;651.107361;1975.758911;1.830894;0.000000;0.000000;0.000000;0.000000;2.000000;253.297348;732.918152;1827.952881;1.891887;0.000000;0.000000;0.000000;0.000000;2.000000;-72.140930;-150.296005;1952.931763;0.151987;0.000000;0.000000;0.000000;0.000000;2.000000;-155.240295;255.772385;2013.931396;0.192795;0.000000;0.000000;0.000000;0.000000;2.000000;-250.457764;640.646484;2096.741943;0.714204;0.000000;0.000000;0.000000;0.000000;2.000000;-183.841003;745.113586;1965.386108;0.936693;0.000000;0.000000;0.000000;0.000000;2.000000;31.179077;-794.092773;1941.308838;0.081624;0.000000;0.000000;0.000000;0.000000;2.000000;137.339630;-818.275513;1812.918823;0.406437;0.000000;0.000000;0.000000;0.000000;2.000000;143.840576;-852.822144;1859.851196;0.351870;0.000000;0.000000;0.000000;0.000000;2.000000;117.534393;-841.695557;1989.552490;0.263579;0.000000;0.000000;0.000000;0.000000;2.000000;103.499908;-859.304871;1823.371704;0.431577;0.000000;0.000000;0.000000;0.000000;2.000000;-17.520874;-876.494019;1885.813354;0.307919;0.000000;0.000000;0.000000;0.000000;2.000000;13058700288.000000
0.000000;-150.000000;2000.000000;0.000000;0.000000;0.000000;0.000000;0.000000;2.000000;9.034485;-335.595337;1976.256226;0.409351;0.000000;0.000000;0.000000;0.000000;2.000000;19.672760;-482.924255;1951.588867;0.430895;0.000000;0.000000;0.000000;0.000000;2.000000;22.937347;-710.751587;1944.515381;0.328231;0.000000;0.000000;0.000000;0.000000;2.000000;48.819580;-673.773682;1969.243042;0.376446;0.000000;0.000000;0.000000;0.000000;2.000000;170.784821;-635.989624;2048.153564;0.536594;0.000000;0.000000;0.000000;0.000000;2.000000;182.908356;-372.108765;2168.205078;0.532473;0.000000;0.000000;0.000000;0.000000;2.000000;237.047928;-135.136490;2153.322266;1.120853;0.000000;0.000000;0.000000;0.000000;2.000000;204.737579;-42.414440;2177.434326;0.785905;0.000000;0.000000;0.000000;0.000000;2.000000;218.801132;11.407549;2078.550781;0.821552;0.000000;0.000000;0.000000;0.000000;2.000000;215.430099;-39.472965;2057.652588;0.559653;0.000000;0.000000;0.000000;0.000000;2.000000;-5.350220;-672.514648;1923.887817;0.309950;0.000000;0.000000;0.000000;0.000000;2.000000;-99.215363;-628.454773;1832.696899;0.498069;0.000000;0.000000;0.000000;0.000000;2.000000;-169.361420;-344.706665;1788.258057;0.934275;0.000000;0.000000;0.000000;0.000000;2.000000;-62.133087;-132.555374;1722.581543;0.994220;0.000000;0.000000;0.000000;0.000000;2.000000;1.877960;-46.073704;1705.998535;0.987726;0.000000;0.000000;0.000000;0.000000;2.000000;-16.674744;19.128370;1794.550049;1.297830;0.000000;0.000000;0.000000;0.000000;2.000000;26.408691;-46.448147;1704.639893;1.071374;0.000000;0.000000;0.000000;0.000000;2.000000;82.229340;-152.264038;2048.985107;0.143133;0.000000;0.000000;0.000000;0.000000;2.000000;189.822723;241.519623;1948.716553;1.030883;0.000000;0.000000;0.000000;0.000000;2.000000;101.970032;629.907593;2001.829468;1.874926;0.000000;0.000000;0.000000;0.000000;2.000000;175.877441;744.588379;1860.128052;2.583251;0.000000;0.000000;0.000000;0.000000;2.000000;-74.149750;-147.958420;1955.828003;0.129071;0.000000;0.000000;0.000000;0.000000;2.000000;-152.980743;262.282349;1998.297974;0.521386;0.000000;0.000000;0.000000;0.000000;2.000000;-242.009003;652.697571;2064.987305;1.068101;0.000000;0.000000;0.000000;0.000000;2.000000;-165.757477;745.744995;1929.777710;1.218936;0.000000;0.000000;0.000000;0.000000;2.000000;33.188965;-794.845703;1931.106567;0.318164;0.000000;0.000000;0.000000;0.000000;2.000000;132.068115;-818.697205;1796.489990;0.526703;0.000000;0.000000;0.000000;0.000000;2.000000;140.395386;-854.306885;1842.496582;0.541854;0.000000;0.000000;0.000000;0.000000;2.000000;121.231903;-845.074585;1973.896484;0.501641;0.000000;0.000000;0.000000;0.000000;2.000000;97.948334;-859.358337;1808.050903;0.497305;0.000000;0.000000;0.000000;0.000000;2.000000;-20.152649;-875.448792;1876.748291;0.289827;0.000000;0.000000;0.000000;0.000000;2.000000;13058733056.000000
