posX0;posY0;posZ0;posVel0;rotX0;rotY0;rotZ0;rotVel0;confidence0;posX1;posY1;posZ1;posVel1;rotX1;rotY1;rotZ1;rotVel1;confidence1;posX2;posY2;posZ2;posVel2;rotX2;rotY2;rotZ2;rotVel2;confidence2;posX3;posY3;posZ3;posVel3;rotX3;rotY3;rotZ3;rotVel3;confidence3;posX4;posY4;posZ4;posVel4;rotX4;rotY4;rotZ4;rotVel4;confidence4;posX5;posY5;posZ5;posVel5;rotX5;rotY5;rotZ5;rotVel5;confidence5;posX6;posY6;posZ6;posVel6;rotX6;rotY6;rotZ6;rotVel6;confidence6;posX7;posY7;posZ7;posVel7;rotX7;rotY7;rotZ7;rotVel7;confidence7;posX8;posY8;posZ8;posVel8;rotX8;rotY8;rotZ8;rotVel8;confidence8;posX9;posY9;posZ9;posVel9;rotX9;rotY9;rotZ9;rotVel9;confidence9;posX10;posY10;posZ10;posVel10;rotX10;rotY10;rotZ10;rotVel10;confidence10;posX11;posY11;posZ11;posVel11;rotX11;rotY11;rotZ11;rotVel11;confidence11;posX12;posY12;posZ12;posVel12;rotX12;rotY12;rotZ12;rotVel12;confidence12;posX13;posY13;posZ13;posVel13;rotX13;rotY13;rotZ13;rotVel13;confidence13;posX14;posY14;posZ14;posVel14;rotX14;rotY14;rotZ14;rotVel14;confidence14;posX15;posY15;posZ15;posVel15;rotX15;rotY15;rotZ15;rotVel15;confidence15;posX16;posY16;posZ16;posVel16;rotX16;rotY16;rotZ16;rotVel16;confidence16;posX17;posY17;posZ17;posVel17;rotX17;rotY17;rotZ17;rotVel17;confidence17;posX18;posY18;posZ18;posVel18;rotX18;rotY18;rotZ18;rotVel18;confidence18;posX19;posY19;posZ19;posVel19;rotX19;rotY19;rotZ19;rotVel19;confidence19;posX20;posY20;posZ20;posVel20;rotX20;rotY20;rotZ20;rotVel20;confidence20;posX21;posY21;posZ21;posVel21;rotX21;rotY21;rotZ21;rotVel21;confidence21;posX22;posY22;posZ22;posVel22;rotX22;rotY22;rotZ22;rotVel22;confidence22;posX23;posY23;posZ23;posVel23;rotX23;rotY23;rotZ23;rotVel23;confidence23;posX24;posY24;posZ24;posVel24;rotX24;rotY24;rotZ24;rotVel24;confidence24;posX25;posY25;posZ25;posVel25;rotX25;rotY25;rotZ25;rotVel25;confidence25;posX26;posY26;posZ26;posVel26;rotX26;rotY26;rotZ26;rotVel26;confidence26;posX27;posY27;posZ27;posVel27;rotX27;rotY27;rotZ27;rotVel27;confidence27;posX28;posY28;posZ28;posVel28;rotX28;rotY28;rotZ28;rotVel28;confidence28;posX29;posY29;posZ29;posVel29;rotX29;rotY29;rotZ29;rotVel29;confidence29;posX30;posY30;posZ30;posVel30;rotX30;rotY30;rotZ30;rotVel30;confidence30;posX31;posY31;posZ31;posVel31;rotX31;rotY31;rotZ31;rotVel31;confidence31;TimeStamp
0.000000;-150.000000;2000.000000;0.000000;-0.368179;0.585878;-0.283490;0.000000;2.000000;-7.979189;-295.075012;2103.747803;0.000000;-0.426022;0.558209;-0.334697;0.000000;2.000000;-9.951933;-424.824829;2163.182617;0.000000;0.504204;-0.485492;0.470141;0.000000;2.000000;-14.410612;-641.742432;2174.533691;0.000000;0.545694;-0.446227;0.507560;0.000000;2.000000;19.825583;-606.680298;2176.636230;0.000000;0.700776;-0.692848;-0.020827;0.000000;2.000000;154.619049;-568.739624;2147.382324;0.000000;0.700833;-0.265098;0.098819;0.000000;2.000000;188.602264;-329.409119;2013.068848;0.000000;-0.047201;-0.095796;0.266205;0.000000;2.000000;-38.205616;-362.237152;1976.301147;0.000000;0.190960;-0.188736;0.226446;0.000000;2.000000;-124.928375;-340.264404;1940.497192;0.000000;0.922555;-0.287022;-0.067210;0.000000;1.000000;-31.180479;-286.416809;1938.451660;0.000000;0.922555;-0.287022;-0.067210;0.000000;1.000000;-156.068863;-351.282623;1928.289185;0.000000;0.146315;-0.294576;0.717251;0.000000;1.000000;-47.243103;-605.009949;2170.779785;0.000000;0.676254;0.708494;-0.201730;0.000000;2.000000;-168.130600;-568.204956;2134.019531;0.000000;0.244883;0.687634;-0.652384;0.000000;2.000000;-186.619095;-343.541534;1964.964722;0.000000;0.019565;0.119241;0.940334;0.000000;2.000000;41.557381;-393.324219;1991.442383;0.000000;0.264058;0.108301;0.903709;0.000000;2.000000;123.353607;-398.203613;2055.086426;0.000000;0.128752;0.706130;-0.574281;0.000000;2.000000;120.123230;-322.777466;1980.272095;0.000000;0.128752;0.706130;-0.574281;0.000000;2.000000;143.185333;-355.756439;1958.862793;0.000000;0.097649;0.286710;0.026887;0.000000;2.000000;90.036385;-144.983917;2013.938965;0.000000;-0.159137;0.518246;-0.058746;0.000000;2.000000;255.169281;-13.708450;1673.358765;0.000000;0.629891;-0.379616;0.357739;0.000000;2.000000;223.872986;367.843628;1678.630005;0.000000;0.588500;-0.404120;0.332139;0.000000;2.000000;290.124786;467.425903;1534.268921;0.000000;0.854907;-0.052694;0.515617;0.000000;2.000000;-81.189766;-154.523209;1987.430664;0.000000;0.616010;0.112914;0.764263;0.000000;2.000000;-167.455856;-9.576981;1624.525146;0.000000;0.388388;0.561979;0.530019;0.000000;2.000000;-193.250137;371.895142;1683.713501;0.000000;0.420388;0.518418;0.594212;0.000000;2.000000;-238.037704;466.019653;1546.288452;0.000000;-0.017302;0.790116;0.056923;0.000000;2.000000;-14.917407;-722.973877;2165.397217;0.000000;0.621070;-0.330335;0.490667;0.000000;2.000000;27.585745;-733.599060;2010.676758;0.000000;0.621070;-0.330335;0.490667;0.000000;2.000000;39.385590;-777.449036;2043.468506;0.000000;0.802754;0.113371;0.580536;0.000000;2.000000;62.300888;-793.895935;2167.155273;0.000000;0.514195;0.490667;0.330335;0.000000;2.000000;-8.869417;-766.925293;2026.200195;0.000000;0.802754;0.113371;0.580536;0.000000;2.000000;-96.693626;-774.969604;2123.221924;0.000000;0.621070;-0.330335;0.490667;0.000000;2.000000;3903366656.000000
0.000000;-150.000000;2000.000000;0.000000;-0.363186;0.590632;-0.289738;0.000000;2.000000;-7.241322;-295.296295;2103.804443;0.023210;-0.416872;0.564451;-0.337921;0.000000;2.000000;-9.417793;-424.512787;2164.723633;0.049896;0.506622;-0.489376;0.472112;0.000000;2.000000;-11.161030;-641.768799;2174.454102;0.097676;0.547497;-0.449939;0.509836;0.000000;2.000000;22.710257;-606.278687;2176.446777;0.087700;0.702529;-0.689036;-0.019955;0.000000;2.000000;156.836166;-566.753357;2145.557617;0.104912;0.695927;-0.261752;0.096357;0.000000;2.000000;186.084457;-325.756866;2012.536255;0.134251;-0.062123;-0.093740;0.262701;0.000000;2.000000;-40.376755;-364.863281;1978.377075;0.119891;0.200748;-0.191497;0.215564;0.000000;2.000000;-126.390953;-340.914001;1941.874512;0.063444;0.923776;-0.279459;-0.071007;0.000000;1.000000;-32.987503;-286.225067;1940.829712;0.089930;0.923776;-0.279459;-0.071007;0.000000;1.000000;-157.685364;-351.918518;1929.596313;0.065323;0.154013;-0.292917;0.710806;0.000000;1.000000;-44.503628;-605.369141;2171.349365;0.084766;0.674525;0.712637;-0.192781;0.000000;2.000000;-166.449600;-569.099060;2137.165283;0.110489;0.249823;0.693474;-0.646016;0.000000;2.000000;-190.885803;-344.332733;1968.525513;0.168671;0.015096;0.119341;0.940213;0.000000;2.000000;37.584007;-394.868896;1993.097900;0.137417;0.249481;0.097140;0.907411;0.000000;2.000000;121.770813;-398.433044;2053.816650;0.061361;0.133473;0.704646;-0.579919;0.000000;2.000000;118.719254;-322.456055;1979.399902;0.050595;0.133473;0.704646;-0.579919;0.000000;2.000000;139.799500;-356.739319;1959.518066;0.107752;0.106650;0.288009;-0.006023;0.000000;2.000000;90.410225;-145.734833;2012.277100;0.055936;-0.151382;0.534381;-0.073107;0.000000;2.000000;244.020035;-13.824570;1666.117065;0.399494;0.617834;-0.383870;0.378956;0.000000;2.000000;221.733902;368.623688;1677.241455;0.080135;0.575842;-0.405704;0.341995;0.000000;2.000000;288.363281;465.856964;1531.215088;0.115950;0.849849;-0.046944;0.523753;0.000000;2.000000;-81.526878;-153.846069;1988.929321;0.050443;0.610019;0.111055;0.769706;0.000000;2.000000;-174.099503;-11.083862;1626.263672;0.211260;0.380814;0.568231;0.530836;0.000000;2.000000;-198.959488;370.134857;1689.887817;0.258164;0.432058;0.505451;0.596948;0.000000;2.000000;-241.272873;460.480988;1548.967285;0.208870;-0.009006;0.782885;0.067949;0.000000;2.000000;-10.801214;-723.010986;2164.685303;0.125525;0.596420;-0.340653;0.519082;0.000000;2.000000;19.926161;-733.784790;2007.046021;0.254764;0.596420;-0.340653;0.519082;0.000000;2.000000;32.915268;-778.194214;2038.713379;0.242314;0.781450;0.126168;0.607924;0.000000;2.000000;64.442902;-796.074097;2160.422363;0.222162;0.508718;0.519082;0.340653;0.000000;2.000000;-16.223213;-766.248718;2025.083618;0.224423;0.781450;0.126168;0.607924;0.000000;2.000000;-96.939247;-772.557617;2128.384277;0.171374;0.596420;-0.340653;0.519082;0.000000;2.000000;3903399936.000000
0.000000;-150.000000;2000.000000;0.000000;-0.359210;0.596206;-0.294912;0.000000;2.000000;-5.868919;-295.713531;2104.016602;0.043571;-0.409402;0.571263;-0.340725;0.000000;2.000000;-7.602013;-424.679474;2166.241211;0.071284;-0.496876;0.494384;-0.483875;0.000000;2.000000;-11.434217;-642.439758;2175.304443;0.033567;0.537296;-0.453989;0.521963;0.000000;2.000000;22.952253;-607.248108;2176.322266;0.030255;0.700529;-0.685530;-0.012400;0.000000;2.000000;155.198700;-565.016846;2139.876953;0.185148;0.698436;-0.253118;0.111964;0.000000;2.000000;183.988510;-324.949280;2003.780884;0.271602;-0.062378;-0.075338;0.266325;0.000000;2.000000;-44.429466;-362.152863;1977.871582;0.147286;0.198387;-0.199268;0.214322;0.000000;2.000000;-130.294769;-338.905731;1940.001587;0.143417;0.922386;-0.281791;-0.078964;0.000000;1.000000;-36.948799;-283.618530;1940.390137;0.143097;0.922386;-0.281791;-0.078964;0.000000;1.000000;-161.634140;-349.580200;1927.425781;0.152542;0.157905;-0.297327;0.710396;0.000000;1.000000;-44.532524;-605.582214;2173.400391;0.061967;0.675964;0.708089;-0.203253;0.000000;2.000000;-165.566528;-564.135315;2140.720215;0.185366;0.263383;0.697161;-0.639767;0.000000;2.000000;-196.892990;-339.925140;1971.391479;0.239871;0.000486;0.117419;0.938908;0.000000;2.000000;32.425850;-391.847778;1989.522949;0.209291;0.245377;0.104778;0.907083;0.000000;2.000000;116.892693;-396.973724;2050.151123;0.188518;0.137691;0.701041;-0.585082;0.000000;2.000000;114.670967;-320.763397;1975.592407;0.174565;0.137691;0.701041;-0.585082;0.000000;2.000000;134.916779;-355.241882;1954.854736;0.207810;0.111186;0.293386;0.001137;0.000000;2.000000;90.859375;-146.135437;2010.540283;0.055233;-0.150270;0.542562;-0.076662;0.000000;2.000000;238.010223;-13.288956;1660.876953;0.240128;0.611429;-0.389806;0.385174;0.000000;2.000000;218.193542;370.212311;1670.859741;0.224425;0.584600;-0.399376;0.347448;0.000000;2.000000;284.203094;472.136871;1527.213379;0.256305;0.851028;-0.038549;0.523155;0.000000;2.000000;-81.931900;-153.484848;1990.495361;0.049802;0.600349;0.113899;0.778171;0.000000;2.000000;-183.602997;-12.348816;1628.608765;0.296573;0.381295;0.571630;0.540051;0.000000;2.000000;-205.227097;371.191803;1684.425903;0.251818;0.425236;0.520208;0.584915;0.000000;2.000000;-246.629669;467.695038;1546.868408;0.277263;-0.017806;0.784883;0.049065;0.000000;2.000000;-12.288435;-723.831177;2165.229492;0.053589;0.601485;-0.339954;0.523771;0.000000;2.000000;17.570459;-731.073425;2006.843872;0.108097;0.601485;-0.339954;0.523771;0.000000;2.000000;31.410025;-776.022705;2037.605591;0.086089;0.777671;0.129978;0.610746;0.000000;2.000000;64.085884;-795.922363;2159.003906;0.044187;0.498308;0.523771;0.339954;0.000000;2.000000;-18.092312;-764.457886;2024.509766;0.079669;0.777671;0.129978;0.610746;0.000000;2.000000;-98.189949;-773.940796;2128.432617;0.056052;0.601485;-0.339954;0.523771;0.000000;2.000000;3903433216.000000
0.000000;-150.000000;2000.000000;0.000000;-0.354844;0.597625;-0.319184;0.000000;2.000000;-6.296309;-299.519348;2100.054199;0.164321;-0.387480;0.580434;-0.349471;0.000000;2.000000;-10.025894;-427.625000;2165.527832;0.115719;-0.489378;0.493008;-0.491245;0.000000;2.000000;-17.700590;-646.367920;2174.652344;0.221389;0.529942;-0.452026;0.529199;0.000000;2.000000;17.496250;-611.627686;2175.276855;0.210938;0.699921;-0.684509;0.000991;0.000000;2.000000;149.751755;-570.661011;2134.820801;0.278275;0.701473;-0.249069;0.119775;0.000000;2.000000;179.922165;-330.309448;1996.716797;0.290893;-0.060083;-0.066181;0.268331;0.000000;2.000000;-50.370983;-365.596222;1974.550659;0.227458;0.200435;-0.205215;0.212978;0.000000;2.000000;-136.127090;-342.106659;1935.373779;0.241658;0.922260;-0.283254;-0.085088;0.000000;1.000000;-42.186760;-286.789673;1937.110352;0.207126;0.922260;-0.283254;-0.085088;0.000000;1.000000;-167.475113;-352.787109;1922.332031;0.250100;0.162973;-0.300828;0.709448;0.000000;1.000000;-50.313080;-608.734863;2173.131836;0.196501;0.677545;0.703669;-0.213891;0.000000;2.000000;-170.861404;-567.737793;2135.763184;0.241487;0.266664;0.695399;-0.649442;0.000000;2.000000;-201.938034;-334.358551;1976.735229;0.274907;-0.029464;0.126422;0.943066;0.000000;2.000000;27.070454;-395.146393;1981.914795;0.294353;0.241541;0.103562;0.912268;0.000000;2.000000;112.471985;-401.224335;2042.035522;0.303321;0.129082;0.704225;-0.589088;0.000000;2.000000;109.772522;-322.671326;1969.182251;0.247199;0.129082;0.704225;-0.589088;0.000000;2.000000;129.346283;-356.926147;1946.876221;0.294472;0.103773;0.299963;-0.005025;0.000000;2.000000;91.689072;-148.816589;2007.538208;0.122545;-0.146074;0.555002;-0.089874;0.000000;2.000000;229.546448;-12.457336;1653.165527;0.342322;0.603573;-0.391313;0.403776;0.000000;2.000000;216.091187;372.971497;1670.543823;0.103865;0.556365;-0.417642;0.359917;0.000000;2.000000;278.815216;467.895081;1519.585327;0.305855;0.835950;-0.042859;0.544959;0.000000;2.000000;-82.680061;-151.067108;1993.202271;0.110501;0.579494;0.120172;0.795995;0.000000;2.000000;-203.530502;-14.457245;1633.257446;0.613397;0.378157;0.585164;0.552744;0.000000;2.000000;-214.906754;372.809875;1678.922485;0.335512;0.436712;0.518964;0.590068;0.000000;2.000000;-255.816284;465.358826;1537.468872;0.398058;0.001931;0.787608;0.053484;0.000000;2.000000;-20.145998;-728.132385;2164.527344;0.267928;0.623400;-0.340603;0.507718;0.000000;2.000000;15.560875;-732.370300;2006.423340;0.072412;0.623400;-0.340603;0.507718;0.000000;2.000000;30.503643;-777.166626;2037.403687;0.043934;0.785473;0.118168;0.599854;0.000000;2.000000;60.074306;-796.879211;2160.285400;0.128776;0.487426;0.507718;0.340603;0.000000;2.000000;-19.257252;-767.727295;2022.639404;0.117564;0.785473;0.118168;0.599854;0.000000;2.000000;-102.724106;-782.054138;2124.159180;0.305037;0.623400;-0.340603;0.507718;0.000000;2.000000;3903466752.000000
0.000000;-150.000000;2000.000000;0.000000;-0.361795;0.595052;-0.291173;0.000000;2.000000;-5.745874;-296.260162;2104.725586;0.171950;-0.393867;0.579886;-0.320315;0.000000;2.000000;-8.221952;-421.928741;2174.754395;0.330298;0.500895;-0.489632;0.486672;0.000000;2.000000;-12.368246;-640.823608;2180.884277;0.297476;0.541145;-0.449027;0.524370;0.000000;2.000000;22.218987;-605.524292;2182.528320;0.318197;0.706375;-0.680247;0.011228;0.000000;2.000000;155.385925;-567.921814;2141.907715;0.284223;0.693436;-0.246827;0.122201;0.000000;2.000000;178.678864;-327.320007;2003.033081;0.213274;-0.056534;-0.067210;0.267095;0.000000;2.000000;-51.693573;-361.109436;1979.916016;0.213886;0.199699;-0.195633;0.206514;0.000000;2.000000;-138.119156;-337.090179;1942.629395;0.271727;0.928085;-0.272163;-0.082750;0.000000;1.000000;-43.192272;-283.561646;1945.115356;0.261110;0.928085;-0.272163;-0.082750;0.000000;1.000000;-169.137756;-347.678741;1928.994629;0.257170;0.162273;-0.298288;0.703750;0.000000;1.000000;-45.572136;-603.727173;2179.334473;0.278697;0.671119;0.712337;-0.205264;0.000000;2.000000;-167.051819;-563.785645;2143.996582;0.297341;0.268288;0.702616;-0.647531;0.000000;2.000000;-204.347198;-324.018219;1996.324463;0.669516;-0.051328;0.134087;0.946037;0.000000;2.000000;22.828091;-391.197937;1991.773193;0.343622;0.177580;0.070170;0.930377;0.000000;2.000000;116.189285;-395.602478;2038.724121;0.225639;0.148200;0.710329;-0.604946;0.000000;2.000000;110.504105;-313.931458;1969.601196;0.263835;0.148200;0.710329;-0.604946;0.000000;2.000000;127.142029;-353.554443;1954.225464;0.251828;0.154284;0.302938;-0.158473;0.000000;2.000000;91.186417;-145.529633;2011.246460;0.149662;-0.136354;0.561368;-0.081872;0.000000;2.000000;225.490524;-18.958908;1652.011475;0.232854;0.604874;-0.393887;0.408348;0.000000;2.000000;209.264893;366.111176;1672.779907;0.298464;0.595713;-0.379881;0.345680;0.000000;2.000000;280.842346;472.326080;1533.809448;0.451790;0.860714;-0.025931;0.508106;0.000000;2.000000;-82.226807;-154.031143;1989.858643;0.134952;0.573146;0.128992;0.798224;0.000000;2.000000;-207.181168;-9.422256;1634.568359;0.190981;0.369185;0.593803;0.548721;0.000000;2.000000;-215.840042;376.721283;1688.813232;0.320821;0.439810;0.516428;0.588819;0.000000;2.000000;-255.554596;468.884369;1546.814575;0.300240;0.003028;0.784948;0.054377;0.000000;2.000000;-13.280817;-722.456909;2169.652832;0.308798;0.607338;-0.338742;0.533397;0.000000;2.000000;14.306194;-724.011719;2009.918823;0.274835;0.607338;-0.338742;0.533397;0.000000;2.000000;29.509975;-769.889893;2039.115234;0.226594;0.769954;0.137642;0.616696;0.000000;2.000000;64.634064;-793.222656;2159.853271;0.176105;0.481541;0.533397;0.338742;0.000000;2.000000;-20.631664;-758.768555;2027.109131;0.303659;0.769954;0.137642;0.616696;0.000000;2.000000;-99.252632;-773.162109;2132.381348;0.378562;0.607338;-0.338742;0.533397;0.000000;2.000000;3903500032.000000
0.000000;-150.000000;2000.000000;0.000000;-0.360829;0.598919;-0.322294;0.000000;2.000000;-4.224358;-302.079437;2098.690430;0.256030;-0.381254;0.588196;-0.341472;0.000000;2.000000;-6.739012;-429.532257;2167.737793;0.314064;-0.490360;0.493746;-0.491025;0.000000;2.000000;-13.723690;-649.923828;2176.629395;0.304592;0.530808;-0.452779;0.529039;0.000000;2.000000;21.615719;-614.810120;2177.272461;0.321127;0.701275;-0.682879;0.022462;0.000000;2.000000;154.749023;-577.807800;2132.322266;0.414205;0.696042;-0.240142;0.131625;0.000000;2.000000;178.424561;-336.029419;1991.310547;0.438883;-0.058455;-0.054252;0.268421;0.000000;2.000000;-54.333595;-369.355469;1974.151611;0.312551;0.203037;-0.201536;0.213254;0.000000;2.000000;-140.799271;-345.051331;1935.250366;0.335965;0.925613;-0.281133;-0.084015;0.000000;1.000000;-45.068825;-291.256592;1937.570068;0.328700;0.925613;-0.281133;-0.084015;0.000000;1.000000;-171.923615;-355.766876;1921.254395;0.346649;0.166360;-0.300775;0.708468;0.000000;1.000000;-46.704617;-612.121704;2175.182373;0.283458;0.677267;0.707120;-0.203184;0.000000;2.000000;-169.342148;-574.194336;2137.885986;0.369146;0.269369;0.705658;-0.647397;0.000000;2.000000;-209.705154;-328.387451;1996.942627;0.208569;-0.068298;0.135127;0.948060;0.000000;2.000000;18.090534;-398.679779;1984.074707;0.352587;0.163987;0.075702;0.935887;0.000000;2.000000;113.108612;-405.708893;2029.117798;0.429079;0.147359;0.710756;-0.613549;0.000000;2.000000;107.302917;-321.442688;1961.880859;0.337650;0.147359;0.710756;-0.613549;0.000000;2.000000;122.664490;-361.047943;1944.611572;0.390195;0.156875;0.316052;-0.167205;0.000000;2.000000;92.403625;-148.065048;2006.937134;0.154624;-0.123085;0.579828;-0.090335;0.000000;2.000000;213.383591;-25.266083;1638.323608;0.580881;0.592726;-0.398988;0.430381;0.000000;2.000000;205.204605;362.591736;1665.560913;0.270410;0.576881;-0.389947;0.359555;0.000000;2.000000;275.037537;465.733459;1521.523071;0.453829;0.850037;-0.023383;0.525104;0.000000;2.000000;-83.324417;-151.744827;1993.744629;0.139434;0.575523;0.117728;0.799444;0.000000;2.000000;-209.266235;-16.412445;1631.723633;0.235265;0.370389;0.591994;0.549917;0.000000;2.000000;-218.977173;372.851685;1684.830322;0.191647;0.448644;0.504871;0.596151;0.000000;2.000000;-258.542358;460.722229;1538.513062;0.361155;0.013193;0.781920;0.067662;0.000000;2.000000;-15.921453;-732.284180;2166.317383;0.321772;0.600152;-0.355368;0.535057;0.000000;2.000000;7.245583;-736.406860;2004.685303;0.456574;0.600152;-0.355368;0.535057;0.000000;2.000000;24.136055;-781.840332;2034.475586;0.417677;0.761451;0.127059;0.629625;0.000000;2.000000;63.386086;-802.548096;2155.453125;0.312099;0.476703;0.535057;0.355368;0.000000;2.000000;-26.884701;-771.634888;2023.653442;0.442212;0.761451;0.127059;0.629625;0.000000;2.000000;-102.772369;-785.380249;2132.229980;0.382089;0.600152;-0.355368;0.535057;0.000000;2.000000;3903533312.000000
0.000000;-150.000000;2000.000000;0.000000;-0.358482;0.602377;-0.302823;0.000000;2.000000;-3.365162;-297.340393;2103.015137;0.194501;-0.392044;0.585564;-0.334177;0.000000;2.000000;-4.348064;-424.143402;2170.724365;0.198581;-0.484800;0.498433;-0.496010;0.000000;2.000000;-11.592808;-642.648987;2179.886719;0.247918;0.524947;-0.457051;0.534383;0.000000;2.000000;23.531799;-607.910400;2179.817871;0.228359;0.703104;-0.681317;0.026118;0.000000;2.000000;155.666595;-572.128418;2134.884277;0.189234;0.696324;-0.235144;0.133052;0.000000;2.000000;178.037140;-331.639984;1996.178711;0.197305;-0.052745;-0.051719;0.265181;0.000000;2.000000;-53.177338;-361.759491;1979.471924;0.280819;0.195490;-0.198152;0.212808;0.000000;2.000000;-139.631989;-338.843262;1941.794189;0.273296;0.926048;-0.278653;-0.083092;0.000000;1.000000;-44.837181;-285.271484;1943.951782;0.262988;0.926048;-0.278653;-0.083092;0.000000;1.000000;-170.502533;-349.783569;1928.213623;0.279060;0.158906;-0.302102;0.707309;0.000000;1.000000;-44.232632;-605.093689;2179.042969;0.252132;0.679387;0.707038;-0.195587;0.000000;2.000000;-166.566254;-565.445862;2146.927246;0.387126;0.277425;0.706850;-0.640100;0.000000;2.000000;-210.044067;-327.051514;1999.227783;0.080187;-0.061559;0.124650;0.945424;0.000000;2.000000;17.530537;-391.434937;1989.064941;0.264873;0.164333;0.072185;0.932763;0.000000;2.000000;111.853920;-397.136414;2033.679688;0.294214;0.151889;0.703644;-0.616557;0.000000;2.000000;107.960518;-314.622833;1965.594482;0.234170;0.151889;0.703644;-0.616557;0.000000;2.000000;121.922005;-355.334595;1950.192383;0.241021;0.165983;0.307349;-0.173810;0.000000;2.000000;91.443810;-146.248993;2008.352173;0.074950;-0.131524;0.574777;-0.088455;0.000000;2.000000;214.374207;-20.011246;1645.366699;0.265717;0.594165;-0.401358;0.420907;0.000000;2.000000;203.484497;364.882904;1666.255127;0.088579;0.596029;-0.378088;0.353499;0.000000;2.000000;273.922363;472.839752;1528.285400;0.296659;0.858395;-0.019133;0.512403;0.000000;2.000000;-82.458893;-153.382416;1992.468384;0.067589;0.558538;0.139873;0.810362;0.000000;2.000000;-218.265656;-13.134491;1639.845581;0.377340;0.374102;0.608175;0.553417;0.000000;2.000000;-210.605927;374.200470;1681.753052;0.271044;0.424700;0.546661;0.596729;0.000000;2.000000;-258.304535;467.576019;1543.243652;0.250338;0.015911;0.811780;0.038624;0.000000;2.000000;-14.150705;-724.318115;2169.785889;0.266437;0.620090;-0.346139;0.513230;0.000000;2.000000;18.472721;-728.082397;2011.193970;0.463275;0.620090;-0.346139;0.513230;0.000000;2.000000;34.238907;-772.798462;2041.761963;0.462501;0.779257;0.118151;0.607666;0.000000;2.000000;66.254456;-792.537964;2163.872314;0.402367;0.481945;0.513230;0.346139;0.000000;2.000000;-15.792179;-763.617371;2027.996948;0.431471;0.779257;0.118151;0.607666;0.000000;2.000000;-97.104843;-778.560669;2130.969238;0.269122;0.620090;-0.346139;0.513230;0.000000;2.000000;3903566592.000000
0.000000;-150.000000;2000.000000;0.000000;-0.362020;0.602949;-0.318707;0.000000;2.000000;-2.132805;-299.830231;2098.151367;0.167023;-0.384545;0.591149;-0.340095;0.000000;2.000000;-2.897434;-425.925415;2166.027344;0.155920;-0.481788;0.508655;-0.491035;0.000000;2.000000;-6.885746;-643.509644;2178.639648;0.147451;0.521754;-0.467640;0.530244;0.000000;2.000000;27.601761;-608.415527;2177.634766;0.138539;0.698530;-0.685933;0.023501;0.000000;2.000000;159.206177;-572.440796;2133.052246;0.119210;0.692001;-0.231665;0.139195;0.000000;2.000000;177.259903;-333.280884;1993.544312;0.095405;-0.056423;-0.045489;0.266411;0.000000;2.000000;-53.170967;-364.183197;1980.182251;0.075312;0.194554;-0.203716;0.210544;0.000000;2.000000;-138.984558;-341.712555;1941.727051;0.087732;0.923695;-0.279636;-0.087365;0.000000;1.000000;-45.375080;-286.926270;1944.256592;0.052675;0.923695;-0.279636;-0.087365;0.000000;1.000000;-170.027206;-351.740356;1928.277954;0.060076;0.163336;-0.301663;0.707499;0.000000;1.000000;-39.942883;-606.580200;2177.581055;0.142223;0.685797;0.701613;-0.191226;0.000000;2.000000;-162.104248;-565.855713;2148.362549;0.140299;0.286796;0.710298;-0.633851;0.000000;2.000000;-211.169434;-328.646210;2002.586548;0.115836;-0.072414;0.125817;0.943642;0.000000;2.000000;14.716492;-394.801941;1988.007324;0.134595;0.179023;0.076099;0.929039;0.000000;2.000000;107.272324;-400.096191;2035.361694;0.170203;0.140542;0.690434;-0.626262;0.000000;2.000000;108.029205;-317.876678;1967.452271;0.111745;0.140542;0.690434;-0.626262;0.000000;2.000000;118.257492;-358.017517;1949.866455;0.135775;0.152680;0.307190;-0.141234;0.000000;2.000000;91.283188;-147.115814;2006.386230;0.064246;-0.123740;0.582695;-0.096214;0.000000;2.000000;207.976181;-22.719360;1642.409180;0.225157;0.587326;-0.400856;0.433778;0.000000;2.000000;203.644928;360.569580;1667.728638;0.136000;0.591152;-0.377437;0.367077;0.000000;2.000000;272.371033;469.359192;1530.532471;0.131913;0.852972;-0.009109;0.521607;0.000000;2.000000;-82.314056;-152.600784;1994.241211;0.057935;0.557693;0.135107;0.811908;0.000000;2.000000;-219.415451;-16.417572;1642.274292;0.126508;0.373979;0.605590;0.557319;0.000000;2.000000;-214.291977;369.753784;1681.475220;0.172426;0.418961;0.554002;0.586464;0.000000;2.000000;-260.165680;467.672058;1546.354248;0.108127;0.004138;0.809784;0.026236;0.000000;2.000000;-8.376135;-725.045227;2169.880371;0.173573;0.609205;-0.362231;0.503587;0.000000;2.000000;23.100624;-736.636475;2012.064941;0.291169;0.609205;-0.362231;0.503587;0.000000;2.000000;38.907593;-779.669678;2044.570923;0.261489;0.780099;0.099954;0.612226;0.000000;2.000000;71.539825;-793.407776;2166.833496;0.182505;0.494022;0.503587;0.362231;0.000000;2.000000;-11.000851;-771.087524;2030.739624;0.276981;0.780099;0.099954;0.612226;0.000000;2.000000;-91.375809;-780.716248;2134.437256;0.209784;0.609205;-0.362231;0.503587;0.000000;2.000000;3903600128.000000
0.000000;-149.999985;2000.000000;0.000000;-0.354451;0.607377;-0.305743;0.000000;2.000000;-2.177406;-296.598358;2103.057129;0.176527;-0.382692;0.593154;-0.332496;0.000000;2.000000;-2.669365;-421.689941;2172.901855;0.242721;-0.480423;0.506367;-0.494754;0.000000;2.000000;-8.242708;-639.394653;2184.510254;0.219245;0.520391;-0.465060;0.533768;0.000000;2.000000;26.517483;-604.536926;2183.580078;0.215774;0.698680;-0.684123;0.023591;0.000000;2.000000;157.529663;-567.434570;2137.978027;0.216964;0.693459;-0.231828;0.139129;0.000000;2.000000;176.755112;-328.225861;1998.458862;0.212389;-0.055161;-0.045405;0.266532;0.000000;2.000000;-53.850010;-358.570190;1984.973877;0.222694;0.192724;-0.199798;0.207998;0.000000;2.000000;-140.080139;-336.151642;1947.317505;0.239212;0.925788;-0.275144;-0.086477;0.000000;1.000000;-46.128899;-281.866913;1950.098877;0.233328;0.925788;-0.275144;-0.086477;0.000000;1.000000;-170.935944;-346.751160;1933.794067;0.225151;0.159492;-0.302955;0.704404;0.000000;1.000000;-41.042381;-602.199829;2183.710205;0.228766;0.684419;0.702270;-0.193709;0.000000;2.000000;-163.004288;-560.942383;2154.136230;0.229403;0.288886;0.708789;-0.634336;0.000000;2.000000;-211.561066;-324.341827;2006.957397;0.184705;-0.073199;0.124400;0.943021;0.000000;2.000000;14.541103;-390.052338;1991.983398;0.186198;0.186991;0.074759;0.927163;0.000000;2.000000;106.477753;-394.476318;2040.717407;0.234487;0.138897;0.693863;-0.619495;0.000000;2.000000;106.320313;-312.828308;1972.042358;0.211354;0.138897;0.693863;-0.619495;0.000000;2.000000;117.819626;-352.231628;1954.234619;0.218235;0.144020;0.306005;-0.126591;0.000000;2.000000;91.267288;-146.511627;2006.890381;0.023650;-0.118663;0.586133;-0.104747;0.000000;2.000000;205.770676;-21.295975;1642.296875;0.078946;0.589681;-0.391768;0.448442;0.000000;2.000000;204.843781;361.047180;1681.255127;0.408291;0.584040;-0.379551;0.388776;0.000000;2.000000;269.740234;472.302246;1544.053467;0.423241;0.842423;0.004687;0.538551;0.000000;2.000000;-82.299728;-153.145599;1993.786621;0.021325;0.551046;0.142325;0.814137;0.000000;2.000000;-223.775528;-9.045120;1646.525879;0.287331;0.367563;0.607921;0.559826;0.000000;2.000000;-220.147491;377.073059;1688.098877;0.344875;0.434494;0.534868;0.590100;0.000000;2.000000;-262.768616;469.938293;1548.324585;0.119414;0.012485;0.798842;0.042244;0.000000;2.000000;-10.361670;-720.911987;2175.368896;0.214901;0.614089;-0.363764;0.499868;0.000000;2.000000;22.141010;-731.860291;2017.640381;0.222474;0.614089;-0.363764;0.499868;0.000000;2.000000;38.345280;-774.747925;2050.187256;0.225026;0.781143;0.096240;0.610680;0.000000;2.000000;70.503326;-788.238953;2172.663086;0.236169;0.490614;0.499868;0.363764;0.000000;2.000000;-11.618809;-766.802185;2036.088501;0.206779;0.781143;0.096240;0.610680;0.000000;2.000000;-92.460907;-777.648621;2139.377930;0.177762;0.614089;-0.363764;0.499868;0.000000;2.000000;3903633408.000000
0.000000;-150.000000;2000.000000;0.000000;-0.354589;0.607163;-0.309259;0.000000;2.000000;-2.225479;-297.390442;2102.358398;0.031771;-0.397162;0.584810;-0.349691;0.000000;2.000000;-2.300266;-426.131104;2165.679199;0.255014;-0.475159;0.512856;-0.491210;0.000000;2.000000;-7.183807;-643.923401;2181.055664;0.174084;0.515292;-0.471812;0.530755;0.000000;2.000000;27.518387;-608.943115;2179.296631;0.187082;0.695599;-0.689598;0.020466;0.000000;2.000000;159.640579;-572.902710;2135.449219;0.191817;0.690069;-0.229100;0.139368;0.000000;2.000000;175.586670;-332.755432;1996.359619;0.154065;-0.060614;-0.043470;0.264614;0.000000;2.000000;-55.125298;-365.316223;1984.341553;0.207169;0.197147;-0.199273;0.207176;0.000000;2.000000;-141.229095;-342.017090;1946.584351;0.180941;0.926645;-0.274370;-0.085748;0.000000;1.000000;-46.894157;-288.098694;1949.407104;0.189801;0.926645;-0.274370;-0.085748;0.000000;1.000000;-172.074783;-352.799957;1932.954834;0.186659;0.161513;-0.302046;0.703773;0.000000;1.000000;-40.139622;-606.785645;2179.839111;0.182355;0.690751;0.700206;-0.177268;0.000000;2.000000;-163.809082;-567.743530;2153.729004;0.206151;0.289253;0.708770;-0.638032;0.000000;2.000000;-212.537918;-325.179138;2015.851318;0.270027;-0.094097;0.128721;0.944918;0.000000;2.000000;11.710415;-395.362000;1991.223633;0.182237;0.170755;0.073214;0.933729;0.000000;2.000000;105.276123;-401.196838;2036.924683;0.234672;0.136950;0.692573;-0.630517;0.000000;2.000000;105.615250;-317.327332;1970.741455;0.142311;0.136950;0.692573;-0.630517;0.000000;2.000000;115.880447;-358.128784;1953.731812;0.187144;0.158123;0.305979;-0.172713;0.000000;2.000000;91.431915;-146.830917;2006.551270;0.014844;-0.127396;0.580070;-0.096366;0.000000;2.000000;210.058899;-19.853790;1643.269409;0.139050;0.595545;-0.395121;0.435552;0.000000;2.000000;201.750259;363.479156;1676.486572;0.185773;0.583000;-0.379964;0.357937;0.000000;2.000000;273.642090;467.427032;1536.705688;0.289745;0.855323;-0.017422;0.516890;0.000000;2.000000;-82.448166;-152.857681;1994.092529;0.013388;0.544510;0.131739;0.822633;0.000000;2.000000;-232.215927;-23.130905;1644.005493;0.499198;0.361625;0.620733;0.555580;0.000000;2.000000;-219.707123;362.862213;1689.853394;0.430454;0.421377;0.555932;0.585022;0.000000;2.000000;-264.963013;460.887848;1554.192505;0.330745;0.007944;0.810137;0.023830;0.000000;2.000000;-9.134109;-725.704102;2173.309082;0.161014;0.609306;-0.366782;0.499930;0.000000;2.000000;22.523235;-738.567139;2015.322998;0.213528;0.609306;-0.366782;0.499930;0.000000;2.000000;38.654396;-781.261841;2048.292480;0.204055;0.780335;0.094150;0.612858;0.000000;2.000000;71.411171;-793.652466;2170.910645;0.173139;0.494254;0.499930;0.366782;0.000000;2.000000;-11.402088;-773.146057;2034.346436;0.197785;0.780335;0.094150;0.612858;0.000000;2.000000;-91.882866;-782.391357;2138.305420;0.147137;0.609306;-0.366782;0.499930;0.000000;2.000000;3903666688.000000
0.000000;-150.000015;2000.000000;0.000000;-0.355502;0.605554;-0.298637;0.000000;2.000000;-2.737358;-295.512604;2104.282715;0.082242;-0.398628;0.583847;-0.339122;0.000000;2.000000;-2.800774;-423.017029;2169.325195;0.144859;-0.482990;0.506938;-0.493289;0.000000;2.000000;-7.041508;-640.571289;2180.464355;0.102369;0.522825;-0.465747;0.532353;0.000000;2.000000;27.471161;-605.529907;2179.668701;0.103178;0.700988;-0.683552;0.021551;0.000000;2.000000;159.063171;-569.076294;2135.665527;0.116460;0.690829;-0.229954;0.138528;0.000000;2.000000;175.771469;-329.508240;1996.959473;0.099378;-0.059533;-0.044637;0.264720;0.000000;2.000000;-54.415802;-361.655334;1984.317139;0.112052;0.194441;-0.199997;0.206445;0.000000;2.000000;-140.443390;-338.907471;1946.628174;0.096384;0.925368;-0.274243;-0.086076;0.000000;1.000000;-46.856041;-284.189514;1949.204102;0.117627;0.925368;-0.274243;-0.086076;0.000000;1.000000;-171.457703;-348.781677;1933.098755;0.122234;0.163177;-0.299757;0.704616;0.000000;1.000000;-40.038570;-603.613403;2179.682617;0.095484;0.683444;0.706700;-0.180734;0.000000;2.000000;-163.181396;-564.749573;2152.402832;0.100185;0.286019;0.708507;-0.637730;0.000000;2.000000;-210.535049;-325.158020;2010.267090;0.178263;-0.080541;0.127802;0.944642;0.000000;2.000000;14.418324;-393.130341;1991.948364;0.107664;0.172081;0.071030;0.932029;0.000000;2.000000;107.736557;-398.165649;2037.696777;0.119582;0.141911;0.696201;-0.623721;0.000000;2.000000;106.705826;-315.451599;1970.475830;0.065683;0.141911;0.696201;-0.623721;0.000000;2.000000;116.436371;-354.843689;1951.624023;0.118466;0.144260;0.320970;-0.131484;0.000000;2.000000;91.059464;-145.926331;2008.074463;0.054395;-0.126310;0.582682;-0.096710;0.000000;2.000000;207.191055;-19.758072;1644.742798;0.096923;0.588629;-0.400894;0.433837;0.000000;2.000000;201.662354;363.270081;1670.942871;0.166717;0.604857;-0.364445;0.361435;0.000000;2.000000;272.982849;475.742310;1538.238525;0.254839;0.861093;-0.003806;0.508402;0.000000;2.000000;-82.112328;-153.673431;1992.718750;0.049058;0.551612;0.136482;0.815708;0.000000;2.000000;-224.262009;-16.386581;1643.414795;0.313854;0.367168;0.610963;0.557341;0.000000;2.000000;-217.985596;369.167236;1686.478149;0.221031;0.419082;0.551597;0.590905;0.000000;2.000000;-265.013306;465.505310;1550.726685;0.173488;0.006518;0.811191;0.031069;0.000000;2.000000;-8.637476;-722.004517;2171.159668;0.129429;0.608781;-0.383173;0.503541;0.000000;2.000000;18.186394;-734.064331;2012.601196;0.204882;0.608781;-0.383173;0.503541;0.000000;2.000000;36.714630;-776.063904;2044.974731;0.194243;0.768859;0.085113;0.627002;0.000000;2.000000;73.751366;-787.165100;2166.181641;0.251267;0.478551;0.503541;0.383173;0.000000;2.000000;-13.888475;-769.608276;2032.694702;0.139088;0.768859;0.085113;0.627002;0.000000;2.000000;-90.415070;-781.255554;2138.983887;0.059377;0.608781;-0.383173;0.503541;0.000000;2.000000;3903699968.000000
0.000000;-150.000000;2000.000000;0.000000;-0.359779;0.603658;-0.339081;0.000000;2.000000;-2.309055;-302.318176;2093.660645;0.379282;-0.387799;0.587644;-0.366134;0.000000;2.000000;-3.535061;-431.301331;2155.304443;0.489839;-0.475015;0.511209;-0.495360;0.000000;2.000000;-9.190212;-648.415771;2168.940186;0.423837;0.514973;-0.469838;0.534760;0.000000;2.000000;25.518448;-613.682617;2167.301270;0.448948;0.697209;-0.686487;0.018251;0.000000;2.000000;156.588547;-576.178223;2123.191895;0.437664;0.694872;-0.229134;0.144744;0.000000;2.000000;176.171646;-338.134583;1982.919556;0.495286;-0.056266;-0.038457;0.268280;0.000000;2.000000;-54.150593;-368.071136;1972.755859;0.397381;0.181690;-0.201373;0.206749;0.000000;2.000000;-140.754807;-347.725372;1935.316040;0.431079;0.921826;-0.275058;-0.087403;0.000000;1.000000;-48.601734;-290.853729;1937.353394;0.411887;0.921826;-0.275058;-0.087403;0.000000;1.000000;-172.218948;-355.430939;1921.845825;0.393413;0.164043;-0.296564;0.707404;0.000000;1.000000;-41.887726;-611.272583;2168.171387;0.419158;0.688494;0.700362;-0.184817;0.000000;2.000000;-164.356339;-570.572754;2141.312500;0.378039;0.289599;0.708270;-0.632304;0.000000;2.000000;-212.626114;-337.586090;1989.515381;0.729533;-0.063613;0.121688;0.941619;0.000000;2.000000;13.921055;-400.745239;1978.925171;0.453554;0.199169;0.075761;0.922785;0.000000;2.000000;104.473877;-404.181274;2029.803833;0.313900;0.138187;0.694279;-0.612575;0.000000;2.000000;104.235489;-323.972351;1959.802368;0.417039;0.138187;0.694279;-0.612575;0.000000;2.000000;114.917068;-361.833527;1939.145508;0.432191;0.122964;0.317202;-0.066784;0.000000;2.000000;91.313736;-149.066498;2003.769409;0.160297;-0.128191;0.584025;-0.101848;0.000000;2.000000;205.662964;-19.534378;1641.597656;0.105284;0.583621;-0.403005;0.434860;0.000000;2.000000;203.341187;363.255493;1664.747070;0.192886;0.565293;-0.400076;0.370412;0.000000;2.000000;268.480438;463.273499;1519.783447;0.682781;0.840371;-0.022954;0.540000;0.000000;2.000000;-82.341614;-150.841766;1996.600952;0.144551;0.546482;0.134314;0.820496;0.000000;2.000000;-229.304932;-18.456146;1647.957764;0.213220;0.370465;0.608739;0.566206;0.000000;2.000000;-223.254059;367.630310;1680.829468;0.236649;0.440720;0.530303;0.598024;0.000000;2.000000;-266.825989;455.938354;1538.872925;0.460946;0.025450;0.801157;0.051009;0.000000;2.000000;-11.491877;-729.835205;2160.588623;0.404495;0.611309;-0.370135;0.495932;0.000000;2.000000;20.627872;-743.237488;2003.326904;0.398769;0.611309;-0.370135;0.495932;0.000000;2.000000;37.006454;-785.442688;2036.464478;0.380641;0.781082;0.088952;0.612402;0.000000;2.000000;69.408379;-796.795654;2158.808105;0.387117;0.493308;0.495932;0.370135;0.000000;2.000000;-12.906244;-777.904297;2022.380859;0.398819;0.781082;0.088952;0.612402;0.000000;2.000000;-93.311104;-787.291321;2125.793945;0.444460;0.611309;-0.370135;0.495932;0.000000;2.000000;3903733248.000000
0.000000;-150.000000;2000.000000;0.000000;-0.354444;0.604974;-0.317571;0.000000;2.000000;-3.174953;-298.128662;2100.030273;0.228797;-0.396140;0.582500;-0.357126;0.000000;2.000000;-4.252289;-427.039185;2161.724609;0.230780;-0.474666;0.510904;-0.490105;0.000000;2.000000;-10.195541;-643.918030;2177.691406;0.294925;0.515074;-0.469955;0.529497;0.000000;2.000000;24.540813;-609.234985;2176.040527;0.293849;0.692430;-0.691349;0.018617;0.000000;2.000000;155.586212;-572.156677;2131.645264;0.280735;0.690880;-0.228239;0.141595;0.000000;2.000000;171.872467;-333.233276;1992.625366;0.348647;-0.059344;-0.041214;0.265412;0.000000;2.000000;-58.109604;-364.837616;1981.528442;0.302756;0.186233;-0.199155;0.206478;0.000000;2.000000;-144.565720;-343.566284;1944.340088;0.317334;0.923818;-0.273729;-0.085839;0.000000;1.000000;-51.803509;-287.764069;1946.485474;0.302909;0.923818;-0.273729;-0.085839;0.000000;1.000000;-175.679840;-352.006470;1930.563232;0.297736;0.164345;-0.297767;0.705832;0.000000;1.000000;-42.847919;-606.779358;2176.163330;0.274886;0.691252;0.698840;-0.180931;0.000000;2.000000;-165.719727;-567.532593;2149.187988;0.254989;0.289456;0.710248;-0.630896;0.000000;2.000000;-215.510468;-333.821136;1999.172241;0.320810;-0.066012;0.121849;0.942144;0.000000;2.000000;10.800457;-397.340881;1987.403931;0.287897;0.189821;0.069678;0.925397;0.000000;2.000000;102.446533;-400.323975;2036.245972;0.231916;0.141625;0.696868;-0.612853;0.000000;2.000000;101.236801;-319.806458;1966.661255;0.255453;0.141625;0.696868;-0.612853;0.000000;2.000000;112.084122;-358.326294;1947.415161;0.280856;0.130585;0.316874;-0.091583;0.000000;2.000000;91.141266;-147.862152;2006.058472;0.077299;-0.129559;0.585076;-0.101198;0.000000;2.000000;204.185410;-17.812134;1643.802856;0.094353;0.587486;-0.401602;0.437413;0.000000;2.000000;199.259705;364.526184;1671.548218;0.239533;0.582684;-0.383864;0.365866;0.000000;2.000000;267.720337;469.751648;1531.978516;0.412387;0.850395;-0.014576;0.525292;0.000000;2.000000;-82.186081;-151.927780;1994.536621;0.069709;0.544460;0.136772;0.820891;0.000000;2.000000;-230.337021;-16.192673;1647.834717;0.074270;0.364974;0.612592;0.563203;0.000000;2.000000;-223.770462;369.200623;1686.745361;0.183161;0.425415;0.544056;0.597136;0.000000;2.000000;-270.951813;461.701965;1548.734375;0.362134;0.014919;0.810229;0.040754;0.000000;2.000000;-12.461403;-725.397827;2170.217773;0.317469;0.607105;-0.369264;0.497222;0.000000;2.000000;19.245674;-739.989929;2013.030518;0.307895;0.607105;-0.369264;0.497222;0.000000;2.000000;35.184895;-782.192749;2046.354736;0.315145;0.781310;0.090480;0.612698;0.000000;2.000000;67.635620;-793.271423;2168.668945;0.316695;0.497833;0.497222;0.369264;0.000000;2.000000;-14.644138;-774.157349;2032.311157;0.320701;0.781310;0.090480;0.612698;0.000000;2.000000;-94.964096;-782.072876;2135.860352;0.341677;0.607105;-0.369264;0.497222;0.000000;2.000000;3903766784.000000
0.000000;-150.000015;2000.000000;0.000000;-0.342594;0.621341;-0.310799;0.000000;2.000000;1.102665;-294.853577;2104.484863;0.210052;-0.393413;0.593695;-0.360814;0.000000;2.000000;3.172123;-423.674805;2166.042480;0.277168;-0.467576;0.515072;-0.491194;0.000000;2.000000;-3.800354;-640.127563;2184.516602;0.303247;0.508109;-0.474022;0.530917;0.000000;2.000000;31.077618;-605.695435;2182.092285;0.288026;0.691574;-0.694317;0.017028;0.000000;2.000000;162.843155;-569.807617;2139.293945;0.324580;0.688987;-0.227919;0.138867;0.000000;2.000000;177.589340;-330.434357;2001.375977;0.325144;-0.059927;-0.043797;0.263274;0.000000;2.000000;-52.051712;-362.557953;1989.139282;0.300210;0.191387;-0.195755;0.203786;0.000000;2.000000;-138.337738;-340.136169;1952.460205;0.324310;0.926690;-0.269689;-0.084360;0.000000;1.000000;-44.983719;-285.535309;1954.916138;0.332643;0.926690;-0.269689;-0.084360;0.000000;1.000000;-169.141922;-349.750458;1938.662476;0.320025;0.162203;-0.299026;0.702267;0.000000;1.000000;-36.230293;-602.855957;2182.928223;0.307828;0.696223;0.694487;-0.178405;0.000000;2.000000;-159.210709;-564.060669;2156.376465;0.309504;0.287398;0.713020;-0.627755;0.000000;2.000000;-210.511810;-331.508545;2005.546997;0.253140;-0.059710;0.120822;0.942272;0.000000;2.000000;16.085514;-393.655518;1996.504761;0.335058;0.181851;0.074394;0.926425;0.000000;2.000000;108.186508;-398.033020;2044.173340;0.302038;0.144102;0.689741;-0.622940;0.000000;2.000000;108.929077;-317.071228;1975.246948;0.355999;0.144102;0.689741;-0.622940;0.000000;2.000000;119.119888;-356.544830;1957.906738;0.383332;0.148038;0.307541;-0.127256;0.000000;2.000000;91.181808;-147.022522;2003.165649;0.090519;-0.124843;0.581672;-0.102311;0.000000;2.000000;208.269958;-19.537613;1641.682495;0.147685;0.592632;-0.392671;0.441223;0.000000;2.000000;204.131363;361.815369;1677.255981;0.239746;0.597704;-0.365152;0.369117;0.000000;2.000000;275.256500;473.100037;1544.092163;0.440331;0.857482;0.001071;0.514371;0.000000;2.000000;-82.222656;-152.684967;1997.145508;0.081634;0.549070;0.138438;0.817022;0.000000;2.000000;-225.836319;-14.297333;1649.999390;0.160510;0.362684;0.616136;0.554044;0.000000;2.000000;-217.194839;369.696106;1697.853516;0.388162;0.424679;0.546868;0.590861;0.000000;2.000000;-262.713226;464.460510;1561.018555;0.452106;0.010065;0.807829;0.034347;0.000000;2.000000;-6.601858;-721.598877;2177.999023;0.314163;0.610958;-0.372860;0.493436;0.000000;2.000000;25.627281;-735.973022;2021.046021;0.330677;0.610958;-0.372860;0.493436;0.000000;2.000000;42.094868;-777.845276;2054.445801;0.345375;0.781459;0.085260;0.612564;0.000000;2.000000;74.409576;-788.236084;2176.737793;0.350865;0.494193;0.493436;0.372860;0.000000;2.000000;-7.770916;-770.569458;2040.294312;0.334392;0.781459;0.085260;0.612564;0.000000;2.000000;-88.118759;-779.479675;2143.591309;0.319911;0.610958;-0.372860;0.493436;0.000000;2.000000;3903800064.000000
0.000000;-150.000000;2000.000000;0.000000;-0.337605;0.620643;-0.313958;0.000000;2.000000;-0.398643;-295.356049;2105.474609;0.056102;-0.393941;0.589485;-0.369154;0.000000;2.000000;0.371162;-425.810913;2165.431152;0.107428;-0.464940;0.516989;-0.489048;0.000000;2.000000;-6.849211;-643.270020;2186.002686;0.138935;0.505678;-0.476105;0.528932;0.000000;2.000000;28.254295;-608.705933;2183.245605;0.128767;0.687039;-0.697559;0.012853;0.000000;2.000000;160.245163;-571.138672;2139.941406;0.089846;0.690503;-0.231917;0.139982;0.000000;2.000000;177.258606;-331.542450;1999.626099;0.063025;-0.057429;-0.045321;0.267070;0.000000;2.000000;-53.721367;-362.962830;1986.452515;0.095826;0.193458;-0.190438;0.200916;0.000000;2.000000;-140.692627;-339.712219;1950.515137;0.092656;0.930167;-0.264280;-0.082403;0.000000;1.000000;-46.048061;-286.176331;1953.325073;0.060659;0.930167;-0.264280;-0.082403;0.000000;1.000000;-171.239609;-350.582123;1936.381714;0.096406;0.158450;-0.301271;0.697815;0.000000;1.000000;-39.421665;-605.777649;2184.063965;0.134416;0.699361;0.688943;-0.186983;0.000000;2.000000;-162.208435;-565.021118;2155.990234;0.095296;0.290492;0.706379;-0.634118;0.000000;2.000000;-209.462204;-330.951843;2003.285645;0.076757;-0.064382;0.124912;0.940996;0.000000;2.000000;17.634274;-395.906342;1992.822144;0.137785;0.200804;0.068748;0.922034;0.000000;2.000000;108.690918;-397.757599;2043.796509;0.020650;0.137939;0.695408;-0.609328;0.000000;2.000000;108.130737;-317.623718;1973.019287;0.073018;0.137939;0.695408;-0.609328;0.000000;2.000000;119.331253;-356.186218;1953.531006;0.132076;0.124123;0.311472;-0.076181;0.000000;2.000000;91.720062;-148.089157;2002.979980;0.036331;-0.124715;0.585107;-0.100342;0.000000;2.000000;206.249039;-20.854996;1638.148804;0.128564;0.592033;-0.395860;0.442461;0.000000;2.000000;200.696915;362.597931;1673.743652;0.149470;0.593714;-0.366750;0.359519;0.000000;2.000000;274.711853;470.904877;1538.260254;0.187954;0.860678;-0.006878;0.508670;0.000000;2.000000;-82.708008;-151.723114;1997.312744;0.032761;0.548019;0.140500;0.817464;0.000000;2.000000;-227.579193;-11.549515;1648.856934;0.103626;0.360634;0.620143;0.550734;0.000000;2.000000;-216.188126;374.070587;1700.223389;0.152524;0.437974;0.529325;0.607206;0.000000;2.000000;-263.309631;460.147430;1557.130981;0.175393;0.030185;0.806878;0.058189;0.000000;2.000000;-9.745901;-725.244141;2180.201172;0.159063;0.608372;-0.365397;0.482781;0.000000;2.000000;27.264862;-744.028198;2023.858643;0.261053;0.608372;-0.365397;0.482781;0.000000;2.000000;41.674484;-785.764771;2058.860352;0.272732;0.793014;0.083003;0.599753;0.000000;2.000000;69.979874;-794.255127;2183.006836;0.293107;0.513119;0.482781;0.365397;0.000000;2.000000;-7.787828;-777.531250;2042.868042;0.223027;0.793014;0.083003;0.599753;0.000000;2.000000;-92.029434;-782.158813;2144.246094;0.143792;0.608372;-0.365397;0.482781;0.000000;2.000000;3903833344.000000
0.000000;-150.000000;2000.000000;0.000000;-0.340606;0.618663;-0.327874;0.000000;2.000000;-0.500294;-296.919647;2100.687744;0.151346;-0.389195;0.590776;-0.375804;0.000000;2.000000;-0.361206;-426.486053;2159.745605;0.173442;-0.472125;0.515103;-0.490329;0.000000;2.000000;-5.449348;-642.513367;2176.645020;0.285216;0.512378;-0.474123;0.530058;0.000000;2.000000;29.032665;-607.856873;2174.532715;0.264083;0.692045;-0.692113;0.014138;0.000000;2.000000;159.745773;-570.238281;2131.324463;0.260764;0.689971;-0.233515;0.135323;0.000000;2.000000;176.623810;-331.976624;1993.267456;0.192457;-0.058600;-0.049865;0.265245;0.000000;2.000000;-52.188210;-364.184631;1978.270874;0.252802;0.183754;-0.184081;0.190618;0.000000;2.000000;-139.414352;-342.301697;1944.293091;0.206116;0.930272;-0.252365;-0.080827;0.000000;1.000000;-46.836288;-286.977600;1946.701294;0.201877;0.930272;-0.252365;-0.080827;0.000000;1.000000;-170.243668;-351.102448;1930.477539;0.180593;0.158171;-0.293759;0.693141;0.000000;1.000000;-38.111740;-605.620605;2175.260742;0.267474;0.693810;0.694081;-0.189076;0.000000;2.000000;-159.721146;-565.036377;2146.940430;0.282013;0.289638;0.709989;-0.630358;0.000000;2.000000;-209.181015;-333.146149;1995.940063;0.230513;-0.062615;0.122264;0.941534;0.000000;2.000000;16.455002;-396.165619;1985.931763;0.210198;0.208530;0.077215;0.920852;0.000000;2.000000;105.673294;-399.252533;2038.322388;0.193120;0.132217;0.692239;-0.612156;0.000000;2.000000;106.378082;-319.440704;1968.515625;0.155137;0.132217;0.692239;-0.612156;0.000000;2.000000;118.685944;-357.507507;1949.702759;0.123225;0.127987;0.300044;-0.087040;0.000000;2.000000;91.009598;-149.092804;2001.776001;0.051711;-0.118258;0.587156;-0.098536;0.000000;2.000000;203.927582;-27.722824;1638.102173;0.217840;0.586325;-0.398962;0.441984;0.000000;2.000000;201.675568;353.011353;1668.664551;0.327314;0.607799;-0.359555;0.372416;0.000000;2.000000;271.293304;468.344055;1538.926270;0.129896;0.858498;0.007441;0.512761;0.000000;2.000000;-82.067352;-150.818085;1998.398560;0.046633;0.542683;0.145880;0.820299;0.000000;2.000000;-229.159943;-9.157135;1655.335938;0.212896;0.365432;0.615634;0.561307;0.000000;2.000000;-219.474976;374.731384;1694.312622;0.204188;0.442588;0.528345;0.602503;0.000000;2.000000;-263.824036;460.596985;1551.936768;0.157420;0.031106;0.802903;0.055534;0.000000;2.000000;-7.516865;-723.731995;2169.572510;0.329467;0.609750;-0.379143;0.491604;0.000000;2.000000;23.765190;-739.207275;2012.990845;0.372400;0.609750;-0.379143;0.491604;0.000000;2.000000;40.735180;-780.527710;2046.564453;0.402575;0.779570;0.079522;0.615711;0.000000;2.000000;73.801407;-789.533142;2168.398926;0.475379;0.492729;0.491604;0.379143;0.000000;2.000000;-9.136446;-773.803711;2032.701538;0.327884;0.779570;0.079522;0.615711;0.000000;2.000000;-88.543335;-782.416504;2136.288574;0.261162;0.609750;-0.379143;0.491604;0.000000;2.000000;3903866624.000000
0.000000;-150.000000;2000.000000;0.000000;-0.340790;0.618377;-0.327036;0.000000;2.000000;-0.587200;-297.023163;2100.980957;0.009701;-0.389554;0.590478;-0.375071;0.000000;2.000000;-0.468422;-426.736298;2160.201904;0.015966;-0.472405;0.514555;-0.489754;0.000000;2.000000;-5.696373;-643.056213;2177.244629;0.025412;0.512723;-0.473623;0.529441;0.000000;2.000000;28.854195;-608.367126;2175.185791;0.025474;0.691925;-0.692558;0.013072;0.000000;2.000000;159.880814;-570.697693;2132.306641;0.032833;0.690361;-0.234004;0.133701;0.000000;2.000000;177.206482;-331.875488;1994.494263;0.040923;-0.058983;-0.051186;0.264601;0.000000;2.000000;-51.845909;-364.449219;1978.915161;0.023319;0.183860;-0.186362;0.191709;0.000000;2.000000;-139.051392;-342.643707;1944.453613;0.015742;0.929306;-0.254480;-0.081994;0.000000;1.000000;-46.499023;-286.982422;1946.908813;0.011900;0.929306;-0.254480;-0.081994;0.000000;1.000000;-169.893082;-351.250244;1930.458374;0.011447;0.160262;-0.294599;0.694126;0.000000;1.000000;-38.385536;-606.097900;2175.762695;0.022380;0.693812;0.693680;-0.190675;0.000000;2.000000;-160.021133;-565.331665;2146.959961;0.012662;0.288718;0.709285;-0.631234;0.000000;2.000000;-208.689484;-333.234985;1995.281494;0.024837;-0.060754;0.123080;0.941484;0.000000;2.000000;17.279072;-396.438354;1986.213257;0.027420;0.208801;0.077104;0.920598;0.000000;2.000000;106.600372;-399.451843;2038.721680;0.030916;0.132326;0.691774;-0.612286;0.000000;2.000000;107.436691;-319.594727;1968.740601;0.032847;0.132326;0.691774;-0.612286;0.000000;2.000000;119.451431;-357.660889;1949.608765;0.023628;0.126559;0.301530;-0.082188;0.000000;2.000000;91.134140;-149.029480;2001.942993;0.006542;-0.118841;0.586321;-0.096895;0.000000;2.000000;204.886017;-27.884033;1637.833618;0.030298;0.586133;-0.400210;0.439376;0.000000;2.000000;202.040894;353.552887;1666.255615;0.074998;0.612418;-0.356004;0.367885;0.000000;2.000000;272.802246;469.725250;1537.507935;0.074797;0.861894;0.006784;0.507025;0.000000;2.000000;-82.179672;-150.875153;1998.247925;0.005901;0.554858;0.136145;0.813354;0.000000;2.000000;-220.991074;-13.621445;1649.336060;0.332787;0.373391;0.603197;0.562255;0.000000;2.000000;-218.465469;371.230988;1685.207153;0.294688;0.435136;0.532388;0.597767;0.000000;2.000000;-262.974976;460.826935;1544.901001;0.213057;0.018918;0.802448;0.049395;0.000000;2.000000;-7.786543;-724.392883;2170.207031;0.028697;0.601214;-0.380140;0.492334;0.000000;2.000000;22.668819;-742.937988;2013.563477;0.118101;0.601214;-0.380140;0.492334;0.000000;2.000000;39.003670;-784.097412;2047.775513;0.124645;0.779835;0.079334;0.616932;0.000000;2.000000;72.386909;-791.822998;2169.797119;0.091136;0.501640;0.492334;0.380140;0.000000;2.000000;-10.853235;-776.640991;2033.956421;0.106543;0.779835;0.079334;0.616932;0.000000;2.000000;-90.140701;-782.133789;2138.079346;0.072604;0.601214;-0.380140;0.492334;0.000000;2.000000;3903899904.000000
0.000000;-150.000000;2000.000000;0.000000;-0.357472;0.610116;-0.337067;0.000000;2.000000;-0.077232;-301.099548;2094.454590;0.229953;-0.388322;0.592367;-0.367366;0.000000;2.000000;0.404686;-429.789185;2155.549805;0.167952;-0.478913;0.506859;-0.492676;0.000000;2.000000;-5.552114;-646.160889;2168.593750;0.274101;0.519118;-0.465717;0.531736;0.000000;2.000000;29.074184;-611.568726;2167.526855;0.247617;0.697842;-0.687241;0.011460;0.000000;2.000000;160.229050;-573.671814;2125.707031;0.216101;0.692375;-0.236691;0.134391;0.000000;2.000000;179.774124;-335.827423;1987.030762;0.263207;-0.056024;-0.052206;0.267130;0.000000;2.000000;-49.168846;-367.223663;1970.729370;0.269808;0.181141;-0.185896;0.191427;0.000000;2.000000;-136.477020;-345.904510;1936.480347;0.268092;0.929117;-0.253888;-0.082110;0.000000;1.000000;-44.153763;-290.061859;1938.917603;0.264770;0.929117;-0.253888;-0.082110;0.000000;1.000000;-167.326920;-354.307678;1922.507446;0.265287;0.159317;-0.294602;0.694032;0.000000;1.000000;-38.097778;-609.127075;2167.443359;0.264144;0.686641;0.698938;-0.198229;0.000000;2.000000;-158.940521;-567.904541;2136.596680;0.320027;0.281533;0.710099;-0.632716;0.000000;2.000000;-205.907562;-335.328094;1985.616089;0.306336;-0.052623;0.125572;0.942763;0.000000;2.000000;19.987411;-398.388153;1980.273438;0.203158;0.209003;0.085612;0.920871;0.000000;2.000000;108.841766;-403.158081;2033.246826;0.208164;0.132274;0.691297;-0.614362;0.000000;2.000000;109.820129;-323.057190;1963.701172;0.195683;0.132274;0.691297;-0.614362;0.000000;2.000000;121.454742;-360.285614;1942.706055;0.228166;0.122430;0.309653;-0.062612;0.000000;2.000000;91.023270;-148.436035;2002.576416;0.026093;-0.129837;0.571928;-0.081666;0.000000;2.000000;215.811615;-27.411499;1642.483154;0.354341;0.595162;-0.402883;0.414143;0.000000;2.000000;203.176285;354.167755;1658.885132;0.223125;0.620948;-0.354180;0.334425;0.000000;2.000000;279.223114;466.340668;1529.864136;0.314316;0.876075;-0.015516;0.481922;0.000000;2.000000;-82.079697;-151.410294;1997.676880;0.023526;0.558671;0.133624;0.810954;0.000000;2.000000;-217.910339;-15.174881;1647.630981;0.114759;0.374602;0.600907;0.560632;0.000000;2.000000;-216.816757;369.205048;1684.655151;0.079608;0.445087;0.521932;0.595640;0.000000;2.000000;-257.879486;456.855865;1542.286133;0.207815;0.021942;0.793591;0.055232;0.000000;2.000000;-7.775368;-727.273193;2160.066895;0.314327;0.612146;-0.389926;0.496818;0.000000;2.000000;19.628635;-740.247070;2002.459351;0.352549;0.612146;-0.389926;0.496818;0.000000;2.000000;38.738056;-781.397339;2035.122925;0.385860;0.769310;0.075584;0.627023;0.000000;2.000000;75.421875;-790.638916;2155.960449;0.423873;0.475823;0.496818;0.389926;0.000000;2.000000;-11.696777;-776.019531;2022.693848;0.337285;0.769310;0.075584;0.627023;0.000000;2.000000;-87.961235;-788.034668;2128.358398;0.345263;0.612146;-0.389926;0.496818;0.000000;2.000000;3903933440.000000
0.000000;-150.000000;2000.000000;0.000000;-0.359701;0.606565;-0.321547;0.000000;2.000000;-1.133209;-299.523529;2097.872070;0.117450;-0.397132;0.586083;-0.357520;0.000000;2.000000;-0.788826;-428.509827;2159.308350;0.124574;-0.479385;0.505948;-0.485749;0.000000;2.000000;-6.981668;-645.327454;2175.048340;0.200220;0.520143;-0.465364;0.524758;0.000000;2.000000;27.761002;-610.648071;2174.061523;0.202181;0.693568;-0.693179;0.006068;0.000000;2.000000;159.941437;-572.914185;2133.939209;0.248557;0.691581;-0.239609;0.132501;0.000000;2.000000;179.703827;-334.577606;1994.542236;0.228818;-0.055999;-0.055726;0.268074;0.000000;2.000000;-49.729088;-366.503296;1976.655640;0.180172;0.183950;-0.186905;0.192094;0.000000;2.000000;-137.066223;-344.673126;1942.018433;0.171390;0.928940;-0.255138;-0.082086;0.000000;1.000000;-44.407978;-288.776855;1944.418579;0.169915;0.928940;-0.255138;-0.082086;0.000000;1.000000;-167.994431;-353.100616;1927.958618;0.168960;0.161296;-0.294202;0.694693;0.000000;1.000000;-39.596973;-608.206482;2172.932373;0.173199;0.689664;0.694442;-0.204605;0.000000;2.000000;-160.236633;-567.897400;2138.647705;0.072904;0.275464;0.708083;-0.635731;0.000000;2.000000;-203.820709;-335.149170;1985.409546;0.063241;-0.042516;0.126459;0.943156;0.000000;2.000000;23.077839;-397.361542;1984.654053;0.164015;0.218991;0.090397;0.918471;0.000000;2.000000;110.953629;-402.402405;2039.780151;0.207561;0.131598;0.696848;-0.605114;0.000000;2.000000;110.333267;-322.809357;1969.184204;0.165642;0.131598;0.696848;-0.605114;0.000000;2.000000;125.081070;-359.131714;1948.331665;0.204082;0.118103;0.304317;-0.051629;0.000000;2.000000;91.146149;-147.260712;2005.240356;0.087569;-0.132298;0.572980;-0.094146;0.000000;2.000000;214.813599;-18.756485;1646.061157;0.283007;0.593143;-0.397943;0.422929;0.000000;2.000000;207.013077;363.771851;1668.252441;0.419282;0.587708;-0.382332;0.359174;0.000000;2.000000;276.263672;469.282227;1529.371216;0.126252;0.854009;-0.018185;0.519445;0.000000;2.000000;-82.190498;-152.470154;1995.274536;0.078969;0.567714;0.126924;0.805141;0.000000;2.000000;-211.653137;-18.066833;1640.809082;0.291411;0.371923;0.601208;0.550279;0.000000;2.000000;-211.825378;366.181519;1689.191162;0.222094;0.428869;0.534640;0.594178;0.000000;2.000000;-256.561707;458.751770;1550.484131;0.255917;0.008282;0.801529;0.045324;0.000000;2.000000;-9.090771;-726.777466;2167.495605;0.227180;0.606000;-0.369057;0.507457;0.000000;2.000000;19.495716;-738.393494;2009.517090;0.219300;0.606000;-0.369057;0.507457;0.000000;2.000000;36.164627;-781.156372;2041.720825;0.212924;0.774229;0.097864;0.619790;0.000000;2.000000;71.053246;-794.417847;2163.100586;0.275963;0.488925;0.507457;0.369057;0.000000;2.000000;-13.932076;-772.972046;2028.825928;0.216442;0.774229;0.097864;0.619790;0.000000;2.000000;-92.134155;-782.966309;2133.753418;0.255334;0.606000;-0.369057;0.507457;0.000000;2.000000;3903966720.000000
0.000000;-150.000000;2000.000000;0.000000;-0.378625;0.591828;-0.335954;0.000000;2.000000;-2.499104;-305.511230;2090.016113;0.299630;-0.378305;0.591999;-0.335653;0.000000;2.000000;-4.344740;-430.809265;2160.273438;0.130505;-0.492966;0.501576;-0.499019;0.000000;2.000000;-6.707975;-649.434570;2164.707520;0.334434;0.531984;-0.459942;0.537635;0.000000;2.000000;27.625835;-613.957642;2164.996582;0.289998;0.707455;-0.672729;0.018861;0.000000;2.000000;158.098206;-573.637085;2119.337891;0.442757;0.645326;-0.353616;0.049062;0.000000;2.000000;181.195496;-340.671997;1968.762939;0.797231;0.023950;-0.228869;0.273989;0.000000;2.000000;-27.683804;-359.522034;1865.838623;3.401562;0.131731;0.177735;-0.274145;0.000000;1.000000;-116.304245;-353.960388;1904.865234;1.308963;0.871206;0.326492;0.012166;0.000000;1.000000;-36.721188;-283.608948;1928.598877;0.550837;0.871206;0.326492;0.012166;0.000000;1.000000;-151.146729;-354.869049;1911.785522;0.703755;0.058096;0.000461;0.304344;0.000000;1.000000;-40.146660;-612.622253;2165.067139;0.271537;0.672881;0.709703;-0.208297;0.000000;2.000000;-161.074570;-575.743591;2125.523438;0.460149;0.275770;0.708431;-0.634401;0.000000;2.000000;-205.275330;-342.719177;1970.010498;0.517448;-0.043213;0.114085;0.944099;0.000000;2.000000;24.262196;-399.944092;1967.238770;0.530214;0.223669;0.088601;0.918963;0.000000;2.000000;112.219246;-404.648560;2023.344849;0.499889;0.123962;0.695809;-0.606789;0.000000;2.000000;112.322655;-323.957947;1953.101196;0.488168;0.123962;0.695809;-0.606789;0.000000;2.000000;128.375153;-361.082764;1934.166504;0.440908;0.124114;0.288421;-0.085187;0.000000;2.000000;91.561668;-147.550720;2006.773315;0.048514;-0.131309;0.562726;-0.070982;0.000000;2.000000;225.516998;-29.234818;1645.299438;0.450659;0.598096;-0.403995;0.398178;0.000000;2.000000;209.384277;355.735992;1652.566284;0.534360;0.605644;-0.385853;0.358483;0.000000;2.000000;273.000153;468.183441;1515.029053;0.443202;0.853019;-0.021020;0.521442;0.000000;2.000000;-82.565186;-152.208618;1993.892212;0.043747;0.579895;0.116953;0.797615;0.000000;2.000000;-203.443085;-22.069061;1632.356079;0.373946;0.387290;0.579815;0.559978;0.000000;2.000000;-214.207489;365.797577;1665.525513;0.714794;0.436003;0.528256;0.572157;0.000000;2.000000;-250.538147;464.456573;1527.364746;0.738067;-0.007955;0.781644;0.034282;0.000000;2.000000;-7.604216;-730.851318;2152.849854;0.458963;0.607252;-0.363467;0.510507;0.000000;2.000000;21.494965;-740.922241;1993.949097;0.477711;0.607252;-0.363467;0.510507;0.000000;2.000000;37.910057;-784.383789;2025.889893;0.488298;0.774732;0.103973;0.617993;0.000000;2.000000;72.584450;-799.300171;2147.876465;0.482602;0.488384;0.510507;0.363467;0.000000;2.000000;-12.379179;-775.704102;2012.885376;0.488202;0.774732;0.103973;0.617993;0.000000;2.000000;-91.356407;-786.460693;2118.070068;0.483376;0.607252;-0.363467;0.510507;0.000000;2.000000;3904000000.000000
0.000000;-150.000000;2000.000000;0.000000;-0.378114;0.592116;-0.336123;0.000000;2.000000;-2.511623;-305.392822;2090.070313;0.003931;-0.377055;0.592683;-0.335123;0.000000;2.000000;-4.395247;-430.431152;2160.665527;0.016438;-0.491314;0.501791;-0.499208;0.000000;2.000000;-7.373308;-648.943787;2165.729736;0.039505;0.530434;-0.460141;0.537840;0.000000;2.000000;27.046787;-613.578491;2165.887695;0.033904;0.707232;-0.673693;0.018465;0.000000;2.000000;157.747482;-573.676025;2120.707031;0.042485;0.645481;-0.356012;0.046551;0.000000;2.000000;181.892868;-340.759766;1970.436401;0.054540;0.041708;-0.237228;0.269507;0.000000;2.000000;-24.534908;-352.457672;1861.880371;0.261070;0.112945;0.181540;-0.296126;0.000000;1.000000;-113.490601;-351.395874;1900.422241;0.175810;0.858101;0.347309;0.004905;0.000000;1.000000;-35.820034;-280.415466;1928.085083;0.100893;0.858101;0.347309;0.004905;0.000000;1.000000;-148.046082;-354.408630;1910.403198;0.102942;0.037333;0.008000;0.286344;0.000000;1.000000;-40.693241;-612.051270;2166.011230;0.036998;0.674009;0.708432;-0.209032;0.000000;2.000000;-161.495590;-574.951782;2126.475830;0.039308;0.276348;0.707636;-0.635431;0.000000;2.000000;-205.220398;-341.661133;1971.444336;0.053570;-0.045043;0.115315;0.944046;0.000000;2.000000;24.011421;-399.661194;1968.005249;0.025680;0.226836;0.089618;0.918374;0.000000;2.000000;111.546219;-404.390564;2024.685425;0.045735;0.120738;0.693585;-0.608591;0.000000;2.000000;112.479309;-323.564117;1954.672485;0.048902;0.120738;0.693585;-0.608591;0.000000;2.000000;129.421677;-361.268555;1937.544434;0.106406;0.131269;0.275330;-0.109946;0.000000;2.000000;91.530899;-147.603424;2006.687012;0.003176;-0.130637;0.564105;-0.071850;0.000000;2.000000;224.319305;-29.401108;1644.933472;0.037961;0.597253;-0.404385;0.399885;0.000000;2.000000;208.726990;355.420105;1652.737793;0.022511;0.606085;-0.384699;0.358557;0.000000;2.000000;272.638245;468.003906;1515.557617;0.019990;0.853506;-0.020149;0.520679;0.000000;2.000000;-82.537437;-152.161102;1993.969971;0.002862;0.577582;0.118762;0.799206;0.000000;2.000000;-205.177841;-21.555817;1633.384033;0.062522;0.384556;0.584297;0.557965;0.000000;2.000000;-213.518585;365.947693;1669.459106;0.120081;0.436630;0.529781;0.570333;0.000000;2.000000;-249.291336;465.026550;1531.544556;0.132178;-0.007464;0.781444;0.031910;0.000000;2.000000;-8.509949;-730.357422;2154.112305;0.048989;0.602806;-0.375002;0.514445;0.000000;2.000000;16.583645;-740.986206;1994.634766;0.149019;0.602806;-0.375002;0.514445;0.000000;2.000000;34.404949;-784.011719;2026.370239;0.106892;0.766355;0.098601;0.628934;0.000000;2.000000;72.414764;-797.719482;2147.445801;0.049491;0.480983;0.514445;0.375002;0.000000;2.000000;-16.297024;-776.092407;2014.633911;0.129443;0.766355;0.098601;0.628934;0.000000;2.000000;-92.334717;-787.275208;2121.851563;0.119892;0.602806;-0.375002;0.514445;0.000000;2.000000;3904033280.000000
0.000000;-150.000000;2000.000000;0.000000;-0.363173;0.601167;-0.311475;0.000000;2.000000;-2.634613;-298.560211;2099.294678;0.344950;-0.374163;0.595703;-0.321801;0.000000;2.000000;-4.103889;-421.082825;2172.761719;0.459445;-0.493520;0.502054;-0.487864;0.000000;2.000000;-6.027262;-638.364380;2181.681641;0.576578;0.533319;-0.461313;0.526555;0.000000;2.000000;28.018917;-602.989197;2181.939941;0.578574;0.700689;-0.681685;0.025874;0.000000;2.000000;158.514908;-566.105347;2135.950195;0.511928;0.704234;-0.245895;0.115343;0.000000;2.000000;189.744873;-326.061798;2001.682495;1.064059;-0.030140;-0.075058;0.261026;0.000000;2.000000;-39.544758;-348.637451;1971.789185;3.335179;0.037755;-0.234115;0.187228;0.000000;2.000000;-127.950798;-355.618164;1933.849609;1.101709;0.908244;-0.256246;-0.155570;0.000000;1.000000;-43.402527;-289.589508;1948.242310;0.703389;0.908244;-0.256246;-0.155570;0.000000;1.000000;-148.856537;-375.798889;1913.686035;0.650717;0.076526;-0.443276;0.636926;0.000000;1.000000;-39.368340;-601.850220;2180.578125;0.535843;0.677735;0.700842;-0.220276;0.000000;2.000000;-158.060974;-566.751892;2135.480469;0.380222;0.265422;0.713274;-0.634238;0.000000;2.000000;-202.742447;-331.945801;1985.746094;0.524826;-0.038198;0.118518;0.947086;0.000000;2.000000;25.232006;-390.079987;1985.221680;0.593170;0.219956;0.087710;0.922242;0.000000;2.000000;113.140274;-395.324097;2040.273804;0.543978;0.117292;0.693416;-0.614327;0.000000;2.000000;114.292953;-313.612885;1972.150269;0.606785;0.117292;0.693416;-0.614327;0.000000;2.000000;130.652649;-351.907532;1955.752197;0.616291;0.137280;0.273059;-0.139168;0.000000;2.000000;90.954025;-146.536041;2007.595825;0.045551;-0.145341;0.550004;-0.077880;0.000000;2.000000;232.408920;-16.745514;1655.521118;0.552185;0.611165;-0.390768;0.394875;0.000000;2.000000;212.309647;365.632568;1671.637451;0.654418;0.599193;-0.393010;0.368812;0.000000;2.000000;272.138733;477.401367;1533.278687;0.602910;0.845361;-0.018826;0.533858;0.000000;2.000000;-82.017242;-153.123611;1993.150391;0.041076;0.574339;0.132489;0.798645;0.000000;2.000000;-204.259628;-12.473038;1638.552246;0.315219;0.382064;0.590949;0.553229;0.000000;2.000000;-207.982452;372.678894;1678.891357;0.385887;0.423339;0.549794;0.556332;0.000000;2.000000;-243.436554;478.855103;1547.442017;0.657110;-0.021383;0.785763;0.007957;0.000000;2.000000;-6.479025;-719.561829;2171.574707;0.619898;0.602621;-0.383027;0.531451;0.000000;2.000000;11.139614;-724.405029;2011.653809;0.732471;0.602621;-0.383027;0.531451;0.000000;2.000000;31.420387;-767.710266;2040.925781;0.662769;0.748374;0.104952;0.646633;0.000000;2.000000;75.271881;-784.175110;2158.957764;0.540981;0.455740;0.531451;0.383027;0.000000;2.000000;-19.703085;-760.803467;2031.895630;0.700397;0.748374;0.104952;0.646633;0.000000;2.000000;-89.871643;-777.327332;2141.568115;0.667696;0.602621;-0.383027;0.531451;0.000000;2.000000;3904066560.000000
0.000000;-150.000000;2000.000000;0.000000;-0.378918;0.585837;-0.293741;0.000000;2.000000;-5.119244;-298.474304;2099.155762;0.074248;-0.384252;0.583414;-0.298524;0.000000;2.000000;-8.541147;-419.568726;2174.747803;0.151830;-0.497358;0.495354;-0.487572;0.000000;2.000000;-11.728239;-636.779907;2182.067383;0.176814;0.537390;-0.454659;0.525726;0.000000;2.000000;22.478020;-601.608765;2183.057129;0.173501;0.703375;-0.680724;0.019594;0.000000;2.000000;153.609238;-564.414368;2139.420654;0.186144;0.704609;-0.251373;0.113430;0.000000;2.000000;186.622284;-325.283295;2004.256714;0.122885;-0.022745;-0.081623;0.263425;0.000000;2.000000;-42.249756;-345.419495;1970.612671;0.130170;0.037459;-0.239837;0.191959;0.000000;2.000000;-130.163483;-352.826355;1931.750977;0.123287;0.907813;-0.261609;-0.161030;0.000000;1.000000;-45.228149;-287.637268;1947.220459;0.085327;0.907813;-0.261609;-0.161030;0.000000;1.000000;-151.208084;-372.948730;1911.831787;0.123276;0.078087;-0.445103;0.641242;0.000000;1.000000;-44.840881;-600.100403;2180.761719;0.171410;0.673903;0.701857;-0.228929;0.000000;2.000000;-162.481583;-562.944336;2134.768555;0.175262;0.262898;0.709727;-0.633440;0.000000;2.000000;-203.541443;-333.345337;1976.449951;0.281333;-0.017101;0.117304;0.944033;0.000000;2.000000;24.995564;-387.900299;1985.838867;0.067918;0.230073;0.087300;0.916379;0.000000;2.000000;111.789459;-391.659576;2042.648804;0.136301;0.120113;0.689894;-0.609441;0.000000;2.000000;113.835236;-311.739716;1972.538086;0.058650;0.120113;0.689894;-0.609441;0.000000;2.000000;129.995743;-349.726807;1955.976685;0.068242;0.131971;0.270811;-0.109127;0.000000;2.000000;90.208923;-144.512848;2012.873779;0.170007;-0.147297;0.548825;-0.073913;0.000000;2.000000;232.168167;-15.230972;1661.057007;0.171290;0.608367;-0.395563;0.387632;0.000000;2.000000;211.804596;367.177124;1669.450317;0.081249;0.607964;-0.389010;0.364859;0.000000;2.000000;271.662720;481.148193;1533.049072;0.112831;0.848828;-0.018724;0.528215;0.000000;2.000000;-81.345352;-154.948013;1988.391113;0.153300;0.583993;0.124406;0.791197;0.000000;2.000000;-196.231537;-14.300049;1631.578857;0.321733;0.383004;0.580194;0.552031;0.000000;2.000000;-209.146698;370.147217;1674.679932;0.150580;0.414374;0.550109;0.545858;0.000000;2.000000;-243.354477;481.240906;1547.142578;0.071741;-0.041893;0.778656;0.000419;0.000000;2.000000;-12.463879;-717.856567;2171.375000;0.185659;0.617862;-0.370845;0.510491;0.000000;2.000000;15.154808;-723.796387;2012.998657;0.127563;0.617862;-0.370845;0.510491;0.000000;2.000000;33.572514;-766.852112;2043.774780;0.109499;0.768647;0.098744;0.623199;0.000000;2.000000;69.912827;-782.437622;2164.377441;0.233104;0.469169;0.510491;0.370845;0.000000;2.000000;-16.860010;-760.065063;2031.509033;0.088345;0.768647;0.098744;0.623199;0.000000;2.000000;-93.729279;-775.885986;2136.615234;0.192070;0.617862;-0.370845;0.510491;0.000000;2.000000;3904100096.000000
0.000000;-150.000000;2000.000000;0.000000;-0.380661;0.588515;-0.300615;0.000000;2.000000;-3.507740;-300.483185;2097.786133;0.087648;-0.367326;0.594552;-0.288492;0.000000;2.000000;-6.832108;-418.704468;2179.057129;0.141698;0.510198;-0.488576;0.484527;0.000000;2.000000;-7.315855;-637.117188;2182.137207;0.132987;0.549932;-0.448146;0.522147;0.000000;2.000000;26.568247;-601.363403;2184.485107;0.130387;0.708603;-0.674809;0.025016;0.000000;2.000000;158.166641;-564.501221;2139.657471;0.137151;0.708107;-0.252961;0.116629;0.000000;2.000000;194.536194;-325.421753;2002.465698;0.243847;-0.024495;-0.078112;0.267376;0.000000;2.000000;-35.693256;-346.145538;1970.520630;0.198234;0.038901;-0.250678;0.204020;0.000000;2.000000;-123.166351;-354.173859;1929.651855;0.223211;0.901616;-0.277565;-0.165593;0.000000;1.000000;-38.377655;-287.829132;1944.767090;0.218723;0.901616;-0.277565;-0.165593;0.000000;1.000000;-144.912338;-373.412292;1909.607178;0.201121;0.087223;-0.445575;0.653089;0.000000;1.000000;-41.041210;-600.663818;2180.886230;0.115482;0.664310;0.708406;-0.234486;0.000000;2.000000;-158.311935;-564.306641;2131.558105;0.163338;0.264890;0.708952;-0.633026;0.000000;2.000000;-199.548126;-334.460876;1971.163452;0.201878;-0.016962;0.116858;0.943228;0.000000;2.000000;30.172976;-389.043823;1980.748047;0.220868;0.242089;0.088882;0.916234;0.000000;2.000000;115.995941;-392.943024;2039.916870;0.155570;0.105274;0.688228;-0.611332;0.000000;2.000000;119.257217;-311.487061;1970.826172;0.171017;0.105274;0.688228;-0.611332;0.000000;2.000000;137.274963;-350.210205;1956.228638;0.219339;0.133849;0.248289;-0.146240;0.000000;2.000000;90.840652;-144.572586;2011.610718;0.042473;-0.155495;0.535012;-0.067825;0.000000;2.000000;243.563950;-11.668961;1663.401489;0.365610;0.617477;-0.389650;0.372917;0.000000;2.000000;218.077011;372.386780;1668.921387;0.245520;0.598511;-0.398126;0.350835;0.000000;2.000000;280.360840;480.337402;1527.519287;0.310665;0.850565;-0.035161;0.524680;0.000000;2.000000;-81.915016;-154.894135;1989.530029;0.038299;0.596267;0.116423;0.782609;0.000000;2.000000;-187.260254;-16.427505;1626.738647;0.312901;0.385098;0.574973;0.543444;0.000000;2.000000;-203.680115;369.020264;1676.469727;0.176126;0.420040;0.540895;0.542444;0.000000;2.000000;-235.404541;480.330139;1547.329224;0.240508;-0.044452;0.769772;0.004500;0.000000;2.000000;-6.780001;-718.372925;2169.809814;0.177825;0.607974;-0.392095;0.526987;0.000000;2.000000;10.305956;-722.808472;2009.103027;0.189239;0.607974;-0.392095;0.526987;0.000000;2.000000;32.094772;-765.663696;2038.429688;0.170418;0.745271;0.095383;0.649889;0.000000;2.000000;77.162445;-780.814575;2156.784668;0.319191;0.445998;0.526987;0.392095;0.000000;2.000000;-19.479694;-760.258606;2029.596069;0.097643;0.745271;0.095383;0.649889;0.000000;2.000000;-88.921997;-778.872253;2140.089355;0.199537;0.607974;-0.392095;0.526987;0.000000;2.000000;3904133376.000000
0.000000;-150.000000;2000.000000;0.000000;-0.377489;0.591290;-0.309238;0.000000;2.000000;-3.142511;-301.189850;2096.576172;0.043510;-0.362168;0.598452;-0.295139;0.000000;2.000000;-6.209988;-419.482178;2177.657471;0.051617;0.510182;-0.484256;0.488332;0.000000;2.000000;-8.536713;-637.817505;2179.024414;0.102650;0.549956;-0.443536;0.525593;0.000000;2.000000;25.631927;-602.383667;2181.686035;0.093837;0.712481;-0.672319;0.022130;0.000000;2.000000;157.800369;-565.755005;2138.551270;0.051432;0.706817;-0.257829;0.112073;0.000000;2.000000;194.523407;-326.778870;2001.487549;0.050268;-0.017992;-0.086858;0.267379;0.000000;2.000000;-35.074375;-345.667786;1964.850830;0.171979;0.031047;-0.238135;0.190397;0.000000;2.000000;-123.526031;-354.185974;1926.342773;0.100018;0.907268;-0.259177;-0.160582;0.000000;1.000000;-38.692726;-288.019745;1941.691040;0.093089;0.907268;-0.259177;-0.160582;0.000000;1.000000;-145.053360;-373.677856;1906.207031;0.102567;0.077318;-0.443895;0.640832;0.000000;1.000000;-41.939613;-601.086182;2178.025391;0.090991;0.661138;0.709457;-0.239288;0.000000;2.000000;-158.447784;-564.581421;2127.158203;0.132529;0.263160;0.709353;-0.633312;0.000000;2.000000;-199.473190;-334.396942;1967.386353;0.113533;-0.015951;0.117077;0.943694;0.000000;2.000000;30.152225;-388.923004;1977.366211;0.101684;0.248799;0.094887;0.915250;0.000000;2.000000;114.890305;-393.781128;2037.941284;0.072539;0.097324;0.682992;-0.616609;0.000000;2.000000;120.028214;-311.694580;1969.780151;0.039541;0.097324;0.682992;-0.616609;0.000000;2.000000;137.342789;-350.114990;1954.124878;0.063311;0.130530;0.245283;-0.140526;0.000000;2.000000;91.041870;-145.478165;2010.041382;0.054778;-0.159134;0.530933;-0.067303;0.000000;2.000000;246.286758;-10.392227;1663.970581;0.091967;0.619056;-0.388306;0.368366;0.000000;2.000000;220.111862;373.491974;1667.722046;0.078359;0.592007;-0.406563;0.355030;0.000000;2.000000;279.718536;479.913544;1524.119507;0.104741;0.844821;-0.038208;0.533635;0.000000;2.000000;-82.096458;-154.077515;1990.945313;0.049400;0.598976;0.110125;0.781372;0.000000;2.000000;-185.944992;-19.223206;1626.534668;0.093040;0.385435;0.570982;0.544557;0.000000;2.000000;-205.713013;365.985626;1675.740479;0.111921;0.420593;0.537267;0.536579;0.000000;2.000000;-235.481216;478.740326;1547.479126;0.048038;-0.051070;0.763110;0.002930;0.000000;2.000000;-8.672228;-718.945007;2166.066162;0.127209;0.611140;-0.369421;0.523047;0.000000;2.000000;15.191517;-723.225525;2006.283203;0.169962;0.611140;-0.369421;0.523047;0.000000;2.000000;33.889156;-767.087769;2036.207520;0.095899;0.761123;0.108630;0.631070;0.000000;2.000000;73.080276;-784.721924;2156.246338;0.170564;0.465251;0.523047;0.369421;0.000000;2.000000;-16.965393;-759.502197;2025.191895;0.154070;0.761123;0.108630;0.631070;0.000000;2.000000;-91.835007;-775.801147;2132.397949;0.263799;0.611140;-0.369421;0.523047;0.000000;2.000000;3904166656.000000
0.000000;-150.000000;2000.000000;0.000000;-0.388133;0.580498;-0.290442;0.000000;2.000000;-4.897596;-300.346588;2098.117676;0.074624;-0.376518;0.585537;-0.280145;0.000000;2.000000;-9.315376;-418.912781;2178.972412;0.102766;0.510278;-0.484949;0.485616;0.000000;2.000000;-11.311663;-637.444458;2181.466064;0.111628;0.550197;-0.444443;0.522942;0.000000;2.000000;22.823200;-601.910889;2184.079590;0.111792;0.711027;-0.674307;0.023613;0.000000;2.000000;155.289246;-565.979431;2140.825439;0.102022;0.708337;-0.258130;0.104460;0.000000;2.000000;193.329865;-325.357391;2006.503662;0.160712;-0.020069;-0.091812;0.262895;0.000000;2.000000;-36.031181;-345.627411;1967.798706;0.093135;0.033695;-0.242367;0.194623;0.000000;2.000000;-124.231850;-353.965668;1928.457886;0.067327;0.905173;-0.265189;-0.162157;0.000000;1.000000;-39.460014;-287.522552;1943.665039;0.065368;0.905173;-0.265189;-0.162157;0.000000;1.000000;-145.970474;-373.216827;1908.337036;0.071047;0.081395;-0.443746;0.645248;0.000000;1.000000;-44.798279;-600.737183;2180.144775;0.107443;0.662514;0.706220;-0.244910;0.000000;2.000000;-160.683868;-563.439941;2128.123535;0.080823;0.262862;0.708895;-0.631740;0.000000;2.000000;-201.290283;-335.057770;1965.221680;0.087214;-0.007921;0.118976;0.942057;0.000000;2.000000;28.427322;-389.233795;1979.333618;0.079173;0.243866;0.091470;0.920954;0.000000;2.000000;113.993599;-394.732147;2038.847412;0.047790;0.088952;0.687627;-0.619429;0.000000;2.000000;118.111473;-310.653900;1972.925659;0.115014;0.088952;0.687627;-0.619429;0.000000;2.000000;136.526611;-350.003571;1958.784180;0.142174;0.135189;0.237217;-0.188786;0.000000;2.000000;90.415764;-143.520691;2014.441528;0.145927;-0.155615;0.528237;-0.062709;0.000000;2.000000;248.999390;-12.420319;1667.916260;0.156250;0.623674;-0.385153;0.366987;0.000000;2.000000;220.257385;371.604370;1674.306274;0.205860;0.587089;-0.413285;0.358331;0.000000;2.000000;277.668243;477.042053;1528.865112;0.177690;0.840153;-0.040664;0.540741;0.000000;2.000000;-81.531876;-155.842682;1986.977539;0.131588;0.604933;0.110457;0.775515;0.000000;2.000000;-179.643463;-17.251617;1621.966431;0.241257;0.388626;0.564623;0.542879;0.000000;2.000000;-203.128632;368.135071;1671.004883;0.174499;0.412578;0.540325;0.548109;0.000000;2.000000;-237.984161;479.382385;1542.490845;0.168805;-0.050194;0.773329;0.008957;0.000000;2.000000;-11.271034;-718.713745;2168.916992;0.116121;0.606899;-0.366804;0.523176;0.000000;2.000000;13.065239;-724.591187;2009.104126;0.113801;0.606899;-0.366804;0.523176;0.000000;2.000000;30.983929;-768.556091;2039.449951;0.138057;0.763369;0.110572;0.629311;0.000000;2.000000;69.534752;-785.911987;2159.862061;0.156309;0.472669;0.523176;0.366804;0.000000;2.000000;-19.754894;-760.242554;2028.194946;0.125152;0.763369;0.110572;0.629311;0.000000;2.000000;-95.292870;-774.552185;2135.366699;0.141992;0.606899;-0.366804;0.523176;0.000000;2.000000;3904199936.000000
0.000000;-150.000000;2000.000000;0.000000;-0.382113;0.581808;-0.301683;0.000000;2.000000;-5.977377;-301.678741;2097.362061;0.055877;-0.369578;0.587474;-0.290497;0.000000;2.000000;-11.251228;-421.078522;2177.991699;0.091421;0.509939;-0.480892;0.484482;0.000000;2.000000;-15.136518;-640.479553;2180.984863;0.146303;0.550273;-0.440491;0.521486;0.000000;2.000000;19.411573;-605.083618;2183.869873;0.139063;0.711077;-0.676141;0.021794;0.000000;2.000000;153.160095;-569.958862;2141.942871;0.138642;0.709346;-0.262584;0.099820;0.000000;2.000000;193.452530;-328.416016;2007.550903;0.096471;-0.014453;-0.099148;0.262838;0.000000;2.000000;-36.287914;-347.138672;1964.719116;0.102577;0.029766;-0.231103;0.183503;0.000000;2.000000;-125.728394;-355.449829;1927.228760;0.072755;0.910800;-0.249776;-0.157143;0.000000;1.000000;-40.108543;-289.430359;1942.740845;0.066104;0.910800;-0.249776;-0.157143;0.000000;1.000000;-146.951721;-375.506378;1906.810547;0.087115;0.072454;-0.443615;0.633556;0.000000;1.000000;-48.433235;-603.341919;2179.234863;0.136078;0.661881;0.708321;-0.237505;0.000000;2.000000;-165.363876;-569.442261;2125.853516;0.236835;0.257881;0.709976;-0.634285;0.000000;2.000000;-205.534393;-337.270630;1966.195801;0.145649;-0.012220;0.114857;0.945088;0.000000;2.000000;25.546301;-390.587219;1977.385376;0.111283;0.239869;0.095042;0.924222;0.000000;2.000000;111.757492;-397.645142;2036.558838;0.129027;0.080514;0.681009;-0.632017;0.000000;2.000000;118.144287;-311.467926;1972.849365;0.024399;0.080514;0.681009;-0.632017;0.000000;2.000000;135.985565;-353.497833;1960.931519;0.123356;0.151224;0.217838;-0.250135;0.000000;2.000000;91.124969;-145.250687;2012.993286;0.070521;-0.160314;0.521460;-0.051061;0.000000;2.000000;254.918106;-15.163727;1666.573486;0.198604;0.630710;-0.386236;0.354126;0.000000;2.000000;218.585709;369.860962;1668.333984;0.192099;0.603748;-0.405182;0.343991;0.000000;2.000000;278.362549;478.602173;1525.288086;0.118193;0.850026;-0.044945;0.524802;0.000000;2.000000;-82.171402;-154.282684;1988.283325;0.063589;0.618187;0.096194;0.764449;0.000000;2.000000;-169.964447;-17.067627;1618.324463;0.308420;0.383226;0.555128;0.534191;0.000000;2.000000;-205.114090;367.335083;1679.394287;0.258176;0.422755;0.515547;0.548801;0.000000;2.000000;-236.702164;476.217224;1547.098389;0.171013;-0.054867;0.756338;0.026926;0.000000;2.000000;-15.659678;-722.111328;2168.574707;0.165812;0.617301;-0.352966;0.514752;0.000000;2.000000;14.952055;-726.596313;2009.119385;0.082101;0.617301;-0.352966;0.514752;0.000000;2.000000;31.488218;-771.150269;2039.821045;0.079576;0.775160;0.114399;0.613569;0.000000;2.000000;65.372459;-790.001648;2161.958008;0.184883;0.478941;0.514752;0.352966;0.000000;2.000000;-18.932678;-762.373047;2026.637817;0.082419;0.775160;0.114399;0.613569;0.000000;2.000000;-98.985115;-777.317688;2131.081543;0.187747;0.617301;-0.352966;0.514752;0.000000;2.000000;3904233472.000000
0.000000;-149.999985;2000.000000;0.000000;-0.382818;0.577283;-0.305222;0.000000;2.000000;-7.671516;-302.265198;2096.081543;0.066200;-0.373637;0.581498;-0.297114;0.000000;2.000000;-14.085185;-422.965485;2174.477539;0.147025;0.507811;-0.479159;0.478140;0.000000;2.000000;-19.661392;-642.099731;2180.910645;0.144434;0.548906;-0.439272;0.515026;0.000000;2.000000;15.079277;-606.939270;2183.757080;0.141657;0.703370;-0.684442;0.009733;0.000000;2.000000;148.846207;-569.941467;2143.905762;0.142413;0.710979;-0.268526;0.092942;0.000000;2.000000;192.166367;-328.558350;2010.586304;0.099150;-0.012286;-0.107874;0.262883;0.000000;2.000000;-36.591137;-347.364746;1963.641724;0.034310;0.029117;-0.228752;0.180263;0.000000;2.000000;-126.141571;-355.603058;1926.580322;0.023558;0.911653;-0.245976;-0.155943;0.000000;1.000000;-40.654884;-289.528809;1942.045654;0.026732;0.911653;-0.245976;-0.155943;0.000000;1.000000;-147.423965;-375.559845;1906.172485;0.023907;0.071587;-0.442340;0.631301;0.000000;1.000000;-52.623932;-604.780396;2178.060059;0.137735;0.666484;0.701634;-0.245648;0.000000;2.000000;-168.590790;-568.951416;2124.075195;0.111690;0.254940;0.703113;-0.641452;0.000000;2.000000;-202.357788;-337.171722;1962.735474;0.141176;-0.009491;0.112349;0.945096;0.000000;2.000000;28.856716;-388.934998;1974.830688;0.135100;0.274066;0.141585;0.904623;0.000000;2.000000;108.159836;-401.161011;2042.132935;0.225611;0.088244;0.667082;-0.627209;0.000000;2.000000;118.290604;-318.812195;1974.119507;0.224000;0.088244;0.667082;-0.627209;0.000000;2.000000;139.477890;-353.782654;1958.754639;0.123951;0.133437;0.219051;-0.130125;0.000000;2.000000;91.014160;-146.032349;2013.554565;0.029106;-0.163238;0.517640;-0.050169;0.000000;2.000000;257.135437;-14.345551;1669.190552;0.105959;0.634330;-0.383616;0.351230;0.000000;2.000000;218.847839;370.207886;1671.814453;0.105394;0.599410;-0.410801;0.345210;0.000000;2.000000;277.184998;477.494263;1527.262085;0.076671;0.846855;-0.048088;0.529644;0.000000;2.000000;-82.071480;-153.577759;1987.777222;0.026248;0.618905;0.095007;0.763686;0.000000;2.000000;-169.267456;-16.356094;1617.994141;0.031532;0.383345;0.553126;0.534964;0.000000;2.000000;-206.054138;367.700562;1678.494141;0.040621;0.426477;0.509482;0.553739;0.000000;2.000000;-237.787323;474.111633;1544.397827;0.107940;-0.050507;0.755515;0.034678;0.000000;2.000000;-20.608994;-723.856323;2169.807373;0.161982;0.626868;-0.351409;0.505492;0.000000;2.000000;13.507969;-727.623535;2011.165161;0.081329;0.626868;-0.351409;0.505492;0.000000;2.000000;30.065048;-771.922668;2042.148682;0.085201;0.780921;0.108953;0.605920;0.000000;2.000000;61.556065;-790.397949;2164.886719;0.145040;0.477521;0.505492;0.351409;0.000000;2.000000;-20.154140;-763.931641;2027.890259;0.070404;0.780921;0.108953;0.605920;0.000000;2.000000;-102.154556;-780.280884;2130.476318;0.131637;0.626868;-0.351409;0.505492;0.000000;2.000000;3904266752.000000
0.000000;-150.000000;2000.000000;0.000000;-0.383503;0.574469;-0.307975;0.000000;2.000000;-8.639498;-302.609772;2095.010010;0.044608;-0.369957;0.580685;-0.296087;0.000000;2.000000;-16.103909;-422.561066;2174.117432;0.062803;0.517478;-0.474104;0.476667;0.000000;2.000000;-19.454781;-641.533081;2176.950195;0.120376;0.558263;-0.434351;0.513152;0.000000;2.000000;14.831209;-606.113342;2180.804199;0.092435;0.709139;-0.678873;0.013960;0.000000;2.000000;148.585526;-570.008301;2140.768066;0.094628;0.712045;-0.270855;0.089604;0.000000;2.000000;193.395584;-328.840149;2008.310181;0.078189;-0.009213;-0.112220;0.262293;0.000000;2.000000;-34.649361;-346.746185;1959.111694;0.149258;0.024913;-0.225263;0.175966;0.000000;2.000000;-124.329002;-355.505096;1922.819824;0.125471;0.912248;-0.240583;-0.154361;0.000000;1.000000;-39.287891;-289.053650;1938.129395;0.125454;0.912248;-0.240583;-0.154361;0.000000;1.000000;-145.864319;-375.021545;1902.422729;0.123098;0.069770;-0.440398;0.628594;0.000000;1.000000;-52.725555;-604.561768;2174.278809;0.113850;0.658198;0.705687;-0.252668;0.000000;2.000000;-167.143433;-569.525269;2116.992188;0.217912;0.245989;0.702630;-0.643574;0.000000;2.000000;-197.934387;-337.481964;1956.084229;0.240200;0.002775;0.118641;0.945410;0.000000;2.000000;32.331520;-390.235077;1974.391113;0.112260;0.270066;0.130888;0.905843;0.000000;2.000000;112.734856;-400.419617;2040.506714;0.147588;0.098840;0.680930;-0.611569;0.000000;2.000000;118.427483;-319.454163;1970.562256;0.108693;0.098840;0.680930;-0.611569;0.000000;2.000000;142.456253;-353.912170;1957.110352;0.102301;0.131189;0.221747;-0.132280;0.000000;2.000000;90.873940;-146.538879;2013.822754;0.017730;-0.160469;0.516063;-0.044062;0.000000;2.000000;258.821075;-19.266907;1669.298096;0.156344;0.633917;-0.385612;0.345864;0.000000;2.000000;219.802063;364.715881;1667.591431;0.210136;0.607405;-0.407843;0.346432;0.000000;2.000000;276.751404;475.042969;1525.109375;0.098890;0.847702;-0.045069;0.528422;0.000000;2.000000;-81.945038;-153.121033;1987.535400;0.015987;0.619900;0.098892;0.763849;0.000000;2.000000;-167.426239;-17.182617;1617.448242;0.062823;0.387526;0.557470;0.531379;0.000000;2.000000;-197.887405;367.042053;1677.133667;0.249562;0.418195;0.524205;0.560270;0.000000;2.000000;-234.082489;473.424500;1544.444214;0.113230;-0.045376;0.770468;0.028915;0.000000;2.000000;-19.402241;-722.998840;2164.538818;0.164441;0.627044;-0.354510;0.504483;0.000000;2.000000;14.290316;-727.078918;2006.028198;0.156991;0.627044;-0.354510;0.504483;0.000000;2.000000;31.162600;-771.122375;2037.072876;0.157885;0.780014;0.106047;0.607400;0.000000;2.000000;63.030769;-788.990173;2159.630615;0.169401;0.476063;0.504483;0.354510;0.000000;2.000000;-19.073359;-763.480957;2022.935181;0.152992;0.780014;0.106047;0.607400;0.000000;2.000000;-100.610985;-779.952515;2125.649902;0.152580;0.627044;-0.354510;0.504483;0.000000;2.000000;3904300032.000000
0.000000;-150.000015;2000.000000;0.000000;-0.379187;0.571741;-0.296516;0.000000;2.000000;-11.002649;-300.374298;2098.524902;0.143906;-0.382668;0.570177;-0.299511;0.000000;2.000000;-19.200550;-422.547119;2174.288330;0.093191;0.509678;-0.477224;0.472615;0.000000;2.000000;-24.765631;-641.518921;2182.125000;0.222810;0.551157;-0.437787;0.509363;0.000000;2.000000;9.897108;-606.339844;2185.220947;0.199100;0.702143;-0.687746;0.008680;0.000000;2.000000;144.403595;-570.734314;2146.898682;0.224055;0.710300;-0.278051;0.085486;0.000000;2.000000;190.067154;-329.958923;2013.573853;0.190127;-0.008927;-0.120349;0.264832;0.000000;2.000000;-37.268391;-348.884766;1960.759644;0.113025;0.024948;-0.214056;0.165185;0.000000;2.000000;-127.819084;-356.939789;1926.316772;0.154588;0.918064;-0.225903;-0.148572;0.000000;1.000000;-41.885208;-291.546265;1941.786499;0.154196;0.918064;-0.225903;-0.148572;0.000000;1.000000;-149.003540;-376.621643;1905.402100;0.138651;0.066255;-0.437390;0.618376;0.000000;1.000000;-57.683846;-604.257568;2178.557617;0.197005;0.666246;0.696295;-0.257167;0.000000;2.000000;-171.522659;-569.411011;2119.787109;0.156141;0.248150;0.698032;-0.647429;0.000000;2.000000;-199.281891;-337.718475;1957.446777;0.058019;0.001549;0.121723;0.944244;0.000000;2.000000;30.810381;-392.001099;1975.799683;0.081832;0.272168;0.129600;0.910337;0.000000;2.000000;111.106834;-403.083405;2042.026733;0.104335;0.081688;0.680282;-0.618648;0.000000;2.000000;117.657112;-319.565002;1975.099243;0.138319;0.081688;0.680282;-0.618648;0.000000;2.000000;141.771484;-355.662048;1962.858765;0.181723;0.134942;0.207208;-0.180320;0.000000;2.000000;90.635109;-146.355301;2015.684326;0.056664;-0.163995;0.505883;-0.047127;0.000000;2.000000;266.194702;-14.995300;1676.165039;0.328847;0.638721;-0.376360;0.341389;0.000000;2.000000;227.869385;369.355957;1676.625000;0.389719;0.579397;-0.436665;0.371604;0.000000;2.000000;274.242859;475.187012;1526.891602;0.092565;0.822505;-0.047856;0.566736;0.000000;2.000000;-81.729652;-153.286606;1985.856689;0.051098;0.622213;0.103143;0.760393;0.000000;2.000000;-164.262009;-12.101593;1616.731201;0.181146;0.387993;0.556707;0.528021;0.000000;2.000000;-195.127701;372.028625;1678.711914;0.177698;0.414289;0.521933;0.584108;0.000000;2.000000;-238.796356;471.750183;1542.960327;0.156786;-0.031986;0.785531;0.047361;0.000000;2.000000;-25.519247;-723.305786;2171.570068;0.280190;0.628519;-0.357282;0.492657;0.000000;2.000000;11.307096;-730.802612;2013.756592;0.272915;0.628519;-0.357282;0.492657;0.000000;2.000000;27.667253;-774.143616;2046.114258;0.305091;0.786923;0.095725;0.600997;0.000000;2.000000;57.186691;-789.241394;2169.729980;0.350693;0.484358;0.492657;0.357282;0.000000;2.000000;-22.335176;-766.930664;2030.821045;0.276584;0.786923;0.095725;0.600997;0.000000;2.000000;-105.899727;-781.341370;2132.338867;0.259602;0.628519;-0.357282;0.492657;0.000000;2.000000;3904333312.000000
0.000000;-150.000000;2000.000000;0.000000;-0.398705;0.562481;-0.292088;0.000000;2.000000;-9.404719;-302.902161;2094.503662;0.150582;-0.405466;0.559463;-0.297828;0.000000;2.000000;-15.909887;-427.718140;2165.814453;0.314250;0.514675;-0.477702;0.459180;0.000000;2.000000;-19.052387;-646.445190;2177.093018;0.272478;0.556652;-0.439340;0.496009;0.000000;2.000000;15.081976;-610.820435;2180.438965;0.251087;0.697898;-0.694761;0.003453;0.000000;2.000000;150.584045;-576.508911;2144.897705;0.261173;0.713392;-0.278737;0.089245;0.000000;2.000000;198.885529;-337.095947;2010.433105;0.353707;0.000134;-0.119060;0.267364;0.000000;2.000000;-28.484041;-351.933777;1957.135132;0.299877;0.010630;-0.213314;0.162131;0.000000;2.000000;-118.926826;-362.574066;1923.293945;0.329098;0.914586;-0.222632;-0.149078;0.000000;1.000000;-34.758408;-294.937378;1938.318970;0.259032;0.914586;-0.222632;-0.149078;0.000000;1.000000;-141.634827;-380.028931;1902.528076;0.258776;0.067495;-0.432394;0.620835;0.000000;1.000000;-52.294724;-609.677612;2172.132813;0.300026;0.669837;0.695197;-0.251800;0.000000;2.000000;-166.927048;-575.303223;2114.839600;0.269288;0.243655;0.696883;-0.645830;0.000000;2.000000;-192.501907;-346.540009;1948.362305;0.431601;0.015397;0.116305;0.942982;0.000000;2.000000;37.940865;-396.244690;1972.412720;0.269301;0.278160;0.128813;0.911123;0.000000;2.000000;117.482170;-407.444946;2039.419189;0.244974;0.071535;0.681234;-0.618594;0.000000;2.000000;124.083733;-323.032471;1973.741577;0.223183;0.071535;0.681234;-0.618594;0.000000;2.000000;148.506073;-359.963531;1961.104248;0.245836;0.134653;0.202996;-0.188261;0.000000;2.000000;90.022568;-144.358673;2018.086182;0.095639;-0.183595;0.463706;-0.007586;0.000000;2.000000;293.000061;-12.973999;1694.549561;0.978573;0.664758;-0.367503;0.282974;0.000000;2.000000;233.584671;367.857788;1673.618530;0.199198;0.585525;-0.447721;0.324094;0.000000;2.000000;284.732269;464.553101;1519.481201;0.501021;0.836408;-0.089213;0.540745;0.000000;2.000000;-81.177315;-155.087036;1983.690918;0.086240;0.637148;0.103552;0.739366;0.000000;2.000000;-148.411118;5.131805;1619.553345;0.708654;0.385624;0.535480;0.520134;0.000000;2.000000;-198.772293;385.540466;1689.592407;0.532655;0.471519;0.440133;0.602601;0.000000;2.000000;-228.940918;462.828491;1536.762817;0.440730;0.004493;0.740744;0.117885;0.000000;2.000000;-18.577427;-728.341064;2167.869873;0.280647;0.624945;-0.338206;0.518385;0.000000;2.000000;14.389605;-728.193848;2009.136108;0.184389;0.624945;-0.338206;0.518385;0.000000;2.000000;30.142633;-773.682495;2038.658936;0.236450;0.778309;0.127406;0.605701;0.000000;2.000000;61.966927;-796.414185;2160.434570;0.380917;0.475750;0.518385;0.338206;0.000000;2.000000;-19.918741;-764.188354;2025.011597;0.206238;0.778309;0.127406;0.605701;0.000000;2.000000;-101.503860;-781.721497;2127.531250;0.196077;0.624945;-0.338206;0.518385;0.000000;2.000000;3904366592.000000
0.000000;-150.000000;2000.000000;0.000000;-0.390494;0.558916;-0.287549;0.000000;2.000000;-13.190811;-301.035858;2097.128418;0.149357;-0.414720;0.548079;-0.307703;0.000000;2.000000;-21.142822;-428.142761;2164.216309;0.164903;0.513733;-0.474835;0.452218;0.000000;2.000000;-25.924316;-646.738281;2178.473633;0.210798;0.556447;-0.437041;0.488840;0.000000;2.000000;8.387856;-611.274292;2181.947266;0.206639;0.693454;-0.701777;-0.011334;0.000000;2.000000;144.977631;-576.405090;2151.250000;0.254602;0.712263;-0.284157;0.083132;0.000000;2.000000;194.099396;-336.736328;2017.349609;0.252966;0.004460;-0.128586;0.266687;0.000000;2.000000;-32.231071;-350.796082;1959.293091;0.134350;0.009752;-0.204493;0.153724;0.000000;2.000000;-123.290154;-361.100464;1926.941895;0.176538;0.919424;-0.210856;-0.144873;0.000000;1.000000;-38.271942;-294.542664;1942.257568;0.159037;0.919424;-0.210856;-0.144873;0.000000;1.000000;-145.125061;-379.687927;1905.926880;0.146744;0.059331;-0.433884;0.609958;0.000000;1.000000;-58.840420;-609.822876;2172.397217;0.196894;0.673632;0.693734;-0.244567;0.000000;2.000000;-174.324829;-577.604370;2115.462402;0.233546;0.234819;0.694374;-0.650273;0.000000;2.000000;-195.521301;-347.619385;1949.896851;0.106815;0.022219;0.114075;0.944456;0.000000;2.000000;35.119061;-395.458801;1976.470215;0.150371;0.278581;0.127860;0.911111;0.000000;2.000000;114.692253;-406.458679;2043.525635;0.152090;0.070632;0.680614;-0.619061;0.000000;2.000000;121.504402;-321.965820;1977.915527;0.150878;0.070632;0.680614;-0.619061;0.000000;2.000000;146.287170;-359.587341;1966.787964;0.183686;0.138332;0.194400;-0.207589;0.000000;2.000000;89.859375;-145.428741;2019.312012;0.049139;-0.171255;0.483279;-0.026624;0.000000;2.000000;281.463837;-16.276764;1687.872070;0.412635;0.652205;-0.370523;0.311501;0.000000;2.000000;233.073914;366.681335;1677.843994;0.132687;0.576321;-0.447644;0.350771;0.000000;2.000000;280.395569;466.273743;1524.254150;0.200555;0.825660;-0.070370;0.559676;0.000000;2.000000;-81.030167;-154.122131;1982.585571;0.044309;0.645560;0.088161;0.738993;0.000000;2.000000;-141.957672;-12.229019;1609.694336;0.630469;0.391771;0.535598;0.516631;0.000000;2.000000;-188.507782;369.130127;1677.891113;0.679631;0.410306;0.508495;0.587071;0.000000;2.000000;-232.810211;468.283508;1542.000610;0.255255;-0.044964;0.778121;0.059004;0.000000;2.000000;-25.819086;-728.783447;2170.394775;0.230828;0.630647;-0.327687;0.498161;0.000000;2.000000;15.861908;-733.095337;2013.727417;0.206595;0.630647;-0.327687;0.498161;0.000000;2.000000;29.114819;-778.128906;2045.150513;0.238438;0.797176;0.120543;0.583963;0.000000;2.000000;53.753235;-798.428284;2169.047607;0.362706;0.496731;0.498161;0.327687;0.000000;2.000000;-19.947819;-768.101196;2028.517334;0.157864;0.797176;0.120543;0.583963;0.000000;2.000000;-107.404274;-781.705872;2126.760254;0.178804;0.630647;-0.327687;0.498161;0.000000;2.000000;3904399872.000000
0.000000;-150.000000;2000.000000;0.000000;-0.379161;0.556862;-0.266499;0.000000;2.000000;-17.237503;-296.207001;2104.058350;0.279275;-0.453445;0.523780;-0.326759;0.000000;2.000000;-23.016348;-429.565918;2158.414551;0.186685;0.504556;-0.473714;0.435872;0.000000;2.000000;-32.397732;-647.433716;2182.439453;0.227320;0.549071;-0.437234;0.472457;0.000000;2.000000;2.506187;-612.413818;2185.372070;0.205775;0.678182;-0.720589;-0.040968;0.000000;2.000000;140.947052;-576.776062;2164.595215;0.415838;0.708904;-0.286778;0.088553;0.000000;2.000000;188.299774;-338.259094;2027.308838;0.346642;0.010427;-0.129045;0.270980;0.000000;2.000000;-38.219738;-349.988800;1968.286499;0.323086;0.007598;-0.211140;0.163289;0.000000;2.000000;-128.934998;-361.181244;1934.911377;0.291223;0.916825;-0.221585;-0.148807;0.000000;1.000000;-43.838394;-294.522644;1950.335083;0.292515;0.916825;-0.221585;-0.148807;0.000000;1.000000;-150.753418;-379.758118;1913.850952;0.289831;0.060806;-0.437872;0.617005;0.000000;1.000000;-64.446838;-610.214600;2173.664063;0.171789;0.688965;0.686371;-0.228679;0.000000;2.000000;-182.929230;-576.536621;2123.779297;0.358255;0.232094;0.687455;-0.656702;0.000000;2.000000;-197.987549;-346.788757;1956.603027;0.214498;0.025784;0.114543;0.943786;0.000000;2.000000;32.812294;-394.322266;1984.955688;0.264390;0.285502;0.140403;0.907813;0.000000;2.000000;110.770767;-407.319580;2053.734863;0.327120;0.074421;0.686102;-0.610821;0.000000;2.000000;115.863724;-323.560669;1986.819214;0.317869;0.074421;0.686102;-0.610821;0.000000;2.000000;145.201553;-359.679626;1978.556274;0.352416;0.140242;0.180561;-0.217583;0.000000;2.000000;89.355675;-144.942444;2021.908081;0.080177;-0.165873;0.494700;-0.034660;0.000000;2.000000;273.632935;-16.674393;1685.385986;0.245279;0.652623;-0.370193;0.330062;0.000000;2.000000;224.949661;366.861023;1687.984375;0.387486;0.575072;-0.437300;0.333590;0.000000;2.000000;281.144653;462.345276;1534.481567;0.327455;0.837873;-0.075220;0.540128;0.000000;2.000000;-80.575943;-154.560638;1980.244507;0.072302;0.642255;0.094932;0.736287;0.000000;2.000000;-144.018921;0.937927;1612.683838;0.407278;0.380090;0.536247;0.513285;0.000000;2.000000;-197.129364;379.898376;1691.461670;0.577011;0.424009;0.472300;0.625197;0.000000;2.000000;-246.573761;461.654236;1545.831543;0.469641;-0.018191;0.779232;0.111406;0.000000;2.000000;-33.610657;-729.856384;2178.089600;0.328101;0.634909;-0.338283;0.499723;0.000000;2.000000;5.455101;-732.065063;2020.494995;0.371435;0.634909;-0.338283;0.499723;0.000000;2.000000;20.705154;-776.865234;2051.471191;0.315952;0.790074;0.114155;0.592559;0.000000;2.000000;48.200409;-797.008484;2174.958984;0.245519;0.482424;0.499723;0.338283;0.000000;2.000000;-29.000772;-768.312378;2035.736694;0.345331;0.790074;0.114155;0.592559;0.000000;2.000000;-114.335548;-785.203674;2135.547852;0.349654;0.634909;-0.338283;0.499723;0.000000;2.000000;3904433408.000000
0.000000;-150.000000;2000.000000;0.000000;-0.390700;0.544158;-0.255239;0.000000;2.000000;-19.220879;-297.036560;2103.091797;0.070828;-0.462037;0.514212;-0.311194;0.000000;2.000000;-25.606724;-430.248779;2158.409668;0.080495;0.511499;-0.468856;0.431921;0.000000;2.000000;-33.932632;-648.706787;2180.975098;0.074341;0.556058;-0.432709;0.468129;0.000000;2.000000;0.744022;-613.413574;2184.702637;0.064115;0.678677;-0.719763;-0.042270;0.000000;2.000000;139.280212;-577.141602;2163.876465;0.055638;0.708747;-0.290424;0.089253;0.000000;2.000000;187.770264;-339.176392;2025.030518;0.075495;0.012895;-0.131406;0.273943;0.000000;2.000000;-38.835091;-350.311707;1964.587891;0.113081;0.006149;-0.205272;0.156817;0.000000;2.000000;-130.087952;-361.437164;1932.165894;0.089805;0.919463;-0.213169;-0.145902;0.000000;1.000000;-44.581116;-295.010040;1947.691162;0.083809;0.919463;-0.213169;-0.145902;0.000000;1.000000;-151.653107;-380.377686;1910.931519;0.093663;0.056658;-0.437342;0.610287;0.000000;1.000000;-66.139717;-611.580444;2171.887207;0.084395;0.684265;0.687483;-0.237745;0.000000;2.000000;-183.520447;-577.397217;2119.192383;0.141354;0.225970;0.688471;-0.655774;0.000000;2.000000;-197.803589;-347.317444;1951.545898;0.152885;0.036183;0.118398;0.943406;0.000000;2.000000;32.671989;-395.139038;1985.100098;0.025277;0.288559;0.137104;0.903800;0.000000;2.000000;110.574135;-406.374298;2054.533691;0.037654;0.083411;0.686007;-0.604191;0.000000;2.000000;115.398918;-324.362335;1985.173340;0.056755;0.083411;0.686007;-0.604191;0.000000;2.000000;144.441071;-360.304962;1975.798340;0.087993;0.139465;0.189015;-0.180134;0.000000;2.000000;88.448555;-143.603699;2025.613525;0.121483;-0.163123;0.481994;-0.027121;0.000000;2.000000;283.844086;-19.246063;1693.055908;0.391443;0.659846;-0.362294;0.319140;0.000000;2.000000;232.213257;364.601135;1694.597168;0.302869;0.551379;-0.464437;0.342083;0.000000;2.000000;280.266144;453.243469;1533.976929;0.275181;0.819155;-0.088569;0.565384;0.000000;2.000000;-79.757950;-155.767822;1976.903198;0.109545;0.646131;0.090668;0.731319;0.000000;2.000000;-139.910126;1.846985;1608.902344;0.170000;0.375368;0.532319;0.509486;0.000000;2.000000;-199.192749;379.351013;1693.494019;0.088566;0.440725;0.449049;0.625003;0.000000;2.000000;-242.996521;456.524658;1543.260742;0.203171;-0.011770;0.762690;0.127605;0.000000;2.000000;-34.521793;-731.252930;2176.089355;0.078249;0.635510;-0.332359;0.500867;0.000000;2.000000;5.591763;-732.726685;2018.452515;0.064643;0.635510;-0.332359;0.500867;0.000000;2.000000;20.276295;-777.951904;2049.267090;0.074957;0.792007;0.119153;0.589180;0.000000;2.000000;46.857231;-799.223328;2173.001465;0.097559;0.484558;0.500867;0.332359;0.000000;2.000000;-29.339537;-768.835571;2033.252319;0.076964;0.792007;0.119153;0.589180;0.000000;2.000000;-115.603058;-785.686707;2132.582275;0.097989;0.635510;-0.332359;0.500867;0.000000;2.000000;3904466688.000000
0.000000;-150.000000;2000.000000;0.000000;-0.396945;0.534115;-0.241875;0.000000;2.000000;-21.331379;-295.571991;2103.016602;0.077223;-0.473716;0.503582;-0.300312;0.000000;2.000000;-27.650723;-428.393738;2157.198486;0.090574;0.512981;-0.467868;0.422273;0.000000;2.000000;-35.689175;-645.328613;2182.619141;0.124619;0.558064;-0.432498;0.458433;0.000000;2.000000;-1.384094;-610.067078;2186.454834;0.130279;0.672473;-0.725952;-0.048007;0.000000;2.000000;136.551697;-573.731628;2167.351074;0.167693;0.710386;-0.292924;0.086013;0.000000;2.000000;186.880341;-337.093445;2029.996338;0.164003;0.012440;-0.134497;0.274068;0.000000;2.000000;-38.097885;-348.776093;1968.598022;0.130917;0.003311;-0.208051;0.157075;0.000000;2.000000;-128.623428;-360.467316;1935.947510;0.125290;0.916337;-0.215091;-0.147287;0.000000;1.000000;-44.657219;-292.984497;1951.088745;0.118879;0.916337;-0.215091;-0.147287;0.000000;1.000000;-151.175186;-377.953278;1915.119019;0.146101;0.061503;-0.433058;0.615186;0.000000;1.000000;-67.657341;-608.645874;2172.459717;0.100751;0.687403;0.684765;-0.236190;0.000000;2.000000;-184.543350;-575.431580;2119.894043;0.069841;0.223058;0.688040;-0.656514;0.000000;2.000000;-197.669968;-346.418060;1953.359741;0.060967;0.038344;0.115168;0.944005;0.000000;2.000000;31.816303;-392.268951;1987.186646;0.109679;0.300143;0.145441;0.899257;0.000000;2.000000;107.169235;-404.261383;2058.411621;0.167560;0.074000;0.675136;-0.611562;0.000000;2.000000;115.448578;-322.387604;1990.139038;0.160582;0.074000;0.675136;-0.611562;0.000000;2.000000;144.206818;-358.591553;1983.339600;0.232482;0.141567;0.164233;-0.206166;0.000000;2.000000;86.871536;-142.433609;2028.680298;0.109423;-0.178297;0.460171;-0.008720;0.000000;2.000000;293.587891;-14.207428;1707.339233;0.541152;0.675006;-0.357766;0.289635;0.000000;2.000000;229.163971;365.448517;1699.029907;0.163660;0.573957;-0.453504;0.315969;0.000000;2.000000;282.482758;455.826569;1542.316650;0.270661;0.836082;-0.099134;0.539058;0.000000;2.000000;-78.335892;-156.822922;1974.137695;0.098673;0.649166;0.088664;0.727523;0.000000;2.000000;-135.280945;1.512207;1608.389893;0.140309;0.376131;0.527023;0.509205;0.000000;2.000000;-198.157639;376.434479;1691.910645;0.104456;0.426521;0.461527;0.617570;0.000000;2.000000;-243.664597;459.684296;1546.622803;0.140080;-0.029614;0.766300;0.113645;0.000000;2.000000;-35.937519;-727.482666;2178.937256;0.148213;0.634487;-0.352770;0.497004;0.000000;2.000000;0.578938;-730.984985;2021.380493;0.182120;0.634487;-0.352770;0.497004;0.000000;2.000000;17.360504;-774.777222;2052.618652;0.164068;0.784780;0.101989;0.600881;0.000000;2.000000;47.155140;-792.382080;2175.462646;0.218648;0.475359;0.497004;0.352770;0.000000;2.000000;-32.594383;-767.712708;2037.614624;0.166989;0.784780;0.101989;0.600881;0.000000;2.000000;-115.605988;-785.203735;2138.617676;0.181932;0.634487;-0.352770;0.497004;0.000000;2.000000;3904499968.000000
0.000000;-150.000000;2000.000000;0.000000;-0.389576;0.540160;-0.257231;0.000000;2.000000;-20.947117;-296.094940;2101.726563;0.043391;-0.458169;0.511482;-0.310366;0.000000;2.000000;-29.107944;-427.911804;2157.343750;0.046325;0.510615;-0.462671;0.431630;0.000000;2.000000;-40.289536;-644.616699;2179.620117;0.166392;0.555656;-0.426567;0.467343;0.000000;2.000000;-5.495605;-610.009644;2183.744385;0.147983;0.678404;-0.721125;-0.040266;0.000000;2.000000;132.461288;-575.431641;2163.702148;0.172446;0.710423;-0.297162;0.079352;0.000000;2.000000;184.107483;-338.805023;2027.942261;0.115744;0.016697;-0.143241;0.272184;0.000000;2.000000;-39.234909;-349.572601;1962.309692;0.193502;-0.006605;-0.192642;0.137496;0.000000;2.000000;-130.409531;-362.168243;1932.494995;0.127494;0.920840;-0.190812;-0.140025;0.000000;1.000000;-46.953552;-294.404175;1947.652588;0.131306;0.920840;-0.190812;-0.140025;0.000000;1.000000;-153.059708;-379.370270;1911.589844;0.127534;0.051872;-0.428332;0.598595;0.000000;1.000000;-71.690811;-607.381531;2170.211914;0.143855;0.684027;0.686706;-0.238417;0.000000;2.000000;-187.825150;-575.108398;2116.078125;0.151544;0.223471;0.684179;-0.659779;0.000000;2.000000;-198.032425;-347.009033;1949.041504;0.131416;0.038948;0.118046;0.943119;0.000000;2.000000;30.659855;-393.885925;1983.557373;0.124341;0.300697;0.145865;0.902070;0.000000;2.000000;105.768723;-406.767944;2054.581787;0.143829;0.064530;0.675987;-0.614857;0.000000;2.000000;114.066254;-323.583588;1988.254883;0.078880;0.064530;0.675987;-0.614857;0.000000;2.000000;142.040421;-360.908691;1979.156982;0.157736;0.144018;0.170905;-0.204923;0.000000;2.000000;87.662460;-144.444824;2026.029175;0.102776;-0.180118;0.460550;-0.003029;0.000000;2.000000;293.163727;-17.382629;1704.447998;0.129664;0.675175;-0.362025;0.284789;0.000000;2.000000;226.335678;360.965302;1691.911743;0.266679;0.581800;-0.451630;0.313564;0.000000;2.000000;278.949585;453.483795;1536.665771;0.212269;0.838201;-0.099448;0.536019;0.000000;2.000000;-79.049095;-155.009354;1976.528198;0.092674;0.648277;0.081010;0.733713;0.000000;2.000000;-137.852203;-10.007187;1606.449219;0.359416;0.380917;0.529779;0.513929;0.000000;2.000000;-195.526825;366.320526;1683.563965;0.401881;0.401883;0.493729;0.611375;0.000000;2.000000;-247.028625;458.023468;1545.981812;0.114364;-0.045222;0.784684;0.086660;0.000000;2.000000;-41.814045;-726.532227;2174.757813;0.218556;0.638789;-0.344525;0.479863;0.000000;2.000000;1.785225;-733.768555;2019.474609;0.107653;0.638789;-0.344525;0.479863;0.000000;2.000000;16.430676;-777.050293;2052.259277;0.074581;0.800248;0.095699;0.582930;0.000000;2.000000;40.219349;-792.501953;2176.432861;0.210467;0.492933;0.479863;0.344525;0.000000;2.000000;-32.572105;-769.620300;2034.850464;0.100919;0.800248;0.095699;0.582930;0.000000;2.000000;-120.227295;-783.849243;2132.028809;0.245227;0.638789;-0.344525;0.479863;0.000000;2.000000;3904533248.000000
0.000000;-150.000000;2000.000000;0.000000;-0.394730;0.532878;-0.247275;0.000000;2.000000;-22.556185;-296.912476;2102.850098;0.063394;-0.445339;0.513367;-0.285584;0.000000;2.000000;-33.577023;-426.244080;2166.348633;0.303861;0.524930;-0.453965;0.431884;0.000000;2.000000;-41.858345;-645.444214;2182.586426;0.103058;0.569435;-0.417869;0.466898;0.000000;2.000000;-7.386957;-610.157837;2188.294434;0.146998;0.689138;-0.711469;-0.034413;0.000000;2.000000;131.968109;-576.496155;2167.733154;0.125187;0.709479;-0.298972;0.078945;0.000000;2.000000;183.899750;-338.136658;2030.357544;0.074984;0.014424;-0.144354;0.273457;0.000000;2.000000;-41.192238;-350.242645;1963.994995;0.079568;0.002935;-0.200135;0.149585;0.000000;2.000000;-132.809982;-361.642670;1932.471558;0.073277;0.920590;-0.204689;-0.143290;0.000000;1.000000;-47.555702;-294.724243;1947.901978;0.021651;0.920590;-0.204689;-0.143290;0.000000;1.000000;-154.598862;-380.256531;1911.145874;0.054590;0.054709;-0.434812;0.604967;0.000000;1.000000;-73.935837;-608.124817;2173.607910;0.123398;0.671692;0.696164;-0.242498;0.000000;2.000000;-190.069473;-576.268677;2116.595215;0.076899;0.221478;0.681811;-0.657409;0.000000;2.000000;-198.010559;-349.872681;1943.217285;0.193529;0.053625;0.119187;0.939600;0.000000;2.000000;31.817684;-395.096191;1985.140381;0.068720;0.307120;0.141605;0.900853;0.000000;2.000000;106.957260;-406.976196;2057.575195;0.096239;0.064010;0.682885;-0.604365;0.000000;2.000000;113.321136;-323.740417;1989.676880;0.048099;0.064010;0.682885;-0.604365;0.000000;2.000000;143.523819;-359.493225;1980.809692;0.078528;0.131620;0.172397;-0.189145;0.000000;2.000000;87.587463;-143.412704;2028.618286;0.083142;-0.175761;0.463132;-0.006901;0.000000;2.000000;294.129089;-16.970764;1703.258789;0.047296;0.673899;-0.360447;0.290979;0.000000;2.000000;228.960999;365.032043;1694.445557;0.162917;0.567530;-0.460556;0.316791;0.000000;2.000000;280.912415;453.669983;1534.857788;0.079768;0.831770;-0.103584;0.544635;0.000000;2.000000;-78.981461;-155.940063;1974.193481;0.074973;0.652326;0.078257;0.727326;0.000000;2.000000;-134.363281;-4.972443;1602.315186;0.220359;0.368229;0.531006;0.503042;0.000000;2.000000;-198.946915;369.847595;1695.949219;0.397307;0.420297;0.461824;0.621271;0.000000;2.000000;-247.087143;453.632080;1550.495605;0.187792;-0.034325;0.769093;0.116091;0.000000;2.000000;-42.045280;-727.889771;2175.383301;0.045101;0.638841;-0.336406;0.486149;0.000000;2.000000;1.785374;-732.987366;2018.677856;0.033273;0.638841;-0.336406;0.486149;0.000000;2.000000;16.069988;-777.356750;2050.973877;0.040845;0.799847;0.105884;0.581634;0.000000;2.000000;39.918453;-795.358582;2175.886719;0.087187;0.492313;0.486149;0.336406;0.000000;2.000000;-33.260048;-769.007080;2033.575562;0.046908;0.799847;0.105884;0.581634;0.000000;2.000000;-121.774139;-784.040894;2131.349121;0.050704;0.638841;-0.336406;0.486149;0.000000;2.000000;3904566784.000000
0.000000;-150.000000;2000.000000;0.000000;-0.389238;0.535481;-0.255860;0.000000;2.000000;-22.809008;-295.559296;2101.343262;0.061327;-0.445534;0.512769;-0.298785;0.000000;2.000000;-33.838219;-424.749878;2161.560547;0.150920;0.517606;-0.455909;0.430630;0.000000;2.000000;-44.582123;-641.231812;2180.961426;0.158442;0.562616;-0.419907;0.465804;0.000000;2.000000;-10.053934;-606.648193;2186.014648;0.149118;0.683660;-0.717304;-0.039424;0.000000;2.000000;128.051590;-573.354980;2167.309570;0.151394;0.713310;-0.299140;0.081043;0.000000;2.000000;182.505447;-338.387543;2031.114380;0.048263;0.023889;-0.143917;0.274482;0.000000;2.000000;-40.079933;-346.197540;1964.464600;0.126846;-0.012014;-0.191448;0.136690;0.000000;2.000000;-131.017166;-359.730530;1935.084473;0.111210;0.919307;-0.189729;-0.139067;0.000000;1.000000;-48.459797;-291.188324;1949.811523;0.123769;0.919307;-0.189729;-0.139067;0.000000;1.000000;-154.234818;-376.024109;1914.277222;0.158577;0.052325;-0.425924;0.599859;0.000000;1.000000;-75.893044;-604.073975;2171.567871;0.148432;0.678015;0.690176;-0.242026;0.000000;2.000000;-190.851654;-573.142639;2114.963379;0.108535;0.219291;0.682467;-0.656654;0.000000;2.000000;-198.669495;-349.198669;1943.375244;0.028718;0.056025;0.116020;0.939945;0.000000;2.000000;28.938564;-392.208130;1985.436890;0.122860;0.296352;0.141432;0.906570;0.000000;2.000000;104.769974;-405.258728;2055.290039;0.108156;0.061102;0.683497;-0.612131;0.000000;2.000000;110.965530;-321.287384;1990.143311;0.103148;0.061102;0.683497;-0.612131;0.000000;2.000000;140.039978;-357.879456;1981.605347;0.117819;0.138209;0.172388;-0.223210;0.000000;2.000000;87.159775;-144.848541;2027.015869;0.065916;-0.189266;0.457543;-0.000069;0.000000;2.000000;291.675354;-12.854721;1707.997681;0.202506;0.672936;-0.365928;0.274763;0.000000;2.000000;225.141815;364.223633;1686.699585;0.260640;0.594840;-0.443551;0.309635;0.000000;2.000000;278.564941;460.546692;1534.618042;0.218458;0.844061;-0.096414;0.527505;0.000000;2.000000;-78.595802;-154.645309;1975.638672;0.059444;0.651145;0.077471;0.731464;0.000000;2.000000;-134.720276;-11.600784;1605.417847;0.220170;0.378687;0.529480;0.510474;0.000000;2.000000;-193.816849;362.788696;1686.157959;0.394093;0.389188;0.503743;0.608648;0.000000;2.000000;-247.786865;458.009644;1552.485229;0.146008;-0.056810;0.789836;0.077739;0.000000;2.000000;-45.751591;-722.891113;2175.086426;0.187196;0.638199;-0.339507;0.475812;0.000000;2.000000;-0.018795;-731.580322;2020.893799;0.095708;0.638199;-0.339507;0.475812;0.000000;2.000000;13.533348;-774.751709;2054.062744;0.143358;0.805563;0.096383;0.576518;0.000000;2.000000;35.189259;-789.744812;2178.372314;0.232864;0.501039;0.475812;0.339507;0.000000;2.000000;-34.984482;-766.810425;2035.913696;0.109442;0.805563;0.096383;0.576518;0.000000;2.000000;-124.062744;-779.305603;2131.601318;0.158215;0.638199;-0.339507;0.475812;0.000000;2.000000;3904600064.000000
0.000000;-149.999985;2000.000000;0.000000;-0.396449;0.527724;-0.255442;0.000000;2.000000;-23.761574;-296.814880;2099.112061;0.082082;-0.428369;0.515479;-0.279329;0.000000;2.000000;-38.274822;-422.125549;2166.207031;0.208527;0.527877;-0.439298;0.434396;0.000000;2.000000;-50.832542;-638.893616;2178.743164;0.211312;0.572914;-0.403047;0.468225;0.000000;2.000000;-16.248108;-604.737976;2185.697754;0.195005;0.695556;-0.707704;-0.029596;0.000000;2.000000;122.561218;-574.765564;2167.201660;0.170364;0.716565;-0.297670;0.082513;0.000000;2.000000;179.076111;-340.244293;2031.393066;0.117478;0.028640;-0.141894;0.274376;0.000000;2.000000;-43.537338;-345.683594;1965.056030;0.106523;-0.020908;-0.209424;0.160500;0.000000;2.000000;-133.124542;-361.977844;1933.210815;0.108348;0.911325;-0.217054;-0.150021;0.000000;1.000000;-51.370678;-292.578369;1947.959351;0.111769;0.911325;-0.217054;-0.150021;0.000000;1.000000;-156.918213;-377.410767;1912.422119;0.106511;0.057858;-0.434068;0.619973;0.000000;1.000000;-81.650635;-601.273682;2169.712158;0.200300;0.666197;0.700578;-0.240188;0.000000;2.000000;-196.171097;-572.321350;2111.371094;0.194445;0.214810;0.678056;-0.660754;0.000000;2.000000;-199.501129;-348.627014;1939.571289;0.118255;0.064544;0.126514;0.938270;0.000000;2.000000;26.298561;-394.907715;1986.847168;0.121114;0.291876;0.135244;0.907608;0.000000;2.000000;103.091034;-406.754395;2055.772461;0.069101;0.066407;0.686192;-0.609248;0.000000;2.000000;108.353638;-323.328308;1989.944092;0.099781;0.066407;0.686192;-0.609248;0.000000;2.000000;136.835220;-359.591919;1980.544189;0.113743;0.135409;0.182215;-0.208698;0.000000;2.000000;86.610451;-144.746460;2028.546509;0.048961;-0.180445;0.467898;-0.010236;0.000000;2.000000;285.940918;-15.693710;1705.352783;0.208047;0.667885;-0.365991;0.291782;0.000000;2.000000;224.601288;362.424377;1692.393188;0.180155;0.576830;-0.455216;0.326024;0.000000;2.000000;273.916504;455.598145;1537.125244;0.217475;0.831515;-0.093212;0.547423;0.000000;2.000000;-78.100449;-154.737320;1974.258423;0.044151;0.650438;0.077867;0.728252;0.000000;2.000000;-134.881668;-4.400391;1607.284180;0.223560;0.370900;0.525993;0.509546;0.000000;2.000000;-201.316681;367.287415;1693.570557;0.344483;0.418051;0.464924;0.615085;0.000000;2.000000;-247.937546;452.957703;1551.085693;0.157584;-0.040874;0.766957;0.109555;0.000000;2.000000;-52.358276;-720.282471;2170.368164;0.256230;0.642179;-0.351979;0.457724;0.000000;2.000000;-3.855465;-733.104126;2017.409302;0.162326;0.642179;-0.351979;0.457724;0.000000;2.000000;10.150444;-774.751404;2052.243652;0.115414;0.810604;0.074773;0.572547;0.000000;2.000000;30.039352;-784.954285;2177.259277;0.213974;0.504188;0.457724;0.351979;0.000000;2.000000;-38.201645;-768.623657;2033.063110;0.140179;0.810604;0.074773;0.572547;0.000000;2.000000;-128.512985;-780.008606;2127.625977;0.180544;0.642179;-0.351979;0.457724;0.000000;2.000000;3904633344.000000
0.000000;-150.000000;2000.000000;0.000000;-0.398525;0.528010;-0.255237;0.000000;2.000000;-22.984596;-296.607910;2098.417969;0.031917;-0.446722;0.508928;-0.291432;0.000000;2.000000;-34.782780;-424.767334;2159.257324;0.246819;0.519653;-0.448605;0.429123;0.000000;2.000000;-47.438576;-640.308716;2177.649414;0.115276;0.565052;-0.412748;0.463716;0.000000;2.000000;-12.881739;-606.153503;2183.361328;0.130268;0.687516;-0.716278;-0.041452;0.000000;2.000000;125.729042;-575.703369;2168.597168;0.107763;0.708000;-0.295102;0.080928;0.000000;2.000000;174.465912;-340.295197;2033.378296;0.150833;0.027510;-0.144952;0.269487;0.000000;2.000000;-46.953384;-346.260315;1966.079346;0.108545;-0.006365;-0.217171;0.175328;0.000000;2.000000;-135.978317;-360.441620;1932.751831;0.098357;0.913994;-0.232459;-0.154487;0.000000;1.000000;-51.979866;-294.641602;1948.443726;0.066260;0.913994;-0.232459;-0.154487;0.000000;1.000000;-157.091583;-379.215179;1911.869995;0.056939;0.053589;-0.447718;0.622155;0.000000;1.000000;-78.177032;-603.038574;2167.916504;0.128910;0.676525;0.693509;-0.237497;0.000000;2.000000;-193.330261;-572.301208;2112.920410;0.097233;0.218945;0.678037;-0.659020;0.000000;2.000000;-197.642151;-350.786194;1940.019653;0.086666;0.061831;0.121853;0.937654;0.000000;2.000000;28.031952;-395.091125;1985.460571;0.066927;0.302169;0.140348;0.900500;0.000000;2.000000;102.812752;-406.268188;2056.114258;0.019719;0.056705;0.658857;-0.629688;0.000000;2.000000;116.104759;-323.208282;1991.597778;0.238175;0.056705;0.658857;-0.629688;0.000000;2.000000;138.743164;-360.371643;1981.040405;0.063702;0.135431;0.169268;-0.198478;0.000000;2.000000;86.285080;-144.458603;2028.405762;0.013722;-0.184114;0.461274;-0.002359;0.000000;2.000000;288.733551;-15.883774;1708.803711;0.133516;0.671781;-0.365858;0.281033;0.000000;2.000000;223.707611;359.993286;1691.054077;0.087615;0.594836;-0.442300;0.314275;0.000000;2.000000;276.393524;456.943481;1540.096802;0.123071;0.843014;-0.092251;0.529920;0.000000;2.000000;-77.807045;-154.996918;1974.385254;0.012373;0.656273;0.074212;0.723510;0.000000;2.000000;-128.736572;-6.921204;1607.236084;0.199586;0.378310;0.517810;0.510625;0.000000;2.000000;-197.235016;364.363220;1687.029663;0.247772;0.400081;0.483791;0.608069;0.000000;2.000000;-247.055725;456.512268;1550.564697;0.111153;-0.057664;0.775359;0.091385;0.000000;2.000000;-49.127151;-721.591248;2171.498047;0.110116;0.636338;-0.349520;0.467222;0.000000;2.000000;-3.253025;-733.827026;2018.301392;0.038962;0.636338;-0.349520;0.467222;0.000000;2.000000;10.569874;-775.818787;2052.458008;0.035057;0.806759;0.083228;0.577524;0.000000;2.000000;32.057785;-787.327820;2176.619629;0.095574;0.504592;0.467222;0.349520;0.000000;2.000000;-37.780949;-768.818359;2034.115479;0.034554;0.806759;0.083228;0.577524;0.000000;2.000000;-126.528419;-779.573120;2129.560791;0.084304;0.636338;-0.349520;0.467222;0.000000;2.000000;3904666624.000000
0.000000;-150.000015;2000.000000;0.000000;-0.390396;0.537982;-0.268532;0.000000;2.000000;-21.431461;-297.234467;2098.535156;0.050446;-0.442437;0.515932;-0.308785;0.000000;2.000000;-32.293854;-426.686401;2157.509766;0.108054;0.511503;-0.454013;0.434610;0.000000;2.000000;-46.488087;-642.471741;2177.419189;0.071329;0.556846;-0.417697;0.469619;0.000000;2.000000;-11.451469;-608.518188;2182.256836;0.089427;0.683998;-0.718265;-0.043961;0.000000;2.000000;126.895935;-576.087830;2166.283691;0.078710;0.709538;-0.292701;0.082596;0.000000;2.000000;176.163574;-340.109741;2031.024658;0.087378;0.026701;-0.141393;0.269265;0.000000;2.000000;-46.230976;-345.977600;1965.214233;0.034916;-0.007385;-0.216994;0.175218;0.000000;2.000000;-135.446030;-360.370361;1931.881592;0.030727;0.913768;-0.232285;-0.154374;0.000000;1.000000;-51.371548;-294.275848;1947.543823;0.034439;0.913768;-0.232285;-0.154374;0.000000;1.000000;-156.704010;-379.021240;1910.923218;0.031288;0.053790;-0.447408;0.622338;0.000000;1.000000;-77.155685;-604.904297;2168.069580;0.064077;0.680751;0.690107;-0.237273;0.000000;2.000000;-192.830734;-573.195801;2114.045654;0.045728;0.219274;0.680036;-0.657466;0.000000;2.000000;-198.762238;-350.887726;1941.215332;0.049324;0.060239;0.119293;0.938339;0.000000;2.000000;27.784481;-394.459930;1985.646851;0.021127;0.309788;0.141483;0.890357;0.000000;2.000000;101.573212;-403.294678;2057.985352;0.111944;0.070834;0.649707;-0.625008;0.000000;2.000000;117.055328;-323.437408;1989.647583;0.065553;0.070834;0.649707;-0.625008;0.000000;2.000000;139.545303;-359.973938;1981.655640;0.032642;0.136998;0.156724;-0.178131;0.000000;2.000000;87.541504;-145.838776;2025.258301;0.109953;-0.185492;0.453394;0.004410;0.000000;2.000000;295.795593;-17.928085;1708.040161;0.222101;0.679163;-0.361820;0.273355;0.000000;2.000000;225.243210;357.798401;1690.304321;0.083584;0.597172;-0.446779;0.315357;0.000000;2.000000;275.235413;455.884766;1538.661621;0.063896;0.840245;-0.094631;0.533861;0.000000;2.000000;-78.940018;-153.752396;1977.223633;0.099153;0.658018;0.070653;0.723535;0.000000;2.000000;-128.558792;-9.536942;1607.422119;0.078977;0.380120;0.517270;0.510703;0.000000;2.000000;-196.577377;362.945801;1686.100586;0.054624;0.399024;0.486541;0.606317;0.000000;2.000000;-246.464798;456.207214;1549.943237;0.027350;-0.058652;0.776075;0.088210;0.000000;2.000000;-49.013145;-723.945801;2171.752930;0.071246;0.641097;-0.335852;0.467942;0.000000;2.000000;-0.238674;-733.849609;2018.918335;0.092456;0.641097;-0.335852;0.467942;0.000000;2.000000;12.464886;-776.735229;2052.594482;0.063383;0.811952;0.093402;0.568368;0.000000;2.000000;31.466373;-790.877869;2177.169922;0.109399;0.507176;0.467942;0.335852;0.000000;2.000000;-35.544037;-768.794861;2033.431641;0.070289;0.811952;0.093402;0.568368;0.000000;2.000000;-126.427521;-780.317749;2127.152344;0.075810;0.641097;-0.335852;0.467942;0.000000;2.000000;3904699904.000000
0.000000;-149.999985;2000.000000;0.000001;-0.394238;0.530241;-0.253408;0.000000;2.000000;-23.442989;-296.185364;2100.303467;0.085771;-0.448124;0.508870;-0.293977;0.000000;2.000000;-34.949806;-425.275330;2160.659668;0.129864;0.517453;-0.445044;0.435407;0.000000;2.000000;-50.032944;-641.742188;2177.222656;0.108077;0.562862;-0.408694;0.469694;0.000000;2.000000;-14.918316;-607.888062;2183.121582;0.108188;0.690850;-0.713465;-0.045046;0.000000;2.000000;124.450668;-577.294861;2169.957520;0.136429;0.709692;-0.295858;0.090271;0.000000;2.000000;174.972809;-343.223755;2030.717041;0.099835;0.039334;-0.141067;0.275284;0.000000;2.000000;-47.544266;-343.902832;1963.359131;0.091766;-0.019013;-0.205414;0.163448;0.000000;2.000000;-137.510712;-359.805847;1932.218628;0.064612;0.918287;-0.215735;-0.149561;0.000000;1.000000;-53.072357;-293.860168;1948.119141;0.054955;0.918287;-0.215735;-0.149561;0.000000;1.000000;-158.354660;-378.824585;1910.861206;0.049603;0.042325;-0.448495;0.609015;0.000000;1.000000;-80.517746;-603.878906;2167.919434;0.104907;0.674419;0.695009;-0.239509;0.000000;2.000000;-195.963501;-572.255920;2112.693848;0.105530;0.217716;0.677694;-0.660005;0.000000;2.000000;-199.728348;-349.300293;1939.670898;0.072051;0.062357;0.123685;0.937858;0.000000;2.000000;26.670090;-394.577820;1985.738403;0.033526;0.290850;0.114892;0.912338;0.000000;2.000000;104.895844;-403.322510;2053.600098;0.164060;0.042754;0.670407;-0.629377;0.000000;2.000000;115.271072;-317.036713;1992.105713;0.211261;0.042754;0.670407;-0.629377;0.000000;2.000000;137.355011;-357.872498;1982.969360;0.098624;0.135375;0.165667;-0.270789;0.000000;2.000000;86.745613;-144.516571;2028.265869;0.100799;-0.194328;0.445866;0.004892;0.000000;2.000000;298.177429;-9.995880;1714.842773;0.319587;0.682650;-0.358332;0.265459;0.000000;2.000000;225.760742;366.076599;1694.731323;0.280351;0.575475;-0.467326;0.314416;0.000000;2.000000;272.810272;455.860046;1536.652954;0.093901;0.829264;-0.109982;0.547737;0.000000;2.000000;-78.222336;-154.944611;1974.511353;0.090900;0.656895;0.068144;0.725764;0.000000;2.000000;-129.408539;-13.839752;1602.817627;0.189619;0.378142;0.519852;0.510903;0.000000;2.000000;-196.656754;359.297485;1683.043091;0.141960;0.386375;0.500655;0.599727;0.000000;2.000000;-248.549408;457.847168;1550.961670;0.084720;-0.070566;0.781418;0.073662;0.000000;2.000000;-52.678619;-723.288940;2170.313477;0.119048;0.642946;-0.333737;0.466799;0.000000;2.000000;-2.968060;-732.776001;2017.398071;0.098507;0.642946;-0.333737;0.466799;0.000000;2.000000;9.602180;-775.835999;2051.097656;0.099989;0.813336;0.094089;0.566065;0.000000;2.000000;27.975182;-790.334412;2175.998047;0.111000;0.507286;0.466799;0.333737;0.000000;2.000000;-38.407265;-767.852051;2031.655884;0.104324;0.813336;0.094089;0.566065;0.000000;2.000000;-129.982727;-779.698975;2125.047852;0.124567;0.642946;-0.333737;0.466799;0.000000;2.000000;3904733440.000000
0.000000;-150.000000;2000.000000;0.000000;-0.398349;0.526021;-0.248847;0.000000;2.000000;-24.026001;-297.045349;2100.449219;0.031525;-0.443366;0.508827;-0.282344;0.000000;2.000000;-36.819496;-425.165039;2164.156738;0.119202;0.519649;-0.445709;0.432776;0.000000;2.000000;-50.723793;-642.739380;2181.052246;0.120707;0.565011;-0.409568;0.467125;0.000000;2.000000;-15.665546;-608.502197;2187.051758;0.121618;0.689525;-0.714126;-0.039256;0.000000;2.000000;124.120003;-577.756592;2171.364990;0.045605;0.711001;-0.292907;0.095296;0.000000;2.000000;174.953766;-343.097046;2030.574585;0.005757;0.035497;-0.133847;0.277419;0.000000;2.000000;-49.697536;-344.678131;1966.519775;0.117254;-0.009852;-0.219021;0.182143;0.000000;2.000000;-139.363266;-359.895447;1932.828247;0.058664;0.913758;-0.238219;-0.156200;0.000000;1.000000;-54.102386;-294.184692;1948.876343;0.039632;0.913758;-0.238219;-0.156200;0.000000;1.000000;-159.953888;-379.462799;1911.438843;0.054573;0.050370;-0.453678;0.623559;0.000000;1.000000;-81.551682;-604.891541;2171.546631;0.117345;0.674371;0.695365;-0.237697;0.000000;2.000000;-197.668182;-573.975342;2115.809326;0.118561;0.217701;0.677919;-0.660166;0.000000;2.000000;-201.620300;-349.665253;1942.317139;0.098360;0.060804;0.121588;0.938408;0.000000;2.000000;26.203194;-394.510681;1987.588135;0.057360;0.281251;0.114500;0.916580;0.000000;2.000000;106.093071;-404.168793;2054.144043;0.046989;0.047087;0.677455;-0.627919;0.000000;2.000000;114.402412;-316.986084;1992.709961;0.031832;0.047087;0.677455;-0.627919;0.000000;2.000000;137.371948;-357.706787;1983.056885;0.005654;0.137533;0.175543;-0.274722;0.000000;2.000000;86.711906;-143.919327;2029.641602;0.045077;-0.189968;0.450461;0.001691;0.000000;2.000000;297.192719;-10.890533;1712.481201;0.081447;0.682370;-0.358163;0.273291;0.000000;2.000000;224.815491;367.304504;1697.298340;0.090098;0.570886;-0.467973;0.312675;0.000000;2.000000;273.347198;455.477905;1537.691284;0.036954;0.829407;-0.111705;0.546957;0.000000;2.000000;-78.191940;-155.483215;1973.270752;0.040649;0.657774;0.063623;0.725477;0.000000;2.000000;-129.173218;-16.416321;1598.703003;0.146048;0.372733;0.521844;0.507871;0.000000;2.000000;-198.293427;356.961060;1685.033081;0.104512;0.387787;0.497109;0.595176;0.000000;2.000000;-248.669891;457.066406;1552.443481;0.050458;-0.075184;0.775735;0.072955;0.000000;2.000000;-52.865711;-724.703247;2174.215088;0.124827;0.641773;-0.332824;0.470901;0.000000;2.000000;-3.951778;-733.417969;2020.181152;0.090770;0.641773;-0.332824;0.470901;0.000000;2.000000;8.788685;-776.925354;2053.693115;0.088041;0.811299;0.097635;0.568319;0.000000;2.000000;28.036949;-792.313416;2178.979004;0.107530;0.505577;0.470901;0.332824;0.000000;2.000000;-39.558514;-768.659180;2034.525391;0.096017;0.811299;0.097635;0.568319;0.000000;2.000000;-130.987152;-780.904785;2128.896973;0.124902;0.641773;-0.332824;0.470901;0.000000;2.000000;3904766720.000000
0.000000;-150.000000;2000.000000;0.000000;-0.387262;0.538691;-0.265485;0.000000;2.000000;-22.240250;-297.639679;2100.826660;0.057678;-0.420083;0.525460;-0.290796;0.000000;2.000000;-35.902374;-423.979797;2168.622070;0.141530;0.523727;-0.438225;0.444999;0.000000;2.000000;-50.871162;-642.478516;2178.680176;0.071842;0.568500;-0.401128;0.478708;0.000000;2.000000;-15.502705;-608.538940;2185.547119;0.045489;0.702827;-0.701902;-0.030005;0.000000;2.000000;124.997025;-579.801208;2169.008545;0.097378;0.709540;-0.293841;0.093636;0.000000;2.000000;175.110275;-344.247009;2028.018066;0.084363;0.034839;-0.136100;0.276744;0.000000;2.000000;-49.863117;-346.376404;1962.895508;0.120368;-0.007626;-0.214645;0.178341;0.000000;2.000000;-140.106995;-360.957611;1929.742188;0.100583;0.917355;-0.232605;-0.154184;0.000000;1.000000;-53.762997;-296.300598;1946.199951;0.103023;0.917355;-0.232605;-0.154184;0.000000;1.000000;-159.831512;-381.794067;1908.279297;0.118042;0.044298;-0.455982;0.616811;0.000000;1.000000;-81.643471;-604.091980;2170.579590;0.037804;0.664374;0.704244;-0.236787;0.000000;2.000000;-197.808380;-574.113525;2113.622803;0.065967;0.216829;0.669686;-0.666000;0.000000;2.000000;-195.245789;-350.916992;1937.479004;0.243387;0.066383;0.128012;0.935761;0.000000;2.000000;32.074207;-397.607361;1986.487427;0.202172;0.299304;0.126670;0.907731;0.000000;2.000000;109.033310;-407.912598;2056.725098;0.162712;0.052552;0.681646;-0.612683;0.000000;2.000000;116.025787;-322.795685;1991.841309;0.183124;0.052552;0.681646;-0.612683;0.000000;2.000000;142.885300;-359.902283;1981.718262;0.182798;0.125857;0.177426;-0.213916;0.000000;2.000000;88.331329;-145.783264;2025.658569;0.140814;-0.172152;0.478030;-0.021572;0.000000;2.000000;283.879578;-17.595032;1695.860718;0.670840;0.664427;-0.364181;0.310489;0.000000;2.000000;226.628174;364.495392;1693.734131;0.146838;0.553676;-0.468643;0.334988;0.000000;2.000000;273.843231;451.951080;1532.761230;0.182751;0.819802;-0.096539;0.563311;0.000000;2.000000;-79.652252;-153.802429;1976.862549;0.126981;0.653130;0.080396;0.724380;0.000000;2.000000;-133.732727;1.640686;1608.082031;0.626566;0.371588;0.524300;0.506154;0.000000;2.000000;-201.691589;375.754181;1696.700439;0.672470;0.435228;0.442669;0.628224;0.000000;2.000000;-246.722305;452.511749;1547.112183;0.218672;-0.020525;0.760434;0.134437;0.000000;2.000000;-53.494949;-724.382874;2169.218506;0.151629;0.641394;-0.338091;0.466143;0.000000;2.000000;-4.187798;-734.854797;2014.975952;0.162411;0.641394;-0.338091;0.466143;0.000000;2.000000;8.798374;-777.953613;2049.162109;0.139610;0.812016;0.090546;0.568680;0.000000;2.000000;28.013554;-791.615479;2174.991699;0.121634;0.506970;0.466143;0.338091;0.000000;2.000000;-39.696476;-770.208374;2029.773682;0.150234;0.812016;0.090546;0.568680;0.000000;2.000000;-131.420151;-781.788940;2124.423828;0.137626;0.641394;-0.338091;0.466143;0.000000;2.000000;3904800000.000000
0.000000;-149.999985;2000.000000;0.000000;-0.388312;0.535648;-0.260487;0.000000;2.000000;-23.033886;-296.376831;2100.811035;0.044820;-0.423019;0.521939;-0.286970;0.000000;2.000000;-36.972015;-422.067810;2168.160156;0.067278;0.524894;-0.437556;0.442537;0.000000;2.000000;-51.589867;-639.422974;2178.587402;0.094360;0.569770;-0.400659;0.476201;0.000000;2.000000;-16.495844;-605.591553;2185.535645;0.093457;0.700651;-0.703442;-0.029386;0.000000;2.000000;123.013657;-576.365051;2168.066895;0.122527;0.712640;-0.293485;0.093166;0.000000;2.000000;175.196915;-342.143677;2028.494141;0.064852;0.034375;-0.134750;0.276867;0.000000;2.000000;-48.785847;-344.298737;1964.357056;0.082909;-0.011221;-0.214351;0.176644;0.000000;2.000000;-138.513062;-359.418488;1931.531250;0.085573;0.915181;-0.231675;-0.153219;0.000000;1.000000;-53.579403;-293.686890;1947.283936;0.085202;0.915181;-0.231675;-0.153219;0.000000;1.000000;-158.979446;-378.929016;1910.059448;0.104537;0.048184;-0.452392;0.618712;0.000000;1.000000;-82.213623;-601.302551;2170.270508;0.086053;0.663517;0.701367;-0.246702;0.000000;2.000000;-196.401810;-570.219604;2111.550293;0.139121;0.211694;0.671285;-0.663673;0.000000;2.000000;-193.820724;-348.508667;1935.924561;0.096187;0.077243;0.133163;0.934533;0.000000;2.000000;30.940033;-395.537598;1990.150391;0.130934;0.292816;0.132600;0.904629;0.000000;2.000000;107.979050;-406.018860;2059.454590;0.104729;0.071377;0.680590;-0.610519;0.000000;2.000000;114.744156;-323.425568;1992.250854;0.044640;0.071377;0.680590;-0.610519;0.000000;2.000000;140.242767;-358.633942;1978.731323;0.125748;0.124797;0.203174;-0.145518;0.000000;2.000000;87.530762;-145.450668;2026.604980;0.038565;-0.176244;0.471090;-0.017310;0.000000;2.000000;286.208588;-16.396133;1701.634521;0.190512;0.669129;-0.361541;0.302598;0.000000;2.000000;225.908112;363.164978;1697.630737;0.125600;0.559228;-0.469278;0.337301;0.000000;2.000000;270.779816;452.653748;1538.272095;0.190629;0.818843;-0.095309;0.565406;0.000000;2.000000;-78.930344;-154.102295;1976.009033;0.034777;0.652856;0.076744;0.727262;0.000000;2.000000;-133.476379;-5.698471;1606.703247;0.224518;0.374139;0.525466;0.508504;0.000000;2.000000;-198.651169;367.618713;1691.729858;0.300686;0.409167;0.475119;0.615926;0.000000;2.000000;-248.360977;455.489014;1551.060303;0.156530;-0.044815;0.774736;0.102995;0.000000;2.000000;-54.024544;-720.924622;2169.350098;0.105200;0.641732;-0.342339;0.461299;0.000000;2.000000;-4.447144;-732.758545;2016.186401;0.073152;0.641732;-0.342339;0.461299;0.000000;2.000000;8.628475;-775.168823;2050.710938;0.095885;0.813069;0.084118;0.568257;0.000000;2.000000;27.445518;-787.239990;2176.083252;0.136575;0.508121;0.461299;0.342339;0.000000;2.000000;-39.600094;-767.975708;2031.195313;0.079586;0.813069;0.084118;0.568257;0.000000;2.000000;-131.057892;-778.999084;2125.203125;0.087717;0.641732;-0.342339;0.461299;0.000000;2.000000;3904833280.000000
0.000000;-150.000000;2000.000000;0.000000;-0.383295;0.542951;-0.276639;0.000000;2.000000;-21.537281;-297.941559;2099.333984;0.078757;-0.439339;0.518235;-0.320559;0.000000;2.000000;-32.563339;-428.838165;2157.088867;0.411831;0.513431;-0.451327;0.436440;0.000000;2.000000;-47.040939;-646.011047;2175.458984;0.258278;0.558689;-0.414874;0.471228;0.000000;2.000000;-11.785711;-611.923828;2180.652832;0.278857;0.685849;-0.716157;-0.044380;0.000000;2.000000;127.225533;-578.812500;2164.379883;0.183574;0.710733;-0.292279;0.085299;0.000000;2.000000;177.586273;-342.052917;2027.604248;0.076662;0.025079;-0.138135;0.271333;0.000000;2.000000;-46.565430;-348.400513;1963.043091;0.145606;-0.003526;-0.213003;0.173408;0.000000;2.000000;-136.640686;-361.969971;1930.057617;0.104899;0.916446;-0.229187;-0.151373;0.000000;1.000000;-51.322582;-296.440735;1945.718872;0.116865;0.916446;-0.229187;-0.151373;0.000000;1.000000;-157.025406;-381.753143;1908.601196;0.112110;0.050702;-0.449922;0.616960;0.000000;1.000000;-77.839523;-608.132690;2166.274414;0.271686;0.676720;0.689861;-0.249855;0.000000;2.000000;-192.648865;-573.434692;2110.405273;0.152425;0.213449;0.674999;-0.659366;0.000000;2.000000;-193.319489;-351.876312;1933.875244;0.119408;0.076801;0.129458;0.934680;0.000000;2.000000;32.276688;-397.373291;1987.504883;0.104760;0.292759;0.131761;0.895548;0.000000;2.000000;109.463554;-405.276001;2057.224609;0.083534;0.085153;0.659047;-0.620502;0.000000;2.000000;121.945671;-325.456970;1987.284180;0.269858;0.085153;0.659047;-0.620502;0.000000;2.000000;143.457794;-362.379059;1976.447998;0.163413;0.138451;0.186620;-0.148686;0.000000;2.000000;88.598625;-147.046356;2023.608521;0.106936;-0.175452;0.468321;-0.016788;0.000000;2.000000;289.899414;-18.344833;1699.352417;0.142934;0.671253;-0.358773;0.301563;0.000000;2.000000;228.850708;361.702209;1696.581055;0.103657;0.554055;-0.471940;0.332794;0.000000;2.000000;274.851715;448.372559;1535.654785;0.194175;0.818869;-0.100415;0.564085;0.000000;2.000000;-79.893280;-152.663452;1978.711060;0.096428;0.647895;0.088097;0.728455;0.000000;2.000000;-138.209686;5.598694;1613.428589;0.419879;0.370339;0.530927;0.506376;0.000000;2.000000;-201.197357;378.883972;1702.842041;0.481585;0.448725;0.429122;0.639742;0.000000;2.000000;-245.277008;447.071228;1549.612427;0.272869;0.000408;0.758917;0.152032;0.000000;2.000000;-49.629063;-727.911865;2169.141113;0.248121;0.642037;-0.337273;0.474471;0.000000;2.000000;-2.729458;-735.436279;2014.607788;0.106714;0.642037;-0.337273;0.474471;0.000000;2.000000;10.900967;-778.900024;2047.718384;0.159117;0.806772;0.097014;0.573990;0.000000;2.000000;31.951607;-794.600830;2172.530273;0.280448;0.498911;0.474471;0.337273;0.000000;2.000000;-37.727577;-771.076660;2029.250122;0.123548;0.806772;0.097014;0.573990;0.000000;2.000000;-127.658539;-784.685608;2124.663086;0.199732;0.642037;-0.337273;0.474471;0.000000;2.000000;3904866560.000000
0.000000;-150.000000;2000.000000;0.000000;-0.386597;0.542707;-0.263925;0.000000;2.000000;-20.837374;-297.133789;2101.620361;0.075258;-0.436014;0.522202;-0.302477;0.000000;2.000000;-31.546059;-426.384735;2164.014404;0.221176;0.515780;-0.449184;0.438663;0.000000;2.000000;-45.853271;-644.369141;2180.528320;0.162791;0.560864;-0.412559;0.473272;0.000000;2.000000;-10.530125;-610.192017;2186.050293;0.173124;0.691755;-0.711962;-0.036273;0.000000;2.000000;129.512756;-579.752808;2169.629395;0.173033;0.711184;-0.289375;0.098046;0.000000;2.000000;179.438766;-344.453857;2028.561890;0.094828;0.026629;-0.127007;0.277885;0.000000;2.000000;-46.721367;-349.109985;1968.512817;0.164532;-0.001299;-0.217401;0.185025;0.000000;2.000000;-136.812622;-362.776733;1934.774536;0.142787;0.914670;-0.241289;-0.152569;0.000000;1.000000;-50.708946;-297.672852;1950.149780;0.138352;0.914670;-0.241289;-0.152569;0.000000;1.000000;-156.536072;-383.296753;1912.989868;0.139489;0.051224;-0.455137;0.622863;0.000000;1.000000;-76.778076;-606.330566;2171.636719;0.171629;0.674847;0.695728;-0.238222;0.000000;2.000000;-193.413559;-573.376587;2117.592773;0.215538;0.218758;0.671434;-0.661079;0.000000;2.000000;-192.662491;-352.666107;1938.666626;0.146120;0.072892;0.129695;0.933289;0.000000;2.000000;33.851151;-398.747986;1991.007690;0.121631;0.286472;0.127776;0.900826;0.000000;2.000000;112.362869;-407.109558;2059.649902;0.125274;0.083516;0.667549;-0.618216;0.000000;2.000000;122.523697;-325.926086;1990.422852;0.096188;0.083516;0.667549;-0.618216;0.000000;2.000000;144.860901;-364.089600;1979.116577;0.103364;0.142765;0.192984;-0.161891;0.000000;2.000000;88.423706;-145.261444;2024.992188;0.067545;-0.170174;0.469754;-0.007080;0.000000;2.000000;290.709503;-23.478714;1697.209473;0.167636;0.674592;-0.362126;0.299393;0.000000;2.000000;224.143005;356.796387;1693.962036;0.217265;0.582718;-0.449394;0.321156;0.000000;2.000000;275.980743;451.801514;1538.968140;0.146114;0.836590;-0.092495;0.539838;0.000000;2.000000;-79.735535;-154.272949;1977.463379;0.060907;0.650097;0.080344;0.729439;0.000000;2.000000;-136.971603;-3.576080;1607.523560;0.327434;0.368108;0.533308;0.503995;0.000000;2.000000;-199.454834;370.157227;1700.380737;0.275320;0.426296;0.456165;0.626161;0.000000;2.000000;-247.032791;450.250610;1553.506836;0.158790;-0.025542;0.768517;0.123497;0.000000;2.000000;-48.363434;-726.457031;2173.472900;0.141388;0.641843;-0.344733;0.467017;0.000000;2.000000;-0.715504;-736.547485;2018.812256;0.142907;0.641843;-0.344733;0.467017;0.000000;2.000000;13.234276;-779.367676;2052.898438;0.169982;0.808177;0.086468;0.573993;0.000000;2.000000;34.050888;-792.514954;2178.429688;0.196806;0.501091;0.467016;0.344733;0.000000;2.000000;-35.542591;-772.324707;2034.065796;0.162019;0.808177;0.086468;0.573993;0.000000;2.000000;-125.947304;-784.958679;2129.706055;0.159005;0.641843;-0.344733;0.467017;0.000000;2.000000;3904900096.000000
0.000000;-150.000000;2000.000000;0.000000;-0.388856;0.533567;-0.244260;0.000000;2.000000;-23.758455;-294.242279;2103.854004;0.140562;-0.455099;0.507717;-0.294245;0.000000;2.000000;-33.826603;-424.461487;2162.957275;0.095102;0.517845;-0.451740;0.434775;0.000000;2.000000;-46.143867;-641.636047;2180.363281;0.082736;0.562851;-0.415419;0.469601;0.000000;2.000000;-11.280313;-607.250610;2185.780273;0.091573;0.688468;-0.713894;-0.038893;0.000000;2.000000;127.701904;-575.158203;2168.471436;0.152419;0.711012;-0.288617;0.090971;0.000000;2.000000;177.052826;-339.035980;2030.771362;0.189869;0.023728;-0.131173;0.272707;0.000000;2.000000;-47.788494;-345.173340;1969.480103;0.125957;0.002354;-0.217366;0.183032;0.000000;2.000000;-137.571060;-358.047455;1935.700684;0.146587;0.914678;-0.240151;-0.151909;0.000000;1.000000;-51.920452;-293.015625;1950.888794;0.146293;0.914678;-0.240151;-0.151909;0.000000;1.000000;-157.473877;-378.291138;1914.119995;0.156749;0.053842;-0.452554;0.623103;0.000000;1.000000;-77.271286;-604.067749;2171.272461;0.070445;0.675516;0.696261;-0.236801;0.000000;2.000000;-193.885406;-569.968872;2119.202148;0.114124;0.216780;0.673382;-0.660576;0.000000;2.000000;-194.132660;-349.035828;1942.324097;0.161024;0.071936;0.126975;0.934709;0.000000;2.000000;31.889011;-394.066406;1993.500122;0.169923;0.283722;0.128135;0.898432;0.000000;2.000000;110.421234;-401.847443;2061.561768;0.178059;0.091532;0.663349;-0.619327;0.000000;2.000000;121.436264;-322.141846;1991.402466;0.121918;0.091532;0.663349;-0.619327;0.000000;2.000000;141.985092;-359.318207;1978.510010;0.168388;0.139378;0.204483;-0.129169;0.000000;2.000000;86.872864;-143.768021;2028.529175;0.124421;-0.180553;0.461836;-0.000325;0.000000;2.000000;291.373322;-17.465347;1705.815918;0.316108;0.676809;-0.363828;0.284559;0.000000;2.000000;221.812759;360.551147;1693.539063;0.133392;0.592047;-0.445872;0.312006;0.000000;2.000000;274.603699;456.589539;1540.415894;0.155895;0.841966;-0.096401;0.530835;0.000000;2.000000;-78.337082;-155.619659;1974.273804;0.112199;0.649906;0.074612;0.730062;0.000000;2.000000;-136.263229;-8.565445;1604.695801;0.173635;0.365820;0.530910;0.506541;0.000000;2.000000;-201.789627;363.212830;1696.895752;0.243781;0.412671;0.472984;0.605034;0.000000;2.000000;-247.617584;454.132141;1556.725830;0.152537;-0.051427;0.765618;0.096804;0.000000;2.000000;-47.888802;-723.452698;2173.701660;0.091652;0.636071;-0.336966;0.479844;0.000000;2.000000;-2.752167;-731.712524;2018.843750;0.157647;0.636071;-0.336966;0.479844;0.000000;2.000000;10.629318;-775.286987;2051.818115;0.149049;0.804466;0.101030;0.577571;0.000000;2.000000;32.748661;-791.156616;2176.298340;0.085431;0.501615;0.479844;0.336966;0.000000;2.000000;-38.033848;-766.837769;2033.867798;0.181168;0.804466;0.101030;0.577571;0.000000;2.000000;-127.052216;-779.160583;2130.132813;0.177820;0.636071;-0.336966;0.479844;0.000000;2.000000;3904933376.000000
0.000000;-150.000000;2000.000000;0.000000;-0.385487;0.538306;-0.248678;0.000000;2.000000;-22.988659;-295.170441;2104.828125;0.046579;-0.444421;0.515117;-0.293716;0.000000;2.000000;-33.712700;-424.979309;2166.996094;0.122400;0.515597;-0.453593;0.439048;0.000000;2.000000;-46.386738;-643.652039;2183.927734;0.123265;0.560396;-0.416923;0.474009;0.000000;2.000000;-11.156410;-609.126282;2189.111816;0.114942;0.689489;-0.712331;-0.037236;0.000000;2.000000;128.526978;-576.376526;2170.632813;0.078566;0.708159;-0.290395;0.091762;0.000000;2.000000;176.522949;-338.995667;2030.835938;0.016085;0.022709;-0.132557;0.274186;0.000000;2.000000;-49.688133;-345.906006;1968.663208;0.065919;-0.000194;-0.204740;0.173513;0.000000;2.000000;-140.911163;-358.648132;1936.871704;0.107874;0.921471;-0.225634;-0.145309;0.000000;1.000000;-53.433132;-294.887329;1952.296143;0.083770;0.921471;-0.225634;-0.145309;0.000000;1.000000;-160.182861;-379.271851;1914.185547;0.086592;0.048782;-0.451881;0.611322;0.000000;1.000000;-77.741974;-605.734009;2175.244629;0.130202;0.675445;0.696297;-0.237317;0.000000;2.000000;-195.131653;-570.964050;2123.086426;0.126170;0.221858;0.672126;-0.661195;0.000000;2.000000;-195.687286;-349.158325;1944.242554;0.074288;0.066270;0.126924;0.934250;0.000000;2.000000;32.239758;-395.235291;1993.378052;0.036853;0.290750;0.130097;0.898391;0.000000;2.000000;110.255157;-403.536804;2063.035156;0.067541;0.084024;0.665961;-0.616869;0.000000;2.000000;120.881500;-322.654816;1993.061646;0.054781;0.084024;0.665961;-0.616869;0.000000;2.000000;142.894394;-359.535736;1979.913452;0.050672;0.134079;0.200834;-0.129454;0.000000;2.000000;87.917465;-144.149109;2027.382690;0.047991;-0.175069;0.474806;-0.017080;0.000000;2.000000;285.537170;-15.262680;1698.070557;0.298828;0.667275;-0.364526;0.304804;0.000000;2.000000;225.036011;367.112671;1693.668579;0.219700;0.561927;-0.464958;0.331686;0.000000;2.000000;272.859955;456.986145;1533.752197;0.207316;0.823534;-0.096206;0.558351;0.000000;2.000000;-79.279037;-155.276001;1975.307739;0.043278;0.648529;0.080793;0.731096;0.000000;2.000000;-138.265991;-4.639709;1604.379395;0.132765;0.368149;0.534290;0.505424;0.000000;2.000000;-200.080399;370.511353;1696.583496;0.225435;0.419855;0.466574;0.617635;0.000000;2.000000;-247.673187;455.823547;1552.091919;0.148235;-0.035020;0.769905;0.110169;0.000000;2.000000;-48.392250;-725.994629;2176.966797;0.125254;0.638787;-0.334378;0.482332;0.000000;2.000000;-3.038551;-732.331787;2020.944336;0.066365;0.638787;-0.334378;0.482332;0.000000;2.000000;10.625561;-776.530273;2053.621582;0.065820;0.803470;0.104620;0.577501;0.000000;2.000000;33.050755;-793.871521;2178.733154;0.109954;0.497491;0.482332;0.334378;0.000000;2.000000;-38.412178;-768.002197;2035.685059;0.065842;0.803470;0.104620;0.577501;0.000000;2.000000;-127.909943;-781.871033;2132.514648;0.111443;0.638787;-0.334378;0.482332;0.000000;2.000000;3904966656.000000
0.000000;-150.000000;2000.000000;0.000000;-0.386262;0.542218;-0.253073;0.000000;2.000000;-21.106970;-295.113617;2103.626465;0.067109;-0.455973;0.513519;-0.307156;0.000000;2.000000;-29.258802;-426.641113;2160.552979;0.240596;0.511751;-0.465228;0.432364;0.000000;2.000000;-38.910358;-643.841248;2182.411133;0.229297;0.556499;-0.429057;0.468280;0.000000;2.000000;-4.258280;-608.957642;2186.415039;0.222610;0.681187;-0.719033;-0.042165;0.000000;2.000000;134.158844;-574.527466;2167.545654;0.200823;0.713043;-0.283995;0.095339;0.000000;2.000000;183.712769;-338.160095;2029.590210;0.220692;0.019568;-0.123064;0.273126;0.000000;2.000000;-42.475494;-345.138428;1972.289551;0.243671;0.002142;-0.223236;0.194819;0.000000;2.000000;-131.976532;-358.621765;1937.641113;0.269463;0.911315;-0.253049;-0.154126;0.000000;1.000000;-46.163616;-293.475861;1952.457764;0.222567;0.911315;-0.253049;-0.154126;0.000000;1.000000;-152.549042;-377.368988;1915.376465;0.239094;0.064767;-0.451358;0.634914;0.000000;1.000000;-70.664764;-606.725525;2173.268066;0.222796;0.683029;0.689784;-0.236704;0.000000;2.000000;-187.759979;-570.826782;2123.072266;0.221543;0.220057;0.673114;-0.661968;0.000000;2.000000;-188.614319;-348.903778;1946.831055;0.226444;0.063631;0.123483;0.935968;0.000000;2.000000;38.655235;-393.813782;1993.875977;0.198014;0.292010;0.132374;0.895880;0.000000;2.000000;115.932915;-401.927582;2063.529297;0.177946;0.087166;0.661964;-0.618002;0.000000;2.000000;127.521843;-322.199860;1993.270386;0.200096;0.087166;0.661964;-0.618002;0.000000;2.000000;148.228699;-358.495422;1978.599121;0.168013;0.131652;0.208053;-0.102012;0.000000;2.000000;87.802139;-144.165070;2026.054688;0.040057;-0.180066;0.463617;-0.008158;0.000000;2.000000;291.389404;-15.236389;1703.131714;0.232489;0.668860;-0.363934;0.287421;0.000000;2.000000;229.914673;364.610291;1688.342773;0.229681;0.586797;-0.446770;0.325621;0.000000;2.000000;280.664032;461.890808;1535.004028;0.279506;0.836342;-0.087452;0.541159;0.000000;2.000000;-79.175056;-155.261627;1976.505249;0.036121;0.648796;0.090990;0.729316;0.000000;2.000000;-136.155884;1.143768;1610.048096;0.251464;0.377251;0.532304;0.506680;0.000000;2.000000;-194.005920;376.504333;1694.755371;0.262224;0.423354;0.469939;0.616843;0.000000;2.000000;-240.731812;461.036316;1550.653198;0.264398;-0.028723;0.771729;0.107200;0.000000;2.000000;-39.932823;-725.894714;2177.352051;0.254471;0.638680;-0.337259;0.485045;0.000000;2.000000;3.751328;-731.400513;2021.731689;0.207287;0.638680;-0.337259;0.485045;0.000000;2.000000;17.935356;-775.375244;2053.958984;0.222601;0.800237;0.104501;0.581457;0.000000;2.000000;41.525002;-792.877197;2178.124512;0.257033;0.493026;0.485045;0.337259;0.000000;2.000000;-31.058981;-767.156677;2036.606689;0.224123;0.800237;0.104501;0.581457;0.000000;2.000000;-119.070396;-781.846497;2133.702881;0.268001;0.638680;-0.337259;0.485045;0.000000;2.000000;3904999936.000000
0.000000;-150.000000;2000.000000;0.000000;-0.386138;0.543154;-0.253278;0.000000;2.000000;-20.760010;-295.013977;2103.638672;0.010853;-0.455683;0.514471;-0.307385;0.000000;2.000000;-28.701614;-426.435944;2160.608398;0.017919;0.510178;-0.466092;0.433846;0.000000;2.000000;-38.693718;-643.472168;2182.553955;0.013557;0.554899;-0.429799;0.469826;0.000000;2.000000;-3.976343;-608.679932;2186.397949;0.011902;0.681524;-0.718821;-0.041189;0.000000;2.000000;134.397278;-574.518066;2167.419434;0.008111;0.712876;-0.282660;0.095487;0.000000;2.000000;183.366837;-338.010345;2029.852661;0.013802;0.018076;-0.121814;0.272352;0.000000;2.000000;-42.846729;-345.441589;1973.317993;0.034094;0.003563;-0.227802;0.200408;0.000000;2.000000;-131.978470;-358.991974;1937.923950;0.013999;0.908646;-0.260280;-0.155920;0.000000;1.000000;-46.468861;-293.506622;1952.488770;0.009265;0.908646;-0.260280;-0.155920;0.000000;1.000000;-152.676117;-377.340851;1915.508179;0.005564;0.069582;-0.451981;0.640121;0.000000;1.000000;-70.391357;-606.318176;2173.541504;0.016877;0.683749;0.689686;-0.235201;0.000000;2.000000;-187.636765;-570.411133;2123.927246;0.028804;0.221506;0.674234;-0.660036;0.000000;2.000000;-189.707535;-349.252411;1947.026245;0.034974;0.064050;0.123086;0.935461;0.000000;2.000000;37.438519;-393.818237;1994.239868;0.038160;0.283619;0.128562;0.894156;0.000000;2.000000;116.001373;-400.654266;2062.479004;0.049640;0.101709;0.659940;-0.616864;0.000000;2.000000;127.567734;-322.729523;1990.322510;0.090007;0.101709;0.659940;-0.616864;0.000000;2.000000;147.489502;-359.553589;1977.246582;0.056179;0.140079;0.208641;-0.104539;0.000000;2.000000;87.802933;-144.107559;2025.832886;0.006885;-0.177318;0.468061;-0.013113;0.000000;2.000000;288.716888;-15.552139;1701.409668;0.096001;0.667855;-0.363287;0.295513;0.000000;2.000000;228.677490;364.436218;1691.556641;0.103611;0.586637;-0.444217;0.328839;0.000000;2.000000;279.800140;462.384766;1538.916260;0.121298;0.836443;-0.083375;0.541641;0.000000;2.000000;-79.175751;-155.313477;1976.705444;0.006214;0.646838;0.088946;0.730807;0.000000;2.000000;-138.456589;0.543854;1610.660645;0.073776;0.374985;0.531297;0.509516;0.000000;2.000000;-198.429428;375.419739;1694.900635;0.136925;0.428839;0.464052;0.612159;0.000000;2.000000;-242.139389;460.145752;1550.100464;0.052733;-0.029735;0.764302;0.108026;0.000000;2.000000;-39.903244;-725.472534;2177.525146;0.013739;0.635218;-0.352877;0.489450;0.000000;2.000000;-1.079868;-731.183167;2020.734741;0.148371;0.635218;-0.352877;0.489450;0.000000;2.000000;15.108250;-774.549133;2052.779785;0.095331;0.790059;0.096571;0.595615;0.000000;2.000000;42.994328;-790.546814;2176.171875;0.101465;0.482094;0.489450;0.352877;0.000000;2.000000;-34.554432;-767.578674;2036.949341;0.106294;0.790059;0.096571;0.595615;0.000000;2.000000;-119.034378;-783.496826;2136.834961;0.106384;0.635218;-0.352877;0.489450;0.000000;2.000000;3905033216.000000
0.000000;-150.000000;2000.000000;0.000000;-0.378166;0.555967;-0.261436;0.000000;2.000000;-17.820042;-294.733276;2104.850586;0.095191;-0.463731;0.517911;-0.330480;0.000000;2.000000;-22.623714;-428.895630;2155.790039;0.242629;0.500779;-0.473084;0.435500;0.000000;2.000000;-33.891392;-645.687744;2181.211426;0.162706;0.545634;-0.436636;0.472036;0.000000;2.000000;1.178299;-611.081909;2183.950684;0.184609;0.675460;-0.723440;-0.044883;0.000000;2.000000;139.225708;-575.383057;2164.451660;0.170957;0.709391;-0.277969;0.099507;0.000000;2.000000;184.017822;-338.159210;2026.190552;0.111000;0.016025;-0.116880;0.271122;0.000000;2.000000;-42.981964;-345.808685;1972.019165;0.040448;0.007855;-0.234297;0.209527;0.000000;2.000000;-131.761063;-359.111572;1935.426636;0.074833;0.906287;-0.271095;-0.159071;0.000000;1.000000;-45.855663;-294.012939;1950.125488;0.074352;0.906287;-0.271095;-0.159071;0.000000;1.000000;-152.144821;-377.893097;1913.006104;0.078030;0.072666;-0.455212;0.646239;0.000000;1.000000;-65.483353;-608.394287;2172.157715;0.164175;0.690575;0.683679;-0.234435;0.000000;2.000000;-183.133759;-570.893311;2124.398682;0.135771;0.227229;0.677561;-0.656144;0.000000;2.000000;-189.212769;-350.071838;1946.761963;0.029611;0.058821;0.121948;0.935277;0.000000;2.000000;38.573311;-394.913879;1991.636597;0.090765;0.285766;0.129793;0.899411;0.000000;2.000000;116.865501;-403.319427;2060.154297;0.108558;0.087859;0.666202;-0.618031;0.000000;2.000000;127.227989;-322.936127;1990.409912;0.012140;0.087859;0.666202;-0.618031;0.000000;2.000000;147.815460;-359.745026;1975.197632;0.062128;0.133545;0.214753;-0.106616;0.000000;2.000000;88.834526;-144.637970;2022.499512;0.105243;-0.170565;0.480624;-0.016489;0.000000;2.000000;282.216461;-20.008881;1691.582153;0.375642;0.661146;-0.370099;0.307165;0.000000;2.000000;225.143005;360.835663;1683.857910;0.274473;0.597239;-0.429334;0.323010;0.000000;2.000000;281.165405;461.734833;1534.688843;0.133877;0.846403;-0.076897;0.526960;0.000000;2.000000;-80.105995;-154.835175;1979.711060;0.094896;0.646702;0.087624;0.731363;0.000000;2.000000;-139.769882;-0.126617;1612.844238;0.078567;0.377067;0.529218;0.512240;0.000000;2.000000;-200.293518;375.738251;1693.836792;0.064701;0.436298;0.458199;0.609640;0.000000;2.000000;-241.263611;459.547455;1547.522827;0.083114;-0.025920;0.758412;0.110337;0.000000;2.000000;-35.804695;-727.816467;2177.444336;0.140808;0.634566;-0.338199;0.493757;0.000000;2.000000;4.946442;-732.164063;2020.949829;0.182175;0.634566;-0.338199;0.493757;0.000000;2.000000;19.559399;-776.477905;2052.541016;0.144828;0.794503;0.109996;0.588282;0.000000;2.000000;45.406387;-795.133057;2176.122314;0.154523;0.489031;0.493757;0.338199;0.000000;2.000000;-29.731012;-767.921387;2036.176636;0.146020;0.794503;0.109996;0.588282;0.000000;2.000000;-115.989784;-783.104614;2134.804688;0.109745;0.634566;-0.338199;0.493757;0.000000;2.000000;3905066752.000000
0.000000;-150.000000;2000.000000;0.000000;-0.379322;0.555956;-0.250575;0.000000;2.000000;-17.525660;-293.061554;2106.694336;0.075305;-0.457319;0.523215;-0.313242;0.000000;2.000000;-22.431889;-424.926300;2162.731689;0.240345;0.506558;-0.472356;0.440861;0.000000;2.000000;-31.435501;-641.935791;2183.886963;0.156905;0.550708;-0.435481;0.477321;0.000000;2.000000;3.270010;-607.109985;2187.046387;0.163851;0.685052;-0.715119;-0.038369;0.000000;2.000000;141.409973;-572.931702;2167.152832;0.127754;0.709297;-0.276831;0.100091;0.000000;2.000000;185.706863;-335.942383;2029.211060;0.123492;0.014427;-0.115348;0.270830;0.000000;2.000000;-41.124187;-344.080383;1975.995605;0.141738;0.009277;-0.237996;0.213144;0.000000;2.000000;-129.492905;-357.365753;1938.812134;0.133212;0.904148;-0.276193;-0.160592;0.000000;1.000000;-43.957901;-292.026611;1953.336304;0.126973;0.904148;-0.276193;-0.160592;0.000000;1.000000;-150.145050;-375.750671;1916.489868;0.136795;0.076326;-0.454531;0.650533;0.000000;1.000000;-63.397514;-604.834473;2175.826172;0.165893;0.684693;0.691330;-0.228803;0.000000;2.000000;-181.505402;-568.469116;2128.902832;0.161299;0.223163;0.677147;-0.658227;0.000000;2.000000;-186.220535;-346.702911;1953.122803;0.234227;0.060611;0.123676;0.936213;0.000000;2.000000;40.905602;-392.120850;1998.796265;0.241324;0.254185;0.139085;0.904596;0.000000;2.000000;122.406784;-403.760010;2062.693359;0.183630;0.118134;0.673894;-0.619278;0.000000;2.000000;129.220428;-324.371155;1991.642944;0.082561;0.118134;0.673894;-0.619278;0.000000;2.000000;149.578033;-356.567505;1974.494385;0.111210;0.126535;0.251653;-0.082277;0.000000;2.000000;88.338280;-143.306213;2023.485840;0.051981;-0.175504;0.480553;-0.026277;0.000000;2.000000;280.094910;-11.839462;1695.049927;0.274189;0.659041;-0.366929;0.311508;0.000000;2.000000;227.045441;369.016907;1689.851563;0.310058;0.578072;-0.439626;0.324747;0.000000;2.000000;283.216431;463.027710;1536.667480;0.094033;0.840163;-0.083091;0.535481;0.000000;2.000000;-79.658516;-156.036102;1978.821777;0.046872;0.645033;0.092838;0.733558;0.000000;2.000000;-140.205078;-1.261963;1612.823242;0.036541;0.380462;0.533304;0.512059;0.000000;2.000000;-195.259964;375.263855;1691.677246;0.165197;0.419617;0.477728;0.616345;0.000000;2.000000;-243.254181;460.981750;1548.972900;0.085636;-0.028682;0.776876;0.101360;0.000000;2.000000;-32.597622;-723.859131;2178.510254;0.156371;0.631121;-0.364606;0.495863;0.000000;2.000000;1.486242;-729.278687;2020.723389;0.135549;0.631121;-0.364606;0.495863;0.000000;2.000000;19.312933;-772.290405;2052.306152;0.126241;0.780088;0.092813;0.608444;0.000000;2.000000;51.177315;-787.584900;2174.731201;0.288545;0.472090;0.495863;0.364606;0.000000;2.000000;-30.879194;-766.136353;2037.998291;0.084044;0.780088;0.092813;0.608444;0.000000;2.000000;-111.956604;-783.160645;2140.372559;0.206592;0.631121;-0.364606;0.495863;0.000000;2.000000;3905100032.000000
0.000000;-150.000000;2000.000000;0.000000;-0.384557;0.550971;-0.248084;0.000000;2.000000;-18.167675;-294.193146;2106.064941;0.043428;-0.475051;0.512534;-0.320037;0.000000;2.000000;-21.516754;-428.799774;2156.653564;0.218309;0.500374;-0.477315;0.435852;0.000000;2.000000;-31.213633;-646.003418;2182.484619;0.129456;0.544957;-0.440825;0.472726;0.000000;2.000000;3.721375;-611.114014;2184.875977;0.137523;0.675133;-0.723010;-0.044665;0.000000;2.000000;141.702240;-574.648865;2164.490967;0.095587;0.709896;-0.274245;0.105114;0.000000;2.000000;185.825623;-337.422638;2025.047485;0.132827;0.012903;-0.109284;0.272611;0.000000;2.000000;-42.415756;-345.590332;1974.536743;0.074069;0.013902;-0.240384;0.217708;0.000000;2.000000;-130.936249;-358.309479;1936.683960;0.082306;0.904393;-0.281020;-0.161893;0.000000;1.000000;-44.434536;-293.737427;1951.610718;0.074406;0.904393;-0.281020;-0.161893;0.000000;1.000000;-150.923538;-377.723816;1914.295532;0.091705;0.075653;-0.458273;0.651436;0.000000;1.000000;-63.173611;-608.855957;2173.648926;0.137576;0.691761;0.685606;-0.226066;0.000000;2.000000;-182.163910;-570.949463;2128.989746;0.077156;0.229257;0.675587;-0.658537;0.000000;2.000000;-187.262054;-349.461670;1951.362793;0.103189;0.053526;0.120031;0.935779;0.000000;2.000000;41.422676;-394.376221;1993.695923;0.168289;0.293907;0.158071;0.889483;0.000000;2.000000;116.823387;-406.436798;2065.126465;0.199903;0.105188;0.664985;-0.611524;0.000000;2.000000;126.834114;-328.687683;1992.133911;0.148937;0.105188;0.664985;-0.611524;0.000000;2.000000;149.771637;-358.094879;1972.633789;0.072566;0.106153;0.238814;-0.014887;0.000000;2.000000;88.259651;-142.872833;2024.807129;0.041850;-0.181816;0.469422;-0.013401;0.000000;2.000000;287.370148;-10.956253;1699.299927;0.254562;0.670557;-0.364111;0.296669;0.000000;2.000000;223.919128;369.556152;1691.461548;0.106900;0.582610;-0.442277;0.308792;0.000000;2.000000;281.595795;461.912659;1537.065063;0.060305;0.844783;-0.096207;0.526004;0.000000;2.000000;-79.587616;-156.426895;1977.630371;0.037736;0.641692;0.096913;0.735058;0.000000;2.000000;-143.179550;2.629242;1612.516113;0.147460;0.377203;0.536059;0.512090;0.000000;2.000000;-198.045563;379.972473;1693.926636;0.177742;0.433724;0.462714;0.619694;0.000000;2.000000;-242.928894;461.027100;1546.851929;0.064491;-0.017026;0.768625;0.114244;0.000000;2.000000;-32.646210;-728.290466;2178.829102;0.133505;0.632847;-0.339450;0.499877;0.000000;2.000000;5.984478;-731.316162;2021.476074;0.150096;0.632847;-0.339450;0.499877;0.000000;2.000000;21.133362;-775.935852;2052.555420;0.122666;0.789836;0.113439;0.593494;0.000000;2.000000;48.784592;-795.575745;2175.823242;0.252781;0.484149;0.499877;0.339450;0.000000;2.000000;-28.480820;-767.315186;2036.924194;0.086544;0.789836;0.113439;0.593494;0.000000;2.000000;-113.474869;-783.463257;2136.796875;0.117080;0.632847;-0.339450;0.499877;0.000000;2.000000;3905133312.000000
0.000000;-150.000000;2000.000000;0.000000;-0.384240;0.551856;-0.247033;0.000000;2.000000;-17.925669;-294.127594;2106.552246;0.016467;-0.464979;0.518325;-0.311304;0.000000;2.000000;-22.286228;-427.204498;2161.410889;0.152534;0.506352;-0.474571;0.438154;0.000000;2.000000;-30.503468;-645.094177;2183.944824;0.055919;0.550537;-0.437905;0.474801;0.000000;2.000000;4.222292;-609.960022;2186.926514;0.072286;0.681842;-0.717338;-0.039627;0.000000;2.000000;142.635056;-574.661011;2166.222656;0.059104;0.708597;-0.274544;0.107299;0.000000;2.000000;185.873978;-337.597931;2025.576050;0.016796;0.012085;-0.108102;0.274228;0.000000;2.000000;-42.765087;-346.073975;1975.646362;0.037856;0.015195;-0.238474;0.216000;0.000000;2.000000;-131.548889;-358.430634;1937.998291;0.043725;0.906021;-0.278564;-0.161021;0.000000;1.000000;-44.602497;-294.286377;1953.118652;0.048483;0.906021;-0.278564;-0.161021;0.000000;1.000000;-151.179382;-378.377014;1915.571777;0.043760;0.073436;-0.459270;0.648673;0.000000;1.000000;-62.748405;-607.998047;2175.613770;0.065677;0.686615;0.692261;-0.221190;0.000000;2.000000;-182.429886;-571.023438;2131.562500;0.077750;0.229644;0.675304;-0.659512;0.000000;2.000000;-187.417435;-348.764648;1954.363037;0.092670;0.052558;0.124063;0.935735;0.000000;2.000000;41.117424;-395.699799;1996.868774;0.103707;0.283477;0.151324;0.892490;0.000000;2.000000;118.480797;-407.014526;2066.479004;0.066583;0.112836;0.668695;-0.610151;0.000000;2.000000;127.084541;-329.421753;1992.958130;0.034008;0.112836;0.668695;-0.610151;0.000000;2.000000;149.227432;-358.573120;1973.359985;0.030823;0.104190;0.248040;-0.017010;0.000000;2.000000;88.372635;-142.692062;2024.752319;0.006614;-0.174109;0.481326;-0.023699;0.000000;2.000000;280.785370;-12.599319;1693.938354;0.259886;0.664375;-0.365583;0.314067;0.000000;2.000000;222.806213;369.323517;1693.801147;0.078162;0.572804;-0.442093;0.312965;0.000000;2.000000;282.096405;459.150055;1538.256226;0.091641;0.842969;-0.093204;0.528845;0.000000;2.000000;-79.689499;-156.589890;1977.679810;0.005964;0.638301;0.096606;0.737002;0.000000;2.000000;-146.909241;4.084442;1613.401855;0.123207;0.372752;0.536463;0.514398;0.000000;2.000000;-204.107559;381.209808;1696.393311;0.200138;0.448785;0.446241;0.617391;0.000000;2.000000;-243.707932;459.008942;1545.843140;0.071723;-0.009705;0.755391;0.124167;0.000000;2.000000;-31.352640;-727.420532;2179.029785;0.047228;0.629121;-0.357864;0.504908;0.000000;2.000000;1.509081;-730.547485;2020.179443;0.141900;0.629121;-0.357864;0.504908;0.000000;2.000000;19.111784;-774.524780;2051.000488;0.087582;0.777428;0.103976;0.610072;0.000000;2.000000;51.924873;-792.435181;2173.418457;0.151758;0.470328;0.504908;0.357864;0.000000;2.000000;-31.337679;-767.445557;2037.163086;0.086232;0.777428;0.103976;0.610072;0.000000;2.000000;-112.149017;-785.282471;2140.370117;0.126899;0.629121;-0.357864;0.504908;0.000000;2.000000;3905166592.000000
0.000000;-150.000000;2000.000000;0.000000;-0.382439;0.563400;-0.272508;0.000000;2.000000;-13.619577;-297.128082;2102.315186;0.201134;-0.448822;0.533158;-0.327753;0.000000;2.000000;-17.730698;-429.608765;2157.776855;0.187975;0.501781;-0.479486;0.448245;0.000000;2.000000;-25.867874;-647.182983;2178.485840;0.222449;0.545343;-0.441996;0.485253;0.000000;2.000000;8.937355;-612.237549;2180.831055;0.239616;0.685782;-0.712316;-0.033290;0.000000;2.000000;146.520355;-576.648315;2157.534180;0.289924;0.707769;-0.267204;0.112520;0.000000;2.000000;186.793869;-339.529358;2017.355347;0.253295;0.010012;-0.099503;0.272319;0.000000;2.000000;-42.182568;-347.713989;1971.583252;0.131804;0.016233;-0.250445;0.230685;0.000000;2.000000;-129.821854;-360.865814;1932.134399;0.196211;0.898225;-0.297319;-0.165952;0.000000;1.000000;-43.783218;-295.772644;1946.595337;0.200992;0.898225;-0.297319;-0.165952;0.000000;1.000000;-150.131439;-379.591492;1909.628540;0.183561;0.084297;-0.459412;0.662943;0.000000;1.000000;-58.160248;-610.021606;2171.397461;0.195360;0.686334;0.692908;-0.220256;0.000000;2.000000;-177.705597;-572.793701;2128.102539;0.182417;0.234032;0.679816;-0.653718;0.000000;2.000000;-187.304932;-352.023468;1950.265747;0.156144;0.050275;0.120303;0.935428;0.000000;2.000000;41.257900;-397.458954;1991.227051;0.176267;0.287223;0.152352;0.891169;0.000000;2.000000;117.881027;-408.652954;2061.317383;0.162468;0.112931;0.670346;-0.606655;0.000000;2.000000;125.987671;-331.589661;1987.537842;0.177120;0.112931;0.670346;-0.606655;0.000000;2.000000;147.972076;-360.973328;1966.235718;0.227273;0.100647;0.255592;0.009668;0.000000;2.000000;89.501877;-144.446655;2019.899536;0.157513;-0.168132;0.490942;-0.034416;0.000000;2.000000;275.587280;-14.988373;1686.346802;0.283449;0.653765;-0.368343;0.326474;0.000000;2.000000;226.958405;367.352325;1687.684082;0.228156;0.563478;-0.447045;0.332108;0.000000;2.000000;281.909393;457.850311;1531.457031;0.206490;0.832910;-0.083243;0.545973;0.000000;2.000000;-80.707787;-155.007690;1982.055664;0.142033;0.636690;0.087902;0.744122;0.000000;2.000000;-150.723358;-8.860840;1613.228149;0.402451;0.379137;0.537633;0.521811;0.000000;2.000000;-203.073868;370.053009;1686.552246;0.444678;0.434741;0.471630;0.602796;0.000000;2.000000;-243.709030;457.221588;1541.985596;0.126774;-0.025012;0.763109;0.096015;0.000000;2.000000;-27.059576;-729.271912;2172.855469;0.230937;0.621265;-0.363537;0.513531;0.000000;2.000000;1.512402;-732.723022;2013.558350;0.207817;0.621265;-0.363537;0.513531;0.000000;2.000000;19.719109;-776.625854;2043.896362;0.221647;0.769571;0.106062;0.620180;0.000000;2.000000;55.610210;-794.458130;2165.153320;0.276506;0.467073;0.513531;0.363537;0.000000;2.000000;-30.936941;-769.391846;2031.416138;0.181321;0.769571;0.106062;0.620180;0.000000;2.000000;-108.878952;-786.750122;2136.510254;0.157068;0.621265;-0.363537;0.513531;0.000000;2.000000;3905200128.000000
0.000000;-150.000000;2000.000000;0.000000;-0.388172;0.559996;-0.269640;0.000000;2.000000;-13.406649;-297.343658;2101.198730;0.034761;-0.462573;0.525941;-0.331189;0.000000;2.000000;-16.105568;-431.083801;2152.598633;0.168994;-0.495584;0.483295;-0.443857;0.000000;2.000000;-25.317476;-647.591187;2177.544922;0.034976;0.539621;-0.446144;0.481185;0.000000;2.000000;9.572224;-612.874023;2179.195313;0.056085;0.677328;-0.719589;-0.034299;0.000000;2.000000;146.474960;-576.766113;2155.040283;0.075033;0.708308;-0.265637;0.112154;0.000000;2.000000;186.603378;-339.878632;2015.882813;0.045833;0.013549;-0.099624;0.270585;0.000000;2.000000;-41.721382;-346.396515;1969.718506;0.069991;0.011456;-0.248126;0.228411;0.000000;2.000000;-129.285721;-360.210419;1930.961426;0.043470;0.898796;-0.293917;-0.165383;0.000000;1.000000;-43.686935;-295.002258;1945.364990;0.043715;0.898796;-0.293917;-0.165383;0.000000;1.000000;-149.700775;-378.663513;1908.478027;0.046261;0.081780;-0.459134;0.661182;0.000000;1.000000;-57.337551;-610.512329;2169.741211;0.057492;0.692558;0.684638;-0.226924;0.000000;2.000000;-175.826004;-571.625610;2126.064209;0.090405;0.234002;0.682658;-0.652921;0.000000;2.000000;-187.582718;-349.888855;1950.764893;0.066398;0.045662;0.118611;0.937154;0.000000;2.000000;40.779236;-395.348785;1989.152222;0.090078;0.278617;0.153177;0.894888;0.000000;2.000000;118.260757;-407.590363;2057.698242;0.113911;0.125176;0.688507;-0.591816;0.000000;2.000000;120.456665;-331.313080;1983.100952;0.213224;0.125176;0.688507;-0.591816;0.000000;2.000000;148.145447;-359.853394;1965.077637;0.048688;0.110700;0.253051;-0.018894;0.000000;2.000000;88.997559;-143.789291;2020.832886;0.037501;-0.177381;0.483541;-0.016067;0.000000;2.000000;277.824524;-15.246414;1689.755127;0.122751;0.657147;-0.376694;0.303687;0.000000;2.000000;221.131638;364.704529;1675.804565;0.405465;0.604520;-0.420662;0.307569;0.000000;2.000000;282.083557;464.939636;1528.606323;0.229657;0.856389;-0.081626;0.509837;0.000000;2.000000;-80.253014;-155.600464;1981.213989;0.033817;0.632663;0.096313;0.745460;0.000000;2.000000;-152.947723;-3.128265;1616.644531;0.211368;0.383610;0.535052;0.527824;0.000000;2.000000;-204.660904;376.210876;1682.404541;0.228131;0.440407;0.469360;0.598998;0.000000;2.000000;-242.761108;463.115051;1537.535889;0.223715;-0.022286;0.758854;0.094901;0.000000;2.000000;-26.920298;-729.552490;2173.551270;0.022929;0.620938;-0.355379;0.518462;0.000000;2.000000;1.870789;-731.292480;2014.697998;0.056003;0.620938;-0.355379;0.518462;0.000000;2.000000;19.356911;-775.722778;2044.410645;0.033070;0.770234;0.115317;0.617898;0.000000;2.000000;54.642075;-795.596252;2165.174316;0.044902;0.468337;0.518462;0.355379;0.000000;2.000000;-31.034370;-767.644958;2031.959351;0.055048;0.770234;0.115317;0.617898;0.000000;2.000000;-109.230675;-785.260620;2136.384766;0.046142;0.620938;-0.355379;0.518462;0.000000;2.000000;3905233408.000000
0.000000;-150.000000;2000.000000;0.000000;-0.373163;0.574833;-0.286395;0.000000;2.000000;-11.381025;-297.908173;2102.368164;0.072299;-0.443214;0.540583;-0.346735;0.000000;2.000000;-14.647543;-431.800598;2155.513184;0.100264;-0.491322;0.485661;-0.452799;0.000000;2.000000;-24.729639;-649.646606;2178.944824;0.076785;0.534941;-0.447786;0.490288;0.000000;2.000000;10.592300;-614.963867;2180.176514;0.075842;0.681571;-0.715169;-0.029730;0.000000;2.000000;148.082230;-578.895386;2154.626953;0.081118;0.704857;-0.265158;0.104091;0.000000;2.000000;185.566467;-338.631592;2017.479004;0.068376;0.004029;-0.104277;0.265085;0.000000;2.000000;-43.648125;-349.776123;1970.135376;0.117564;0.025207;-0.247652;0.228416;0.000000;2.000000;-131.809067;-361.099915;1930.598755;0.081130;0.902372;-0.294105;-0.164340;0.000000;1.000000;-44.309090;-297.603027;1945.719971;0.081058;0.902372;-0.294105;-0.164340;0.000000;1.000000;-150.955109;-381.619110;1908.127197;0.097051;0.080519;-0.462611;0.657346;0.000000;1.000000;-56.850639;-612.106628;2172.077148;0.086231;0.692480;0.686640;-0.221060;0.000000;2.000000;-176.691910;-573.868164;2129.323242;0.121686;0.237756;0.680593;-0.652721;0.000000;2.000000;-187.919571;-352.627594;1950.871948;0.082976;0.045910;0.120297;0.935297;0.000000;2.000000;41.496799;-398.841553;1990.066406;0.110608;0.288844;0.150076;0.890714;0.000000;2.000000;118.286194;-409.468201;2060.507813;0.101546;0.124673;0.688287;-0.584940;0.000000;2.000000;120.586243;-334.052856;1984.214600;0.088951;0.124673;0.688287;-0.584940;0.000000;2.000000;147.167786;-362.014709;1962.937744;0.095995;0.093430;0.264822;0.035389;0.000000;2.000000;90.598221;-145.808350;2016.128906;0.161160;-0.158164;0.505757;-0.038211;0.000000;2.000000;267.902039;-21.788086;1674.429321;0.582754;0.644006;-0.376377;0.340067;0.000000;2.000000;224.299377;362.260590;1677.108276;0.126442;0.583943;-0.426176;0.337852;0.000000;2.000000;282.001617;462.089630;1527.024902;0.097968;0.842075;-0.064278;0.535288;0.000000;2.000000;-81.696396;-153.779816;1985.455933;0.145329;0.634487;0.089754;0.746273;0.000000;2.000000;-153.909348;-7.308075;1615.921509;0.130695;0.379198;0.539950;0.522804;0.000000;2.000000;-204.423294;373.099091;1688.724976;0.211807;0.443556;0.466269;0.600200;0.000000;2.000000;-242.150146;459.216583;1542.156738;0.182586;-0.019047;0.757513;0.097912;0.000000;2.000000;-26.929228;-732.010376;2174.268555;0.076936;0.624791;-0.370736;0.511722;0.000000;2.000000;0.674448;-734.740417;2014.317017;0.110259;0.624791;-0.370736;0.511722;0.000000;2.000000;20.132217;-778.362915;2044.582886;0.082843;0.766086;0.099692;0.623993;0.000000;2.000000;57.370876;-795.496338;2165.919434;0.085050;0.458619;0.511722;0.370736;0.000000;2.000000;-30.905577;-772.246765;2032.427612;0.139043;0.766086;0.099692;0.623993;0.000000;2.000000;-107.918182;-791.465820;2138.354492;0.199559;0.624791;-0.370736;0.511722;0.000000;2.000000;3905266688.000000
0.000000;-150.000000;2000.000000;0.000000;-0.375459;0.572233;-0.273865;0.000000;2.000000;-11.860907;-295.945190;2104.100586;0.079980;-0.444404;0.540277;-0.332497;0.000000;2.000000;-14.908814;-428.289642;2159.823242;0.167224;-0.497076;0.486603;-0.450321;0.000000;2.000000;-22.075220;-645.676758;2181.984619;0.170100;0.540365;-0.448923;0.487893;0.000000;2.000000;12.657478;-610.638123;2183.498047;0.175234;0.681947;-0.713420;-0.030200;0.000000;2.000000;149.134705;-573.348389;2156.906250;0.182953;0.706475;-0.264057;0.114677;0.000000;2.000000;187.444931;-335.980347;2016.795288;0.099772;0.001201;-0.094014;0.272100;0.000000;2.000000;-41.992416;-347.393066;1974.584595;0.159611;0.024902;-0.253545;0.233907;0.000000;2.000000;-129.382828;-359.198608;1934.252441;0.143638;0.898026;-0.302073;-0.166581;0.000000;1.000000;-42.832668;-294.885284;1948.858521;0.132404;0.898026;-0.302073;-0.166581;0.000000;1.000000;-149.253876;-378.582672;1911.870850;0.153596;0.087209;-0.460406;0.664793;0.000000;1.000000;-54.579048;-608.658081;2175.248535;0.156453;0.690206;0.691052;-0.214325;0.000000;2.000000;-174.813110;-571.499023;2133.993652;0.167180;0.239111;0.682028;-0.651531;0.000000;2.000000;-187.479996;-350.769775;1956.459351;0.177421;0.043264;0.118426;0.935751;0.000000;2.000000;41.523689;-396.451019;1994.061279;0.139891;0.289494;0.148032;0.891238;0.000000;2.000000;118.125244;-406.737366;2064.258789;0.139499;0.120456;0.685602;-0.588361;0.000000;2.000000;121.428162;-331.049866;1988.758789;0.165609;0.120456;0.685602;-0.588361;0.000000;2.000000;146.234131;-358.781250;1966.292114;0.142780;0.086572;0.268463;0.043247;0.000000;2.000000;89.891983;-144.527649;2017.914063;0.069344;-0.167088;0.499947;-0.034293;0.000000;2.000000;268.999084;-16.312332;1680.259399;0.242585;0.645320;-0.378178;0.328874;0.000000;2.000000;223.183228;366.213776;1675.789429;0.129635;0.593693;-0.420569;0.328427;0.000000;2.000000;282.626221;467.242584;1527.969360;0.158530;0.848666;-0.066902;0.524613;0.000000;2.000000;-81.059540;-154.934662;1983.846069;0.062533;0.623595;0.098011;0.757317;0.000000;2.000000;-162.829651;-11.114670;1616.682617;0.292319;0.378279;0.553862;0.525608;0.000000;2.000000;-201.873413;369.721649;1687.564087;0.131858;0.429934;0.492445;0.595364;0.000000;2.000000;-243.191345;461.217560;1545.969604;0.133117;-0.023303;0.772603;0.076069;0.000000;2.000000;-23.140329;-727.772156;2176.875977;0.187931;0.618228;-0.367419;0.518916;0.000000;2.000000;2.711224;-730.630859;2017.161499;0.162171;0.618228;-0.367419;0.518916;0.000000;2.000000;21.575703;-774.548462;2047.035522;0.143002;0.763898;0.107124;0.626733;0.000000;2.000000;59.578011;-792.624756;2167.562988;0.119509;0.462086;0.518916;0.367419;0.000000;2.000000;-29.292210;-767.453613;2035.447998;0.177003;0.763898;0.107124;0.626733;0.000000;2.000000;-105.342690;-785.399902;2141.763184;0.222939;0.618228;-0.367419;0.518916;0.000000;2.000000;3905299968.000000
0.000000;-150.000015;2000.000000;0.000000;-0.374519;0.575536;-0.283525;0.000000;2.000000;-10.661381;-296.654358;2102.030273;0.074988;-0.441605;0.543201;-0.341409;0.000000;2.000000;-13.500496;-428.978363;2156.382813;0.113605;-0.492510;0.488934;-0.454045;0.000000;2.000000;-21.606098;-645.453857;2178.912109;0.093633;0.535733;-0.450947;0.491792;0.000000;2.000000;13.204697;-610.742676;2179.965576;0.107456;0.681124;-0.713351;-0.028730;0.000000;2.000000;148.810242;-573.138245;2152.350586;0.137381;0.708527;-0.261287;0.113536;0.000000;2.000000;187.777344;-335.961700;2014.219116;0.078053;0.000845;-0.092302;0.269521;0.000000;2.000000;-40.931736;-347.161499;1972.940674;0.059197;0.023067;-0.258986;0.239234;0.000000;2.000000;-127.523933;-359.702515;1932.002930;0.088983;0.893724;-0.309510;-0.168851;0.000000;1.000000;-41.989422;-294.624908;1946.105103;0.086881;0.893724;-0.309510;-0.168851;0.000000;1.000000;-148.069473;-377.971222;1909.700562;0.076530;0.092702;-0.458604;0.671611;0.000000;1.000000;-53.852013;-608.405579;2172.507813;0.085539;0.691976;0.688664;-0.216381;0.000000;2.000000;-173.402863;-570.820923;2131.274902;0.094258;0.240273;0.683194;-0.651951;0.000000;2.000000;-187.234924;-349.691437;1956.068726;0.035240;0.037397;0.116885;0.937087;0.000000;2.000000;41.287270;-395.547241;1990.584351;0.108180;0.285698;0.148348;0.893312;0.000000;2.000000;118.074989;-406.360413;2059.901123;0.131437;0.130448;0.701853;-0.572203;0.000000;2.000000;116.026222;-332.002502;1983.617676;0.225900;0.130448;0.701853;-0.572203;0.000000;2.000000;145.311340;-358.354065;1962.284790;0.124229;0.087345;0.272998;0.042792;0.000000;2.000000;89.908363;-145.288330;2016.167236;0.057252;-0.162101;0.508084;-0.041336;0.000000;2.000000;263.061157;-18.410782;1676.742310;0.216747;0.637621;-0.381124;0.338610;0.000000;2.000000;223.285645;363.322266;1673.518066;0.110528;0.597031;-0.414422;0.338044;0.000000;2.000000;281.995300;467.383850;1528.453125;0.024264;0.847964;-0.055733;0.527107;0.000000;2.000000;-81.074318;-154.248749;1985.421509;0.051633;0.626813;0.089102;0.758336;0.000000;2.000000;-160.640320;-21.972580;1615.132080;0.336071;0.383906;0.552203;0.527234;0.000000;2.000000;-197.632385;358.522400;1680.579468;0.416569;0.393501;0.532517;0.588326;0.000000;2.000000;-247.109924;460.698364;1550.157715;0.173044;-0.047292;0.795932;0.042990;0.000000;2.000000;-23.185423;-727.236450;2173.976318;0.088614;0.620498;-0.376318;0.511325;0.000000;2.000000;2.994293;-731.901855;2014.984863;0.076214;0.620498;-0.376318;0.511325;0.000000;2.000000;22.546055;-774.848389;2045.417847;0.057394;0.764269;0.095464;0.627658;0.000000;2.000000;60.454308;-790.384888;2165.813232;0.089372;0.460341;0.511325;0.376318;0.000000;2.000000;-28.225330;-768.917297;2033.666870;0.076331;0.764269;0.095464;0.627658;0.000000;2.000000;-103.881828;-786.697998;2139.666016;0.086135;0.620498;-0.376318;0.511325;0.000000;2.000000;3905333248.000000
0.000000;-150.000000;2000.000000;0.000000;-0.366874;0.585699;-0.300860;0.000000;2.000000;-8.302387;-297.129303;2099.908936;0.095655;-0.434378;0.550559;-0.361171;0.000000;2.000000;-10.637514;-429.731140;2151.581299;0.168199;-0.485859;0.492916;-0.455354;0.000000;2.000000;-19.815720;-644.783936;2176.258789;0.097514;0.529205;-0.454812;0.493416;0.000000;2.000000;15.038706;-610.467102;2176.592041;0.114793;0.679027;-0.715868;-0.031760;0.000000;2.000000;150.148972;-573.075439;2150.163574;0.076485;0.708746;-0.259192;0.113011;0.000000;2.000000;188.482391;-336.580994;2013.591064;0.033671;0.002020;-0.091707;0.267473;0.000000;2.000000;-39.081821;-347.039154;1972.620605;0.056100;-0.020923;-0.148621;0.268118;0.000000;2.000000;-132.071548;-362.801025;1954.217285;0.682424;0.899588;-0.300732;-0.059462;0.000000;2.000000;-45.871078;-298.593567;1945.578125;0.166278;0.899588;-0.300732;-0.059462;0.000000;1.000000;-144.124908;-375.879517;1911.379272;0.142235;0.117123;-0.470438;0.651988;0.000000;1.000000;-51.726776;-607.790955;2169.852051;0.103069;0.696814;0.685597;-0.210674;0.000000;2.000000;-171.310715;-570.761963;2130.451172;0.067069;0.240833;0.683981;-0.652213;0.000000;2.000000;-185.826981;-349.955536;1957.275635;0.055855;0.033340;0.114662;0.938118;0.000000;2.000000;41.878090;-395.299591;1989.410645;0.039872;0.282109;0.148440;0.895196;0.000000;2.000000;118.724075;-406.528076;2057.777832;0.066395;0.128988;0.701498;-0.575597;0.000000;2.000000;116.871857;-331.869080;1982.565796;0.040441;0.128988;0.701498;-0.575597;0.000000;2.000000;145.835297;-358.216461;1961.821167;0.021262;0.090252;0.271448;0.028216;0.000000;2.000000;90.133209;-146.875488;2012.091309;0.130601;-0.172264;0.497734;-0.030310;0.000000;2.000000;267.984528;-17.892273;1678.412476;0.155795;0.645575;-0.381128;0.321641;0.000000;2.000000;220.620560;360.842133;1668.643555;0.181416;0.620576;-0.395583;0.308150;0.000000;2.000000;286.519440;466.911896;1529.509644;0.139247;0.867940;-0.063362;0.492509;0.000000;2.000000;-81.277084;-152.817505;1989.096802;0.117764;0.613596;0.111421;0.766398;0.000000;2.000000;-169.941528;-9.232712;1627.450684;0.596795;0.388403;0.560014;0.534844;0.000000;2.000000;-197.356598;371.589325;1682.990601;0.396302;0.420988;0.511968;0.608053;0.000000;2.000000;-245.479355;460.421356;1543.780396;0.196455;-0.008444;0.795237;0.071240;0.000000;2.000000;-21.949663;-726.173218;2172.190430;0.072103;0.620371;-0.384566;0.508528;0.000000;2.000000;3.073586;-731.901123;2013.899902;0.032438;0.620371;-0.384566;0.508528;0.000000;2.000000;23.363894;-774.046753;2044.429321;0.045111;0.761661;0.087654;0.631512;0.000000;2.000000;62.120949;-787.825684;2164.066650;0.104908;0.456780;0.508528;0.384566;0.000000;2.000000;-27.303638;-769.004517;2033.039673;0.033345;0.761661;0.087654;0.631512;0.000000;2.000000;-101.568382;-786.822021;2139.167969;0.070661;0.620371;-0.384566;0.508528;0.000000;2.000000;3905366784.000000
0.000000;-149.999985;2000.000000;0.000000;-0.362511;0.585902;-0.281897;0.000000;2.000000;-9.555000;-295.613281;2106.585693;0.209145;-0.435054;0.550621;-0.345780;0.000000;2.000000;-11.735792;-428.918884;2162.222168;0.322361;-0.491712;0.493200;-0.453794;0.000000;2.000000;-18.415661;-647.474915;2185.614014;0.295514;0.534709;-0.455220;0.491884;0.000000;2.000000;16.527304;-612.213623;2186.302002;0.299803;0.682778;-0.712979;-0.029145;0.000000;2.000000;153.946381;-575.167542;2159.664063;0.313792;0.703092;-0.261212;0.116136;0.000000;2.000000;188.973740;-335.873291;2018.741211;0.156902;-0.001394;-0.091881;0.270698;0.000000;2.000000;-41.987217;-348.187256;1977.549438;0.175345;-0.011842;-0.137634;0.258703;0.000000;2.000000;-136.995026;-361.832489;1960.217163;0.235024;0.909296;-0.287921;-0.054514;0.000000;1.000000;-47.309296;-299.583191;1952.444824;0.212895;0.909296;-0.287921;-0.054514;0.000000;1.000000;-146.380936;-378.019836;1915.821045;0.162926;0.103408;-0.480503;0.627668;0.000000;1.000000;-51.250389;-610.282104;2179.310547;0.294250;0.693678;0.689893;-0.207007;0.000000;2.000000;-173.039322;-572.680115;2140.611572;0.315005;0.244273;0.683117;-0.651355;0.000000;2.000000;-188.051270;-349.852295;1963.234009;0.191131;0.032652;0.115127;0.936834;0.000000;2.000000;43.037323;-396.064056;1995.792114;0.196238;0.295926;0.151742;0.890136;0.000000;2.000000;118.957260;-406.980957;2067.526123;0.293317;0.126696;0.701762;-0.568240;0.000000;2.000000;117.123672;-332.374023;1990.040894;0.225251;0.126696;0.701762;-0.568240;0.000000;2.000000;147.498978;-359.759827;1967.806885;0.192351;0.087291;0.270943;0.065165;0.000000;2.000000;91.139732;-145.535339;2014.269897;0.082593;-0.151022;0.519143;-0.052201;0.000000;2.000000;259.570190;-20.721970;1667.164185;0.430572;0.638301;-0.375479;0.362360;0.000000;2.000000;222.047668;364.713928;1681.734253;0.412430;0.580024;-0.416702;0.339521;0.000000;2.000000;284.467072;463.895874;1532.489502;0.141539;0.845887;-0.056434;0.529773;0.000000;2.000000;-82.184708;-154.025955;1987.132324;0.074476;0.616705;0.106129;0.763353;0.000000;2.000000;-170.011902;-8.294174;1619.539673;0.239387;0.375673;0.565674;0.523331;0.000000;2.000000;-200.465027;375.033630;1693.632568;0.348839;0.441697;0.483067;0.612857;0.000000;2.000000;-244.078522;457.777588;1546.217407;0.115952;0.002375;0.778212;0.094942;0.000000;2.000000;-19.551018;-730.071167;2180.862305;0.294638;0.619146;-0.377428;0.521588;0.000000;2.000000;3.165594;-731.747559;2019.702271;0.174433;0.619146;-0.377428;0.521588;0.000000;2.000000;23.844404;-775.542053;2049.175293;0.150214;0.755727;0.101937;0.635700;0.000000;2.000000;65.019302;-793.191772;2169.514404;0.245722;0.449614;0.521588;0.377428;0.000000;2.000000;-27.711859;-769.632996;2038.611206;0.168922;0.755727;0.101937;0.635700;0.000000;2.000000;-101.495575;-789.939331;2147.035645;0.254298;0.619146;-0.377428;0.521588;0.000000;2.000000;3905400064.000000
0.000000;-150.000000;2000.000000;0.000000;-0.363239;0.582855;-0.272397;0.000000;2.000000;-10.716932;-294.492676;2108.469238;0.074539;-0.439085;0.547254;-0.338279;0.000000;2.000000;-12.951384;-427.750305;2164.808594;0.092774;-0.495359;0.491211;-0.453922;0.000000;2.000000;-18.922529;-646.837280;2186.651367;0.039632;0.538218;-0.453227;0.491851;0.000000;2.000000;15.942169;-611.397827;2187.726563;0.052367;0.684784;-0.710796;-0.024184;0.000000;2.000000;153.472916;-574.846924;2159.766357;0.017455;0.703768;-0.258326;0.118531;0.000000;2.000000;188.248489;-335.090057;2018.686279;0.032117;-0.004736;-0.087088;0.270550;0.000000;2.000000;-43.472202;-348.314880;1979.995972;0.086081;-0.007364;-0.143049;0.265777;0.000000;2.000000;-138.489777;-361.497742;1961.526733;0.060555;0.907278;-0.296437;-0.056793;0.000000;1.000000;-48.374733;-299.559509;1953.792236;0.051620;0.907278;-0.296437;-0.056793;0.000000;1.000000;-147.466507;-378.023499;1917.028809;0.048796;0.108316;-0.482417;0.633540;0.000000;1.000000;-51.922298;-609.662231;2180.476807;0.044527;0.691154;0.693354;-0.203700;0.000000;2.000000;-174.248657;-573.552368;2141.327637;0.049703;0.241810;0.685585;-0.649713;0.000000;2.000000;-190.530182;-349.769806;1964.537964;0.084200;0.034934;0.114896;0.937524;0.000000;2.000000;40.876278;-395.667297;1998.025269;0.094135;0.285647;0.147840;0.893750;0.000000;2.000000;118.574020;-406.602234;2068.076660;0.023147;0.129108;0.701732;-0.572903;0.000000;2.000000;116.613663;-331.187683;1991.141724;0.050987;0.129108;0.701732;-0.572903;0.000000;2.000000;144.795410;-359.575317;1967.653564;0.081556;0.087841;0.281886;0.066311;0.000000;2.000000;90.974228;-144.792358;2015.925537;0.054755;-0.145175;0.526840;-0.057580;0.000000;2.000000;254.538834;-21.627701;1665.172241;0.164862;0.632511;-0.377303;0.372255;0.000000;2.000000;221.602386;364.728668;1682.526245;0.027305;0.575982;-0.417178;0.347842;0.000000;2.000000;283.046875;464.492828;1532.883057;0.047777;0.842223;-0.050919;0.536032;0.000000;2.000000;-82.035461;-154.695969;1985.639282;0.049377;0.620047;0.102281;0.761555;0.000000;2.000000;-167.298904;-11.760757;1615.645142;0.176607;0.377534;0.563479;0.522313;0.000000;2.000000;-198.645386;372.189178;1689.424438;0.162121;0.423768;0.501148;0.608370;0.000000;2.000000;-246.121887;461.455841;1546.756958;0.127469;-0.012984;0.787829;0.079112;0.000000;2.000000;-19.735832;-729.531860;2181.298340;0.021566;0.616843;-0.358104;0.521338;0.000000;2.000000;7.679676;-731.982300;2020.619141;0.138589;0.616843;-0.358104;0.521338;0.000000;2.000000;25.498764;-776.789185;2050.606445;0.075662;0.767439;0.115424;0.621859;0.000000;2.000000;62.313099;-796.516113;2172.246094;0.152734;0.468480;0.521338;0.358104;0.000000;2.000000;-25.482189;-768.514526;2038.526489;0.074997;0.767439;0.115424;0.621859;0.000000;2.000000;-103.407562;-785.650513;2144.837646;0.155789;0.616843;-0.358104;0.521338;0.000000;2.000000;3905433344.000000
0.000000;-150.000000;2000.000000;0.000000;-0.363090;0.585678;-0.283115;0.000000;2.000000;-9.474873;-295.592468;2105.951660;0.090596;-0.431793;0.552347;-0.343636;0.000000;2.000000;-11.917112;-428.091858;2162.675293;0.071973;-0.494256;0.492757;-0.458425;0.000000;2.000000;-17.666336;-646.483276;2183.167969;0.111775;0.536789;-0.454408;0.496465;0.000000;2.000000;17.084400;-611.188965;2184.064941;0.115424;0.686658;-0.707875;-0.020721;0.000000;2.000000;153.643509;-574.356812;2154.575684;0.156747;0.704890;-0.254970;0.119801;0.000000;2.000000;188.208740;-335.100586;2014.689453;0.120103;-0.004898;-0.083602;0.269022;0.000000;2.000000;-42.919174;-347.848236;1977.699829;0.072340;-0.006705;-0.154187;0.271120;0.000000;2.000000;-137.098862;-361.506165;1957.321655;0.133088;0.902433;-0.305303;-0.063794;0.000000;1.000000;-48.072479;-298.668915;1950.076538;0.115171;0.902433;-0.305303;-0.063794;0.000000;1.000000;-146.561279;-376.812561;1913.186401;0.124073;0.120275;-0.481455;0.644436;0.000000;1.000000;-50.601341;-609.406555;2177.612061;0.095101;0.689957;0.693554;-0.207106;0.000000;2.000000;-172.102478;-572.498413;2138.343750;0.114894;0.244268;0.688092;-0.647726;0.000000;2.000000;-190.963181;-349.066895;1963.105225;0.049687;0.029857;0.112254;0.938307;0.000000;2.000000;40.014416;-394.456512;1993.764404;0.135596;0.274832;0.150588;0.896999;0.000000;2.000000;118.626556;-406.728210;2061.957031;0.183929;0.133247;0.702537;-0.577690;0.000000;2.000000;116.197708;-330.857239;1986.057373;0.153607;0.133247;0.702537;-0.577690;0.000000;2.000000;143.911560;-358.842438;1962.678711;0.153414;0.092132;0.287449;0.050542;0.000000;2.000000;90.956543;-145.614441;2014.160278;0.058515;-0.142780;0.530035;-0.056464;0.000000;2.000000;251.731445;-25.038635;1662.982300;0.148158;0.628532;-0.381259;0.372590;0.000000;2.000000;220.479431;360.124390;1677.099854;0.216484;0.592920;-0.402204;0.346567;0.000000;2.000000;283.842377;465.540344;1533.145142;0.040300;0.850324;-0.041105;0.524528;0.000000;2.000000;-82.019524;-153.954666;1987.230957;0.052762;0.619757;0.102347;0.760853;0.000000;2.000000;-167.242081;-9.406342;1619.530518;0.136521;0.377220;0.560352;0.524662;0.000000;2.000000;-201.402695;373.093506;1691.752197;0.111781;0.433524;0.491015;0.603718;0.000000;2.000000;-244.495224;461.142883;1547.746948;0.057986;-0.011766;0.777433;0.082939;0.000000;2.000000;-18.553303;-728.832764;2177.341309;0.125862;0.615972;-0.383468;0.523669;0.000000;2.000000;1.916872;-731.134277;2016.246094;0.218862;0.615972;-0.383468;0.523669;0.000000;2.000000;23.206898;-774.573730;2045.571289;0.179067;0.751234;0.099137;0.641442;0.000000;2.000000;66.036255;-791.379456;2165.152832;0.285949;0.446433;0.523669;0.383468;0.000000;2.000000;-28.410158;-769.025024;2035.710449;0.123027;0.751234;0.099137;0.641442;0.000000;2.000000;-100.423401;-789.201050;2144.992188;0.139442;0.615972;-0.383468;0.523669;0.000000;2.000000;3905466624.000000
0.000000;-149.999985;2000.000000;0.000000;-0.364747;0.585841;-0.282319;0.000000;2.000000;-8.975294;-295.709747;2105.749023;0.016578;-0.434609;0.551909;-0.343962;0.000000;2.000000;-10.853144;-428.469269;2161.780273;0.043289;-0.497061;0.496781;-0.456523;0.000000;2.000000;-13.630896;-646.874756;2182.091064;0.126051;0.539217;-0.458571;0.494891;0.000000;2.000000;20.645920;-611.136169;2182.864990;0.112939;0.686016;-0.706947;-0.016242;0.000000;2.000000;156.533356;-573.871094;2151.100098;0.136601;0.702396;-0.250651;0.129505;0.000000;2.000000;187.910065;-335.672302;2008.832031;0.177068;-0.007735;-0.073723;0.272327;0.000000;2.000000;-43.865608;-348.560211;1976.669678;0.047166;-0.006517;-0.156392;0.267180;0.000000;2.000000;-137.908752;-362.242188;1955.811035;0.056051;0.902559;-0.302373;-0.066438;0.000000;1.000000;-49.245945;-298.881165;1949.147461;0.045424;0.902559;-0.302373;-0.066438;0.000000;1.000000;-147.298798;-377.329102;1911.768188;0.050478;0.121487;-0.482294;0.641621;0.000000;1.000000;-47.067055;-610.240845;2176.718750;0.112370;0.690062;0.695133;-0.201219;0.000000;2.000000;-169.155853;-575.029297;2137.841309;0.117689;0.244037;0.693143;-0.642995;0.000000;2.000000;-191.916870;-351.392609;1963.457397;0.076268;0.030011;0.109570;0.939087;0.000000;2.000000;39.275108;-395.610352;1993.702515;0.041219;0.277447;0.145161;0.897523;0.000000;2.000000;117.913704;-406.836609;2062.000244;0.021705;0.140821;0.719979;-0.555202;0.000000;2.000000;109.714714;-332.884827;1984.665649;0.208347;0.140821;0.719979;-0.555202;0.000000;2.000000;142.145386;-359.188507;1961.863403;0.059370;0.085049;0.290654;0.063944;0.000000;2.000000;90.907745;-145.291000;2014.204102;0.009917;-0.140874;0.531231;-0.058523;0.000000;2.000000;251.049194;-25.161224;1662.712769;0.022348;0.628777;-0.379528;0.376359;0.000000;2.000000;220.585541;359.830505;1679.957520;0.086379;0.584301;-0.407959;0.349192;0.000000;2.000000;283.217010;462.615967;1533.865234;0.092427;0.846366;-0.043384;0.530469;0.000000;2.000000;-81.975510;-154.246277;1987.191528;0.008940;0.616334;0.101272;0.764507;0.000000;2.000000;-170.770386;-12.289276;1619.449463;0.136931;0.379693;0.558813;0.531364;0.000000;2.000000;-204.804657;371.318176;1684.960083;0.234410;0.434983;0.493892;0.595039;0.000000;2.000000;-245.300323;462.127197;1541.976929;0.177539;-0.015625;0.773398;0.074773;0.000000;2.000000;-13.458807;-729.200989;2176.194092;0.157303;0.607474;-0.375900;0.529799;0.000000;2.000000;6.671940;-732.654785;2015.121948;0.153764;0.607474;-0.375900;0.529799;0.000000;2.000000;26.537868;-776.683350;2044.537598;0.122478;0.752804;0.108823;0.640426;0.000000;2.000000;68.952293;-794.556702;2164.074219;0.133576;0.457151;0.529799;0.375900;0.000000;2.000000;-24.865738;-769.443787;2034.736694;0.111164;0.752804;0.108823;0.640426;0.000000;2.000000;-97.326210;-786.877991;2144.150146;0.119053;0.607474;-0.375900;0.529799;0.000000;2.000000;3905499904.000000
0.000000;-150.000015;2000.000000;0.000001;-0.368379;0.585682;-0.281882;0.000000;2.000000;-8.046579;-295.410675;2104.439209;0.048702;-0.434780;0.553589;-0.340618;0.000000;2.000000;-9.338472;-427.089264;2160.879395;0.066745;-0.491885;0.499402;-0.460015;0.000000;2.000000;-13.182343;-644.130859;2181.839111;0.083245;0.534007;-0.460903;0.498582;0.000000;2.000000;21.116262;-608.807495;2182.089844;0.074516;0.684667;-0.707361;-0.017694;0.000000;2.000000;155.847992;-570.839966;2150.056641;0.097750;0.705620;-0.249239;0.130179;0.000000;2.000000;189.169525;-334.057709;2009.060913;0.061441;-0.007165;-0.071175;0.272031;0.000000;2.000000;-41.429455;-346.283539;1978.142822;0.108698;-0.009357;-0.160447;0.266823;0.000000;2.000000;-134.682281;-360.613373;1956.817139;0.111871;0.900058;-0.303527;-0.069350;0.000000;1.000000;-47.363850;-296.471985;1950.277832;0.097193;0.900058;-0.303527;-0.069350;0.000000;1.000000;-144.859970;-374.628082;1913.370728;0.118570;0.125551;-0.479491;0.646280;0.000000;1.000000;-46.261742;-607.526123;2176.763184;0.084447;0.692028;0.691219;-0.208105;0.000000;2.000000;-166.922150;-569.949890;2138.284912;0.165988;0.249444;0.691299;-0.643098;0.000000;2.000000;-189.615189;-348.828156;1963.386719;0.102774;0.025652;0.108732;0.937895;0.000000;2.000000;40.428268;-392.973267;1991.590576;0.106450;0.277463;0.149114;0.896301;0.000000;2.000000;118.329681;-404.683167;2059.716797;0.094410;0.139633;0.713289;-0.562859;0.000000;2.000000;112.295670;-330.742371;1983.041870;0.111125;0.139633;0.713289;-0.562859;0.000000;2.000000;143.092636;-357.236084;1960.141846;0.082598;0.087337;0.289622;0.062490;0.000000;2.000000;90.336403;-144.799728;2014.200317;0.022469;-0.146935;0.524872;-0.051366;0.000000;2.000000;253.540833;-24.221130;1667.006836;0.150669;0.631229;-0.381866;0.363818;0.000000;2.000000;219.511032;358.472290;1676.618042;0.112173;0.608343;-0.389937;0.334500;0.000000;2.000000;285.881042;466.357300;1537.444214;0.173625;0.860823;-0.040843;0.507263;0.000000;2.000000;-81.460312;-154.689346;1987.194824;0.020262;0.614997;0.109824;0.765043;0.000000;2.000000;-169.609390;-9.963852;1622.977051;0.130657;0.387709;0.558340;0.534323;0.000000;2.000000;-199.077103;373.067444;1679.962280;0.232591;0.421119;0.513770;0.596090;0.000000;2.000000;-244.057892;466.638794;1541.403564;0.140581;-0.018281;0.788150;0.061536;0.000000;2.000000;-13.576963;-725.995178;2176.252686;0.095674;0.608662;-0.389795;0.529364;0.000000;2.000000;3.238131;-729.279663;2015.750244;0.144789;0.608662;-0.389795;0.529364;0.000000;2.000000;24.968401;-772.312378;2044.684814;0.138554;0.744526;0.098690;0.649944;0.000000;2.000000;70.114403;-788.370117;2162.669922;0.192316;0.444256;0.529364;0.389795;0.000000;2.000000;-26.527933;-766.771973;2035.981323;0.100903;0.744526;0.098690;0.649944;0.000000;2.000000;-95.725227;-786.052551;2146.261963;0.082766;0.608662;-0.389795;0.529364;0.000000;2.000000;3905533440.000000
0.000000;-150.000000;2000.000000;0.000000;-0.367146;0.586893;-0.277845;0.000000;2.000000;-7.896246;-294.992462;2105.972168;0.047959;-0.441009;0.551208;-0.343235;0.000000;2.000000;-8.380331;-427.904724;2160.630127;0.038541;-0.488667;0.503382;-0.456528;0.000000;2.000000;-11.869198;-645.332336;2184.471680;0.095486;0.530972;-0.465150;0.495426;0.000000;2.000000;22.481787;-609.848022;2184.206055;0.081881;0.680131;-0.711584;-0.016500;0.000000;2.000000;157.572021;-572.080383;2151.463379;0.076548;0.702660;-0.248845;0.130388;0.000000;2.000000;188.565765;-334.346252;2009.849609;0.031079;-0.010012;-0.071206;0.271762;0.000000;2.000000;-42.720497;-347.882202;1979.181519;0.069185;-0.006514;-0.153552;0.259284;0.000000;2.000000;-136.621704;-361.273865;1958.752930;0.084696;0.904902;-0.294025;-0.065999;0.000000;1.000000;-48.366188;-297.820709;1952.513306;0.084033;0.904902;-0.294025;-0.065999;0.000000;1.000000;-146.013168;-376.241211;1914.916382;0.075546;0.118902;-0.481607;0.634736;0.000000;1.000000;-45.115181;-608.733154;2178.963379;0.082904;0.696611;0.687503;-0.205115;0.000000;2.000000;-166.477051;-571.413940;2141.041992;0.094749;0.251744;0.690639;-0.643630;0.000000;2.000000;-189.376968;-349.613434;1965.616333;0.071389;0.022798;0.110263;0.937595;0.000000;2.000000;41.283752;-394.996429;1992.904053;0.076903;0.278617;0.149705;0.895532;0.000000;2.000000;119.235504;-406.681549;2061.468018;0.084353;0.147164;0.722647;-0.549699;0.000000;2.000000;109.844254;-334.016479;1983.463623;0.123552;0.147164;0.722647;-0.549699;0.000000;2.000000;144.876343;-357.729675;1962.185425;0.082845;0.083417;0.285124;0.052320;0.000000;2.000000;90.568604;-144.408661;2014.398682;0.014909;-0.158260;0.518056;-0.057881;0.000000;2.000000;257.224213;-13.147537;1671.302368;0.373665;0.634346;-0.376887;0.360199;0.000000;2.000000;222.961197;370.699219;1681.604614;0.410096;0.568064;-0.425634;0.339985;0.000000;2.000000;284.115784;465.014587;1529.956055;0.234667;0.840819;-0.062510;0.536425;0.000000;2.000000;-81.669701;-155.041962;1987.016113;0.013442;0.615092;0.106398;0.762300;0.000000;2.000000;-170.593674;-4.914978;1623.803955;0.156549;0.379161;0.553486;0.534760;0.000000;2.000000;-209.464493;377.459473;1687.368652;0.405418;0.448843;0.475882;0.593896;0.000000;2.000000;-245.134216;464.627563;1541.450195;0.068558;-0.010694;0.759894;0.086617;0.000000;2.000000;-12.149691;-727.515503;2179.929932;0.127024;0.613136;-0.383221;0.541560;0.000000;2.000000;2.095243;-724.486938;2018.673340;0.172144;0.613136;-0.383221;0.541560;0.000000;2.000000;24.621374;-768.595825;2045.650391;0.115853;0.736800;0.111963;0.653920;0.000000;2.000000;71.935547;-788.958435;2162.541504;0.057636;0.428856;0.541560;0.383221;0.000000;2.000000;-27.202263;-763.045044;2037.976929;0.128637;0.736800;0.111963;0.653920;0.000000;2.000000;-94.674583;-787.092834;2148.874023;0.090189;0.613136;-0.383221;0.541560;0.000000;2.000000;3905566720.000000
0.000000;-150.000000;2000.000000;0.000000;-0.363353;0.588672;-0.268372;0.000000;2.000000;-8.189440;-293.258179;2109.264648;0.112165;-0.438557;0.553624;-0.334751;0.000000;2.000000;-8.527344;-425.588135;2166.523193;0.190317;-0.495126;0.499986;-0.457686;0.000000;2.000000;-10.739000;-644.073730;2187.276367;0.098417;0.537116;-0.461672;0.496308;0.000000;2.000000;23.496641;-608.253906;2187.690186;0.119099;0.686036;-0.706718;-0.013507;0.000000;2.000000;159.369598;-571.310303;2155.153320;0.125484;0.701738;-0.247469;0.130246;0.000000;2.000000;189.360809;-332.405334;2013.485352;0.126123;-0.010673;-0.070694;0.270568;0.000000;2.000000;-42.715912;-346.180115;1983.012573;0.125966;-0.003717;-0.155789;0.262721;0.000000;2.000000;-136.868179;-359.256439;1962.020508;0.115628;0.904647;-0.297960;-0.067174;0.000000;1.000000;-47.913506;-296.146820;1955.951050;0.115695;0.904647;-0.297960;-0.067174;0.000000;1.000000;-145.764053;-374.757690;1917.942383;0.101541;0.119942;-0.484018;0.635712;0.000000;1.000000;-44.303368;-607.490601;2182.119141;0.104789;0.691087;0.693284;-0.204339;0.000000;2.000000;-166.149734;-570.031433;2144.360352;0.108465;0.251570;0.690634;-0.643810;0.000000;2.000000;-189.071625;-347.362915;1968.521606;0.110806;0.023162;0.111900;0.937521;0.000000;2.000000;42.169250;-393.567474;1996.296509;0.113766;0.281385;0.149038;0.894678;0.000000;2.000000;120.066933;-404.940186;2065.497314;0.134241;0.144573;0.720041;-0.551544;0.000000;2.000000;111.614418;-331.937317;1987.216431;0.139457;0.144573;0.720041;-0.551544;0.000000;2.000000;145.653183;-356.243500;1965.151245;0.102377;0.081090;0.286277;0.062629;0.000000;2.000000;90.732254;-143.734985;2015.014526;0.027864;-0.149287;0.530423;-0.067979;0.000000;2.000000;249.675919;-14.047485;1666.142334;0.276071;0.627539;-0.377613;0.378727;0.000000;2.000000;221.521011;371.261505;1684.707275;0.104162;0.570957;-0.410600;0.338759;0.000000;2.000000;288.635162;466.815643;1535.599609;0.223890;0.848543;-0.052730;0.524915;0.000000;2.000000;-81.817261;-155.649460;1986.460693;0.025128;0.612216;0.109738;0.765353;0.000000;2.000000;-173.304443;-5.824844;1622.284912;0.097291;0.377269;0.561169;0.531780;0.000000;2.000000;-206.728027;377.815948;1689.120361;0.098215;0.443505;0.485860;0.595062;0.000000;2.000000;-244.848267;466.434662;1544.014648;0.094658;-0.009811;0.767750;0.080412;0.000000;2.000000;-10.468914;-726.453613;2181.529053;0.076666;0.608171;-0.389271;0.536361;0.000000;2.000000;4.150644;-727.420898;2019.744263;0.112348;0.608171;-0.389271;0.536361;0.000000;2.000000;26.536272;-771.081787;2047.929565;0.116536;0.739002;0.104008;0.654521;0.000000;2.000000;73.701927;-788.810547;2165.767334;0.110600;0.436935;0.536361;0.389271;0.000000;2.000000;-25.422424;-765.515259;2039.990601;0.109684;0.739002;0.104008;0.654521;0.000000;2.000000;-93.422569;-786.672241;2151.670898;0.092940;0.608171;-0.389271;0.536361;0.000000;2.000000;3905600000.000000
0.000000;-150.000000;2000.000000;0.000000;-0.368846;0.583586;-0.262229;0.000000;2.000000;-8.961605;-293.621826;2109.355469;0.025791;-0.442124;0.550501;-0.326013;0.000000;2.000000;-9.388920;-425.802063;2167.715332;0.044662;-0.495492;0.501792;-0.453601;0.000000;2.000000;-10.654163;-644.602051;2190.074707;0.085608;0.537595;-0.463800;0.492380;0.000000;2.000000;23.482386;-608.542480;2190.362793;0.080775;0.682119;-0.709626;-0.017118;0.000000;2.000000;159.282608;-570.321533;2157.643066;0.080538;0.701376;-0.247866;0.134283;0.000000;2.000000;189.162994;-331.861633;2014.051392;0.024321;-0.013121;-0.067230;0.273770;0.000000;2.000000;-43.600449;-346.426361;1985.429810;0.077697;-0.000756;-0.158219;0.265633;0.000000;2.000000;-137.879028;-359.145752;1963.840698;0.062650;0.903873;-0.301605;-0.068032;0.000000;1.000000;-48.564392;-296.144531;1957.780029;0.058334;0.903873;-0.301605;-0.068032;0.000000;1.000000;-146.582474;-374.837067;1919.668091;0.057440;0.122542;-0.484572;0.638174;0.000000;1.000000;-44.441444;-608.139526;2184.514893;0.074697;0.693033;0.691319;-0.204403;0.000000;2.000000;-166.537613;-570.744934;2146.511230;0.069083;0.252083;0.693222;-0.641655;0.000000;2.000000;-191.698257;-347.207031;1971.109253;0.110891;0.021268;0.109923;0.938187;0.000000;2.000000;40.279121;-392.969299;1997.737671;0.073648;0.278756;0.150091;0.895962;0.000000;2.000000;118.608360;-404.908875;2066.690430;0.056630;0.144535;0.721162;-0.552449;0.000000;2.000000;109.792732;-331.372467;1988.638428;0.071485;0.144535;0.721162;-0.552449;0.000000;2.000000;143.940674;-356.499695;1966.361694;0.063483;0.085386;0.288289;0.061125;0.000000;2.000000;90.564400;-142.897400;2016.749878;0.058119;-0.152233;0.523967;-0.055431;0.000000;2.000000;254.644012;-16.084686;1668.207275;0.172864;0.634968;-0.378676;0.366434;0.000000;2.000000;218.535828;369.553925;1682.740967;0.119036;0.588900;-0.401318;0.326147;0.000000;2.000000;287.923096;469.232086;1536.901367;0.085205;0.858419;-0.054947;0.509371;0.000000;2.000000;-81.665901;-156.404694;1984.895996;0.052404;0.615867;0.103978;0.764897;0.000000;2.000000;-170.710434;-13.332642;1616.476318;0.295688;0.377971;0.563753;0.527213;0.000000;2.000000;-201.511612;370.863312;1686.149292;0.276013;0.412627;0.516313;0.598493;0.000000;2.000000;-249.445129;466.331879;1548.024414;0.183318;-0.025549;0.791619;0.061493;0.000000;2.000000;-9.972427;-727.192627;2184.909180;0.105030;0.617501;-0.372400;0.542046;0.000000;2.000000;6.899302;-722.034546;2023.078491;0.207495;0.617501;-0.372400;0.542046;0.000000;2.000000;28.612551;-767.021606;2049.911621;0.149410;0.741760;0.119958;0.646611;0.000000;2.000000;74.114059;-789.701660;2167.849121;0.069161;0.431506;0.542046;0.372400;0.000000;2.000000;-23.298059;-760.723145;2041.477417;0.163722;0.741760;0.119958;0.646611;0.000000;2.000000;-93.132019;-785.671875;2151.563965;0.031466;0.617501;-0.372400;0.542046;0.000000;2.000000;3905633280.000000
0.000000;-149.999985;2000.000000;0.000000;-0.364855;0.588205;-0.280346;0.000000;2.000000;-7.953699;-295.500397;2106.371582;0.110193;-0.432444;0.555640;-0.340357;0.000000;2.000000;-9.182564;-427.794128;2163.811523;0.131838;-0.492951;0.503120;-0.458133;0.000000;2.000000;-10.951305;-646.272461;2185.373535;0.150179;0.534845;-0.464761;0.497005;0.000000;2.000000;23.248354;-610.395020;2185.414063;0.158933;0.684302;-0.707461;-0.017670;0.000000;2.000000;158.779083;-571.992493;2152.944336;0.150612;0.700845;-0.249896;0.132423;0.000000;2.000000;188.754181;-333.980164;2009.612671;0.148297;-0.010984;-0.070720;0.273829;0.000000;2.000000;-43.388123;-348.006195;1979.205811;0.193055;-0.019458;-0.130090;0.266292;0.000000;2.000000;-138.410873;-362.729279;1963.844604;0.108858;0.904784;-0.293093;-0.043950;0.000000;2.000000;-50.003571;-299.442566;1952.945801;0.181083;0.904784;-0.293093;-0.043950;0.000000;1.000000;-146.363556;-376.627014;1915.176025;0.145448;0.123065;-0.485633;0.631007;0.000000;1.000000;-44.611256;-609.741577;2180.322754;0.134947;0.693029;0.691962;-0.202236;0.000000;2.000000;-166.722260;-572.407043;2143.157715;0.112601;0.255154;0.691785;-0.642302;0.000000;2.000000;-191.591217;-349.771942;1967.401245;0.135515;0.016807;0.105930;0.938028;0.000000;2.000000;40.458328;-394.342224;1991.473022;0.192783;0.275071;0.150773;0.896862;0.000000;2.000000;119.070053;-406.627014;2059.752441;0.215218;0.146120;0.720990;-0.554318;0.000000;2.000000;110.224838;-332.996094;1982.060791;0.203991;0.146120;0.720990;-0.554318;0.000000;2.000000;144.151474;-357.806274;1959.927734;0.197376;0.086235;0.289569;0.054330;0.000000;2.000000;91.004211;-144.806320;2013.908813;0.103694;-0.150627;0.530340;-0.068300;0.000000;2.000000;249.741699;-14.070190;1665.191406;0.183235;0.628641;-0.377233;0.379047;0.000000;2.000000;220.728394;371.243774;1684.753052;0.102830;0.565442;-0.414418;0.335758;0.000000;2.000000;288.220245;464.076111;1534.031982;0.177527;0.847524;-0.057592;0.525483;0.000000;2.000000;-82.062508;-154.683350;1987.457642;0.093499;0.604763;0.117985;0.771971;0.000000;2.000000;-179.395248;-4.607727;1624.767212;0.445978;0.378143;0.570714;0.532954;0.000000;2.000000;-203.864868;380.258301;1689.083618;0.304086;0.441163;0.490279;0.614701;0.000000;2.000000;-248.836487;462.510071;1542.139038;0.211651;0.009063;0.784587;0.091133;0.000000;2.000000;-10.610731;-728.697144;2179.919922;0.157756;0.618910;-0.371014;0.539044;0.000000;2.000000;7.628805;-724.062134;2018.516968;0.151589;0.618910;-0.371014;0.539044;0.000000;2.000000;28.996267;-768.923096;2045.621826;0.141466;0.744825;0.118815;0.643508;0.000000;2.000000;73.362923;-791.283020;2163.800781;0.132532;0.434431;0.539044;0.371014;0.000000;2.000000;-22.735819;-762.575745;2036.738037;0.153833;0.744825;0.118815;0.643508;0.000000;2.000000;-93.428749;-787.033630;2146.095703;0.169564;0.618910;-0.371014;0.539044;0.000000;2.000000;3905666560.000000
0.000000;-150.000000;2000.000000;0.000000;-0.366008;0.587109;-0.277925;0.000000;2.000000;-8.104490;-294.869934;2106.255371;0.019638;-0.436976;0.553038;-0.340717;0.000000;2.000000;-9.026064;-427.229340;2162.392578;0.045778;-0.491221;0.503461;-0.454291;0.000000;2.000000;-11.390484;-644.779297;2186.124268;0.051527;0.533478;-0.465408;0.493202;0.000000;2.000000;22.776552;-609.087524;2186.011230;0.045112;0.680944;-0.711534;-0.018091;0.000000;2.000000;158.223541;-571.551392;2154.215820;0.043415;0.700225;-0.250582;0.130546;0.000000;2.000000;187.810883;-334.002441;2011.755981;0.069830;-0.009131;-0.073380;0.272854;0.000000;2.000000;-43.436310;-347.460236;1980.007568;0.028960;-0.025331;-0.122228;0.256666;0.000000;2.000000;-138.300446;-362.759827;1966.261108;0.072138;0.907471;-0.281408;-0.040332;0.000000;1.000000;-50.574074;-299.137146;1955.271729;0.071990;0.907471;-0.281408;-0.040332;0.000000;1.000000;-146.760925;-376.244598;1917.726440;0.077808;0.115805;-0.483505;0.622104;0.000000;1.000000;-44.833702;-608.348511;2180.500732;0.042399;0.696166;0.689275;-0.200607;0.000000;2.000000;-166.730667;-572.242676;2142.922363;0.008564;0.249755;0.694177;-0.640505;0.000000;2.000000;-191.855240;-350.081360;1968.060181;0.023091;0.025137;0.108382;0.938287;0.000000;2.000000;39.046890;-394.337830;1996.035400;0.142406;0.264684;0.148117;0.899662;0.000000;2.000000;118.895462;-406.713654;2062.326416;0.076972;0.151087;0.722029;-0.556781;0.000000;2.000000;109.440948;-332.985596;1985.269409;0.098491;0.151087;0.722029;-0.556781;0.000000;2.000000;143.124191;-358.434021;1964.255737;0.133955;0.095513;0.290265;0.032399;0.000000;2.000000;90.624901;-144.544708;2014.349976;0.019022;-0.139465;0.536558;-0.063815;0.000000;2.000000;246.120026;-23.501953;1662.171997;0.314430;0.624182;-0.381270;0.382958;0.000000;2.000000;219.145905;360.788757;1680.611816;0.338625;0.593572;-0.395222;0.348970;0.000000;2.000000;284.457794;466.766724;1538.603271;0.193918;0.852582;-0.034466;0.521299;0.000000;2.000000;-81.720459;-154.919281;1987.059814;0.017154;0.612164;0.108234;0.768017;0.000000;2.000000;-173.262100;-11.932755;1621.431519;0.301742;0.381412;0.564825;0.531442;0.000000;2.000000;-200.931854;371.600098;1684.912842;0.299618;0.414782;0.516567;0.604841;0.000000;2.000000;-250.136368;463.958557;1546.212769;0.134624;-0.016369;0.796235;0.065768;0.000000;2.000000;-11.192251;-726.995972;2181.539551;0.072155;0.617702;-0.372088;0.536677;0.000000;2.000000;7.555704;-723.759399;2020.677612;0.065093;0.617702;-0.372088;0.536677;0.000000;2.000000;28.639585;-768.310913;2048.139893;0.078001;0.746598;0.116382;0.642594;0.000000;2.000000;72.399094;-789.742737;2166.278564;0.091621;0.438147;0.536677;0.372088;0.000000;2.000000;-22.880711;-761.916992;2039.053467;0.071913;0.746598;0.116382;0.642594;0.000000;2.000000;-93.791672;-785.201050;2148.019287;0.079958;0.617702;-0.372088;0.536677;0.000000;2.000000;3905700096.000000
0.000000;-150.000000;2000.000000;0.000000;-0.369501;0.585736;-0.282291;0.000000;2.000000;-7.713516;-295.382996;2103.911133;0.073058;-0.434586;0.554270;-0.339940;0.000000;2.000000;-8.835728;-426.720459;2160.451172;0.060577;-0.491971;0.503099;-0.457724;0.000000;2.000000;-11.019875;-643.267822;2182.381592;0.121795;0.533968;-0.464772;0.496595;0.000000;2.000000;22.954605;-607.762573;2182.357422;0.116908;0.684245;-0.708306;-0.014924;0.000000;2.000000;157.645065;-570.824463;2150.184082;0.124321;0.701923;-0.249356;0.128741;0.000000;2.000000;188.051926;-333.994995;2009.659058;0.063424;-0.005429;-0.074393;0.270588;0.000000;2.000000;-41.896072;-345.780060;1977.134888;0.110189;-0.031225;-0.121620;0.255365;0.000000;2.000000;-136.126007;-362.045746;1963.852051;0.099847;0.906113;-0.279965;-0.040277;0.000000;1.000000;-49.584625;-297.844025;1952.677734;0.092027;0.906113;-0.279965;-0.040277;0.000000;1.000000;-145.459229;-374.654327;1915.802368;0.084592;0.115716;-0.480623;0.624922;0.000000;1.000000;-44.318249;-606.999268;2177.254883;0.106752;0.693950;0.690506;-0.204010;0.000000;2.000000;-165.189331;-570.546143;2139.230957;0.130564;0.250708;0.693813;-0.641786;0.000000;2.000000;-190.162155;-348.794098;1966.331421;0.082357;0.020438;0.106603;0.939096;0.000000;2.000000;39.768219;-392.803436;1991.740845;0.138736;0.272350;0.151864;0.898300;0.000000;2.000000;117.972260;-405.569336;2059.019531;0.108744;0.142457;0.717522;-0.561398;0.000000;2.000000;110.490295;-331.520660;1982.863281;0.090327;0.142457;0.717522;-0.561398;0.000000;2.000000;142.549377;-357.331177;1960.363159;0.122789;0.089944;0.291436;0.051535;0.000000;2.000000;90.164291;-144.691986;2014.119507;0.016097;-0.151796;0.534200;-0.078664;0.000000;2.000000;243.959457;-10.078995;1668.687256;0.453011;0.616818;-0.381107;0.382584;0.000000;2.000000;224.238297;372.756561;1682.301392;0.394095;0.560901;-0.420706;0.358458;0.000000;2.000000;284.632874;468.351715;1532.329468;0.194510;0.835423;-0.046022;0.546088;0.000000;2.000000;-81.305107;-154.786453;1987.267822;0.014518;0.609997;0.111431;0.768981;0.000000;2.000000;-173.910507;-10.054626;1625.014526;0.123108;0.386587;0.559578;0.538994;0.000000;2.000000;-202.922455;372.684479;1679.036865;0.189244;0.419940;0.514451;0.599533;0.000000;2.000000;-249.122330;465.180817;1540.573120;0.176052;-0.016104;0.791036;0.063488;0.000000;2.000000;-10.834028;-725.000427;2177.184082;0.144358;0.614542;-0.384656;0.525587;0.000000;2.000000;8.525089;-727.197754;2017.262329;0.148506;0.614542;-0.384656;0.525587;0.000000;2.000000;29.820900;-770.301636;2046.204224;0.090670;0.749298;0.099653;0.643639;0.000000;2.000000;73.010513;-787.029907;2164.563965;0.098166;0.445125;0.525587;0.384656;0.000000;2.000000;-21.439747;-764.797974;2036.728882;0.119364;0.749298;0.099653;0.643639;0.000000;2.000000;-92.229691;-784.876587;2145.544922;0.088464;0.614542;-0.384656;0.525587;0.000000;2.000000;3905733376.000000
0.000000;-150.000000;2000.000000;0.000000;-0.373668;0.587240;-0.295577;0.000000;2.000000;-5.961933;-298.971680;2100.709961;0.153787;-0.413385;0.567854;-0.331297;0.000000;2.000000;-7.877199;-428.006897;2164.231689;0.123402;-0.493676;0.498476;-0.463809;0.000000;2.000000;-11.363575;-646.119141;2183.000000;0.088275;0.535471;-0.459676;0.502290;0.000000;2.000000;23.027973;-610.617065;2183.450195;0.091869;0.685639;-0.703582;-0.012121;0.000000;2.000000;157.138077;-571.319946;2148.044434;0.067729;0.700455;-0.251507;0.131524;0.000000;2.000000;187.176956;-334.101410;2004.899170;0.145457;-0.007681;-0.073488;0.274142;0.000000;2.000000;-44.172112;-346.971008;1972.920776;0.148297;-0.025284;-0.117059;0.251559;0.000000;2.000000;-139.242294;-361.984650;1960.018188;0.148468;0.910813;-0.274821;-0.038184;0.000000;1.000000;-50.952972;-299.020599;1949.289673;0.115346;0.910813;-0.274821;-0.038184;0.000000;1.000000;-146.972885;-376.209106;1911.128052;0.154850;0.108798;-0.486508;0.611367;0.000000;1.000000;-44.643791;-609.360596;2178.459473;0.080251;0.688811;0.692197;-0.215285;0.000000;2.000000;-164.960831;-571.191528;2137.759766;0.048759;0.255865;0.694133;-0.639353;0.000000;2.000000;-191.816299;-349.612640;1962.222046;0.135360;0.017905;0.105596;0.937786;0.000000;2.000000;39.613483;-393.722534;1986.698486;0.154080;0.273829;0.150724;0.896989;0.000000;2.000000;118.170670;-405.994263;2054.602051;0.133483;0.146641;0.720087;-0.555680;0.000000;2.000000;109.595474;-332.490692;1977.165527;0.175739;0.146641;0.720087;-0.555680;0.000000;2.000000;144.255661;-357.118896;1956.846680;0.117619;0.092220;0.281365;0.032224;0.000000;2.000000;90.980225;-145.213562;2012.466187;0.057574;-0.140854;0.539086;-0.067491;0.000000;2.000000;244.030838;-21.704514;1659.878174;0.438288;0.618640;-0.384583;0.383825;0.000000;2.000000;220.402496;363.126801;1674.693115;0.386362;0.585776;-0.402510;0.354347;0.000000;2.000000;283.610687;467.467621;1530.431763;0.070005;0.846869;-0.035876;0.530282;0.000000;2.000000;-82.040871;-154.316147;1988.758667;0.051916;0.609014;0.116472;0.769049;0.000000;2.000000;-175.230850;-5.810287;1625.566895;0.134590;0.390023;0.559133;0.540616;0.000000;2.000000;-202.720001;379.825958;1676.070068;0.232448;0.428109;0.506297;0.608658;0.000000;2.000000;-249.690842;467.598419;1533.577393;0.223062;-0.002549;0.791662;0.075629;0.000000;2.000000;-11.688013;-728.243469;2176.529297;0.102672;0.620883;-0.356396;0.530582;0.000000;2.000000;12.992096;-725.702576;2016.388428;0.143959;0.620883;-0.356396;0.530582;0.000000;2.000000;31.775028;-770.837402;2044.607056;0.077525;0.759943;0.123168;0.627188;0.000000;2.000000;70.589157;-793.421021;2164.307617;0.205506;0.453838;0.530582;0.356396;0.000000;2.000000;-19.196079;-762.963135;2033.648926;0.127082;0.759943;0.123168;0.627188;0.000000;2.000000;-94.697083;-784.093750;2140.006348;0.183703;0.620883;-0.356396;0.530582;0.000000;2.000000;3905766656.000000
0.000000;-149.999985;2000.000000;0.000000;-0.375314;0.586276;-0.289284;0.000000;2.000000;-5.913357;-297.181396;2100.962402;0.054346;-0.432040;0.558348;-0.340078;0.000000;2.000000;-6.368317;-428.032654;2158.057129;0.190995;-0.491519;0.498102;-0.457892;0.000000;2.000000;-10.924191;-644.203735;2179.874512;0.110936;0.533907;-0.459778;0.496362;0.000000;2.000000;23.347313;-609.096558;2180.189941;0.108520;0.681474;-0.709649;-0.012991;0.000000;2.000000;157.283875;-571.667664;2146.494629;0.047927;0.702202;-0.248408;0.126189;0.000000;2.000000;187.597122;-334.481964;2007.432861;0.078015;-0.004717;-0.075887;0.268088;0.000000;2.000000;-41.881397;-346.032043;1974.179688;0.083455;-0.031304;-0.124655;0.258764;0.000000;2.000000;-135.859482;-362.456268;1960.439575;0.103408;0.904062;-0.284216;-0.041462;0.000000;1.000000;-49.740990;-298.010010;1949.089111;0.047798;0.904062;-0.284216;-0.041462;0.000000;1.000000;-145.506378;-374.693512;1912.600708;0.077291;0.119429;-0.479357;0.630761;0.000000;1.000000;-43.753979;-607.661865;2174.442139;0.133761;0.693085;0.688401;-0.213333;0.000000;2.000000;-163.351166;-571.742920;2132.787598;0.157910;0.252089;0.699529;-0.637594;0.000000;2.000000;-193.164749;-348.955444;1962.747925;0.047764;0.014430;0.103553;0.940821;0.000000;2.000000;36.797001;-392.577301;1984.828247;0.107259;0.262132;0.143470;0.903380;0.000000;2.000000;116.718536;-404.769104;2049.901611;0.152341;0.136331;0.712160;-0.574028;0.000000;2.000000;111.241623;-328.875061;1975.653809;0.127723;0.136331;0.712160;-0.574028;0.000000;2.000000;143.473206;-357.437408;1959.383301;0.080337;0.118801;0.261297;-0.046271;0.000000;2.000000;90.137970;-144.531235;2013.251587;0.040222;-0.152752;0.527717;-0.056757;0.000000;2.000000;248.971222;-18.469467;1667.619507;0.292566;0.625537;-0.386165;0.364196;0.000000;2.000000;218.012299;363.209412;1672.991089;0.088204;0.603956;-0.392031;0.331949;0.000000;2.000000;285.078247;468.553589;1533.100952;0.097170;0.860832;-0.044162;0.506929;0.000000;2.000000;-81.281372;-154.931412;1988.050415;0.036270;0.599942;0.127988;0.772581;0.000000;2.000000;-180.304932;2.871368;1633.750854;0.389577;0.385243;0.562088;0.545174;0.000000;2.000000;-207.893845;385.649658;1683.627319;0.326124;0.449057;0.485656;0.605702;0.000000;2.000000;-247.751587;468.273376;1537.506714;0.133218;0.007833;0.775040;0.088007;0.000000;2.000000;-11.504324;-725.802307;2174.666504;0.092434;0.614252;-0.366636;0.533532;0.000000;2.000000;9.503628;-725.055847;2015.200195;0.112428;0.614252;-0.366636;0.533532;0.000000;2.000000;29.026398;-769.403870;2043.327026;0.100777;0.753415;0.118013;0.636515;0.000000;2.000000;70.270081;-790.158508;2161.524902;0.129204;0.451238;0.533532;0.366636;0.000000;2.000000;-21.837461;-762.015747;2033.467651;0.084495;0.753415;0.118013;0.636515;0.000000;2.000000;-94.326996;-782.150940;2140.891357;0.065106;0.614252;-0.366636;0.533532;0.000000;2.000000;3905799936.000000
0.000000;-150.000015;2000.000000;0.000001;-0.371644;0.588925;-0.291365;0.000000;2.000000;-5.747435;-296.666199;2101.296387;0.019111;-0.435838;0.556569;-0.349224;0.000000;2.000000;-5.827194;-428.527557;2155.516602;0.079454;-0.486952;0.504628;-0.451926;0.000000;2.000000;-9.474779;-643.936890;2181.692383;0.070319;0.529598;-0.466762;0.490939;0.000000;2.000000;24.612957;-608.744934;2181.210938;0.049991;0.676313;-0.716056;-0.021449;0.000000;2.000000;158.977112;-571.210938;2150.264648;0.124939;0.699529;-0.251550;0.128446;0.000000;2.000000;188.047714;-335.372894;2009.397339;0.066215;-0.003789;-0.077392;0.271636;0.000000;2.000000;-41.018547;-346.806519;1975.449219;0.051662;-0.034813;-0.116783;0.249223;0.000000;2.000000;-135.029312;-363.417725;1963.141724;0.089718;0.907186;-0.272647;-0.037604;0.000000;1.000000;-49.196213;-298.839111;1951.768433;0.085850;0.907186;-0.272647;-0.037604;0.000000;1.000000;-144.899796;-375.532104;1915.305176;0.087012;0.112457;-0.477859;0.620808;0.000000;1.000000;-42.416698;-607.689514;2175.609131;0.053338;0.700193;0.682235;-0.210095;0.000000;2.000000;-162.234695;-572.220459;2134.771240;0.069886;0.251335;0.700209;-0.636084;0.000000;2.000000;-192.329620;-350.468994;1964.056519;0.065147;0.018068;0.103397;0.940321;0.000000;2.000000;37.282108;-393.377533;1987.750366;0.092197;0.253460;0.141836;0.905038;0.000000;2.000000;118.237839;-405.644470;2051.290527;0.067214;0.141858;0.712097;-0.576307;0.000000;2.000000;112.460999;-329.799957;1977.219849;0.065796;0.141858;0.712097;-0.576307;0.000000;2.000000;143.889679;-358.510742;1960.987061;0.059321;0.122032;0.266220;-0.052638;0.000000;2.000000;90.152161;-144.936829;2012.446045;0.027103;-0.151884;0.527630;-0.057224;0.000000;2.000000;249.056656;-19.408249;1667.277954;0.030127;0.625130;-0.385702;0.364633;0.000000;2.000000;218.801987;361.807739;1672.799683;0.048683;0.604545;-0.391503;0.334128;0.000000;2.000000;285.356262;467.693420;1533.413086;0.028737;0.860244;-0.042243;0.508105;0.000000;2.000000;-81.294182;-154.565704;1988.776855;0.024441;0.606956;0.119876;0.769337;0.000000;2.000000;-175.024582;-3.560120;1630.703613;0.266281;0.390787;0.556718;0.544251;0.000000;2.000000;-203.895355;378.971558;1677.619873;0.295442;0.427161;0.508303;0.602627;0.000000;2.000000;-248.991165;468.358398;1537.395630;0.037483;-0.008130;0.788864;0.069968;0.000000;2.000000;-9.745792;-725.515991;2178.147705;0.117507;0.617754;-0.384038;0.530060;0.000000;2.000000;8.169842;-724.804077;2018.522217;0.107831;0.617754;-0.384038;0.530060;0.000000;2.000000;30.091377;-768.043335;2046.457275;0.107435;0.744983;0.103254;0.646365;0.000000;2.000000;74.360199;-786.277039;2163.790039;0.182592;0.435811;0.530060;0.384038;0.000000;2.000000;-21.152590;-762.922607;2037.547119;0.127247;0.744983;0.103254;0.646365;0.000000;2.000000;-90.567245;-785.504089;2146.291992;0.221921;0.617754;-0.384038;0.530060;0.000000;2.000000;3905833216.000000
0.000000;-150.000015;2000.000000;0.000000;-0.376305;0.586766;-0.294235;0.000000;2.000000;-5.453054;-298.913635;2100.207520;0.074982;-0.435315;0.556954;-0.347378;0.000000;2.000000;-5.541084;-431.471436;2155.324219;0.088383;-0.481675;0.499035;-0.459298;0.000000;2.000000;-13.896805;-648.368042;2180.614746;0.189415;0.524629;-0.460595;0.497838;0.000000;2.000000;21.191599;-613.688599;2180.230469;0.181642;0.676551;-0.714872;-0.015479;0.000000;2.000000;156.090149;-576.226074;2147.024414;0.197762;0.703815;-0.248687;0.131460;0.000000;2.000000;187.910812;-339.009216;2005.308716;0.163211;0.002534;-0.073349;0.271564;0.000000;2.000000;-43.028412;-347.174011;1972.122803;0.116406;-0.036089;-0.121862;0.257974;0.000000;2.000000;-137.503250;-364.430237;1959.053833;0.145644;0.905809;-0.282271;-0.041521;0.000000;1.000000;-50.457726;-300.165161;1948.002930;0.124843;0.905809;-0.282271;-0.041521;0.000000;1.000000;-146.506226;-377.377136;1910.482788;0.161242;0.112852;-0.484748;0.623833;0.000000;1.000000;-46.273983;-611.124146;2174.742432;0.156161;0.698554;0.679458;-0.224362;0.000000;2.000000;-165.312729;-571.614136;2132.424316;0.116827;0.254877;0.696507;-0.636389;0.000000;2.000000;-193.701660;-350.990173;1956.805664;0.220596;0.022153;0.106846;0.937388;0.000000;2.000000;37.078102;-394.881500;1983.333130;0.139274;0.258314;0.143416;0.901058;0.000000;2.000000;117.904922;-406.604156;2048.297852;0.094238;0.148157;0.712165;-0.570346;0.000000;2.000000;111.676743;-331.844910;1972.133545;0.165130;0.148157;0.712165;-0.570346;0.000000;2.000000;144.598633;-358.862061;1956.328979;0.140887;0.115274;0.264015;-0.040094;0.000000;2.000000;90.747284;-144.784058;2012.689575;0.019708;-0.145186;0.529648;-0.052641;0.000000;2.000000;250.634750;-24.725983;1662.840210;0.211822;0.629182;-0.384163;0.368474;0.000000;2.000000;217.169189;358.760254;1673.822266;0.107508;0.608649;-0.386627;0.330121;0.000000;2.000000;285.840149;466.087952;1534.819214;0.065254;0.863975;-0.041597;0.501806;0.000000;2.000000;-81.830826;-154.703491;1988.557373;0.017770;0.609704;0.113920;0.767212;0.000000;2.000000;-174.638290;-4.186646;1626.957397;0.113843;0.384329;0.557448;0.539201;0.000000;2.000000;-206.971176;379.555786;1682.949585;0.184317;0.442245;0.487045;0.605074;0.000000;2.000000;-248.258911;464.583191;1537.470093;0.114691;-0.001344;0.775581;0.086636;0.000000;2.000000;-15.971529;-730.467102;2176.639160;0.241419;0.619901;-0.363892;0.531091;0.000000;2.000000;6.676840;-728.258118;2016.507568;0.127275;0.619901;-0.363892;0.531091;0.000000;2.000000;26.359259;-772.940308;2044.616577;0.191624;0.755549;0.118228;0.632849;0.000000;2.000000;66.845863;-794.481506;2163.691895;0.331763;0.448607;0.531091;0.363892;0.000000;2.000000;-24.742949;-765.796631;2034.271973;0.168356;0.755549;0.118228;0.632849;0.000000;2.000000;-98.515137;-787.444580;2141.421143;0.283920;0.619901;-0.363892;0.531091;0.000000;2.000000;3905866752.000000
0.000000;-150.000000;2000.000000;0.000000;-0.374858;0.580071;-0.266177;0.000000;2.000000;-8.786942;-294.584534;2106.456055;0.249417;-0.445161;0.547996;-0.327158;0.000000;2.000000;-9.228474;-426.476074;2163.531250;0.309226;-0.494764;0.498831;-0.449557;0.000000;2.000000;-12.110617;-643.892456;2187.542236;0.253566;0.537406;-0.461173;0.488111;0.000000;2.000000;22.053450;-608.230469;2187.985596;0.286130;0.676364;-0.714144;-0.017287;0.000000;2.000000;156.722092;-569.692627;2154.418457;0.297092;0.703303;-0.250438;0.137380;0.000000;2.000000;188.661911;-333.888733;2009.822510;0.206345;-0.007932;-0.067001;0.277675;0.000000;2.000000;-42.911800;-346.137573;1980.841064;0.263835;-0.024933;-0.126709;0.262477;0.000000;2.000000;-137.595200;-361.619873;1966.372925;0.235596;0.905403;-0.288308;-0.042754;0.000000;1.000000;-49.867805;-298.073944;1955.421875;0.232289;0.905403;-0.288308;-0.042754;0.000000;1.000000;-145.916687;-375.146942;1917.853149;0.232059;0.119218;-0.484989;0.627767;0.000000;1.000000;-45.417328;-607.472839;2181.267090;0.226135;0.694411;0.684488;-0.221323;0.000000;2.000000;-164.870819;-570.436829;2137.467529;0.156179;0.250954;0.696888;-0.637877;0.000000;2.000000;-192.464935;-348.233063;1963.234741;0.213456;0.023716;0.108137;0.938534;0.000000;2.000000;38.393799;-392.600281;1990.504639;0.229559;0.264769;0.143747;0.900534;0.000000;2.000000;118.500282;-404.240112;2056.545166;0.258416;0.141823;0.712053;-0.569742;0.000000;2.000000;112.692848;-329.096527;1980.567139;0.268273;0.141823;0.712053;-0.569742;0.000000;2.000000;145.913971;-356.607361;1964.684082;0.263022;0.114694;0.259871;-0.037929;0.000000;2.000000;90.006958;-142.932709;2017.027710;0.143462;-0.145206;0.522796;-0.046241;0.000000;2.000000;255.877213;-25.175888;1668.693237;0.236491;0.635975;-0.380259;0.361819;0.000000;2.000000;218.050217;358.297577;1680.252686;0.195522;0.610881;-0.388420;0.328956;0.000000;2.000000;285.718353;466.286530;1540.999268;0.185831;0.863622;-0.043670;0.502245;0.000000;2.000000;-81.163239;-156.372894;1984.645386;0.129368;0.616600;0.108267;0.761522;0.000000;2.000000;-168.266571;-6.531464;1620.877563;0.273852;0.382696;0.554064;0.533426;0.000000;2.000000;-204.540009;376.365631;1682.794556;0.120611;0.421361;0.505627;0.594389;0.000000;2.000000;-248.419785;470.528229;1543.616943;0.257000;-0.025887;0.781219;0.066108;0.000000;2.000000;-11.866102;-726.080200;2183.090576;0.264901;0.618072;-0.366772;0.533655;0.000000;2.000000;9.227610;-723.728394;2022.575806;0.240100;0.618072;-0.366772;0.533655;0.000000;2.000000;29.344728;-768.408569;2050.499512;0.240495;0.752224;0.118004;0.636698;0.000000;2.000000;71.107048;-789.897949;2169.288086;0.252268;0.445733;0.533655;0.366772;0.000000;2.000000;-21.932589;-761.412231;2040.648926;0.247394;0.752224;0.118004;0.636698;0.000000;2.000000;-94.660606;-783.359985;2148.619629;0.274343;0.618072;-0.366772;0.533655;0.000000;2.000000;3905900032.000000
0.000000;-149.999985;2000.000000;0.000000;-0.379103;0.578288;-0.278390;0.000000;2.000000;-8.343830;-297.179535;2102.748535;0.136631;-0.438262;0.550518;-0.329921;0.000000;2.000000;-9.740324;-428.597900;2160.746094;0.106326;-0.495083;0.499348;-0.452532;0.000000;2.000000;-12.251173;-646.068604;2183.467773;0.138862;0.537468;-0.461450;0.491119;0.000000;2.000000;21.865789;-610.388977;2183.904785;0.138832;0.679807;-0.711314;-0.015214;0.000000;2.000000;156.663177;-572.438782;2150.434814;0.145397;0.698253;-0.255760;0.127502;0.000000;2.000000;186.149811;-335.479584;2007.431641;0.114647;-0.002595;-0.081525;0.273905;0.000000;2.000000;-44.348797;-347.074341;1971.262695;0.292391;-0.033255;-0.091896;0.221193;0.000000;2.000000;-139.758469;-362.308594;1962.819824;0.126697;0.921919;-0.238100;-0.026069;0.000000;1.000000;-51.249920;-299.862427;1952.272339;0.116486;0.921919;-0.238100;-0.026069;0.000000;1.000000;-146.998032;-377.195984;1913.288086;0.153826;0.081680;-0.485833;0.569318;0.000000;1.000000;-45.620178;-609.661316;2177.626465;0.127783;0.692919;0.684878;-0.224504;0.000000;2.000000;-164.618622;-572.617126;2132.770020;0.155798;0.254461;0.697979;-0.637488;0.000000;2.000000;-194.070206;-349.708130;1959.934204;0.118856;0.016336;0.107585;0.939144;0.000000;2.000000;36.891510;-394.993469;1983.778198;0.219226;0.263511;0.133779;0.902179;0.000000;2.000000;117.781723;-404.897644;2049.075439;0.226351;0.138744;0.712018;-0.569959;0.000000;2.000000;112.171982;-329.527588;1973.368286;0.217264;0.138744;0.712018;-0.569959;0.000000;2.000000;144.779510;-357.958618;1959.072998;0.176741;0.116449;0.252643;-0.059174;0.000000;2.000000;90.190720;-143.818420;2016.178589;0.037280;-0.154475;0.519339;-0.048846;0.000000;2.000000;256.658844;-18.834747;1670.848877;0.202614;0.631362;-0.383552;0.353614;0.000000;2.000000;221.414322;364.894653;1673.301880;0.305180;0.604727;-0.396410;0.329576;0.000000;2.000000;287.464783;470.608704;1531.650146;0.313909;0.859756;-0.048929;0.508338;0.000000;2.000000;-81.328941;-155.574173;1985.411011;0.033616;0.619049;0.096549;0.765304;0.000000;2.000000;-167.892349;-22.479004;1615.238403;0.508394;0.387985;0.556977;0.533554;0.000000;2.000000;-198.456131;361.422974;1672.877319;0.569051;0.382396;0.553087;0.584464;0.000000;2.000000;-250.554901;467.882996;1546.030884;0.125280;-0.048235;0.807729;0.025768;0.000000;2.000000;-11.953688;-728.194824;2178.526367;0.151173;0.610342;-0.362559;0.540803;0.000000;2.000000;7.682467;-726.304565;2017.886719;0.167332;0.610342;-0.362559;0.540803;0.000000;2.000000;27.002104;-771.429993;2045.610718;0.186485;0.750611;0.126038;0.638774;0.000000;2.000000;69.340530;-793.904358;2163.956787;0.207298;0.451182;0.540803;0.362559;0.000000;2.000000;-24.166769;-763.238892;2036.242920;0.158263;0.750611;0.126038;0.638774;0.000000;2.000000;-96.347809;-783.495300;2144.844238;0.124323;0.610342;-0.362559;0.540803;0.000000;2.000000;3905933312.000000
0.000000;-150.000015;2000.000000;0.000001;-0.379939;0.578841;-0.278975;0.000000;2.000000;-7.896181;-297.633911;2102.635742;0.019463;-0.438682;0.551175;-0.330289;0.000000;2.000000;-8.980494;-429.325500;2160.590088;0.031957;-0.494697;0.499121;-0.453048;0.000000;2.000000;-11.761208;-647.147583;2183.286865;0.036020;0.537094;-0.461183;0.491615;0.000000;2.000000;22.455978;-611.454346;2183.718262;0.037023;0.677069;-0.711744;-0.026707;0.000000;2.000000;156.574219;-569.812927;2150.923096;0.080299;0.676261;-0.310382;0.101615;0.000000;2.000000;186.496323;-338.425781;1998.338867;0.287393;0.046074;-0.158248;0.285692;0.000000;2.000000;-34.772339;-339.227936;1922.268799;1.518447;-0.127630;0.144069;-0.019633;0.000000;1.000000;-121.133896;-371.515717;1952.857910;0.692336;0.912164;0.057124;0.133709;0.000000;1.000000;-48.032421;-293.652740;1931.039917;0.671713;0.912164;0.057124;0.133709;0.000000;1.000000;-152.537811;-373.174072;1916.261841;0.224273;-0.038583;-0.292874;0.384231;0.000000;1.000000;-45.140087;-610.637817;2177.462646;0.033065;0.692819;0.685007;-0.224773;0.000000;2.000000;-164.339417;-572.653748;2133.304199;0.018145;0.254614;0.697224;-0.638663;0.000000;2.000000;-193.284210;-349.027710;1960.563599;0.036517;0.014541;0.107063;0.939441;0.000000;2.000000;38.126629;-394.449738;1983.537842;0.041188;0.273342;0.132659;0.900203;0.000000;2.000000;117.995056;-403.631744;2050.446289;0.056433;0.133789;0.713691;-0.564454;0.000000;2.000000;112.154480;-328.560608;1974.218872;0.038701;0.133789;0.713691;-0.564454;0.000000;2.000000;146.417343;-357.706543;1961.118530;0.079103;0.119123;0.241832;-0.063085;0.000000;2.000000;90.358704;-143.690994;2016.026733;0.007808;-0.158919;0.518383;-0.052497;0.000000;2.000000;256.769714;-14.062744;1671.628662;0.145330;0.632878;-0.381661;0.354777;0.000000;2.000000;221.106293;370.227661;1676.238037;0.183162;0.585953;-0.409882;0.327142;0.000000;2.000000;287.302155;468.507751;1529.008301;0.101542;0.854014;-0.060319;0.516138;0.000000;2.000000;-81.480415;-155.689148;1985.547974;0.007042;0.621569;0.090154;0.762622;0.000000;2.000000;-166.623016;-22.632172;1614.331421;0.047103;0.376997;0.559019;0.526412;0.000000;2.000000;-202.014938;359.234680;1685.381470;0.396142;0.401107;0.525522;0.586903;0.000000;2.000000;-249.351349;460.760010;1552.390869;0.289204;-0.044160;0.790009;0.046888;0.000000;2.000000;-11.570183;-729.404114;2178.313477;0.038653;0.626142;-0.368578;0.532221;0.000000;2.000000;9.550827;-724.238220;2017.672974;0.083953;0.626142;-0.368578;0.532221;0.000000;2.000000;30.748428;-768.872314;2045.000977;0.137528;0.750025;0.115713;0.636962;0.000000;2.000000;73.017120;-791.082275;2163.642090;0.139588;0.434553;0.532221;0.368578;0.000000;2.000000;-20.739574;-762.960327;2035.201782;0.107953;0.750025;0.115713;0.636962;0.000000;2.000000;-93.049812;-788.223328;2142.921387;0.182598;0.626142;-0.368578;0.532221;0.000000;2.000000;3905966592.000000
0.000000;-150.000000;2000.000000;0.000000;-0.377307;0.579848;-0.281966;0.000000;2.000000;-8.164572;-297.499359;2102.507324;0.009737;-0.435104;0.552383;-0.332568;0.000000;2.000000;-9.763414;-428.923767;2160.715088;0.026503;-0.492379;0.495201;-0.458114;0.000000;2.000000;-15.246446;-646.614624;2182.127930;0.110667;0.534897;-0.456869;0.496351;0.000000;2.000000;19.384253;-611.390991;2182.717773;0.096349;0.681141;-0.709617;-0.017646;0.000000;2.000000;154.097275;-572.574951;2149.501465;0.118471;0.703787;-0.256432;0.126501;0.000000;2.000000;188.116348;-335.699005;2007.017822;0.275535;-0.000762;-0.080904;0.274252;0.000000;2.000000;-42.581196;-346.413727;1970.870972;1.483397;-0.151887;-0.005700;0.237261;0.000000;2.000000;-132.882538;-379.327606;1984.319702;1.028162;0.898695;-0.232194;0.049104;0.000000;1.000000;-54.131088;-309.619507;1956.056152;0.903435;0.898695;-0.232194;0.049104;0.000000;1.000000;-139.594452;-393.505737;1922.493408;0.742324;-0.003625;-0.513664;0.497487;0.000000;1.000000;-48.140129;-609.690308;2176.568848;0.097525;0.691245;0.685370;-0.228295;0.000000;2.000000;-166.780045;-571.540161;2131.437500;0.097454;0.253364;0.694904;-0.639202;0.000000;2.000000;-193.504028;-349.716248;1956.475098;0.123804;0.020916;0.107224;0.938069;0.000000;2.000000;37.562744;-394.080383;1982.453735;0.038066;0.274354;0.137081;0.898875;0.000000;2.000000;116.939255;-403.874268;2049.704102;0.039157;0.133481;0.709332;-0.568872;0.000000;2.000000;112.449966;-328.751251;1973.580200;0.021740;0.133481;0.709332;-0.568872;0.000000;2.000000;145.867325;-357.855042;1959.978516;0.038002;0.119474;0.242299;-0.057044;0.000000;2.000000;90.399925;-144.239822;2015.488647;0.022952;-0.156753;0.519076;-0.053257;0.000000;2.000000;256.623596;-15.862427;1670.983154;0.057178;0.632505;-0.380887;0.356731;0.000000;2.000000;221.812912;368.119171;1676.864746;0.068892;0.586660;-0.411051;0.335022;0.000000;2.000000;285.574463;468.288116;1530.065552;0.060752;0.850537;-0.055569;0.522572;0.000000;2.000000;-81.517593;-155.194199;1986.033203;0.020698;0.617446;0.096205;0.765015;0.000000;2.000000;-169.787979;-18.351166;1617.350098;0.182495;0.375100;0.563221;0.526477;0.000000;2.000000;-202.583298;363.187958;1689.359741;0.168094;0.416503;0.509663;0.598441;0.000000;2.000000;-248.948044;457.164581;1550.811157;0.117719;-0.025611;0.786895;0.066141;0.000000;2.000000;-16.095446;-728.758301;2176.680908;0.144737;0.621108;-0.349715;0.531543;0.000000;2.000000;9.848219;-725.672485;2016.851318;0.050080;0.621108;-0.349715;0.531543;0.000000;2.000000;27.846701;-771.154602;2044.953125;0.110092;0.762753;0.128572;0.623144;0.000000;2.000000;65.422554;-794.831543;2164.752930;0.254716;0.457587;0.531543;0.349715;0.000000;2.000000;-22.905832;-762.604248;2033.650024;0.080164;0.762753;0.128572;0.623144;0.000000;2.000000;-99.440300;-783.359497;2139.238281;0.263454;0.621108;-0.349715;0.531543;0.000000;2.000000;3906000128.000000
0.000000;-150.000000;2000.000000;0.000000;-0.375401;0.579597;-0.282671;0.000000;2.000000;-8.791092;-297.502380;2102.895996;0.022154;-0.442170;0.547294;-0.341035;0.000000;2.000000;-10.218719;-430.596771;2157.717285;0.104060;-0.488790;0.498702;-0.451211;0.000000;2.000000;-15.732635;-648.129883;2183.449707;0.062160;0.531778;-0.460912;0.489750;0.000000;2.000000;18.928635;-612.833557;2183.525146;0.051526;0.672702;-0.717052;-0.023961;0.000000;2.000000;153.595551;-572.755371;2150.740234;0.040524;0.704914;-0.256386;0.122424;0.000000;2.000000;188.535110;-334.715607;2009.656250;0.085538;-0.003141;-0.082891;0.271754;0.000000;2.000000;-42.331600;-346.671692;1972.847900;0.060374;-0.150685;-0.006533;0.237478;0.000000;2.000000;-132.854553;-379.454224;1986.116333;0.054126;0.898948;-0.232578;0.048439;0.000000;1.000000;-53.853962;-309.748688;1957.948608;0.057602;0.898948;-0.232578;0.048439;0.000000;1.000000;-139.465576;-393.645050;1924.189453;0.051281;-0.002411;-0.513957;0.498024;0.000000;1.000000;-48.658104;-611.288330;2176.975586;0.051935;0.697080;0.677663;-0.233676;0.000000;2.000000;-166.827393;-572.163940;2130.903320;0.024718;0.251873;0.694603;-0.641561;0.000000;2.000000;-192.923065;-348.390747;1957.686279;0.056706;0.017996;0.108699;0.939286;0.000000;2.000000;38.373047;-394.023621;1982.447266;0.024408;0.279007;0.137279;0.903009;0.000000;2.000000;117.266647;-404.926758;2050.321777;0.037966;0.117143;0.713258;-0.570556;0.000000;2.000000;112.451599;-327.471222;1976.373413;0.092324;0.117143;0.713258;-0.570556;0.000000;2.000000;147.661835;-358.065704;1964.592163;0.148883;0.126262;0.226773;-0.100217;0.000000;2.000000;90.553146;-144.590637;2015.490967;0.011503;-0.155922;0.516106;-0.057324;0.000000;2.000000;259.706848;-14.810257;1672.271606;0.105270;0.635583;-0.374369;0.359936;0.000000;2.000000;225.634781;369.657074;1683.787354;0.242058;0.568084;-0.428517;0.349518;0.000000;2.000000;283.536041;466.316437;1531.950439;0.102320;0.835677;-0.057807;0.545250;0.000000;2.000000;-81.655762;-154.877853;1986.031250;0.010373;0.624602;0.090048;0.758740;0.000000;2.000000;-163.801926;-18.306824;1615.215210;0.190971;0.374877;0.556526;0.523417;0.000000;2.000000;-202.624405;362.661957;1690.167480;0.028990;0.409787;0.510852;0.594113;0.000000;2.000000;-249.218719;459.677643;1553.495605;0.110791;-0.037643;0.784706;0.062300;0.000000;2.000000;-16.519461;-730.481995;2179.623047;0.103250;0.620780;-0.348617;0.519025;0.000000;2.000000;13.778461;-731.987305;2020.305786;0.246426;0.620780;-0.348617;0.519025;0.000000;2.000000;30.484692;-776.965698;2050.124023;0.246808;0.773406;0.120497;0.613516;0.000000;2.000000;64.591736;-797.877686;2171.656250;0.228099;0.472981;0.519025;0.348617;0.000000;2.000000;-19.909611;-768.127563;2037.207275;0.216968;0.773406;0.120497;0.613516;0.000000;2.000000;-99.607269;-785.185913;2141.340820;0.083835;0.620780;-0.348617;0.519025;0.000000;2.000000;3906033408.000000
0.000000;-150.000015;2000.000000;0.000000;-0.375389;0.579187;-0.283110;0.000000;2.000000;-8.962158;-297.529846;2102.746094;0.006884;-0.441984;0.546946;-0.341260;0.000000;2.000000;-10.546162;-430.591675;2157.527344;0.011376;-0.488211;0.498089;-0.451507;0.000000;2.000000;-16.574341;-648.035522;2183.332275;0.025694;0.531267;-0.460277;0.489996;0.000000;2.000000;18.157108;-612.829346;2183.417725;0.023407;0.672334;-0.717339;-0.024097;0.000000;2.000000;152.759140;-572.711426;2150.607910;0.025479;0.698659;-0.265582;0.124290;0.000000;2.000000;185.469345;-336.862610;2005.533569;0.167314;0.017644;-0.095592;0.277208;0.000000;2.000000;-44.125168;-341.371368;1960.478027;0.407951;-0.165714;0.012771;0.234181;0.000000;1.000000;-133.247650;-375.954315;1977.816528;0.270917;0.902815;-0.226463;0.060980;0.000000;1.000000;-53.363831;-308.009430;1948.013428;0.303431;0.902815;-0.226463;0.060980;0.000000;1.000000;-142.692245;-390.704590;1917.009399;0.252495;-0.023865;-0.500974;0.494923;0.000000;1.000000;-49.400887;-611.132324;2176.823486;0.023260;0.697139;0.677087;-0.235166;0.000000;2.000000;-167.348740;-571.792664;2130.483887;0.022994;0.251604;0.693532;-0.642177;0.000000;2.000000;-192.514603;-348.490540;1956.663940;0.033216;0.019808;0.109923;0.938773;0.000000;2.000000;38.551991;-394.339630;1982.457886;0.010917;0.279105;0.136739;0.901890;0.000000;2.000000;117.441666;-404.836517;2050.352051;0.005986;0.119344;0.711369;-0.571014;0.000000;2.000000;113.093124;-327.803436;1975.982056;0.024689;0.119344;0.711369;-0.571014;0.000000;2.000000;147.905212;-358.566467;1964.408325;0.017618;0.127428;0.225940;-0.098033;0.000000;2.000000;90.523972;-144.684814;2015.527954;0.003164;-0.156263;0.514698;-0.057290;0.000000;2.000000;260.712585;-14.690109;1673.046631;0.038323;0.636663;-0.373072;0.359261;0.000000;2.000000;226.338577;369.616760;1685.078369;0.044199;0.566982;-0.429454;0.349623;0.000000;2.000000;284.062134;465.863342;1532.983032;0.037389;0.835115;-0.058404;0.545987;0.000000;2.000000;-81.629440;-154.792953;1985.997803;0.002854;0.623682;0.091952;0.759188;0.000000;2.000000;-164.397736;-16.994385;1615.908447;0.048059;0.374971;0.557235;0.523644;0.000000;2.000000;-202.537476;363.979309;1690.569092;0.041465;0.413639;0.506856;0.597695;0.000000;2.000000;-249.064575;458.837585;1552.434814;0.040922;-0.032322;0.784392;0.067627;0.000000;2.000000;-17.546963;-730.362061;2179.538086;0.031189;0.620580;-0.355038;0.519179;0.000000;2.000000;11.206100;-731.997681;2019.985962;0.077890;0.620580;-0.355038;0.519179;0.000000;2.000000;28.745071;-776.661621;2049.766113;0.054144;0.769937;0.116065;0.618164;0.000000;2.000000;64.275818;-796.768188;2170.984863;0.040107;0.468276;0.519179;0.355038;0.000000;2.000000;-21.861477;-768.481689;2037.319580;0.059703;0.769937;0.116065;0.618164;0.000000;2.000000;-100.303375;-786.178101;2142.246094;0.045456;0.620580;-0.355038;0.519179;0.000000;2.000000;3906066688.000000
0.000000;-150.000000;2000.000000;0.000000;-0.388701;0.562889;-0.277703;0.000000;2.000000;-12.017027;-298.092560;2099.232422;0.140921;-0.435066;0.542018;-0.316512;0.000000;2.000000;-16.856052;-427.334778;2159.859375;0.224579;0.507354;-0.480093;0.444556;0.000000;2.000000;-22.252710;-643.779419;2179.781738;0.238432;0.550690;-0.442897;0.481625;0.000000;2.000000;11.881561;-608.600586;2182.404541;0.229414;0.678982;-0.713046;-0.027596;0.000000;2.000000;146.298599;-569.413208;2152.532715;0.225504;0.668731;-0.349976;0.071882;0.000000;2.000000;184.869019;-341.990997;1999.618774;0.235922;0.037983;-0.204927;0.292669;0.000000;2.000000;-27.231344;-353.386230;1905.610962;1.762404;-0.132579;0.098641;0.013447;0.000000;1.000000;-115.118423;-385.442291;1929.021606;1.589891;0.897316;0.017604;0.097985;0.000000;1.000000;-49.002571;-301.557922;1911.630859;1.117988;0.897316;0.017604;0.097985;0.000000;1.000000;-148.882690;-394.303009;1914.475464;0.228229;-0.093615;-0.256234;0.490616;0.000000;1.000000;-54.792877;-607.234375;2172.662598;0.235797;0.683738;0.689697;-0.235243;0.000000;2.000000;-171.530716;-571.429199;2123.301758;0.249967;0.243980;0.691643;-0.646169;0.000000;2.000000;-192.903229;-348.428345;1952.040405;0.139431;0.026232;0.112846;0.939771;0.000000;2.000000;36.002491;-394.349915;1980.709229;0.092896;0.260193;0.136841;0.909797;0.000000;2.000000;116.650177;-406.690979;2044.936401;0.173642;0.121557;0.716266;-0.577425;0.000000;2.000000;110.733383;-328.339111;1973.242676;0.109828;0.121557;0.716266;-0.577425;0.000000;2.000000;145.614578;-358.687256;1962.765625;0.084776;0.132784;0.228920;-0.142276;0.000000;2.000000;89.054245;-144.249847;2019.365845;0.124178;-0.165083;0.503603;-0.032208;0.000000;2.000000;264.766113;-19.070770;1681.433472;0.309306;0.640497;-0.383606;0.327954;0.000000;2.000000;220.786469;361.448853;1672.243042;0.486636;0.616165;-0.399651;0.318881;0.000000;2.000000;284.279602;468.403503;1531.782227;0.084678;0.862226;-0.058688;0.503021;0.000000;2.000000;-80.304131;-155.185165;1982.536865;0.111980;0.620045;0.099876;0.759989;0.000000;2.000000;-164.864105;-11.301361;1618.470947;0.188117;0.382149;0.550243;0.533557;0.000000;2.000000;-204.508499;368.821899;1680.548096;0.339631;0.416216;0.504798;0.600363;0.000000;2.000000;-250.785934;461.468750;1542.448486;0.314592;-0.027992;0.784806;0.070945;0.000000;2.000000;-22.348015;-725.378662;2173.943848;0.267377;0.618647;-0.372393;0.506873;0.000000;2.000000;6.098179;-732.254028;2015.700439;0.200496;0.618647;-0.372393;0.506873;0.000000;2.000000;24.491962;-775.070251;2046.854980;0.162082;0.770375;0.095092;0.621735;0.000000;2.000000;60.278286;-789.778931;2167.775146;0.260453;0.470828;0.506873;0.372393;0.000000;2.000000;-25.913456;-768.509644;2034.287842;0.152065;0.770375;0.095092;0.621735;0.000000;2.000000;-103.291367;-783.889099;2139.137451;0.146687;0.618647;-0.372393;0.506873;0.000000;2.000000;3906099968.000000
0.000000;-150.000000;2000.000000;0.000000;-0.387855;0.563662;-0.277700;0.000000;2.000000;-11.924240;-297.791962;2099.371094;0.010331;-0.434416;0.542689;-0.316734;0.000000;2.000000;-16.712120;-426.851501;2160.056152;0.016265;0.506844;-0.478192;0.448092;0.000000;2.000000;-23.116840;-643.167969;2178.665039;0.046235;0.550124;-0.440718;0.484997;0.000000;2.000000;11.162796;-608.208618;2181.408203;0.038749;0.683180;-0.710383;-0.022036;0.000000;2.000000;145.997360;-570.952271;2151.630859;0.054360;0.700270;-0.296517;0.087526;0.000000;2.000000;189.294113;-336.146362;2012.238281;0.438530;-0.025082;-0.128808;0.281055;0.000000;2.000000;-34.762188;-364.013916;1958.678833;1.641918;-0.103583;-0.102758;0.284889;0.000000;2.000000;-126.677429;-392.428772;1953.634277;0.843599;0.866044;-0.302764;-0.007415;0.000000;1.000000;-52.797935;-317.454865;1928.981812;0.716237;0.866044;-0.302764;-0.007415;0.000000;1.000000;-136.943649;-418.316437;1918.389404;0.814355;-0.043570;-0.492574;0.608300;0.000000;1.000000;-55.462685;-606.457764;2171.859375;0.039143;0.682123;0.690985;-0.235906;0.000000;2.000000;-171.972000;-570.733704;2122.250488;0.040130;0.243674;0.691994;-0.645225;0.000000;2.000000;-193.512726;-348.444336;1950.547974;0.048443;0.027842;0.111150;0.939583;0.000000;2.000000;35.302525;-393.305054;1979.692749;0.048590;0.270005;0.137529;0.907145;0.000000;2.000000;114.628250;-405.155151;2045.472900;0.077979;0.114879;0.712297;-0.578325;0.000000;2.000000;110.257858;-326.904602;1973.714722;0.047574;0.114879;0.712297;-0.578325;0.000000;2.000000;145.049011;-357.517334;1964.030273;0.054485;0.131252;0.218588;-0.144411;0.000000;2.000000;89.001373;-144.279358;2019.187988;0.005645;-0.166066;0.501100;-0.036728;0.000000;2.000000;266.292145;-16.660858;1683.473511;0.105375;0.643752;-0.377861;0.331248;0.000000;2.000000;222.505737;363.589661;1679.773560;0.240849;0.594096;-0.419447;0.332743;0.000000;2.000000;280.956879;465.070618;1533.435303;0.149883;0.847564;-0.063055;0.526890;0.000000;2.000000;-80.256447;-155.158569;1982.697266;0.005091;0.625273;0.089563;0.756887;0.000000;2.000000;-161.086136;-16.989532;1616.018311;0.218017;0.381656;0.544662;0.533042;0.000000;2.000000;-205.709824;362.036255;1679.013672;0.212137;0.405856;0.513502;0.585130;0.000000;2.000000;-250.353394;461.993774;1545.774658;0.102014;-0.048735;0.780293;0.054122;0.000000;2.000000;-23.628719;-724.647583;2172.340576;0.065455;0.618530;-0.365963;0.507820;0.000000;2.000000;5.947483;-731.159424;2014.452393;0.050087;0.618530;-0.365963;0.507820;0.000000;2.000000;23.542542;-774.298767;2045.521973;0.054365;0.773232;0.100308;0.617858;0.000000;2.000000;58.153370;-789.981567;2166.529297;0.074265;0.474984;0.507820;0.365963;0.000000;2.000000;-26.626499;-767.059692;2032.603516;0.070133;0.773232;0.100308;0.617858;0.000000;2.000000;-104.936584;-781.927856;2136.668457;0.106868;0.618530;-0.365963;0.507820;0.000000;2.000000;3906133248.000000
0.000000;-150.000000;2000.000000;0.000000;-0.386907;0.566162;-0.283348;0.000000;2.000000;-11.118036;-298.046692;2098.261230;0.041604;-0.434728;0.544011;-0.323848;0.000000;2.000000;-15.407374;-427.451782;2157.371338;0.090793;0.504590;-0.476370;0.453865;0.000000;2.000000;-23.530157;-643.279968;2174.447754;0.126401;0.547792;-0.438439;0.490605;0.000000;2.000000;10.979303;-608.724854;2177.195801;0.126666;0.689051;-0.707005;-0.023033;0.000000;2.000000;146.401688;-573.104858;2149.943359;0.082446;0.700611;-0.289984;0.084901;0.000000;2.000000;187.737289;-336.901978;2013.751343;0.068544;-0.028818;-0.125996;0.274634;0.000000;2.000000;-35.985050;-365.630676;1961.841309;0.112011;-0.093209;-0.127853;0.282477;0.000000;2.000000;-127.388870;-393.466064;1951.621948;0.070763;0.864236;-0.308713;-0.028916;0.000000;1.000000;-53.588264;-317.700714;1930.634888;0.055126;0.864236;-0.308713;-0.028916;0.000000;1.000000;-136.961136;-419.022827;1917.369141;0.037007;-0.028214;-0.501485;0.612406;0.000000;1.000000;-55.521812;-606.340576;2168.141113;0.110943;0.681374;0.695255;-0.225609;0.000000;2.000000;-173.018860;-571.982788;2120.840820;0.064254;0.241487;0.689726;-0.647735;0.000000;2.000000;-192.147156;-350.148773;1949.443115;0.072983;0.029016;0.108963;0.939899;0.000000;2.000000;36.278000;-393.773621;1978.690063;0.043991;0.267352;0.139051;0.906975;0.000000;2.000000;115.625847;-405.863403;2043.980713;0.057539;0.119749;0.713803;-0.576562;0.000000;2.000000;110.569191;-328.246155;1971.981689;0.066007;0.119749;0.713803;-0.576562;0.000000;2.000000;145.836411;-358.121490;1962.358154;0.057982;0.131023;0.221258;-0.140766;0.000000;2.000000;89.027649;-144.706757;2018.048462;0.036299;-0.167707;0.500472;-0.037461;0.000000;2.000000;265.930359;-16.024567;1683.757446;0.023411;0.643087;-0.378054;0.330158;0.000000;2.000000;222.796982;363.303619;1678.921265;0.028179;0.595647;-0.415452;0.326434;0.000000;2.000000;283.720886;463.784454;1533.516968;0.090938;0.851926;-0.064680;0.519574;0.000000;2.000000;-80.280144;-154.773132;1983.724976;0.032737;0.626580;0.106519;0.749325;0.000000;2.000000;-156.943542;1.908234;1624.789917;0.633412;0.384668;0.539968;0.530248;0.000000;2.000000;-203.600311;379.710907;1687.600220;0.589304;0.431410;0.475741;0.621270;0.000000;2.000000;-250.228027;460.350861;1543.002441;0.096163;-0.009305;0.778918;0.106143;0.000000;2.000000;-24.784792;-724.496948;2167.568115;0.146493;0.617279;-0.371928;0.510764;0.000000;2.000000;2.396650;-730.571533;2009.649658;0.178963;0.617279;-0.371928;0.510764;0.000000;2.000000;20.859209;-773.438232;2040.333130;0.176069;0.767961;0.098171;0.624158;0.000000;2.000000;57.363556;-788.808472;2160.481934;0.185190;0.468782;0.510764;0.371928;0.000000;2.000000;-29.443087;-766.728821;2028.211914;0.155883;0.767961;0.098171;0.624158;0.000000;2.000000;-105.816246;-782.445068;2133.166992;0.108753;0.617279;-0.371928;0.510764;0.000000;2.000000;3906166784.000000
0.000000;-149.999985;2000.000000;0.000000;-0.381422;0.568447;-0.284696;0.000000;2.000000;-11.694611;-297.623962;2099.512207;0.043295;-0.434309;0.543631;-0.329620;0.000000;2.000000;-16.215073;-427.798889;2157.639648;0.027619;0.502988;-0.480528;0.450624;0.000000;2.000000;-23.326473;-643.944702;2176.890869;0.076325;0.546236;-0.442843;0.487708;0.000000;2.000000;11.104368;-609.133423;2179.223145;0.062256;0.686493;-0.709697;-0.016918;0.000000;2.000000;146.900818;-574.808167;2150.606934;0.056939;0.699717;-0.287520;0.091449;0.000000;2.000000;186.846848;-338.890930;2012.327148;0.078224;-0.026319;-0.120589;0.276567;0.000000;2.000000;-38.036026;-365.998352;1962.389648;0.064742;-0.101572;-0.122284;0.280418;0.000000;2.000000;-129.411880;-395.083588;1953.562622;0.097252;0.866396;-0.304664;-0.027695;0.000000;1.000000;-55.182301;-319.357910;1932.761230;0.094107;0.866396;-0.304664;-0.027695;0.000000;1.000000;-138.616837;-420.602783;1918.294678;0.074178;-0.033155;-0.504270;0.605583;0.000000;1.000000;-55.570007;-607.136353;2170.284180;0.068706;0.685001;0.692412;-0.222398;0.000000;2.000000;-173.583908;-574.442139;2122.317383;0.087851;0.240594;0.689958;-0.647124;0.000000;2.000000;-192.691238;-352.460999;1950.124268;0.074252;0.030798;0.107105;0.939862;0.000000;2.000000;36.360527;-395.078918;1979.967163;0.054928;0.265390;0.136449;0.911118;0.000000;2.000000;116.297272;-407.675507;2044.792847;0.062987;0.110400;0.716033;-0.579700;0.000000;2.000000;111.009506;-328.243530;1974.475464;0.076092;0.110400;0.716033;-0.579700;0.000000;2.000000;145.627167;-358.768402;1963.682251;0.044725;0.128801;0.225433;-0.149168;0.000000;2.000000;89.373756;-145.300690;2017.474487;0.026909;-0.159719;0.503727;-0.037292;0.000000;2.000000;266.131195;-21.789963;1680.148560;0.204469;0.644773;-0.375954;0.337409;0.000000;2.000000;222.456009;358.325562;1681.590576;0.170037;0.598907;-0.411468;0.330572;0.000000;2.000000;283.351746;461.160461;1537.310547;0.139045;0.852302;-0.058913;0.519699;0.000000;2.000000;-80.592239;-154.237549;1984.242554;0.024265;0.624878;0.110346;0.748697;0.000000;2.000000;-158.459259;7.729858;1626.967773;0.192241;0.381248;0.541098;0.528990;0.000000;2.000000;-206.297272;385.638611;1693.225708;0.258584;0.448813;0.453940;0.628043;0.000000;2.000000;-249.481384;458.965637;1543.324585;0.048265;0.005935;0.768266;0.126216;0.000000;2.000000;-24.227734;-725.403809;2170.797363;0.102167;0.619418;-0.360881;0.506975;0.000000;2.000000;6.769384;-731.773254;2013.245361;0.173900;0.619418;-0.360881;0.506975;0.000000;2.000000;23.710527;-775.111877;2044.358154;0.156515;0.776419;0.103304;0.613667;0.000000;2.000000;57.034920;-791.363159;2165.594971;0.172030;0.478605;0.506975;0.360881;0.000000;2.000000;-26.252468;-767.434204;2030.991943;0.128914;0.776419;0.103304;0.613667;0.000000;2.000000;-105.626007;-781.906006;2134.233887;0.036370;0.619418;-0.360881;0.506975;0.000000;2.000000;3906200064.000000
0.000000;-150.000015;2000.000000;0.000001;-0.381415;0.568415;-0.284652;0.000000;2.000000;-11.709707;-297.616547;2099.520996;0.000570;-0.434366;0.543571;-0.329625;0.000000;2.000000;-16.234434;-427.797852;2157.632813;0.000618;0.503155;-0.480258;0.450649;0.000000;2.000000;-23.386196;-643.949951;2176.793213;0.003443;0.546407;-0.442572;0.487711;0.000000;2.000000;11.048426;-609.144653;2179.156250;0.002642;0.686621;-0.709608;-0.017215;0.000000;2.000000;146.858551;-574.790527;2150.641113;0.001717;0.699607;-0.287555;0.090782;0.000000;2.000000;186.729950;-338.732452;2012.581543;0.009667;-0.026510;-0.121123;0.276149;0.000000;2.000000;-38.087822;-365.970154;1962.424805;0.002063;-0.101722;-0.122790;0.280095;0.000000;2.000000;-129.437561;-395.108154;1953.504639;0.002044;0.866362;-0.304517;-0.028277;0.000000;1.000000;-55.240280;-319.320618;1932.814819;0.002624;0.866362;-0.304517;-0.028277;0.000000;1.000000;-138.602905;-420.610718;1918.220825;0.002271;-0.032969;-0.504692;0.605249;0.000000;1.000000;-55.621159;-607.134399;2170.185547;0.003339;0.684799;0.692475;-0.222799;0.000000;2.000000;-173.584885;-574.383850;2122.134521;0.005767;0.240073;0.689804;-0.647357;0.000000;2.000000;-192.431259;-352.355255;1949.975098;0.009550;0.031448;0.107501;0.939864;0.000000;2.000000;36.561035;-395.052490;1980.154907;0.008292;0.267030;0.137382;0.910901;0.000000;2.000000;116.236732;-407.808533;2045.269653;0.014985;0.108360;0.715227;-0.580574;0.000000;2.000000;111.288948;-328.199707;1975.128174;0.021375;0.108360;0.715227;-0.580574;0.000000;2.000000;146.035278;-358.755890;1964.690186;0.032677;0.128883;0.222135;-0.153938;0.000000;2.000000;89.371353;-145.300812;2017.485718;0.000345;-0.159695;0.503556;-0.037122;0.000000;2.000000;266.272583;-21.865356;1680.208618;0.005142;0.644754;-0.375963;0.337125;0.000000;2.000000;222.611191;358.251526;1681.448853;0.006695;0.598644;-0.411658;0.330295;0.000000;2.000000;283.561676;460.928223;1537.079712;0.011688;0.852315;-0.059245;0.519636;0.000000;2.000000;-80.590080;-154.237488;1984.232422;0.000311;0.625368;0.109833;0.748332;0.000000;2.000000;-158.057037;7.525665;1626.779053;0.014693;0.381591;0.540443;0.529036;0.000000;2.000000;-206.240555;385.436279;1692.770508;0.015065;0.449386;0.453026;0.628269;0.000000;2.000000;-249.284271;458.500671;1542.701416;0.024102;0.006323;0.767779;0.127017;0.000000;2.000000;-24.296165;-725.406250;2170.666260;0.004444;0.619300;-0.359605;0.507507;0.000000;2.000000;6.817450;-731.624207;2013.131714;0.005814;0.619300;-0.359605;0.507507;0.000000;2.000000;23.625269;-775.049500;2044.195801;0.005820;0.776724;0.104582;0.613141;0.000000;2.000000;56.807419;-791.558533;2165.436523;0.010191;0.479154;0.507507;0.359605;0.000000;2.000000;-26.307241;-767.229004;2030.798828;0.008625;0.776724;0.104582;0.613141;0.000000;2.000000;-105.802872;-781.653931;2133.953125;0.012521;0.619300;-0.359605;0.507507;0.000000;2.000000;3906233344.000000
0.000000;-150.000000;2000.000000;0.000000;-0.369739;0.566396;-0.280609;0.000000;2.000000;-15.751877;-295.994904;2103.387451;0.174998;-0.444655;0.530880;-0.343092;0.000000;2.000000;-21.624588;-429.320190;2156.327148;0.172812;-0.498053;0.479424;-0.443074;0.000000;2.000000;-31.418346;-646.311584;2180.409180;0.274028;0.542221;-0.442348;0.480094;0.000000;2.000000;3.574650;-611.591736;2182.511230;0.256909;0.677999;-0.719150;-0.040808;0.000000;2.000000;140.813980;-574.550781;2160.143311;0.338473;0.698318;-0.291676;0.084401;0.000000;2.000000;181.273376;-336.420258;2022.169189;0.338682;-0.023807;-0.129752;0.274523;0.000000;2.000000;-44.073357;-363.641174;1967.512207;0.246197;-0.103913;-0.126698;0.284847;0.000000;2.000000;-135.786163;-393.577454;1958.123779;0.240355;0.868542;-0.309849;-0.034404;0.000000;1.000000;-59.566109;-318.461792;1938.654175;0.219882;0.868542;-0.309849;-0.034404;0.000000;1.000000;-143.822388;-419.409424;1921.453979;0.187985;-0.030334;-0.513088;0.603193;0.000000;1.000000;-63.368309;-609.082642;2172.442871;0.249434;0.690908;0.683578;-0.232466;0.000000;2.000000;-181.090393;-573.674377;2123.324219;0.229335;0.233140;0.686183;-0.652117;0.000000;2.000000;-195.376373;-349.431915;1950.562134;0.125931;0.039119;0.112742;0.939890;0.000000;2.000000;34.317856;-393.619995;1985.004395;0.166222;0.278792;0.136830;0.907088;0.000000;2.000000;113.072433;-405.463623;2052.458008;0.246291;0.104695;0.714163;-0.575762;0.000000;2.000000;108.584259;-326.138397;1980.918457;0.201774;0.104695;0.714163;-0.575762;0.000000;2.000000;145.188202;-357.188721;1973.047607;0.256766;0.130070;0.203909;-0.167552;0.000000;2.000000;89.851334;-146.635590;2018.440552;0.051379;-0.166187;0.497488;-0.050984;0.000000;2.000000;271.104492;-12.358871;1684.501465;0.345421;0.646284;-0.365436;0.341474;0.000000;2.000000;231.646927;370.666840;1692.260376;0.564291;0.554814;-0.450461;0.357660;0.000000;2.000000;281.161621;464.006134;1536.060303;0.121213;0.820478;-0.067656;0.566578;0.000000;2.000000;-81.022903;-153.033813;1983.371460;0.046331;0.641846;0.092335;0.738273;0.000000;2.000000;-145.034851;-2.223602;1615.665649;0.591980;0.384684;0.533855;0.518135;0.000000;2.000000;-197.198288;376.684418;1687.571533;0.409125;0.404271;0.492231;0.628310;0.000000;2.000000;-253.082031;462.002289;1547.210327;0.206031;-0.026978;0.795460;0.099630;0.000000;2.000000;-33.116211;-728.407959;2176.081055;0.323800;0.635058;-0.336803;0.504411;0.000000;2.000000;4.681019;-728.924683;2018.806763;0.199448;0.635058;-0.336803;0.504411;0.000000;2.000000;20.118687;-773.864990;2049.081543;0.184177;0.787311;0.118517;0.594827;0.000000;2.000000;48.395584;-795.209106;2171.676758;0.333285;0.478368;0.504411;0.336803;0.000000;2.000000;-29.511108;-765.213867;2033.851440;0.146109;0.787311;0.118517;0.594827;0.000000;2.000000;-113.796265;-783.146362;2133.696777;0.244458;0.635058;-0.336803;0.504411;0.000000;2.000000;3906266624.000000
0.000000;-150.000000;2000.000000;0.000000;-0.381190;0.557012;-0.274279;0.000000;2.000000;-16.610916;-297.857697;2102.085449;0.073006;-0.460413;0.520191;-0.338957;0.000000;2.000000;-21.638575;-433.002441;2152.285156;0.164297;-0.496174;0.477743;-0.434152;0.000000;2.000000;-33.022804;-650.477173;2180.425781;0.134133;0.541135;-0.441389;0.471065;0.000000;2.000000;2.266834;-615.723267;2182.528809;0.130217;0.670815;-0.727045;-0.045761;0.000000;2.000000;140.658875;-579.141113;2162.184082;0.151019;0.699470;-0.292447;0.087347;0.000000;2.000000;182.462341;-340.753204;2022.391602;0.135175;-0.023401;-0.127518;0.277298;0.000000;2.000000;-44.235538;-367.794861;1968.480713;0.128251;-0.104492;-0.132547;0.287642;0.000000;2.000000;-136.145294;-398.299805;1958.125122;0.142307;0.864805;-0.314476;-0.037566;0.000000;1.000000;-60.347176;-322.069153;1938.444580;0.111085;0.864805;-0.314476;-0.037566;0.000000;1.000000;-145.061813;-423.483307;1921.508667;0.127963;-0.022940;-0.512444;0.611509;0.000000;1.000000;-64.782410;-613.080505;2171.117432;0.133501;0.696137;0.679779;-0.227972;0.000000;2.000000;-183.616760;-578.586792;2122.325684;0.168675;0.230739;0.685520;-0.653559;0.000000;2.000000;-196.817932;-352.698334;1949.403442;0.112791;0.041320;0.115804;0.940035;0.000000;2.000000;33.552826;-398.172485;1985.361816;0.139127;0.289114;0.135105;0.903527;0.000000;2.000000;111.442619;-408.895264;2054.749268;0.133308;0.102319;0.713752;-0.570239;0.000000;2.000000;107.164803;-330.103607;1981.857788;0.129660;0.102319;0.713752;-0.570239;0.000000;2.000000;144.309235;-361.781860;1973.743286;0.142066;0.129541;0.200787;-0.150749;0.000000;2.000000;89.658173;-145.490204;2021.120605;0.087769;-0.159772;0.499020;-0.040069;0.000000;2.000000;272.231506;-19.218781;1682.490967;0.217451;0.650333;-0.368231;0.339244;0.000000;2.000000;226.936035;365.002777;1690.423950;0.228141;0.563137;-0.445324;0.344094;0.000000;2.000000;280.179077;458.579742;1534.506592;0.172155;0.829122;-0.073555;0.553284;0.000000;2.000000;-80.848724;-154.066681;1980.954590;0.079149;0.641600;0.087616;0.739507;0.000000;2.000000;-146.108215;-6.231079;1610.170776;0.206886;0.378391;0.537780;0.515006;0.000000;2.000000;-198.986267;373.098907;1689.040527;0.128227;0.406888;0.487094;0.627896;0.000000;2.000000;-254.023407;458.224152;1547.212402;0.116997;-0.027791;0.791548;0.102960;0.000000;2.000000;-35.063328;-733.023254;2177.611328;0.157384;0.635281;-0.332770;0.504349;0.000000;2.000000;3.842506;-733.403442;2019.814209;0.140223;0.635281;-0.332770;0.504349;0.000000;2.000000;18.853207;-778.745117;2050.205078;0.155205;0.789295;0.121324;0.591933;0.000000;2.000000;46.383430;-800.710449;2173.492188;0.184274;0.480951;0.504349;0.332770;0.000000;2.000000;-30.858601;-769.659302;2034.631958;0.141535;0.789295;0.121324;0.591933;0.000000;2.000000;-116.261887;-787.334595;2134.403809;0.147574;0.635281;-0.332770;0.504349;0.000000;2.000000;3906299904.000000
0.000000;-150.000000;2000.000000;0.000000;-0.381365;0.556834;-0.274260;0.000000;2.000000;-16.629890;-297.838470;2102.004395;0.002548;-0.460608;0.520009;-0.338929;0.000000;2.000000;-21.658779;-432.955017;2152.142334;0.004528;-0.496481;0.477380;-0.434174;0.000000;2.000000;-33.058121;-650.376343;2180.121582;0.009614;0.541443;-0.441025;0.471058;0.000000;2.000000;2.218296;-615.635254;2182.271484;0.008238;0.671152;-0.726837;-0.046242;0.000000;2.000000;140.607895;-579.089539;2162.186768;0.002164;0.699838;-0.292504;0.085793;0.000000;2.000000;182.703888;-340.481110;2023.045288;0.022308;-0.023537;-0.128565;0.276388;0.000000;2.000000;-43.789963;-367.657410;1968.685181;0.015182;-0.104698;-0.133721;0.286826;0.000000;2.000000;-135.610550;-398.250122;1958.103638;0.016027;0.864654;-0.314075;-0.038818;0.000000;1.000000;-59.949764;-321.873749;1938.662231;0.014714;0.864654;-0.314075;-0.038818;0.000000;1.000000;-144.479889;-423.338074;1921.458252;0.017948;-0.022103;-0.513184;0.610984;0.000000;1.000000;-64.800873;-612.985962;2170.819580;0.009334;0.695833;0.679989;-0.228243;0.000000;2.000000;-183.559219;-578.475342;2121.975098;0.011103;0.230134;0.685508;-0.653678;0.000000;2.000000;-196.588089;-352.583588;1949.199585;0.009779;0.042002;0.116120;0.940070;0.000000;2.000000;33.644382;-398.088989;1985.481934;0.005146;0.290056;0.135806;0.903336;0.000000;2.000000;111.337677;-408.926758;2055.019287;0.008689;0.101214;0.713175;-0.570825;0.000000;2.000000;107.286438;-330.059204;1982.249512;0.012302;0.101214;0.713175;-0.570825;0.000000;2.000000;144.358475;-361.770264;1974.067383;0.009781;0.129472;0.200209;-0.150394;0.000000;2.000000;89.619095;-145.486603;2021.152100;0.001500;-0.161028;0.497360;-0.039334;0.000000;2.000000;273.144318;-18.641296;1683.413208;0.042351;0.651863;-0.367338;0.337684;0.000000;2.000000;226.830811;365.327942;1691.422852;0.031481;0.564562;-0.444564;0.342617;0.000000;2.000000;280.392273;459.049316;1535.777954;0.040911;0.830173;-0.074052;0.551695;0.000000;2.000000;-80.813492;-154.069916;1980.926270;0.001351;0.641956;0.087524;0.739159;0.000000;2.000000;-145.694962;-6.205688;1610.233887;0.012489;0.378694;0.537342;0.514949;0.000000;2.000000;-198.744431;373.009155;1688.899048;0.008773;0.408504;0.485290;0.628369;0.000000;2.000000;-253.418823;457.520325;1546.635132;0.032585;-0.026510;0.790607;0.104558;0.000000;2.000000;-35.095879;-732.893188;2177.251953;0.011438;0.635211;-0.331492;0.505003;0.000000;2.000000;3.878567;-733.055176;2019.526978;0.013504;0.635211;-0.331492;0.505003;0.000000;2.000000;18.770542;-778.472229;2049.828857;0.014076;0.789450;0.122691;0.591491;0.000000;2.000000;46.179752;-800.725647;2173.046875;0.014609;0.481240;0.505003;0.331492;0.000000;2.000000;-30.896912;-769.252380;2034.252319;0.016634;0.789450;0.122691;0.591491;0.000000;2.000000;-116.361908;-786.928345;2133.913086;0.019229;0.635211;-0.331492;0.505003;0.000000;2.000000;3906333440.000000
0.000000;-150.000000;2000.000000;0.000000;-0.391925;0.539134;-0.261723;0.000000;2.000000;-20.674664;-297.141052;2100.195313;0.134779;-0.471068;0.504726;-0.323134;0.000000;2.000000;-27.366293;-431.238800;2150.192627;0.188424;0.508543;-0.471238;0.430136;0.000000;2.000000;-35.965260;-647.790771;2174.547363;0.204257;0.553272;-0.435226;0.466540;0.000000;2.000000;-1.489388;-612.796997;2177.876709;0.192675;0.677540;-0.722119;-0.045489;0.000000;2.000000;136.513519;-577.684082;2159.359863;0.155354;0.703900;-0.291857;0.081850;0.000000;2.000000;181.292389;-339.910767;2023.287109;0.046318;-0.022964;-0.129714;0.273960;0.000000;2.000000;-43.606724;-366.663849;1968.635986;0.030394;-0.102281;-0.151237;0.284211;0.000000;2.000000;-134.213440;-397.549805;1954.749390;0.111191;0.857443;-0.317863;-0.051103;0.000000;1.000000;-61.219345;-319.302521;1936.561890;0.106806;0.857443;-0.317863;-0.051103;0.000000;1.000000;-144.796692;-420.709656;1919.446899;0.099905;-0.005239;-0.511297;0.623473;0.000000;1.000000;-67.875443;-610.977234;2165.249023;0.200489;0.688240;0.687362;-0.228174;0.000000;2.000000;-185.750305;-577.244873;2116.062012;0.193056;0.227385;0.686082;-0.652339;0.000000;2.000000;-198.428619;-353.411133;1943.614624;0.178436;0.046758;0.112247;0.940029;0.000000;2.000000;30.528923;-396.169434;1981.234497;0.168461;0.289229;0.146087;0.903992;0.000000;2.000000;107.140373;-409.355835;2050.544434;0.184804;0.093529;0.704740;-0.584709;0.000000;2.000000;105.986732;-329.227356;1980.110596;0.079250;0.093529;0.704740;-0.584709;0.000000;2.000000;141.803497;-360.483215;1972.781372;0.094249;0.129889;0.190502;-0.175280;0.000000;2.000000;87.729103;-144.758606;2025.799561;0.152332;-0.176649;0.479719;-0.021342;0.000000;2.000000;279.685181;-14.452942;1697.327393;0.478821;0.659282;-0.369723;0.306501;0.000000;2.000000;224.843536;365.831940;1688.234863;0.113892;0.579004;-0.443963;0.326047;0.000000;2.000000;278.608978;460.313812;1534.623413;0.074287;0.837486;-0.085230;0.539475;0.000000;2.000000;-79.109192;-154.726379;1976.735474;0.137364;0.646785;0.073811;0.736721;0.000000;2.000000;-140.347321;-15.978806;1604.752075;0.373082;0.376706;0.531217;0.515659;0.000000;2.000000;-199.302338;359.704010;1683.603516;0.430622;0.387494;0.505757;0.608154;0.000000;2.000000;-253.747650;455.689850;1550.186035;0.120446;-0.057936;0.790911;0.075977;0.000000;2.000000;-36.698559;-729.740723;2170.437988;0.230680;0.627321;-0.338851;0.497381;0.000000;2.000000;2.494183;-735.840515;2013.971558;0.191313;0.627321;-0.338851;0.497381;0.000000;2.000000;16.670895;-780.048096;2045.688843;0.147302;0.793054;0.112098;0.591306;0.000000;2.000000;43.270889;-798.166382;2168.899658;0.170536;0.494227;0.497381;0.338851;0.000000;2.000000;-32.517063;-770.866821;2029.732544;0.152210;0.793054;0.112098;0.591306;0.000000;2.000000;-117.927048;-783.965576;2129.008057;0.178494;0.627321;-0.338851;0.497381;0.000000;2.000000;3906366720.000000
0.000000;-150.000000;2000.000000;0.000000;-0.387022;0.541097;-0.264278;0.000000;2.000000;-21.154238;-295.919678;2100.361816;0.039744;-0.467590;0.505691;-0.326965;0.000000;2.000000;-28.467081;-429.358887;2150.087402;0.065536;0.508480;-0.470811;0.430128;0.000000;2.000000;-37.228203;-644.874878;2174.316406;0.095734;0.553242;-0.434801;0.466499;0.000000;2.000000;-2.889370;-610.076538;2177.658691;0.092167;0.677999;-0.722046;-0.046806;0.000000;2.000000;134.605698;-575.315918;2159.998047;0.093368;0.706265;-0.292136;0.082002;0.000000;2.000000;181.104416;-338.942413;2024.750122;0.053020;-0.021772;-0.129082;0.274601;0.000000;2.000000;-42.826683;-364.999207;1970.497314;0.078609;-0.103567;-0.155322;0.285206;0.000000;2.000000;-132.752457;-396.187805;1956.065430;0.071874;0.854181;-0.320367;-0.053221;0.000000;1.000000;-60.966385;-317.560577;1937.779175;0.064307;0.854181;-0.320367;-0.053221;0.000000;1.000000;-144.143234;-418.489380;1921.160034;0.086523;-0.000023;-0.509599;0.629313;0.000000;1.000000;-68.947968;-608.209229;2165.036133;0.089428;0.688067;0.686853;-0.230042;0.000000;2.000000;-186.016312;-574.500000;2115.589355;0.084073;0.223731;0.684400;-0.655186;0.000000;2.000000;-196.408463;-350.844788;1944.966064;0.106209;0.049509;0.116016;0.940325;0.000000;2.000000;30.932831;-394.729553;1984.048218;0.095746;0.283493;0.140490;0.904869;0.000000;2.000000;108.303436;-406.763733;2051.968750;0.095496;0.100473;0.706820;-0.582178;0.000000;2.000000;106.245865;-327.677612;1981.144531;0.056518;0.100473;0.706820;-0.582178;0.000000;2.000000;142.036530;-359.064453;1975.136719;0.082918;0.132559;0.189319;-0.186068;0.000000;2.000000;87.533501;-145.464127;2025.045166;0.031588;-0.178373;0.477335;-0.018672;0.000000;2.000000;279.913788;-15.505249;1699.026855;0.060454;0.659814;-0.370200;0.301997;0.000000;2.000000;224.526031;362.779083;1687.205811;0.097273;0.591060;-0.436723;0.327591;0.000000;2.000000;277.663513;461.605988;1537.245972;0.092328;0.840861;-0.078928;0.535449;0.000000;2.000000;-78.932816;-154.090210;1977.415649;0.028482;0.648293;0.071641;0.735575;0.000000;2.000000;-138.570343;-17.055984;1606.595215;0.083462;0.376525;0.529972;0.514998;0.000000;2.000000;-198.371628;356.554962;1685.585938;0.115256;0.384001;0.512521;0.592377;0.000000;2.000000;-249.430923;458.114960;1556.078613;0.231268;-0.071302;0.784651;0.060091;0.000000;2.000000;-38.023815;-726.434814;2170.224609;0.107213;0.634705;-0.336398;0.495918;0.000000;2.000000;2.188225;-729.948120;2014.729736;0.178751;0.634705;-0.336398;0.495918;0.000000;2.000000;16.675999;-774.153564;2045.830811;0.177171;0.793805;0.112798;0.588536;0.000000;2.000000;42.508827;-793.410156;2168.406738;0.145494;0.487905;0.495918;0.336398;0.000000;2.000000;-32.283794;-765.483826;2029.706787;0.161902;0.793805;0.112798;0.588536;0.000000;2.000000;-117.811966;-780.967651;2127.702148;0.098318;0.634705;-0.336398;0.495918;0.000000;2.000000;3906400000.000000
0.000000;-150.000000;2000.000000;0.000000;-0.389197;0.541157;-0.260346;0.000000;2.000000;-20.548576;-295.733948;2100.750488;0.022333;-0.467310;0.507444;-0.321141;0.000000;2.000000;-27.429237;-428.671936;2151.853027;0.064910;0.511571;-0.467426;0.434740;0.000000;2.000000;-36.198742;-644.513916;2172.934082;0.052913;0.556047;-0.431058;0.470825;0.000000;2.000000;-1.849449;-609.774841;2176.739258;0.042683;0.684201;-0.716688;-0.046019;0.000000;2.000000;135.854034;-575.525757;2159.738281;0.038829;0.704411;-0.295223;0.077203;0.000000;2.000000;181.909027;-338.693298;2025.154297;0.028072;-0.019848;-0.135898;0.273219;0.000000;2.000000;-41.217236;-364.675690;1967.665649;0.098351;-0.108736;-0.144085;0.275204;0.000000;2.000000;-131.336990;-396.131104;1955.164429;0.050446;0.858032;-0.307052;-0.047081;0.000000;1.000000;-59.932510;-317.187653;1936.759521;0.045049;0.858032;-0.307052;-0.047081;0.000000;1.000000;-143.095291;-418.256714;1920.129028;0.044723;-0.007968;-0.505247;0.620243;0.000000;1.000000;-67.923347;-607.711548;2164.235107;0.041843;0.683942;0.693367;-0.222523;0.000000;2.000000;-185.865295;-575.080811;2116.166992;0.025029;0.223104;0.684233;-0.654485;0.000000;2.000000;-195.971024;-352.070251;1944.694336;0.039942;0.050956;0.111372;0.940277;0.000000;2.000000;31.793362;-393.648254;1983.806885;0.042153;0.289862;0.149019;0.900904;0.000000;2.000000;107.744507;-406.580292;2053.146484;0.039558;0.099604;0.700271;-0.586051;0.000000;2.000000;107.680649;-327.788727;1981.968018;0.049821;0.099604;0.700271;-0.586051;0.000000;2.000000;142.549850;-358.907623;1974.154907;0.033622;0.132534;0.192939;-0.157707;0.000000;2.000000;87.387054;-144.755585;2025.408936;0.024333;-0.187022;0.462790;-0.008021;0.000000;2.000000;288.179169;-12.070526;1705.630371;0.334224;0.667522;-0.366430;0.282878;0.000000;2.000000;227.089752;365.032593;1686.601563;0.104159;0.592082;-0.442286;0.319396;0.000000;2.000000;279.446472;462.277832;1535.343262;0.080910;0.841102;-0.088643;0.533555;0.000000;2.000000;-78.800751;-154.729141;1977.087646;0.021943;0.654955;0.066601;0.729266;0.000000;2.000000;-132.051895;-18.242859;1605.103516;0.204070;0.377839;0.523474;0.511986;0.000000;2.000000;-196.378052;354.444763;1684.859985;0.089915;0.386764;0.506572;0.587387;0.000000;2.000000;-245.140793;456.859863;1555.145874;0.137207;-0.076338;0.776966;0.060767;0.000000;2.000000;-37.015480;-726.003418;2167.649414;0.084105;0.629298;-0.342245;0.490805;0.000000;2.000000;3.290688;-733.502319;2012.323364;0.133159;0.629298;-0.342245;0.490805;0.000000;2.000000;17.477856;-777.036377;2044.489990;0.098526;0.795668;0.105048;0.589055;0.000000;2.000000;43.096432;-793.502441;2167.514160;0.032230;0.495946;0.490805;0.342245;0.000000;2.000000;-31.413559;-768.451660;2028.118408;0.104472;0.795668;0.105048;0.589055;0.000000;2.000000;-117.109344;-781.042542;2126.377441;0.045114;0.629298;-0.342245;0.490805;0.000000;2.000000;3906433280.000000
0.000000;-150.000000;2000.000000;0.000000;-0.391153;0.542378;-0.260269;0.000000;2.000000;-19.364086;-294.778076;2099.626221;0.056859;-0.469822;0.508267;-0.321835;0.000000;2.000000;-25.283176;-426.823608;2149.712158;0.106682;0.507107;-0.463767;0.435453;0.000000;2.000000;-37.403099;-640.520020;2171.647949;0.131169;0.552106;-0.427353;0.471241;0.000000;2.000000;-2.844227;-606.594116;2175.434814;0.107538;0.680810;-0.719934;-0.046366;0.000000;2.000000;133.673065;-572.702209;2158.541260;0.113078;0.708421;-0.294530;0.076073;0.000000;2.000000;182.206848;-337.851410;2026.280273;0.043183;-0.014362;-0.136251;0.271975;0.000000;2.000000;-39.023369;-361.176117;1968.413818;0.126130;-0.114934;-0.146022;0.276314;0.000000;2.000000;-127.944443;-393.546265;1956.076416;0.131054;0.853233;-0.308905;-0.047435;0.000000;1.000000;-58.674675;-314.110809;1937.122192;0.100473;0.853233;-0.308905;-0.047435;0.000000;1.000000;-141.305969;-414.213989;1921.731323;0.141298;-0.003554;-0.500684;0.629072;0.000000;1.000000;-68.235680;-603.600708;2162.664551;0.132563;0.686056;0.690817;-0.223930;0.000000;2.000000;-184.988037;-571.183411;2114.657959;0.128318;0.220633;0.682747;-0.656507;0.000000;2.000000;-193.260681;-349.689026;1945.129150;0.109192;0.052542;0.111739;0.940563;0.000000;2.000000;32.410851;-390.877258;1984.593140;0.088516;0.285101;0.148153;0.903618;0.000000;2.000000;108.382362;-404.157379;2052.489746;0.077828;0.096046;0.698356;-0.592261;0.000000;2.000000;109.029518;-324.975983;1983.140137;0.100132;0.096046;0.698356;-0.592261;0.000000;2.000000;143.732513;-356.455017;1978.740845;0.160257;0.135594;0.175789;-0.207791;0.000000;2.000000;86.671310;-144.418945;2024.956421;0.027381;-0.190153;0.460375;-0.006607;0.000000;2.000000;286.551239;-11.172852;1709.197021;0.120855;0.663847;-0.368453;0.276194;0.000000;2.000000;228.576019;362.662720;1683.582886;0.123664;0.604312;-0.434606;0.325224;0.000000;2.000000;279.058228;464.808350;1536.994995;0.091548;0.842788;-0.078999;0.532267;0.000000;2.000000;-78.155334;-155.032700;1977.495605;0.024690;0.651847;0.077859;0.728298;0.000000;2.000000;-132.874817;-8.553146;1613.323486;0.382610;0.381248;0.520397;0.515323;0.000000;2.000000;-197.120239;361.776733;1687.750122;0.237858;0.392816;0.500136;0.593623;0.000000;2.000000;-245.418915;460.021973;1556.624390;0.105221;-0.068011;0.776790;0.069678;0.000000;2.000000;-39.434723;-721.305542;2166.815186;0.160747;0.631701;-0.347860;0.479189;0.000000;2.000000;2.825684;-731.577026;2013.618896;0.071116;0.631701;-0.347860;0.479189;0.000000;2.000000;16.863953;-773.898560;2046.616455;0.115381;0.800463;0.092864;0.584812;0.000000;2.000000;40.652054;-787.369690;2169.242676;0.205062;0.500325;0.479189;0.347860;0.000000;2.000000;-31.446259;-766.242432;2029.518066;0.078591;0.800463;0.092864;0.584812;0.000000;2.000000;-117.671082;-777.549927;2125.943359;0.107092;0.631701;-0.347860;0.479189;0.000000;2.000000;3906466560.000000
0.000000;-150.000000;2000.000000;0.000000;-0.379472;0.547758;-0.266817;0.000000;2.000000;-20.674330;-295.506409;2102.443359;0.095156;-0.457280;0.513310;-0.328241;0.000000;2.000000;-28.526825;-428.619751;2154.705566;0.185456;0.507025;-0.460823;0.439583;0.000000;2.000000;-42.028427;-645.248047;2175.149414;0.223159;0.551969;-0.424087;0.475122;0.000000;2.000000;-6.808037;-611.109009;2179.219238;0.211729;0.684606;-0.716975;-0.047841;0.000000;2.000000;131.783920;-577.211121;2163.434814;0.206258;0.703961;-0.294596;0.075449;0.000000;2.000000;177.486053;-338.786865;2029.019165;0.165117;-0.020406;-0.136946;0.271523;0.000000;2.000000;-46.486595;-365.160095;1970.845093;0.262477;-0.104872;-0.147237;0.279660;0.000000;2.000000;-137.090073;-396.256500;1957.664307;0.288348;0.857751;-0.312319;-0.048427;0.000000;1.000000;-64.765358;-317.507599;1939.199951;0.216984;0.857751;-0.312319;-0.048427;0.000000;1.000000;-148.376434;-418.909119;1922.456909;0.254006;-0.006299;-0.507473;0.622346;0.000000;1.000000;-73.065262;-607.585571;2166.405273;0.217487;0.683845;0.693985;-0.221542;0.000000;2.000000;-191.721619;-574.339355;2118.921387;0.255604;0.225666;0.681342;-0.657064;0.000000;2.000000;-200.289551;-350.590271;1946.275879;0.214056;0.049118;0.117265;0.939259;0.000000;2.000000;27.936649;-395.158569;1985.671387;0.187433;0.300773;0.146860;0.901992;0.000000;2.000000;102.923477;-408.234344;2056.702148;0.238858;0.081570;0.701524;-0.585680;0.000000;2.000000;103.181519;-327.514099;1986.995972;0.222162;0.081570;0.701524;-0.585680;0.000000;2.000000;138.739624;-359.367065;1979.386353;0.173425;0.127230;0.183111;-0.173664;0.000000;2.000000;88.380478;-145.955505;2023.580933;0.079869;-0.169662;0.492321;-0.030947;0.000000;2.000000;272.364197;-17.327255;1690.098633;0.732774;0.652000;-0.372898;0.323015;0.000000;2.000000;223.067169;363.673798;1686.951782;0.194895;0.579295;-0.439292;0.337108;0.000000;2.000000;276.212860;460.829376;1534.882080;0.158889;0.835633;-0.074108;0.544040;0.000000;2.000000;-79.696564;-153.647095;1978.736084;0.072024;0.643406;0.085704;0.736602;0.000000;2.000000;-142.890625;-4.762589;1611.179443;0.325668;0.375524;0.534783;0.513641;0.000000;2.000000;-199.563690;370.646881;1692.293823;0.305980;0.402646;0.484546;0.630953;0.000000;2.000000;-255.669922;454.810760;1551.848022;0.371304;-0.032387;0.791884;0.106951;0.000000;2.000000;-44.568047;-727.046143;2169.575195;0.243937;0.634760;-0.336277;0.486806;0.000000;2.000000;-1.423172;-733.566528;2014.228760;0.141074;0.634760;-0.336277;0.486806;0.000000;2.000000;12.318722;-777.481812;2046.503174;0.172618;0.800281;0.106440;0.582008;0.000000;2.000000;35.958652;-794.769531;2170.388184;0.263517;0.497008;0.486806;0.336277;0.000000;2.000000;-36.511051;-768.800964;2029.278198;0.169353;0.800281;0.106440;0.582008;0.000000;2.000000;-124.243256;-782.142334;2126.411133;0.239484;0.634760;-0.336277;0.486806;0.000000;2.000000;3906500096.000000
0.000000;-150.000000;2000.000000;0.000000;-0.378210;0.549633;-0.260791;0.000000;2.000000;-20.318245;-294.546936;2104.253174;0.062474;-0.468333;0.509712;-0.332119;0.000000;2.000000;-26.302090;-429.160767;2153.317383;0.080455;0.503612;-0.469093;0.431626;0.000000;2.000000;-37.967781;-645.643555;2178.759766;0.163700;0.548752;-0.432969;0.467854;0.000000;2.000000;-2.979252;-611.086975;2181.966309;0.141598;0.677184;-0.723992;-0.045832;0.000000;2.000000;135.788910;-577.582764;2165.265625;0.132790;0.707773;-0.294910;0.080064;0.000000;2.000000;184.642365;-340.200134;2029.398682;0.219483;-0.018334;-0.132481;0.275375;0.000000;2.000000;-40.211739;-365.355408;1972.931641;0.198785;-0.104192;-0.152310;0.284677;0.000000;2.000000;-130.754379;-396.668823;1958.972656;0.194787;0.855715;-0.318730;-0.051482;0.000000;1.000000;-58.217133;-317.918793;1940.540771;0.201224;0.855715;-0.318730;-0.051482;0.000000;1.000000;-141.912720;-419.399292;1923.737915;0.198547;-0.003243;-0.509968;0.626580;0.000000;1.000000;-69.376755;-608.401245;2169.225098;0.141647;0.691093;0.686066;-0.223590;0.000000;2.000000;-187.928604;-575.396118;2120.855957;0.131823;0.224944;0.678365;-0.659259;0.000000;2.000000;-194.031845;-351.941010;1947.143066;0.194119;0.050482;0.116049;0.938794;0.000000;2.000000;34.552525;-395.757141;1987.086914;0.204088;0.302343;0.143767;0.899464;0.000000;2.000000;109.624359;-407.479828;2058.456055;0.209363;0.089289;0.703103;-0.579095;0.000000;2.000000;109.127380;-328.203186;1986.912598;0.179875;0.089289;0.703103;-0.579095;0.000000;2.000000;145.966690;-359.906891;1981.556152;0.227315;0.129092;0.175234;-0.179400;0.000000;2.000000;88.402161;-145.249100;2023.816040;0.022380;-0.166270;0.486106;-0.026375;0.000000;2.000000;278.431793;-20.147217;1691.773071;0.207248;0.657472;-0.367695;0.319136;0.000000;2.000000;226.524139;361.007813;1690.526611;0.169546;0.585059;-0.432200;0.328621;0.000000;2.000000;283.218811;458.578857;1539.715454;0.264542;0.842665;-0.075052;0.532981;0.000000;2.000000;-79.716110;-154.284088;1978.523926;0.020183;0.642361;0.101892;0.730950;0.000000;2.000000;-141.628754;12.352264;1617.878784;0.553563;0.376775;0.532351;0.511044;0.000000;2.000000;-199.659210;387.863342;1699.906738;0.565648;0.444663;0.435983;0.647538;0.000000;2.000000;-247.614166;454.191101;1547.154785;0.280762;0.007269;0.769204;0.152694;0.000000;2.000000;-39.841827;-727.669189;2175.053223;0.218204;0.640574;-0.324777;0.489078;0.000000;2.000000;5.329372;-730.854614;2019.967163;0.278461;0.640574;-0.324777;0.489078;0.000000;2.000000;18.486423;-775.609985;2051.445068;0.244050;0.802945;0.116179;0.575483;0.000000;2.000000;40.483791;-795.840820;2175.352539;0.204392;0.494962;0.489078;0.324777;0.000000;2.000000;-30.141914;-766.308716;2033.777710;0.245996;0.802945;0.116179;0.575483;0.000000;2.000000;-119.285553;-781.479309;2129.573242;0.177811;0.640574;-0.324777;0.489078;0.000000;2.000000;3906533376.000000
0.000000;-150.000000;2000.000000;0.000000;-0.388865;0.535882;-0.252174;0.000000;2.000000;-22.727625;-294.683472;2102.022705;0.098742;-0.478236;0.498094;-0.320413;0.000000;2.000000;-29.348513;-428.734222;2150.479004;0.125768;0.508973;-0.466371;0.424903;0.000000;2.000000;-39.720882;-644.177490;2176.083008;0.105758;0.554293;-0.430795;0.460935;0.000000;2.000000;-5.230167;-609.515991;2179.782715;0.105394;0.674996;-0.725823;-0.045470;0.000000;2.000000;132.766129;-576.042969;2162.719482;0.127451;0.707893;-0.296895;0.083669;0.000000;2.000000;182.121506;-341.064697;2025.657471;0.138021;-0.013026;-0.132251;0.278669;0.000000;2.000000;-41.728069;-363.918304;1968.963989;0.134737;-0.109981;-0.144065;0.278333;0.000000;2.000000;-131.858658;-395.632507;1956.646484;0.083404;0.857096;-0.309953;-0.046403;0.000000;1.000000;-60.361301;-316.756683;1937.846069;0.109209;0.857096;-0.309953;-0.046403;0.000000;1.000000;-143.621033;-417.839783;1921.506104;0.096582;-0.008318;-0.505856;0.622225;0.000000;1.000000;-71.094955;-607.382629;2165.985596;0.114357;0.689839;0.686851;-0.224357;0.000000;2.000000;-188.889587;-574.993774;2117.132568;0.116178;0.222495;0.680248;-0.659002;0.000000;2.000000;-195.786194;-351.415527;1945.897217;0.066555;0.049363;0.112713;0.940381;0.000000;2.000000;32.080898;-393.872681;1984.509399;0.121328;0.295676;0.151047;0.902201;0.000000;2.000000;107.182068;-407.748840;2054.702148;0.134812;0.085749;0.698616;-0.590523;0.000000;2.000000;108.155945;-327.268372;1985.325195;0.062579;0.085749;0.698616;-0.590523;0.000000;2.000000;143.408463;-359.107269;1978.877319;0.113866;0.132193;0.178800;-0.188597;0.000000;2.000000;86.889252;-144.449036;2027.228516;0.114711;-0.180087;0.473255;-0.011179;0.000000;2.000000;282.022858;-15.824829;1701.963501;0.349674;0.659998;-0.372655;0.292021;0.000000;2.000000;225.012665;362.211853;1683.099365;0.230605;0.600229;-0.429181;0.313512;0.000000;2.000000;282.059662;461.512695;1534.728516;0.177311;0.850020;-0.083479;0.520094;0.000000;2.000000;-78.351852;-155.005554;1975.447021;0.103433;0.645541;0.089250;0.730185;0.000000;2.000000;-138.614258;3.180878;1612.929443;0.325987;0.376659;0.525126;0.515044;0.000000;2.000000;-202.336441;376.496948;1691.613281;0.430374;0.426561;0.455191;0.631499;0.000000;2.000000;-250.882462;453.816345;1545.320923;0.113171;-0.020732;0.771560;0.127944;0.000000;2.000000;-40.893578;-725.817871;2172.548340;0.098785;0.641066;-0.335954;0.484444;0.000000;2.000000;3.055054;-730.477844;2017.978027;0.091492;0.641066;-0.335954;0.484444;0.000000;2.000000;17.205368;-774.276062;2049.873291;0.072930;0.800781;0.104998;0.580109;0.000000;2.000000;40.312298;-792.115601;2173.299316;0.127916;0.491409;0.484444;0.335954;0.000000;2.000000;-31.468872;-766.206055;2032.499634;0.055445;0.800781;0.104998;0.580109;0.000000;2.000000;-119.217972;-781.529724;2128.665527;0.027392;0.641066;-0.335954;0.484444;0.000000;2.000000;3906566656.000000
0.000000;-150.000015;2000.000000;0.000000;-0.387845;0.540850;-0.262843;0.000000;2.000000;-20.949093;-295.297546;2100.082520;0.081211;-0.464546;0.507561;-0.322471;0.000000;2.000000;-28.501314;-427.579224;2151.264160;0.049083;0.508051;-0.466693;0.431109;0.000000;2.000000;-39.091576;-642.240112;2174.833008;0.071814;0.553053;-0.430618;0.467146;0.000000;2.000000;-4.631405;-607.858948;2178.457031;0.066254;0.680317;-0.721431;-0.048027;0.000000;2.000000;132.975342;-574.750183;2163.111816;0.041079;0.708350;-0.296603;0.081662;0.000000;2.000000;182.364594;-340.392853;2027.560425;0.061077;-0.012372;-0.133649;0.277091;0.000000;2.000000;-40.293678;-362.938354;1970.402466;0.067772;-0.112315;-0.146963;0.280179;0.000000;2.000000;-129.765778;-395.075745;1957.833374;0.074206;0.854202;-0.312746;-0.047836;0.000000;1.000000;-59.288040;-316.003326;1938.855957;0.049732;0.854202;-0.312746;-0.047836;0.000000;1.000000;-142.210907;-416.589661;1923.030518;0.072832;-0.004861;-0.504643;0.627582;0.000000;1.000000;-70.337982;-605.443420;2165.480469;0.064367;0.688111;0.689625;-0.221181;0.000000;2.000000;-187.968597;-573.548096;2117.538086;0.052928;0.222581;0.680615;-0.658039;0.000000;2.000000;-195.135056;-351.435852;1946.528076;0.027249;0.050592;0.111806;0.940080;0.000000;2.000000;31.724205;-393.076965;1985.415283;0.037782;0.285160;0.152283;0.900195;0.000000;2.000000;107.760727;-406.409668;2053.985840;0.048835;0.093886;0.678946;-0.610388;0.000000;2.000000;114.152985;-326.626831;1984.836304;0.181822;0.093886;0.678946;-0.610388;0.000000;2.000000;144.389542;-358.408752;1979.975952;0.048983;0.134164;0.170575;-0.203582;0.000000;2.000000;87.128906;-145.249634;2025.134155;0.067756;-0.176282;0.476381;-0.018579;0.000000;2.000000;280.080963;-17.142212;1700.622681;0.081209;0.659977;-0.368841;0.302147;0.000000;2.000000;225.508759;359.781982;1689.391968;0.203235;0.594811;-0.431077;0.324460;0.000000;2.000000;280.525787;459.004028;1541.286011;0.215943;0.844963;-0.077123;0.529225;0.000000;2.000000;-78.567978;-154.283661;1977.335449;0.061094;0.650872;0.075357;0.730847;0.000000;2.000000;-134.871185;-11.302322;1609.920044;0.458497;0.379004;0.524537;0.514361;0.000000;2.000000;-197.412643;360.691101;1687.095703;0.515635;0.390194;0.502587;0.598562;0.000000;2.000000;-247.991150;458.389465;1555.334473;0.342000;-0.065339;0.781971;0.071443;0.000000;2.000000;-40.507240;-723.465637;2170.558594;0.093301;0.635995;-0.325160;0.471537;0.000000;2.000000;8.980457;-734.115479;2018.748901;0.210201;0.635995;-0.325160;0.471537;0.000000;2.000000;20.050259;-777.326782;2052.175781;0.143168;0.815390;0.103505;0.563350;0.000000;2.000000;37.511566;-792.530762;2176.284180;0.123621;0.517141;0.471537;0.325160;0.000000;2.000000;-27.326899;-767.887085;2032.749146;0.134527;0.815390;0.103505;0.563350;0.000000;2.000000;-118.881073;-777.022034;2125.267578;0.169921;0.635995;-0.325160;0.471537;0.000000;2.000000;3906599936.000000
0.000000;-150.000000;2000.000000;0.000000;-0.388058;0.543295;-0.256928;0.000000;2.000000;-20.014397;-294.816620;2101.764648;0.059602;-0.470669;0.507759;-0.321499;0.000000;2.000000;-25.897602;-427.899658;2152.090332;0.082643;0.507163;-0.466361;0.433975;0.000000;2.000000;-37.035343;-643.166321;2174.951904;0.067859;0.552081;-0.430057;0.469976;0.000000;2.000000;-2.372168;-608.810669;2178.565918;0.073736;0.679238;-0.720872;-0.044245;0.000000;2.000000;134.937347;-574.409302;2160.297363;0.103598;0.708942;-0.295700;0.083021;0.000000;2.000000;184.621170;-339.588593;2024.225098;0.123393;-0.014188;-0.131297;0.277654;0.000000;2.000000;-38.873055;-362.725494;1968.186035;0.079364;-0.112701;-0.137260;0.272766;0.000000;2.000000;-128.932510;-394.482910;1957.054077;0.038634;0.859967;-0.302325;-0.042909;0.000000;1.000000;-57.525074;-315.807404;1938.341431;0.055497;0.859967;-0.302325;-0.042909;0.000000;1.000000;-140.588181;-416.783752;1921.850586;0.060569;-0.014228;-0.504346;0.615433;0.000000;1.000000;-68.294983;-606.150269;2165.850098;0.065901;0.687047;0.690864;-0.222051;0.000000;2.000000;-186.291016;-572.537109;2119.077148;0.074850;0.226257;0.678412;-0.659494;0.000000;2.000000;-192.720154;-350.440826;1946.843750;0.079053;0.045793;0.109630;0.939764;0.000000;2.000000;35.162365;-391.877075;1983.506958;0.123535;0.279264;0.161641;0.896913;0.000000;2.000000;111.458786;-406.378662;2051.949707;0.126853;0.100931;0.663296;-0.624996;0.000000;2.000000;122.031677;-326.998718;1982.435791;0.247736;0.100931;0.663296;-0.624996;0.000000;2.000000;148.556259;-357.938324;1975.229248;0.190311;0.135911;0.180375;-0.177239;0.000000;2.000000;87.273331;-144.300018;2025.275635;0.029174;-0.182152;0.463541;0.005772;0.000000;2.000000;288.684875;-20.171906;1703.111572;0.284111;0.671536;-0.371719;0.277094;0.000000;2.000000;220.586075;355.060181;1681.128174;0.321975;0.635017;-0.400873;0.278703;0.000000;2.000000;286.297791;460.506287;1541.311646;0.179217;0.875118;-0.087794;0.475306;0.000000;2.000000;-78.698196;-155.139908;1977.207764;0.026306;0.652249;0.080577;0.727324;0.000000;2.000000;-133.062302;-5.376419;1611.098877;0.189513;0.379654;0.522944;0.511775;0.000000;2.000000;-196.671722;367.168518;1689.649048;0.210391;0.412688;0.478103;0.606816;0.000000;2.000000;-243.101196;457.087036;1550.458252;0.211162;-0.046329;0.770477;0.094434;0.000000;2.000000;-38.708534;-724.578430;2170.365234;0.063820;0.632923;-0.333549;0.482146;0.000000;2.000000;6.047142;-733.270264;2016.543457;0.113161;0.632923;-0.333549;0.482146;0.000000;2.000000;18.763206;-776.746460;2049.271973;0.097020;0.805097;0.105074;0.576783;0.000000;2.000000;40.500713;-792.878418;2172.915771;0.135723;0.505656;0.482146;0.333549;0.000000;2.000000;-29.457382;-767.707886;2031.437500;0.075369;0.805097;0.105074;0.576783;0.000000;2.000000;-118.054825;-778.849182;2127.035156;0.080322;0.632923;-0.333549;0.482146;0.000000;2.000000;3906633216.000000
0.000000;-150.000000;2000.000000;0.000000;-0.385089;0.542849;-0.254629;0.000000;2.000000;-21.092415;-294.551056;2103.193848;0.053965;-0.467197;0.508027;-0.318481;0.000000;2.000000;-27.853483;-427.630615;2155.048584;0.106052;0.507077;-0.468345;0.431290;0.000000;2.000000;-38.268944;-643.685547;2179.210938;0.133122;0.552033;-0.432250;0.467459;0.000000;2.000000;-3.592453;-609.042847;2182.672852;0.127942;0.678306;-0.722302;-0.046065;0.000000;2.000000;134.508453;-574.868958;2165.393555;0.153114;0.708788;-0.294977;0.082311;0.000000;2.000000;184.038086;-338.755798;2029.206177;0.151591;-0.017771;-0.130478;0.277060;0.000000;2.000000;-40.417805;-363.432739;1973.743896;0.173298;-0.107255;-0.146093;0.279732;0.000000;2.000000;-130.796753;-394.841492;1960.931641;0.128738;0.857708;-0.311918;-0.047963;0.000000;1.000000;-58.661266;-316.176636;1942.415283;0.126593;0.857708;-0.311918;-0.047963;0.000000;1.000000;-141.911911;-417.521851;1925.587891;0.120257;-0.008043;-0.508647;0.620828;0.000000;1.000000;-69.784233;-606.684509;2169.838379;0.127942;0.688753;0.689250;-0.221522;0.000000;2.000000;-188.295197;-573.416504;2122.610352;0.123931;0.221963;0.678754;-0.659478;0.000000;2.000000;-193.926697;-350.125580;1950.010864;0.101496;0.052304;0.113470;0.939544;0.000000;2.000000;34.184830;-392.478271;1990.189331;0.202177;0.280821;0.159198;0.896646;0.000000;2.000000;110.776878;-406.446564;2059.053955;0.212823;0.100056;0.663525;-0.623741;0.000000;2.000000;121.365654;-326.852386;1989.125000;0.200497;0.100056;0.663525;-0.623741;0.000000;2.000000;146.455353;-359.344788;1978.394775;0.120803;0.139499;0.196221;-0.144699;0.000000;2.000000;87.552841;-144.440796;2025.682617;0.015309;-0.180778;0.465723;-0.001609;0.000000;2.000000;288.561890;-18.137741;1702.080811;0.068098;0.674617;-0.366634;0.287284;0.000000;2.000000;219.882904;359.018951;1689.692139;0.282110;0.618299;-0.417508;0.298748;0.000000;2.000000;279.985413;462.269379;1544.779297;0.221100;0.860904;-0.085520;0.501331;0.000000;2.000000;-78.950249;-155.013000;1976.840820;0.013803;0.651136;0.077324;0.730910;0.000000;2.000000;-135.112061;-10.892395;1606.970825;0.214339;0.375872;0.530241;0.508865;0.000000;2.000000;-195.239502;362.738495;1690.717896;0.142441;0.394279;0.499232;0.601877;0.000000;2.000000;-245.969604;459.115997;1556.568726;0.210179;-0.059635;0.781923;0.076125;0.000000;2.000000;-39.647934;-725.461243;2175.063965;0.145287;0.638937;-0.327086;0.465759;0.000000;2.000000;11.539169;-736.822876;2022.742554;0.268720;0.638937;-0.327086;0.465759;0.000000;2.000000;22.750481;-779.998291;2056.784424;0.271513;0.817750;0.098056;0.560626;0.000000;2.000000;39.399101;-794.303589;2181.965332;0.275140;0.517536;0.465759;0.327086;0.000000;2.000000;-24.851377;-771.018677;2036.764893;0.232046;0.817750;0.098056;0.560626;0.000000;2.000000;-117.718964;-780.326294;2129.187500;0.078482;0.638937;-0.327086;0.465759;0.000000;2.000000;3906666752.000000
0.000000;-150.000000;2000.000000;0.000000;-0.385802;0.542870;-0.255750;0.000000;2.000000;-20.903046;-294.964050;2102.912109;0.016064;-0.468976;0.507334;-0.320513;0.000000;2.000000;-27.394432;-428.483887;2153.993652;0.043040;0.509757;-0.469623;0.431684;0.000000;2.000000;-36.107193;-644.906799;2177.156250;0.096839;0.554409;-0.433492;0.467954;0.000000;2.000000;-1.654900;-609.989990;2180.685547;0.088121;0.678208;-0.720675;-0.054050;0.000000;2.000000;135.849884;-572.903198;2163.665771;0.088368;0.689949;-0.333380;0.074835;0.000000;2.000000;184.190002;-342.582275;2017.059082;0.382706;0.056807;-0.188981;0.284655;0.000000;2.000000;-30.400158;-342.816772;1927.020630;1.563781;-0.259536;0.053624;0.105895;0.000000;1.000000;-108.943283;-395.060669;1947.905029;0.764495;0.899774;-0.095142;0.070974;0.000000;1.000000;-39.850319;-314.601685;1925.395264;0.763726;0.899774;-0.095142;0.070974;0.000000;1.000000;-127.373589;-419.009216;1919.596802;0.474596;-0.214294;-0.406558;0.435121;0.000000;1.000000;-67.956741;-608.070313;2168.050781;0.087376;0.687260;0.692057;-0.217436;0.000000;2.000000;-187.047882;-575.271606;2121.653320;0.073068;0.225294;0.681252;-0.658167;0.000000;2.000000;-195.445038;-350.941132;1950.131348;0.051915;0.044822;0.110812;0.940749;0.000000;2.000000;33.480721;-393.370605;1986.578979;0.113734;0.280630;0.160876;0.897531;0.000000;2.000000;110.037468;-407.944153;2055.488770;0.118300;0.097623;0.663765;-0.625188;0.000000;2.000000;120.669792;-327.796112;1986.065063;0.098464;0.097623;0.663765;-0.625188;0.000000;2.000000;145.105316;-363.285217;1973.843750;0.185378;0.154369;0.200444;-0.141122;0.000000;2.000000;87.660019;-144.469620;2025.595337;0.004243;-0.175561;0.473783;-0.007336;0.000000;2.000000;284.247467;-19.971146;1698.183838;0.183175;0.670070;-0.368638;0.297797;0.000000;2.000000;219.073853;358.240021;1689.682861;0.033747;0.611575;-0.419447;0.304227;0.000000;2.000000;279.188538;460.220917;1543.676636;0.073891;0.858138;-0.083072;0.506601;0.000000;2.000000;-79.046898;-154.986969;1976.919556;0.003827;0.648295;0.080982;0.732045;0.000000;2.000000;-137.753296;-6.981873;1608.618530;0.150190;0.374311;0.531012;0.510259;0.000000;2.000000;-198.204041;366.881805;1692.594482;0.163139;0.411410;0.480546;0.608929;0.000000;2.000000;-245.917053;456.873138;1552.833374;0.130928;-0.044411;0.773678;0.094203;0.000000;2.000000;-36.880096;-726.737915;2172.612549;0.117535;0.631576;-0.325750;0.480237;0.000000;2.000000;10.191326;-736.499023;2018.718384;0.127892;0.631576;-0.325750;0.480237;0.000000;2.000000;21.680386;-780.374390;2051.837891;0.152491;0.810165;0.109239;0.569919;0.000000;2.000000;41.397850;-796.822754;2176.416016;0.192721;0.514170;0.480237;0.325750;0.000000;2.000000;-26.334702;-770.425537;2033.195801;0.117497;0.810165;0.109239;0.569919;0.000000;2.000000;-116.960167;-779.858643;2127.958008;0.045631;0.631576;-0.325750;0.480237;0.000000;2.000000;3906700032.000000
0.000000;-149.999985;2000.000000;0.000000;-0.385334;0.543181;-0.256010;0.000000;2.000000;-20.927933;-295.051514;2103.080078;0.005739;-0.468745;0.507491;-0.320999;0.000000;2.000000;-27.441914;-428.714355;2154.166748;0.008778;0.510028;-0.470562;0.431585;0.000000;2.000000;-35.656132;-645.361389;2177.368164;0.020269;0.554605;-0.434436;0.467931;0.000000;2.000000;-1.241123;-610.336670;2180.844238;0.016907;0.677555;-0.720665;-0.055443;0.000000;2.000000;136.136139;-572.411133;2163.495117;0.017858;0.683093;-0.343285;0.074864;0.000000;2.000000;183.016968;-343.913574;2013.110474;0.130077;0.075295;-0.203815;0.286197;0.000000;2.000000;-27.925159;-338.353577;1914.461548;0.407344;-0.272510;0.093365;0.073695;0.000000;1.000000;-103.488068;-392.778046;1940.550293;0.283572;0.893062;-0.056391;0.104729;0.000000;1.000000;-38.215374;-309.952026;1914.939819;0.347323;0.893062;-0.056391;0.104729;0.000000;1.000000;-124.712097;-417.373779;1918.845337;0.096542;-0.247197;-0.361769;0.424120;0.000000;1.000000;-67.630539;-608.559082;2168.305176;0.019241;0.687349;0.692225;-0.216610;0.000000;2.000000;-186.929199;-575.876221;2122.001709;0.021269;0.226346;0.681488;-0.657431;0.000000;2.000000;-195.785156;-351.711029;1949.844727;0.026717;0.044496;0.110129;0.940486;0.000000;2.000000;33.443516;-393.890533;1986.130005;0.020672;0.279126;0.161260;0.897760;0.000000;2.000000;110.236847;-408.610779;2054.894775;0.027490;0.098986;0.663923;-0.625447;0.000000;2.000000;120.777267;-328.423279;1985.346924;0.028831;0.098986;0.663923;-0.625447;0.000000;2.000000;144.665787;-365.197449;1972.146484;0.077955;0.160959;0.205569;-0.133194;0.000000;2.000000;87.772049;-144.518509;2025.533325;0.004118;-0.169058;0.482841;-0.012992;0.000000;2.000000;279.381042;-22.680588;1693.729492;0.214301;0.662982;-0.372084;0.308076;0.000000;2.000000;219.445465;356.804443;1687.155273;0.088055;0.614335;-0.413309;0.311096;0.000000;2.000000;279.828369;461.466797;1542.937622;0.047584;0.858624;-0.073858;0.507144;0.000000;2.000000;-79.147919;-154.942871;1976.975342;0.003712;0.647928;0.082119;0.732325;0.000000;2.000000;-138.143188;-6.329956;1608.548828;0.022921;0.376316;0.530171;0.511716;0.000000;2.000000;-198.175674;368.487915;1690.247314;0.085463;0.410097;0.483035;0.608666;0.000000;2.000000;-246.339645;459.023132;1550.788696;0.090053;-0.044618;0.775250;0.092264;0.000000;2.000000;-36.259739;-727.271973;2172.822266;0.025391;0.632073;-0.324807;0.486541;0.000000;2.000000;9.276375;-734.781189;2018.180786;0.060673;0.632073;-0.324807;0.486541;0.000000;2.000000;21.251999;-779.112915;2050.603516;0.054573;0.806291;0.114363;0.573710;0.000000;2.000000;42.336445;-797.224670;2174.850342;0.056165;0.508196;0.486541;0.324807;0.000000;2.000000;-27.030190;-769.049438;2032.582642;0.049859;0.806291;0.114363;0.573710;0.000000;2.000000;-116.719376;-780.074524;2128.233398;0.012763;0.632073;-0.324807;0.486541;0.000000;2.000000;3906733312.000000
0.000000;-150.000000;2000.000000;0.000000;-0.383616;0.545124;-0.256742;0.000000;2.000000;-20.620243;-294.747467;2103.409180;0.016332;-0.467516;0.509040;-0.322420;0.000000;2.000000;-27.009283;-428.324860;2154.529297;0.020607;0.509979;-0.471284;0.436401;0.000000;2.000000;-34.936058;-645.050354;2175.980957;0.047885;0.554219;-0.434769;0.472790;0.000000;2.000000;-0.515778;-610.062012;2179.414063;0.048887;0.681039;-0.717116;-0.049204;0.000000;2.000000;136.684845;-572.635376;2160.284424;0.098106;0.716621;-0.277562;0.096145;0.000000;2.000000;186.940598;-335.943054;2024.650391;0.437603;0.009183;-0.114212;0.270629;0.000000;2.000000;-39.762535;-346.248291;1972.660645;1.800275;-0.209324;-0.284744;0.270677;0.000000;2.000000;-113.053970;-401.444672;1942.254517;0.391227;0.812446;-0.334352;-0.206286;0.000000;1.000000;-54.079887;-310.557739;1947.364990;1.084832;0.812446;-0.334352;-0.206286;0.000000;1.000000;-111.120255;-430.283142;1914.515503;0.578094;0.076159;0.639856;-0.553242;0.000000;1.000000;-66.990402;-608.203308;2167.542969;0.031762;0.685163;0.694397;-0.217214;0.000000;2.000000;-186.230560;-574.601929;2121.944580;0.043701;0.223256;0.680261;-0.658391;0.000000;2.000000;-193.351898;-350.732971;1949.559937;0.079263;0.049691;0.112275;0.940015;0.000000;2.000000;35.303432;-393.040466;1988.434814;0.092585;0.267908;0.157810;0.898677;0.000000;2.000000;113.722458;-407.204285;2055.376465;0.113865;0.106695;0.656856;-0.633297;0.000000;2.000000;125.909729;-327.493591;1985.633789;0.156967;0.106695;0.656856;-0.633297;0.000000;2.000000;145.857880;-364.646790;1970.304077;0.067983;0.162428;0.221538;-0.113481;0.000000;2.000000;87.863815;-144.610352;2025.064575;0.014615;-0.162188;0.493204;-0.021077;0.000000;2.000000;273.074127;-24.883484;1689.134644;0.243635;0.655175;-0.374961;0.321174;0.000000;2.000000;219.422836;355.386230;1686.069336;0.053677;0.608060;-0.413733;0.320598;0.000000;2.000000;279.300232;459.718872;1541.528320;0.069308;0.854990;-0.067491;0.514206;0.000000;2.000000;-79.230667;-154.860077;1977.398193;0.013184;0.645808;0.082576;0.735045;0.000000;2.000000;-140.337189;-7.999237;1608.837769;0.083291;0.377124;0.532044;0.513742;0.000000;2.000000;-198.322617;367.335999;1688.672119;0.058803;0.407209;0.490404;0.602056;0.000000;2.000000;-245.818863;460.955200;1551.144287;0.061069;-0.049071;0.775829;0.082408;0.000000;2.000000;-35.561916;-726.878174;2170.757324;0.066555;0.624546;-0.334434;0.496206;0.000000;2.000000;4.784046;-734.404297;2014.767700;0.169904;0.624546;-0.334434;0.496206;0.000000;2.000000;17.982979;-778.635193;2046.800781;0.151364;0.796498;0.114390;0.587352;0.000000;2.000000;43.258587;-796.523987;2170.228516;0.143171;0.501872;0.496206;0.334434;0.000000;2.000000;-30.884007;-768.762207;2030.402344;0.133327;0.796498;0.114390;0.587352;0.000000;2.000000;-117.242584;-779.978821;2128.958984;0.027033;0.624546;-0.334434;0.496206;0.000000;2.000000;3906766592.000000
0.000000;-150.000000;2000.000000;0.000000;-0.384537;0.545782;-0.259331;0.000000;2.000000;-20.006142;-294.599854;2102.274414;0.038725;-0.468537;0.509194;-0.325349;0.000000;2.000000;-26.048042;-427.864807;2152.359131;0.072093;0.510652;-0.471569;0.435823;0.000000;2.000000;-33.523174;-643.586182;2173.700439;0.091134;0.554859;-0.435100;0.472237;0.000000;2.000000;0.664898;-608.695190;2177.134521;0.086723;0.680569;-0.717151;-0.053141;0.000000;2.000000;137.051544;-570.526855;2158.715820;0.079123;0.687835;-0.336449;0.078960;0.000000;2.000000;184.711868;-342.761047;2010.141846;0.482612;0.072572;-0.193699;0.286204;0.000000;2.000000;-27.180107;-336.987213;1916.531006;1.737338;-0.358449;0.060511;0.079593;0.000000;1.000000;-92.214684;-404.570831;1937.932861;0.641432;0.852037;-0.067905;0.073386;0.000000;1.000000;-42.431232;-311.119110;1916.899170;0.972736;0.852037;-0.067905;0.073386;0.000000;1.000000;-108.213158;-430.833435;1912.558105;0.105785;-0.294541;-0.425461;0.382858;0.000000;1.000000;-65.494781;-606.975098;2165.287598;0.088618;0.685003;0.694453;-0.217413;0.000000;2.000000;-184.136856;-573.630493;2119.734863;0.095281;0.223876;0.679776;-0.657485;0.000000;2.000000;-191.009354;-351.845947;1946.822388;0.112446;0.051786;0.111237;0.939153;0.000000;2.000000;36.579041;-393.076355;1986.396240;0.071715;0.267009;0.150999;0.900374;0.000000;2.000000;115.231888;-406.120911;2052.526611;0.101444;0.104642;0.658991;-0.631827;0.000000;2.000000;126.857513;-326.517334;1983.333008;0.079706;0.104642;0.658991;-0.631827;0.000000;2.000000;146.313034;-363.946167;1968.105225;0.070140;0.160393;0.222289;-0.117752;0.000000;2.000000;87.562256;-144.734833;2024.572388;0.017608;-0.168898;0.482940;-0.015768;0.000000;2.000000;278.138794;-22.578842;1694.832153;0.237473;0.660805;-0.371534;0.309023;0.000000;2.000000;221.031891;355.307007;1687.827393;0.071104;0.610371;-0.414519;0.313050;0.000000;2.000000;281.314209;458.376648;1543.697632;0.096916;0.857379;-0.073363;0.509391;0.000000;2.000000;-78.958740;-154.747833;1977.842041;0.015878;0.635046;0.097518;0.741964;0.000000;2.000000;-148.642075;0.274750;1616.264771;0.413815;0.372691;0.543019;0.514824;0.000000;2.000000;-199.807831;374.249146;1698.261353;0.355269;0.432043;0.465911;0.621220;0.000000;2.000000;-245.358521;454.493164;1552.867554;0.199895;-0.015622;0.771946;0.113067;0.000000;2.000000;-33.983315;-725.029846;2168.498535;0.098944;0.620700;-0.340135;0.496358;0.000000;2.000000;4.749104;-734.096863;2012.965576;0.054523;0.620700;-0.340135;0.496358;0.000000;2.000000;18.211876;-777.779297;2045.178345;0.055122;0.794337;0.110466;0.591490;0.000000;2.000000;44.510597;-794.297668;2167.965820;0.101750;0.502661;0.496358;0.340135;0.000000;2.000000;-30.580608;-768.154053;2029.204834;0.041058;0.794337;0.110466;0.591490;0.000000;2.000000;-115.618675;-778.361145;2128.194336;0.072052;0.620700;-0.340135;0.496358;0.000000;2.000000;3906800128.000000
0.000000;-150.000000;2000.000000;0.000000;-0.384322;0.546160;-0.259197;0.000000;2.000000;-20.004807;-295.174042;2102.832520;0.024061;-0.467187;0.510150;-0.324377;0.000000;2.000000;-26.155960;-428.820313;2153.674316;0.048955;0.509938;-0.472878;0.433210;0.000000;2.000000;-33.445030;-645.361816;2176.468750;0.098851;0.554271;-0.436614;0.469736;0.000000;2.000000;0.844437;-610.253906;2179.764160;0.092012;0.677710;-0.719533;-0.054560;0.000000;2.000000;137.700211;-571.490173;2161.174805;0.081714;0.681351;-0.346992;0.070743;0.000000;2.000000;184.643600;-343.038177;2011.165039;0.031919;0.086086;-0.213081;0.282850;0.000000;2.000000;-23.514784;-333.776978;1907.465820;0.309244;-0.364062;0.111399;0.040496;0.000000;1.000000;-85.778763;-402.580750;1934.412842;0.228389;0.846554;-0.020538;0.116738;0.000000;1.000000;-38.703735;-307.832153;1910.670288;0.239439;0.846554;-0.020538;0.116738;0.000000;1.000000;-105.569580;-428.993713;1914.820679;0.118270;-0.318254;-0.371580;0.369492;0.000000;1.000000;-65.585075;-608.682922;2167.721680;0.089388;0.686773;0.692451;-0.218424;0.000000;2.000000;-184.658173;-574.898804;2121.942871;0.078100;0.223973;0.677775;-0.659867;0.000000;2.000000;-190.050919;-351.854584;1948.575684;0.060041;0.050813;0.113972;0.939050;0.000000;2.000000;38.298004;-394.631317;1988.277710;0.089706;0.270907;0.149752;0.899326;0.000000;2.000000;116.902634;-407.205017;2055.268066;0.101819;0.103991;0.660922;-0.628009;0.000000;2.000000;128.065216;-327.540558;1985.353027;0.077113;0.103991;0.660922;-0.628009;0.000000;2.000000;148.024765;-364.242371;1969.381714;0.064776;0.152465;0.225785;-0.101407;0.000000;2.000000;87.964333;-144.683411;2024.618042;0.012257;-0.168608;0.485604;-0.017217;0.000000;2.000000;277.386536;-21.789398;1692.352051;0.081408;0.660575;-0.372255;0.312390;0.000000;2.000000;219.849030;357.766724;1687.231445;0.083944;0.606800;-0.416831;0.313036;0.000000;2.000000;280.462006;459.943481;1541.538696;0.084147;0.856286;-0.075036;0.511016;0.000000;2.000000;-79.321304;-154.794205;1977.800903;0.011052;0.635421;0.098457;0.741782;0.000000;2.000000;-148.782410;0.993195;1614.561890;0.055696;0.375815;0.541575;0.516261;0.000000;2.000000;-199.575027;377.374023;1693.774658;0.164441;0.433964;0.466812;0.618435;0.000000;2.000000;-244.236115;458.591797;1547.745605;0.199979;-0.015000;0.770638;0.110451;0.000000;2.000000;-33.797791;-727.196716;2171.762207;0.117846;0.627626;-0.330781;0.484078;0.000000;2.000000;10.956482;-737.398132;2017.185913;0.246396;0.627626;-0.330781;0.484078;0.000000;2.000000;22.980888;-781.167908;2050.266602;0.232977;0.805971;0.108397;0.576192;0.000000;2.000000;44.593910;-797.219543;2174.597656;0.217772;0.512189;0.484078;0.330781;0.000000;2.000000;-25.324163;-771.311340;2032.319580;0.206656;0.805971;0.108397;0.576192;0.000000;2.000000;-114.511063;-780.521240;2128.480469;0.073447;0.627626;-0.330781;0.484078;0.000000;2.000000;3906833408.000000
0.000000;-150.000000;2000.000000;0.000000;-0.385259;0.552196;-0.268253;0.000000;2.000000;-17.258957;-296.033051;2100.932373;0.103603;-0.461752;0.517778;-0.329828;0.000000;2.000000;-22.590557;-429.038391;2152.041992;0.118010;0.509733;-0.472933;0.438942;0.000000;2.000000;-29.910910;-644.976929;2172.666992;0.156399;0.553726;-0.436210;0.475455;0.000000;2.000000;4.328323;-610.077148;2175.954346;0.155216;0.680637;-0.715655;-0.056352;0.000000;2.000000;140.217850;-570.093933;2156.996582;0.152464;0.664587;-0.372799;0.047303;0.000000;2.000000;184.782227;-342.682556;2006.595215;0.137793;0.081137;-0.251314;0.279388;0.000000;2.000000;-14.747292;-340.508972;1888.494141;0.659768;-0.337271;0.124598;0.154301;0.000000;1.000000;-80.184044;-400.263000;1926.105957;0.308892;0.845217;-0.129558;0.150161;0.000000;1.000000;-30.238480;-313.845032;1884.794678;0.837777;0.845217;-0.129558;0.150161;0.000000;1.000000;-103.871269;-427.336975;1910.685791;0.143246;-0.312465;-0.352001;0.487927;0.000000;1.000000;-61.968182;-608.310425;2164.642090;0.143177;0.684789;0.697283;-0.210075;0.000000;2.000000;-181.646011;-574.655762;2121.864258;0.090835;0.228601;0.677187;-0.661229;0.000000;2.000000;-187.749268;-351.895172;1949.881104;0.079519;0.040504;0.109016;0.940171;0.000000;2.000000;40.706383;-393.936279;1984.159302;0.144870;0.275173;0.153774;0.898895;0.000000;2.000000;118.198898;-407.229279;2051.700928;0.114046;0.100699;0.662805;-0.626376;0.000000;2.000000;128.933578;-327.569824;1982.321777;0.094751;0.100699;0.662805;-0.626376;0.000000;2.000000;150.052216;-363.574371;1966.322632;0.112087;0.150038;0.223785;-0.099838;0.000000;2.000000;88.202988;-144.910309;2022.446289;0.066003;-0.172391;0.478808;-0.017986;0.000000;2.000000;281.130371;-19.257202;1695.079102;0.158616;0.663130;-0.367661;0.307341;0.000000;2.000000;223.821304;358.870667;1689.266235;0.138149;0.601639;-0.422852;0.317920;0.000000;2.000000;282.086792;459.700134;1542.586304;0.058549;0.851551;-0.075879;0.518752;0.000000;2.000000;-79.536514;-154.589584;1979.759277;0.059518;0.639233;0.095772;0.739142;0.000000;2.000000;-145.269531;-1.173187;1616.473022;0.136664;0.380824;0.536567;0.517195;0.000000;2.000000;-197.115540;374.479004;1691.242188;0.137184;0.427598;0.474984;0.613146;0.000000;2.000000;-242.114044;459.038940;1548.005493;0.065631;-0.022855;0.772707;0.100988;0.000000;2.000000;-30.418507;-726.454224;2167.167969;0.172817;0.630359;-0.333865;0.483598;0.000000;2.000000;13.799244;-735.730591;2013.007813;0.159901;0.630359;-0.333865;0.483598;0.000000;2.000000;26.418259;-779.258301;2045.828979;0.178159;0.804420;0.105877;0.578034;0.000000;2.000000;48.539497;-795.255981;2169.590332;0.200438;0.507262;0.483598;0.333865;0.000000;2.000000;-21.879736;-769.991577;2028.123291;0.167879;0.804420;0.105877;0.578034;0.000000;2.000000;-110.308067;-780.468567;2124.183838;0.180611;0.630359;-0.333865;0.483598;0.000000;2.000000;3906866688.000000
0.000000;-150.000000;2000.000000;0.000000;-0.375549;0.564828;-0.278519;0.000000;2.000000;-14.784355;-295.948914;2101.964844;0.080609;-0.439147;0.535453;-0.331503;0.000000;2.000000;-20.624523;-427.024719;2158.387939;0.208593;0.509382;-0.473106;0.451172;0.000000;2.000000;-28.020687;-643.705078;2174.504395;0.087947;0.552617;-0.435402;0.487659;0.000000;2.000000;6.422869;-608.893188;2177.801270;0.091140;0.690438;-0.706336;-0.043718;0.000000;2.000000;142.591354;-570.419495;2156.127930;0.076573;0.664304;-0.370074;0.049260;0.000000;2.000000;185.901398;-342.433167;2005.388306;0.050022;0.086581;-0.250012;0.277264;0.000000;2.000000;-13.838139;-337.485718;1886.970459;0.105332;-0.355821;0.124580;0.144260;0.000000;1.000000;-76.700745;-400.407715;1924.213501;0.119195;0.839223;-0.120435;0.147738;0.000000;1.000000;-29.350758;-311.764801;1884.108643;0.071018;0.839223;-0.120435;0.147738;0.000000;1.000000;-102.241463;-426.610504;1910.463501;0.054032;-0.316236;-0.351733;0.489829;0.000000;1.000000;-60.211472;-606.750122;2167.971924;0.122456;0.679381;0.702196;-0.211163;0.000000;2.000000;-179.956009;-572.666077;2125.050049;0.123761;0.232803;0.676224;-0.658968;0.000000;2.000000;-186.427414;-351.966522;1949.691528;0.040183;0.043617;0.112553;0.937470;0.000000;2.000000;41.915344;-394.901917;1986.210205;0.077196;0.266651;0.144735;0.899129;0.000000;2.000000;121.227631;-406.339111;2052.226074;0.096160;0.115681;0.669570;-0.617298;0.000000;2.000000;129.373184;-328.176788;1980.559692;0.057537;0.115681;0.669570;-0.617298;0.000000;2.000000;150.392960;-364.032990;1964.121338;0.068336;0.147647;0.238884;-0.075836;0.000000;2.000000;89.237526;-145.848175;2018.881836;0.115030;-0.175522;0.487092;-0.031664;0.000000;2.000000;275.195923;-13.166794;1689.449097;0.306443;0.653815;-0.370483;0.317895;0.000000;2.000000;225.595901;366.702698;1684.594604;0.279163;0.585049;-0.430637;0.326059;0.000000;2.000000;283.291626;463.341125;1534.511108;0.268619;0.844415;-0.075758;0.530052;0.000000;2.000000;-80.469414;-153.743866;1982.973389;0.103725;0.643219;0.087636;0.740265;0.000000;2.000000;-143.412689;-11.673065;1613.894775;0.329630;0.389238;0.534540;0.519452;0.000000;2.000000;-192.008713;366.449890;1681.351440;0.412407;0.399834;0.510548;0.603602;0.000000;2.000000;-242.894073;461.520508;1546.581787;0.089104;-0.042402;0.791117;0.069279;0.000000;2.000000;-28.845150;-725.177246;2167.238770;0.060925;0.626448;-0.336962;0.485723;0.000000;2.000000;14.007593;-735.403564;2012.476440;0.019766;0.626448;-0.336962;0.485723;0.000000;2.000000;26.800776;-778.878296;2045.458496;0.019658;0.802196;0.105190;0.581726;0.000000;2.000000;50.032433;-794.346741;2169.299072;0.053249;0.508028;0.485723;0.336962;0.000000;2.000000;-21.705505;-769.522949;2028.116211;0.015025;0.802196;0.105190;0.581726;0.000000;2.000000;-109.435661;-779.228577;2125.188965;0.054659;0.626448;-0.336962;0.485723;0.000000;2.000000;3906899968.000000
0.000000;-150.000015;2000.000000;0.000000;-0.376045;0.564574;-0.277219;0.000000;2.000000;-14.801223;-296.248260;2102.403564;0.015967;-0.439683;0.535327;-0.330181;0.000000;2.000000;-20.561211;-427.625031;2159.140137;0.028980;0.509913;-0.472990;0.449584;0.000000;2.000000;-27.792963;-644.883362;2175.705566;0.051020;0.553218;-0.435413;0.486066;0.000000;2.000000;6.698275;-609.930786;2179.048828;0.049455;0.688924;-0.707396;-0.045596;0.000000;2.000000;143.075378;-570.742432;2157.336670;0.040309;0.663803;-0.371379;0.047338;0.000000;2.000000;186.673676;-341.975220;2006.449707;0.041773;0.088471;-0.252914;0.276040;0.000000;2.000000;-12.787117;-336.456390;1886.332031;0.048187;-0.358561;0.124861;0.143245;0.000000;1.000000;-75.400780;-399.966980;1923.689941;0.044144;0.837812;-0.119386;0.147838;0.000000;1.000000;-28.487375;-310.741760;1883.550781;0.043577;0.837812;-0.119386;0.147838;0.000000;1.000000;-101.279198;-426.184509;1911.196289;0.038532;-0.319601;-0.348838;0.493249;0.000000;1.000000;-60.092911;-607.873657;2168.982910;0.045555;0.679541;0.701421;-0.213349;0.000000;2.000000;-179.939926;-573.149780;2125.736816;0.025245;0.234010;0.675622;-0.660848;0.000000;2.000000;-186.287994;-350.861664;1951.120117;0.054428;0.038288;0.112235;0.938397;0.000000;2.000000;42.928932;-394.679626;1985.251343;0.042454;0.272446;0.146477;0.898391;0.000000;2.000000;121.622444;-406.328491;2052.415039;0.013156;0.108727;0.666921;-0.619498;0.000000;2.000000;130.878708;-327.466003;1981.213013;0.053740;0.108727;0.666921;-0.619498;0.000000;2.000000;151.951843;-363.546692;1964.791016;0.053034;0.146618;0.232496;-0.080558;0.000000;2.000000;89.438042;-145.664505;2019.119141;0.010845;-0.171440;0.491185;-0.032244;0.000000;2.000000;273.832611;-15.298553;1686.540405;0.115845;0.650694;-0.372815;0.321504;0.000000;2.000000;225.890793;365.856567;1681.670898;0.091885;0.592117;-0.424779;0.330616;0.000000;2.000000;283.340576;466.429199;1533.436523;0.098259;0.845737;-0.068342;0.529149;0.000000;2.000000;-80.650215;-153.909546;1982.759644;0.009775;0.644910;0.082677;0.738921;0.000000;2.000000;-142.697250;-13.279663;1611.773193;0.082805;0.387227;0.531898;0.519437;0.000000;2.000000;-194.829071;365.192993;1680.793823;0.094282;0.394821;0.512906;0.597971;0.000000;2.000000;-245.444901;463.448853;1547.601318;0.100850;-0.052261;0.788843;0.063679;0.000000;2.000000;-28.509115;-726.596924;2168.577637;0.059500;0.627378;-0.319843;0.483580;0.000000;2.000000;18.641092;-736.861023;2014.604126;0.159341;0.627378;-0.319843;0.483580;0.000000;2.000000;29.236502;-781.075073;2047.647827;0.118497;0.811215;0.115779;0.568106;0.000000;2.000000;48.454552;-798.250916;2172.310547;0.155559;0.519854;0.483580;0.319843;0.000000;2.000000;-18.586773;-770.140137;2028.945923;0.098729;0.811215;0.115779;0.568106;0.000000;2.000000;-109.597847;-778.079407;2123.622559;0.058579;0.627378;-0.319843;0.483580;0.000000;2.000000;3906933248.000000
0.000000;-150.000000;2000.000000;0.000000;-0.372332;0.574634;-0.278592;0.000000;2.000000;-11.723810;-296.667358;2104.308594;0.108645;-0.417838;0.554079;-0.317513;0.000000;2.000000;-17.033485;-425.262543;2169.309570;0.328606;0.511950;-0.472591;0.465187;0.000000;2.000000;-23.540144;-644.433533;2178.989746;0.160785;0.554091;-0.433764;0.501588;0.000000;2.000000;11.212193;-609.293030;2182.561279;0.171605;0.700977;-0.693719;-0.028160;0.000000;2.000000;147.813980;-570.607910;2155.570068;0.150852;0.663913;-0.359063;0.043585;0.000000;2.000000;186.761719;-336.558685;2008.092651;0.168801;0.079266;-0.244584;0.266468;0.000000;2.000000;-16.713455;-332.592285;1891.642944;0.228173;-0.387474;0.085196;0.173777;0.000000;1.000000;-77.377678;-400.690857;1925.684448;0.086475;0.820362;-0.156344;0.114077;0.000000;1.000000;-34.242706;-308.145508;1886.858887;0.212547;0.820362;-0.156344;0.114077;0.000000;1.000000;-102.685745;-428.018799;1911.661743;0.070309;-0.319112;-0.392544;0.512324;0.000000;1.000000;-56.284687;-607.048218;2174.337402;0.197468;0.670257;0.708045;-0.220266;0.000000;2.000000;-176.091568;-570.956848;2129.400391;0.171401;0.239344;0.681085;-0.653896;0.000000;2.000000;-188.139572;-348.261536;1952.515503;0.103879;0.039246;0.119427;0.936587;0.000000;2.000000;41.798710;-395.282562;1988.522949;0.104767;0.238112;0.133369;0.909357;0.000000;2.000000;126.005981;-407.044861;2049.817383;0.153433;0.130005;0.684032;-0.613855;0.000000;2.000000;129.269867;-327.259491;1978.036377;0.106357;0.130005;0.684032;-0.613855;0.000000;2.000000;151.947266;-363.626709;1964.041138;0.022488;0.157629;0.246365;-0.128488;0.000000;2.000000;90.469406;-145.145126;2016.994629;0.072103;-0.158106;0.510426;-0.055870;0.000000;2.000000;264.067017;-14.125473;1675.684082;0.436824;0.642342;-0.368812;0.357335;0.000000;2.000000;226.452133;370.523010;1690.924683;0.309488;0.550679;-0.445364;0.348183;0.000000;2.000000;281.508057;460.551270;1533.660522;0.183714;0.826665;-0.070788;0.556226;0.000000;2.000000;-81.580238;-154.377838;1984.675049;0.065009;0.647193;0.075754;0.736672;0.000000;2.000000;-142.548157;-14.603073;1610.257202;0.060171;0.376325;0.534535;0.512434;0.000000;2.000000;-199.341125;363.322998;1692.184448;0.369562;0.412920;0.486362;0.602301;0.000000;2.000000;-245.733627;456.217468;1552.253296;0.256540;-0.044243;0.773151;0.085401;0.000000;2.000000;-24.338192;-726.420898;2169.139160;0.125603;0.622427;-0.329882;0.491743;0.000000;2.000000;18.458206;-736.250610;2012.738892;0.058775;0.622427;-0.329882;0.491743;0.000000;2.000000;30.557430;-780.672424;2045.634766;0.072793;0.802028;0.114453;0.580977;0.000000;2.000000;53.900166;-797.825684;2170.477295;0.171804;0.511812;0.491743;0.329882;0.000000;2.000000;-18.244160;-770.111816;2028.296265;0.021917;0.802028;0.114453;0.580977;0.000000;2.000000;-106.829727;-779.003113;2126.366943;0.119451;0.622427;-0.329882;0.491743;0.000000;2.000000;3906966784.000000
0.000000;-150.000000;2000.000000;0.000000;-0.370497;0.575536;-0.278911;0.000000;2.000000;-11.815861;-296.181580;2104.542969;0.016441;-0.417188;0.554379;-0.318901;0.000000;2.000000;-17.178612;-424.661896;2169.318115;0.018569;0.511754;-0.472416;0.469044;0.000000;2.000000;-23.830288;-643.581421;2177.503174;0.052220;0.553657;-0.433281;0.505418;0.000000;2.000000;10.931774;-608.549072;2181.079590;0.050526;0.704882;-0.690302;-0.020067;0.000000;2.000000;147.561462;-571.606384;2152.898926;0.086022;0.710912;-0.271516;0.102246;0.000000;2.000000;191.704742;-332.981262;2015.289551;0.283516;0.003732;-0.106861;0.269733;0.000000;2.000000;-37.087120;-344.806763;1966.928711;2.372129;-0.269093;-0.402990;0.318210;0.000000;2.000000;-90.742226;-415.791382;1927.786133;0.609209;0.662232;-0.442470;-0.260537;0.000000;1.000000;-61.435722;-311.799561;1912.750000;1.133558;0.662232;-0.442470;-0.260537;0.000000;1.000000;-101.211601;-439.282867;1897.629028;0.542507;-0.012695;0.672583;-0.617288;0.000000;1.000000;-56.522060;-606.185791;2173.338379;0.040293;0.668483;0.709995;-0.219762;0.000000;2.000000;-176.264526;-569.592468;2129.193848;0.041789;0.240154;0.680787;-0.653754;0.000000;2.000000;-188.285919;-347.540619;1952.140137;0.024815;0.038499;0.117709;0.936488;0.000000;2.000000;41.550674;-393.825073;1987.552490;0.053140;0.242923;0.139439;0.908412;0.000000;2.000000;124.696632;-406.586365;2049.836670;0.041690;0.124962;0.680917;-0.617258;0.000000;2.000000;129.143555;-326.472198;1978.713623;0.031435;0.124962;0.680917;-0.617258;0.000000;2.000000;150.554169;-362.834778;1962.093140;0.075794;0.154088;0.254930;-0.101300;0.000000;2.000000;90.393684;-145.329742;2016.747070;0.009554;-0.150390;0.517052;-0.054505;0.000000;2.000000;260.168701;-20.333618;1671.944702;0.247274;0.636721;-0.373597;0.361655;0.000000;2.000000;225.416351;364.102356;1685.499268;0.254493;0.574215;-0.424382;0.352810;0.000000;2.000000;282.853882;463.811523;1535.410034;0.118304;0.836663;-0.052510;0.544665;0.000000;2.000000;-81.511963;-154.211380;1984.898560;0.008622;0.633565;0.091274;0.748862;0.000000;2.000000;-154.393982;-11.203995;1614.463867;0.391287;0.378795;0.547659;0.518735;0.000000;2.000000;-198.563904;369.105103;1690.303101;0.184193;0.418336;0.491811;0.612266;0.000000;2.000000;-247.137024;457.456299;1548.486450;0.126393;-0.023878;0.783962;0.088518;0.000000;2.000000;-24.775679;-725.382446;2167.102051;0.069952;0.622399;-0.324812;0.493019;0.000000;2.000000;18.648739;-734.688232;2011.079590;0.068722;0.622399;-0.324812;0.493019;0.000000;2.000000;30.195801;-779.330017;2043.738892;0.070643;0.803454;0.118940;0.578294;0.000000;2.000000;52.744438;-797.348511;2168.421143;0.072310;0.513857;0.493019;0.324812;0.000000;2.000000;-18.360949;-768.278198;2026.245605;0.082733;0.803454;0.118940;0.578294;0.000000;2.000000;-107.376945;-776.957092;2123.692871;0.102500;0.622399;-0.324812;0.493019;0.000000;2.000000;3907000064.000000
0.000000;-150.000000;2000.000000;0.000000;-0.379714;0.569652;-0.281636;0.000000;2.000000;-11.781666;-298.233582;2101.564941;0.108675;-0.422112;0.550386;-0.317644;0.000000;2.000000;-17.223743;-427.144318;2165.420166;0.138868;0.512226;-0.474215;0.462639;0.000000;2.000000;-22.924492;-645.948120;2176.092773;0.087144;0.554406;-0.435587;0.499178;0.000000;2.000000;11.637619;-610.717773;2179.549316;0.082527;0.701221;-0.694635;-0.017105;0.000000;2.000000;148.491364;-574.988159;2151.013184;0.119655;0.711491;-0.266125;0.106990;0.000000;2.000000;191.469986;-336.256287;2013.311523;0.115181;0.000040;-0.098754;0.269290;0.000000;2.000000;-38.072037;-348.690002;1969.010986;0.135668;-0.249878;-0.408902;0.317373;0.000000;2.000000;-92.972610;-417.202423;1927.312622;0.080571;0.660810;-0.449500;-0.256665;0.000000;1.000000;-62.713367;-313.692627;1911.017944;0.086129;0.660810;-0.449500;-0.256665;0.000000;1.000000;-100.321404;-440.355255;1896.045288;0.063391;-0.027980;0.678569;-0.610431;0.000000;1.000000;-55.748604;-608.764893;2171.223145;0.102887;0.671609;0.707229;-0.219248;0.000000;2.000000;-175.543274;-572.311279;2127.168945;0.104143;0.241324;0.680785;-0.653448;0.000000;2.000000;-187.880585;-350.517426;1949.887451;0.112831;0.037178;0.116492;0.936425;0.000000;2.000000;42.101456;-396.442688;1984.559326;0.120621;0.267818;0.151432;0.897047;0.000000;2.000000;121.429474;-408.908752;2051.667969;0.132421;0.119168;0.668244;-0.617313;0.000000;2.000000;129.844849;-330.623291;1978.912109;0.126640;0.119168;0.668244;-0.617313;0.000000;2.000000;150.421768;-365.337830;1959.811401;0.101850;0.138807;0.252456;-0.038388;0.000000;2.000000;90.180466;-145.037643;2017.703491;0.030724;-0.156849;0.508540;-0.032910;0.000000;2.000000;265.379578;-24.273788;1674.185059;0.207522;0.641159;-0.382455;0.336867;0.000000;2.000000;221.080124;359.346832;1671.528076;0.462205;0.613945;-0.400102;0.324758;0.000000;2.000000;284.243652;467.560150;1529.907104;0.204384;0.859845;-0.054869;0.507522;0.000000;2.000000;-81.319702;-154.474792;1984.035767;0.027715;0.631022;0.090986;0.752240;0.000000;2.000000;-156.828781;-14.483856;1613.046387;0.129921;0.387540;0.542318;0.529080;0.000000;2.000000;-200.305115;368.299957;1675.295288;0.454625;0.408262;0.513026;0.589392;0.000000;2.000000;-246.025024;467.263580;1539.709839;0.396872;-0.042211;0.782938;0.057445;0.000000;2.000000;-23.402489;-727.854553;2166.637207;0.086113;0.626397;-0.329283;0.488081;0.000000;2.000000;20.712715;-737.275208;2010.843018;0.099696;0.626397;-0.329283;0.488081;0.000000;2.000000;32.828842;-781.560181;2043.765137;0.103686;0.804161;0.112287;0.577963;0.000000;2.000000;55.202164;-798.594116;2168.595947;0.082959;0.510859;0.488081;0.329283;0.000000;2.000000;-15.821940;-771.350952;2026.048218;0.119919;0.804161;0.112287;0.577963;0.000000;2.000000;-105.027809;-780.910889;2123.209961;0.138951;0.626397;-0.329283;0.488081;0.000000;2.000000;3907033344.000000
0.000000;-150.000000;2000.000000;0.000000;-0.379672;0.570657;-0.282067;0.000000;2.000000;-11.367823;-298.180878;2101.482422;0.012779;-0.421411;0.551655;-0.317630;0.000000;2.000000;-16.574366;-426.916504;2165.500244;0.020818;0.510849;-0.474989;0.463079;0.000000;2.000000;-22.564457;-645.550049;2176.583008;0.021843;0.553052;-0.436323;0.499678;0.000000;2.000000;12.034441;-610.386597;2179.891602;0.018628;0.698258;-0.695917;-0.025365;0.000000;2.000000;148.117722;-571.906372;2151.722168;0.095682;0.690121;-0.312467;0.090832;0.000000;2.000000;189.318558;-339.028320;2004.170654;0.294208;0.061783;-0.165957;0.279900;0.000000;2.000000;-29.964914;-333.486298;1922.808594;1.481690;-0.380320;-0.234085;0.412298;0.000000;1.000000;-87.998276;-411.304199;1926.132690;0.234539;0.708280;-0.448997;-0.152274;0.000000;1.000000;-43.689636;-315.645874;1898.451416;0.687592;0.708280;-0.448997;-0.152274;0.000000;1.000000;-105.354240;-441.635925;1899.629639;0.189606;-0.139196;-0.620170;0.668064;0.000000;1.000000;-55.324535;-608.352051;2171.724854;0.023314;0.672584;0.706984;-0.217378;0.000000;2.000000;-175.297531;-571.765015;2128.533936;0.044791;0.243927;0.681132;-0.653717;0.000000;2.000000;-188.613449;-349.570740;1952.121582;0.076163;0.031218;0.114592;0.937100;0.000000;2.000000;41.620918;-395.598083;1983.806152;0.036943;0.269780;0.148745;0.897385;0.000000;2.000000;120.844536;-407.550415;2051.025879;0.048447;0.117034;0.670104;-0.615132;0.000000;2.000000;128.829163;-329.223236;1978.368652;0.054478;0.117034;0.670104;-0.615132;0.000000;2.000000;150.532639;-364.554962;1960.977295;0.042329;0.143627;0.242689;-0.058083;0.000000;2.000000;90.168282;-144.975861;2017.436523;0.008242;-0.159991;0.506575;-0.038534;0.000000;2.000000;266.060944;-19.848984;1676.149048;0.146899;0.640675;-0.379346;0.338015;0.000000;2.000000;224.097244;363.789398;1674.748657;0.188158;0.599052;-0.414613;0.339818;0.000000;2.000000;282.093994;469.540863;1529.273560;0.089872;0.847173;-0.054597;0.528505;0.000000;2.000000;-81.308701;-154.530487;1984.276611;0.007435;0.631282;0.087144;0.752805;0.000000;2.000000;-157.055984;-17.648209;1612.460938;0.096937;0.382878;0.545509;0.525947;0.000000;2.000000;-200.598160;363.932953;1680.219482;0.197963;0.407875;0.511738;0.589074;0.000000;2.000000;-246.181137;462.973358;1544.788574;0.199823;-0.043978;0.781808;0.058137;0.000000;2.000000;-23.183298;-727.419922;2167.286133;0.024375;0.631210;-0.327577;0.478237;0.000000;2.000000;24.313871;-738.057861;2012.678101;0.123703;0.631210;-0.327577;0.478237;0.000000;2.000000;35.883247;-781.962402;2046.237549;0.118696;0.810721;0.106533;0.569796;0.000000;2.000000;55.594650;-797.759155;2171.593750;0.094248;0.515322;0.478237;0.327577;0.000000;2.000000;-12.380676;-772.126953;2027.388916;0.113397;0.810721;0.106533;0.569796;0.000000;2.000000;-103.578316;-781.178467;2122.614502;0.047768;0.631210;-0.327577;0.478237;0.000000;2.000000;3907066624.000000
0.000000;-150.000000;2000.000000;0.000000;-0.369174;0.579729;-0.292533;0.000000;2.000000;-10.346630;-297.903534;2102.033691;0.035852;-0.406534;0.562080;-0.325158;0.000000;2.000000;-15.756664;-425.684937;2167.957764;0.086175;0.512100;-0.473916;0.469086;0.000000;2.000000;-21.624367;-644.479126;2176.066895;0.045541;0.553867;-0.434772;0.505580;0.000000;2.000000;13.003059;-609.352539;2179.553711;0.043768;0.703879;-0.690053;-0.018953;0.000000;2.000000;149.032074;-571.594849;2150.083984;0.057145;0.671433;-0.352536;0.050586;0.000000;2.000000;190.907410;-338.245422;2003.405273;0.057979;0.069269;-0.229644;0.272221;0.000000;2.000000;-16.153343;-337.293060;1894.437134;0.955033;-0.394515;0.022649;0.180453;0.000000;1.000000;-77.545303;-408.544495;1918.750000;0.393371;0.807388;-0.172664;0.057126;0.000000;1.000000;-37.933899;-311.893768;1887.565063;0.386815;0.807388;-0.172664;0.057126;0.000000;1.000000;-100.844284;-435.531799;1900.227539;0.228756;-0.287379;-0.447764;0.512127;0.000000;1.000000;-54.434589;-607.220581;2172.016113;0.044131;0.668816;0.711451;-0.213517;0.000000;2.000000;-174.762497;-572.331360;2128.360352;0.023985;0.247095;0.679364;-0.654936;0.000000;2.000000;-187.597244;-350.458862;1951.451904;0.045271;0.026696;0.113009;0.936860;0.000000;2.000000;42.960251;-396.458435;1980.969971;0.097728;0.276733;0.148855;0.895504;0.000000;2.000000;121.306732;-407.966736;2049.305664;0.054965;0.112338;0.668037;-0.614665;0.000000;2.000000;130.115860;-329.700562;1976.658813;0.065880;0.112338;0.668037;-0.614665;0.000000;2.000000;151.875351;-365.331818;1959.277832;0.069140;0.142458;0.237546;-0.054075;0.000000;2.000000;90.780220;-146.407959;2014.412354;0.102212;-0.161358;0.510116;-0.048908;0.000000;2.000000;263.431152;-16.328033;1673.262939;0.157981;0.639648;-0.376071;0.348189;0.000000;2.000000;224.385941;367.627258;1678.880493;0.169671;0.578706;-0.424391;0.339738;0.000000;2.000000;283.643677;465.878784;1528.700928;0.120718;0.842045;-0.061724;0.535368;0.000000;2.000000;-81.860519;-153.239075;1987.003906;0.092177;0.626888;0.096056;0.756469;0.000000;2.000000;-160.760345;-13.774063;1616.753418;0.206342;0.388093;0.549246;0.528860;0.000000;2.000000;-197.980347;369.547974;1678.458252;0.193532;0.409162;0.516386;0.597581;0.000000;2.000000;-246.123260;465.657104;1541.779785;0.121160;-0.031004;0.791032;0.060826;0.000000;2.000000;-22.317263;-726.222656;2165.642334;0.066416;0.630086;-0.307803;0.465585;0.000000;2.000000;32.519142;-740.940430;2013.801880;0.263497;0.630086;-0.307803;0.465585;0.000000;2.000000;40.457771;-784.848206;2048.407715;0.175115;0.827297;0.111569;0.546868;0.000000;2.000000;53.043091;-799.787903;2174.798828;0.137365;0.539888;0.465585;0.307803;0.000000;2.000000;-6.317465;-773.224609;2026.981812;0.185553;0.827297;0.111569;0.546868;0.000000;2.000000;-102.576965;-777.119690;2117.480713;0.198936;0.630086;-0.307803;0.465585;0.000000;2.000000;3907099904.000000
0.000000;-150.000015;2000.000000;0.000000;-0.367694;0.585918;-0.295011;0.000000;2.000000;-8.185297;-299.368011;2103.109375;0.084198;-0.405665;0.567636;-0.328819;0.000000;2.000000;-12.028290;-428.591003;2169.318359;0.146680;0.508293;-0.476126;0.470066;0.000000;2.000000;-18.734802;-649.382446;2178.770996;0.187892;0.550137;-0.436896;0.506735;0.000000;2.000000;16.375204;-614.037964;2181.875977;0.185542;0.697869;-0.692551;-0.019565;0.000000;2.000000;152.244232;-573.198608;2149.238770;0.109984;0.660823;-0.364834;0.039860;0.000000;2.000000;191.525314;-337.878632;1999.975830;0.104482;0.071507;-0.249859;0.268819;0.000000;2.000000;-12.766908;-338.278381;1881.423584;0.402046;-0.378781;0.104922;0.108740;0.000000;1.000000;-74.141457;-407.731689;1913.449951;0.189384;0.815642;-0.084836;0.125043;0.000000;1.000000;-36.184509;-309.815979;1880.576660;0.223571;0.815642;-0.084836;0.125043;0.000000;1.000000;-99.111938;-434.151672;1897.819824;0.097553;-0.316026;-0.374053;0.454506;0.000000;1.000000;-51.737961;-611.668579;2174.677734;0.174231;0.671112;0.707080;-0.221400;0.000000;2.000000;-172.367401;-574.243225;2130.130371;0.105529;0.253326;0.684445;-0.653437;0.000000;2.000000;-191.085953;-346.947662;1956.322388;0.207066;0.008996;0.112763;0.939537;0.000000;2.000000;41.981850;-396.238281;1977.801514;0.099099;0.247189;0.147117;0.906744;0.000000;2.000000;124.830910;-410.340454;2041.720093;0.259260;0.122072;0.677223;-0.620643;0.000000;2.000000;130.556473;-329.341614;1970.267334;0.191338;0.122072;0.677223;-0.620643;0.000000;2.000000;152.508774;-365.422302;1953.499268;0.173362;0.153934;0.250220;-0.101780;0.000000;2.000000;91.869278;-146.102966;2012.938477;0.055397;-0.152249;0.515700;-0.045848;0.000000;2.000000;263.812622;-22.311020;1664.621826;0.313608;0.640133;-0.377042;0.354884;0.000000;2.000000;223.344818;365.074158;1674.891357;0.144599;0.581121;-0.420051;0.336046;0.000000;2.000000;285.215485;464.358398;1524.184448;0.149631;0.845669;-0.061249;0.529669;0.000000;2.000000;-82.842575;-153.514160;1988.332886;0.049952;0.622129;0.103077;0.757903;0.000000;2.000000;-166.191452;-5.221069;1618.308472;0.305651;0.376386;0.559071;0.521894;0.000000;2.000000;-202.235672;379.512939;1693.818237;0.560510;0.461502;0.459405;0.612040;0.000000;2.000000;-239.572342;457.252686;1540.935425;0.318742;0.012253;0.760944;0.110968;0.000000;2.000000;-19.811462;-731.953247;2168.711914;0.207751;0.628063;-0.317600;0.483438;0.000000;2.000000;28.546484;-742.087219;2012.706421;0.127550;0.628063;-0.317600;0.483438;0.000000;2.000000;39.071533;-787.032715;2046.146362;0.102463;0.812180;0.117265;0.566419;0.000000;2.000000;58.066528;-804.804016;2172.600586;0.221600;0.520533;0.483438;0.317600;0.000000;2.000000;-9.335333;-775.788879;2027.032471;0.118097;0.812180;0.117265;0.566419;0.000000;2.000000;-101.998505;-783.870056;2122.696289;0.254953;0.628063;-0.317600;0.483438;0.000000;2.000000;3907133440.000000
0.000000;-150.000000;2000.000000;0.000000;-0.363719;0.589906;-0.301073;0.000000;2.000000;-7.421144;-298.215729;2101.865234;0.055889;-0.398230;0.572960;-0.332191;0.000000;2.000000;-11.200806;-425.727783;2168.450684;0.093273;0.513462;-0.470651;0.476708;0.000000;2.000000;-17.800608;-644.630066;2172.736572;0.232503;0.554815;-0.430906;0.512915;0.000000;2.000000;16.983709;-609.688721;2176.571289;0.206930;0.707685;-0.683819;-0.019395;0.000000;2.000000;152.104813;-569.806641;2145.690186;0.147564;0.659211;-0.372887;0.045041;0.000000;2.000000;193.147980;-339.711914;1993.681519;0.202935;0.075358;-0.253444;0.277200;0.000000;2.000000;-8.139223;-340.013885;1874.338257;0.259580;-0.356803;0.113518;0.136518;0.000000;1.000000;-71.927185;-404.336121;1909.443359;0.171263;0.807403;-0.105963;0.142461;0.000000;1.000000;-36.359070;-308.575684;1871.364380;0.279358;0.807403;-0.105963;0.142461;0.000000;1.000000;-98.117088;-430.171234;1896.780884;0.127175;-0.310871;-0.354851;0.492918;0.000000;1.000000;-50.508957;-607.187622;2169.603516;0.206737;0.663318;0.716478;-0.214270;0.000000;2.000000;-170.809296;-571.290527;2126.656250;0.144779;0.248957;0.686961;-0.653100;0.000000;2.000000;-190.067719;-344.514740;1956.639526;0.079820;0.010122;0.111394;0.941301;0.000000;2.000000;40.972366;-392.681854;1977.970215;0.111201;0.228119;0.144487;0.911400;0.000000;2.000000;125.371574;-407.408173;2037.990112;0.143488;0.130697;0.676193;-0.627925;0.000000;2.000000;130.875580;-326.562683;1967.871216;0.110672;0.130697;0.676193;-0.627925;0.000000;2.000000;152.064728;-362.511353;1953.879517;0.089215;0.164883;0.245938;-0.148701;0.000000;2.000000;91.244675;-146.808655;2011.290894;0.057033;-0.153381;0.517853;-0.049949;0.000000;2.000000;259.515198;-21.818497;1666.029663;0.136686;0.633390;-0.380306;0.355090;0.000000;2.000000;224.143982;362.531433;1671.490356;0.129837;0.594172;-0.409764;0.345266;0.000000;2.000000;284.256958;467.835205;1526.497192;0.128737;0.847305;-0.047358;0.528951;0.000000;2.000000;-82.279343;-152.877777;1989.818481;0.051427;0.613530;0.107761;0.766697;0.000000;2.000000;-172.632431;-9.277435;1623.748657;0.281132;0.385350;0.559618;0.534936;0.000000;2.000000;-202.537628;375.234863;1682.171753;0.372928;0.445998;0.489085;0.595452;0.000000;2.000000;-240.524796;463.025391;1536.943481;0.212826;-0.003579;0.770298;0.078381;0.000000;2.000000;-18.872118;-726.180908;2160.872559;0.293885;0.634776;-0.315081;0.469974;0.000000;2.000000;33.658997;-737.780457;2007.934692;0.246789;0.634776;-0.315081;0.469974;0.000000;2.000000;43.356033;-781.843262;2041.898193;0.239131;0.820949;0.109526;0.555117;0.000000;2.000000;58.550789;-797.829224;2167.885986;0.253385;0.526221;0.469974;0.315081;0.000000;2.000000;-4.082237;-771.226440;2021.416138;0.268681;0.820949;0.109526;0.555117;0.000000;2.000000;-98.609306;-778.658142;2113.523682;0.332961;0.634776;-0.315081;0.469974;0.000000;2.000000;3907166720.000000
0.000000;-150.000000;2000.000000;0.000000;-0.363865;0.589659;-0.300995;0.000000;2.000000;-7.488705;-298.221649;2101.832764;0.002259;-0.398549;0.572632;-0.332247;0.000000;2.000000;-11.303072;-425.770081;2168.328125;0.004962;0.514889;-0.470905;0.476296;0.000000;2.000000;-17.155285;-644.688110;2172.215332;0.024987;0.556138;-0.431193;0.512526;0.000000;2.000000;17.505926;-609.637024;2176.125488;0.020690;0.707668;-0.683251;-0.021121;0.000000;2.000000;152.388092;-569.001587;2145.221924;0.029251;0.656330;-0.372572;0.043259;0.000000;2.000000;191.184769;-338.416931;1993.395752;0.071188;0.073423;-0.255062;0.274999;0.000000;2.000000;-9.840153;-339.489990;1873.642700;0.057418;-0.360390;0.112938;0.137350;0.000000;1.000000;-73.122391;-404.290039;1908.768677;0.041264;0.808819;-0.107834;0.141392;0.000000;1.000000;-36.970089;-308.769012;1870.656738;0.028687;0.808819;-0.107834;0.141392;0.000000;1.000000;-98.691711;-430.625061;1896.691162;0.022166;-0.317390;-0.355710;0.491439;0.000000;1.000000;-49.988472;-607.354370;2169.138672;0.021559;0.662575;0.717386;-0.213396;0.000000;2.000000;-170.365845;-571.745361;2126.191650;0.023648;0.247960;0.688276;-0.652117;0.000000;2.000000;-190.368576;-344.756378;1956.573853;0.011762;0.010760;0.110114;0.941730;0.000000;2.000000;40.785980;-392.279968;1977.952393;0.013322;0.225697;0.143666;0.912098;0.000000;2.000000;125.497673;-407.027161;2037.514160;0.018707;0.132210;0.677368;-0.627483;0.000000;2.000000;130.575119;-326.153748;1967.404907;0.020708;0.132210;0.677368;-0.627483;0.000000;2.000000;151.554993;-362.811462;1953.100464;0.029392;0.168868;0.248931;-0.147811;0.000000;2.000000;91.231613;-146.809875;2011.352417;0.001890;-0.152632;0.518227;-0.050818;0.000000;2.000000;259.364410;-21.974594;1665.995850;0.006600;0.633606;-0.379514;0.356603;0.000000;2.000000;224.248566;362.354523;1672.797119;0.039748;0.594496;-0.409166;0.347201;0.000000;2.000000;284.079803;468.209564;1528.103760;0.049853;0.846814;-0.045565;0.529905;0.000000;2.000000;-82.267563;-152.876678;1989.762939;0.001706;0.614508;0.107415;0.765983;0.000000;2.000000;-171.705841;-9.491516;1623.410645;0.030327;0.386277;0.558805;0.534694;0.000000;2.000000;-201.760773;375.052277;1681.393799;0.033488;0.443199;0.493050;0.591532;0.000000;2.000000;-239.489319;464.980255;1537.423828;0.068021;-0.008101;0.770355;0.072833;0.000000;2.000000;-17.943649;-726.215698;2160.204102;0.034393;0.637218;-0.314688;0.472962;0.000000;2.000000;33.971573;-735.864868;2006.930908;0.065659;0.637218;-0.314688;0.472962;0.000000;2.000000;44.138092;-780.200073;2040.393188;0.070959;0.818842;0.111916;0.556953;0.000000;2.000000;60.017982;-797.366821;2166.133301;0.070073;0.520799;0.472962;0.314688;0.000000;2.000000;-3.464825;-769.717163;2020.234741;0.060507;0.818842;0.111916;0.556953;0.000000;2.000000;-97.511513;-778.775879;2112.676758;0.041812;0.637218;-0.314688;0.472962;0.000000;2.000000;3907200000.000000
0.000000;-149.999985;2000.000000;0.000000;-0.370440;0.586732;-0.289743;0.000000;2.000000;-7.085794;-298.129303;2103.124512;0.040753;-0.396533;0.574663;-0.313000;0.000000;2.000000;-10.703823;-423.810516;2174.144531;0.185301;0.519345;-0.476790;0.473576;0.000000;2.000000;-12.093578;-643.590454;2177.619385;0.224918;0.560006;-0.437277;0.510286;0.000000;2.000000;21.993164;-607.723145;2181.409668;0.216097;0.710369;-0.680224;-0.002517;0.000000;2.000000;157.270691;-570.063721;2146.340332;0.153859;0.720172;-0.251641;0.129008;0.000000;2.000000;203.139709;-332.915009;2005.140259;0.530010;0.000601;-0.069522;0.274103;0.000000;2.000000;-29.418232;-341.594086;1973.744385;3.065504;-0.443079;-0.141361;0.337250;0.000000;2.000000;-81.985153;-422.293732;1988.884888;2.481704;0.631518;-0.364832;-0.024849;0.000000;2.000000;-75.001465;-325.835938;1937.740112;2.373198;0.631518;-0.364832;-0.024849;0.000000;1.000000;-97.765015;-426.451019;1908.760742;0.384752;-0.180429;0.650334;-0.629543;0.000000;1.000000;-45.815384;-606.794373;2174.806885;0.212168;0.661545;0.715680;-0.222074;0.000000;2.000000;-165.607758;-569.585571;2130.150391;0.196983;0.248903;0.694845;-0.644909;0.000000;2.000000;-191.129700;-342.233368;1960.060547;0.131327;0.013425;0.111206;0.941462;0.000000;2.000000;40.703590;-389.997009;1982.888794;0.163443;0.228274;0.159262;0.909684;0.000000;2.000000;124.312218;-407.583435;2043.877930;0.195225;0.132631;0.673485;-0.631908;0.000000;2.000000;130.512085;-326.320160;1973.724731;0.189974;0.132631;0.673485;-0.631908;0.000000;2.000000;150.134125;-360.858398;1954.538574;0.084464;0.156500;0.272223;-0.090967;0.000000;2.000000;91.232391;-145.135712;2013.255859;0.076170;-0.145699;0.527243;-0.054960;0.000000;2.000000;254.000488;-22.983780;1662.721191;0.191257;0.630996;-0.380437;0.369228;0.000000;2.000000;220.774139;362.716492;1676.287598;0.148384;0.596647;-0.397459;0.337448;0.000000;2.000000;287.207062;467.712280;1532.973022;0.174529;0.856158;-0.044169;0.514681;0.000000;2.000000;-82.268265;-154.386322;1988.046631;0.068683;0.614565;0.105475;0.765832;0.000000;2.000000;-172.303192;-10.783844;1620.340698;0.101683;0.376918;0.565845;0.526626;0.000000;2.000000;-201.858612;373.090332;1691.005127;0.294772;0.438002;0.496309;0.589850;0.000000;2.000000;-240.532410;465.235779;1547.940552;0.317651;-0.014366;0.771478;0.069380;0.000000;2.000000;-11.296560;-725.384033;2165.398682;0.254717;0.625187;-0.317585;0.473965;0.000000;2.000000;39.227325;-739.660645;2011.410767;0.236789;0.625187;-0.317585;0.473965;0.000000;2.000000;48.585487;-783.676086;2045.857056;0.236056;0.818663;0.110577;0.559710;0.000000;2.000000;65.156425;-798.619507;2172.254883;0.243086;0.532577;0.473964;0.317585;0.000000;2.000000;0.923861;-772.372559;2025.787964;0.227156;0.818663;0.110577;0.559710;0.000000;2.000000;-92.863289;-777.078552;2119.484375;0.252887;0.625187;-0.317585;0.473965;0.000000;2.000000;3907233280.000000
0.000000;-150.000000;2000.000000;0.000000;-0.371532;0.586149;-0.279001;0.000000;2.000000;-7.132854;-297.566528;2105.911865;0.085456;-0.395065;0.575780;-0.299815;0.000000;2.000000;-10.738102;-422.374695;2180.270020;0.189051;0.522829;-0.473555;0.474802;0.000000;2.000000;-11.894543;-643.579285;2181.656006;0.121441;0.563348;-0.433954;0.511249;0.000000;2.000000;22.352488;-607.483032;2185.947510;0.136970;0.712843;-0.677090;-0.000714;0.000000;2.000000;158.278107;-569.389282;2150.046387;0.117167;0.705632;-0.255474;0.132558;0.000000;2.000000;193.859207;-331.167053;2004.219360;0.285110;-0.007243;-0.072952;0.278417;0.000000;2.000000;-39.924332;-344.045319;1972.151611;0.327681;-0.477770;-0.108038;0.347664;0.000000;2.000000;-87.631233;-426.325134;1996.245239;0.303924;0.643261;-0.363883;-0.011481;0.000000;2.000000;-77.459213;-330.000671;1943.902588;0.235378;0.643261;-0.363883;-0.011481;0.000000;1.000000;-110.836304;-428.545502;1909.167969;0.397966;0.235860;-0.622092;0.672490;0.000000;1.000000;-45.862679;-606.561523;2179.046143;0.127581;0.657505;0.718206;-0.224254;0.000000;2.000000;-165.960587;-570.396362;2131.886230;0.058536;0.249674;0.695542;-0.645024;0.000000;2.000000;-192.421539;-340.832428;1961.857422;0.078702;0.010569;0.112932;0.941850;0.000000;2.000000;40.736069;-390.141846;1983.719482;0.025356;0.220340;0.149717;0.913105;0.000000;2.000000;126.437172;-406.673431;2043.235962;0.072088;0.138426;0.683479;-0.623724;0.000000;2.000000;129.401169;-324.983612;1972.317749;0.067190;0.138426;0.683479;-0.623724;0.000000;2.000000;152.275803;-359.378510;1956.792603;0.103470;0.159858;0.261072;-0.133297;0.000000;2.000000;91.551826;-143.944580;2014.602661;0.054871;-0.139158;0.545672;-0.072054;0.000000;2.000000;240.745560;-18.411118;1656.313354;0.463231;0.616391;-0.385734;0.392703;0.000000;2.000000;218.347000;370.295746;1675.696533;0.239793;0.582000;-0.395106;0.339359;0.000000;2.000000;289.464264;470.965973;1529.942993;0.149827;0.855948;-0.041270;0.514379;0.000000;2.000000;-82.556305;-155.460434;1986.832153;0.049480;0.608671;0.106858;0.770865;0.000000;2.000000;-178.800720;-11.698792;1617.914429;0.210212;0.375594;0.568433;0.531439;0.000000;2.000000;-207.016571;375.264740;1686.088013;0.223875;0.448001;0.491853;0.578060;0.000000;2.000000;-240.073288;469.521149;1541.636963;0.229451;-0.014311;0.760095;0.064148;0.000000;2.000000;-10.949535;-725.772034;2168.577881;0.096801;0.636135;-0.319256;0.480973;0.000000;2.000000;38.212486;-733.446899;2012.592896;0.192491;0.636135;-0.319256;0.480973;0.000000;2.000000;49.626442;-778.463379;2045.695313;0.159798;0.811805;0.114351;0.565847;0.000000;2.000000;68.567535;-796.932251;2172.126953;0.114415;0.511930;0.480973;0.319256;0.000000;2.000000;1.023727;-768.130737;2026.486084;0.129208;0.811805;0.114351;0.565847;0.000000;2.000000;-91.829216;-779.132813;2121.771729;0.097466;0.636135;-0.319256;0.480973;0.000000;2.000000;3907266560.000000
0.000000;-150.000000;2000.000000;0.000000;-0.371064;0.585922;-0.280177;0.000000;2.000000;-7.340958;-297.483154;2105.601563;0.011415;-0.395001;0.575324;-0.301340;0.000000;2.000000;-11.108589;-422.299255;2179.562500;0.023921;0.525162;-0.477291;0.468365;0.000000;2.000000;-9.618065;-643.189697;2182.833496;0.077302;0.565680;-0.438194;0.505132;0.000000;2.000000;24.125990;-606.696533;2186.981934;0.065560;0.708556;-0.680553;-0.004243;0.000000;2.000000;159.466568;-567.413330;2150.933105;0.073665;0.675670;-0.316111;0.096214;0.000000;2.000000;191.217438;-334.100769;1997.215210;0.239746;0.031851;-0.161656;0.288185;0.000000;2.000000;-31.980146;-341.909119;1920.904297;1.547691;0.532463;-0.123757;-0.262469;0.000000;1.000000;-64.465919;-418.004517;1973.393921;1.001503;0.690658;-0.237001;0.167439;0.000000;1.000000;-57.169888;-326.124695;1913.439941;1.097495;0.690658;-0.237001;0.167439;0.000000;1.000000;-122.840126;-430.853455;1912.914551;0.381231;-0.018704;-0.528475;0.703499;0.000000;1.000000;-43.968941;-606.655884;2179.739746;0.060203;0.659676;0.716140;-0.223231;0.000000;2.000000;-163.880234;-572.035706;2131.461426;0.079988;0.251529;0.697937;-0.641969;0.000000;2.000000;-192.750977;-343.194946;1961.489258;0.071971;0.009416;0.110930;0.941772;0.000000;2.000000;40.323845;-391.703766;1982.552002;0.059432;0.235810;0.158619;0.908109;0.000000;2.000000;123.569054;-408.759369;2045.082397;0.119225;0.128416;0.673380;-0.629587;0.000000;2.000000;130.068375;-327.270081;1974.387695;0.094096;0.128416;0.673380;-0.629587;0.000000;2.000000;151.938354;-360.757538;1957.805298;0.052000;0.152177;0.254079;-0.114475;0.000000;2.000000;91.456078;-144.162231;2014.510742;0.007602;-0.135269;0.547839;-0.073204;0.000000;2.000000;239.392227;-20.861282;1655.538330;0.086605;0.615642;-0.384719;0.396905;0.000000;2.000000;218.350266;367.264526;1677.556030;0.106039;0.581292;-0.394712;0.344106;0.000000;2.000000;288.672974;468.609497;1532.215210;0.100423;0.854270;-0.037640;0.517479;0.000000;2.000000;-82.469978;-155.264160;1986.915161;0.006856;0.606693;0.112155;0.772548;0.000000;2.000000;-179.600342;-10.657242;1619.155884;0.053884;0.378417;0.571943;0.531208;0.000000;2.000000;-202.954498;376.526001;1684.871460;0.131916;0.438893;0.499923;0.598055;0.000000;2.000000;-244.456802;466.147522;1539.932861;0.172590;-0.002775;0.779761;0.072592;0.000000;2.000000;-7.621796;-725.364685;2170.481445;0.114960;0.628926;-0.328704;0.462974;0.000000;2.000000;44.212769;-741.887085;2016.285034;0.327832;0.628926;-0.328704;0.462974;0.000000;2.000000;54.481781;-785.127869;2051.904053;0.307781;0.820258;0.094944;0.559801;0.000000;2.000000;70.877441;-796.983337;2179.306641;0.224901;0.531094;0.462974;0.328704;0.000000;2.000000;6.424646;-775.333374;2031.286865;0.304232;0.820258;0.094944;0.559801;0.000000;2.000000;-88.146118;-780.216492;2125.135498;0.152205;0.628926;-0.328704;0.462974;0.000000;2.000000;3907300096.000000
0.000000;-150.000000;2000.000000;0.000000;-0.370501;0.587429;-0.279185;0.000000;2.000000;-6.838167;-296.984955;2105.866699;0.022712;-0.394080;0.577022;-0.300104;0.000000;2.000000;-10.243900;-421.341187;2180.196777;0.043210;0.525548;-0.477735;0.469429;0.000000;2.000000;-8.387224;-641.909058;2182.873535;0.053386;0.565925;-0.438551;0.506228;0.000000;2.000000;25.259226;-605.426025;2187.015625;0.051166;0.710027;-0.679004;-0.000383;0.000000;2.000000;160.393829;-566.864990;2150.290771;0.037687;0.699188;-0.262283;0.126782;0.000000;2.000000;192.771484;-329.188568;2004.348389;0.264401;-0.011401;-0.083021;0.279237;0.000000;2.000000;-39.580078;-345.255341;1968.419189;1.449371;0.528147;0.166187;-0.353433;0.000000;2.000000;-74.789780;-434.172729;1989.071289;0.744424;0.645782;-0.377702;-0.099368;0.000000;1.000000;-61.682411;-332.900085;1948.749878;1.088827;0.645782;-0.377702;-0.099368;0.000000;1.000000;-115.593018;-438.576691;1908.507813;0.344687;0.186911;-0.608881;0.687320;0.000000;1.000000;-42.755222;-605.477417;2179.979980;0.051343;0.658931;0.717537;-0.220091;0.000000;2.000000;-162.761597;-572.095093;2131.616211;0.033980;0.249182;0.701923;-0.638252;0.000000;2.000000;-194.110199;-343.491730;1962.481567;0.051348;0.010978;0.103944;0.943004;0.000000;2.000000;39.320068;-388.619995;1983.097046;0.098813;0.232111;0.159831;0.910267;0.000000;2.000000;122.761314;-406.467438;2044.876709;0.073281;0.126432;0.673695;-0.632666;0.000000;2.000000;129.268585;-324.309082;1975.209595;0.095412;0.126432;0.673695;-0.632666;0.000000;2.000000;151.167114;-358.426453;1959.072266;0.083022;0.157825;0.251637;-0.131221;0.000000;2.000000;91.343086;-143.975555;2014.264404;0.009888;-0.142688;0.543338;-0.067507;0.000000;2.000000;241.376770;-18.422409;1657.636353;0.113581;0.617914;-0.388120;0.386256;0.000000;2.000000;216.144318;369.196960;1672.941162;0.164299;0.599123;-0.381578;0.328220;0.000000;2.000000;290.420471;473.641602;1532.205078;0.160063;0.866707;-0.039447;0.496883;0.000000;2.000000;-82.368080;-155.432526;1987.137207;0.008915;0.607156;0.108394;0.773001;0.000000;2.000000;-179.571304;-14.022247;1618.822266;0.101611;0.378992;0.570047;0.533122;0.000000;2.000000;-204.250015;372.785095;1682.750854;0.134948;0.425937;0.517838;0.575832;0.000000;2.000000;-243.132568;473.223389;1544.653931;0.258675;-0.026812;0.776863;0.044339;0.000000;2.000000;-6.295965;-723.925781;2170.316406;0.059001;0.644883;-0.330082;0.463953;0.000000;2.000000;45.747787;-733.572144;2015.864624;0.254384;0.644883;-0.330082;0.463953;0.000000;2.000000;57.994843;-777.279846;2050.127930;0.263821;0.816500;0.094661;0.561468;0.000000;2.000000;75.199654;-792.119934;2176.915771;0.208289;0.509823;0.463953;0.330082;0.000000;2.000000;9.570440;-769.035889;2029.898804;0.215596;0.816500;0.094661;0.561468;0.000000;2.000000;-84.311440;-780.851501;2123.541016;0.126239;0.644883;-0.330082;0.463953;0.000000;2.000000;3907333376.000000
