posX0;posY0;posZ0;posVel0;rotX0;rotY0;rotZ0;rotVel0;confidence0;posX1;posY1;posZ1;posVel1;rotX1;rotY1;rotZ1;rotVel1;confidence1;posX2;posY2;posZ2;posVel2;rotX2;rotY2;rotZ2;rotVel2;confidence2;posX3;posY3;posZ3;posVel3;rotX3;rotY3;rotZ3;rotVel3;confidence3;posX4;posY4;posZ4;posVel4;rotX4;rotY4;rotZ4;rotVel4;confidence4;posX5;posY5;posZ5;posVel5;rotX5;rotY5;rotZ5;rotVel5;confidence5;posX6;posY6;posZ6;posVel6;rotX6;rotY6;rotZ6;rotVel6;confidence6;posX7;posY7;posZ7;posVel7;rotX7;rotY7;rotZ7;rotVel7;confidence7;posX8;posY8;posZ8;posVel8;rotX8;rotY8;rotZ8;rotVel8;confidence8;posX9;posY9;posZ9;posVel9;rotX9;rotY9;rotZ9;rotVel9;confidence9;posX10;posY10;posZ10;posVel10;rotX10;rotY10;rotZ10;rotVel10;confidence10;posX11;posY11;posZ11;posVel11;rotX11;rotY11;rotZ11;rotVel11;confidence11;posX12;posY12;posZ12;posVel12;rotX12;rotY12;rotZ12;rotVel12;confidence12;posX13;posY13;posZ13;posVel13;rotX13;rotY13;rotZ13;rotVel13;confidence13;posX14;posY14;posZ14;posVel14;rotX14;rotY14;rotZ14;rotVel14;confidence14;posX15;posY15;posZ15;posVel15;rotX15;rotY15;rotZ15;rotVel15;confidence15;posX16;posY16;posZ16;posVel16;rotX16;rotY16;rotZ16;rotVel16;confidence16;posX17;posY17;posZ17;posVel17;rotX17;rotY17;rotZ17;rotVel17;confidence17;posX18;posY18;posZ18;posVel18;rotX18;rotY18;rotZ18;rotVel18;confidence18;posX19;posY19;posZ19;posVel19;rotX19;rotY19;rotZ19;rotVel19;confidence19;posX20;posY20;posZ20;posVel20;rotX20;rotY20;rotZ20;rotVel20;confidence20;posX21;posY21;posZ21;posVel21;rotX21;rotY21;rotZ21;rotVel21;confidence21;posX22;posY22;posZ22;posVel22;rotX22;rotY22;rotZ22;rotVel22;confidence22;posX23;posY23;posZ23;posVel23;rotX23;rotY23;rotZ23;rotVel23;confidence23;posX24;posY24;posZ24;posVel24;rotX24;rotY24;rotZ24;rotVel24;confidence24;posX25;posY25;posZ25;posVel25;rotX25;rotY25;rotZ25;rotVel25;confidence25;posX26;posY26;posZ26;posVel26;rotX26;rotY26;rotZ26;rotVel26;confidence26;posX27;posY27;posZ27;posVel27;rotX27;rotY27;rotZ27;rotVel27;confidence27;posX28;posY28;posZ28;posVel28;rotX28;rotY28;rotZ28;rotVel28;confidence28;posX29;posY29;posZ29;posVel29;rotX29;rotY29;rotZ29;rotVel29;confidence29;posX30;posY30;posZ30;posVel30;rotX30;rotY30;rotZ30;rotVel30;confidence30;posX31;posY31;posZ31;posVel31;rotX31;rotY31;rotZ31;rotVel31;confidence31;TimeStamp
0.000000;-150.000000;2000.000000;0.000000;0.000000;0.000000;0.000000;0.000000;2.000000;144.422119;-137.266327;1911.199463;0.000000;0.000000;0.000000;0.000000;0.000000;2.000000;254.940079;-68.116570;1872.752075;0.000000;0.000000;0.000000;0.000000;0.000000;2.000000;420.075592;46.968639;1824.882813;0.000000;0.000000;0.000000;0.000000;0.000000;2.000000;408.247528;17.097332;1858.788818;0.000000;0.000000;0.000000;0.000000;0.000000;2.000000;437.985413;-6.969846;1989.536743;0.000000;0.000000;0.000000;0.000000;0.000000;2.000000;422.360229;205.715271;2144.044434;0.000000;0.000000;0.000000;0.000000;0.000000;1.000000;416.559204;421.307739;2095.667969;0.000000;0.000000;0.000000;0.000000;0.000000;1.000000;489.590027;475.867615;2106.178223;0.000000;0.000000;0.000000;0.000000;0.000000;1.000000;552.519958;557.083008;2113.056641;0.000000;0.000000;0.000000;0.000000;0.000000;0.000000;497.578125;511.196960;2120.691406;0.000000;0.000000;0.000000;0.000000;0.000000;1.000000;378.154114;37.239807;1805.859009;0.000000;0.000000;0.000000;0.000000;0.000000;2.000000;280.900208;92.754959;1749.588501;0.000000;0.000000;0.000000;0.000000;0.000000;2.000000;146.091461;320.994873;1791.226318;0.000000;0.000000;0.000000;0.000000;0.000000;2.000000;216.415451;524.821350;1851.292969;0.000000;0.000000;0.000000;0.000000;0.000000;2.000000;234.712585;602.154968;1910.005127;0.000000;0.000000;0.000000;0.000000;0.000000;2.000000;269.311768;662.077148;1983.875366;0.000000;0.000000;0.000000;0.000000;0.000000;2.000000;249.989639;633.071838;1876.317627;0.000000;0.000000;0.000000;0.000000;0.000000;2.000000;44.149643;-183.293350;2067.029297;0.000000;0.000000;0.000000;0.000000;0.000000;2.000000;83.037567;193.598022;2111.634277;0.000000;0.000000;0.000000;0.000000;0.000000;2.000000;-182.620926;-19.558979;2241.735352;0.000000;0.000000;0.000000;0.000000;0.000000;1.000000;-255.831345;76.730194;2373.041992;0.000000;0.000000;0.000000;0.000000;0.000000;1.000000;-39.811661;-119.977928;1939.556763;0.000000;0.000000;0.000000;0.000000;0.000000;2.000000;-72.900009;259.302856;1956.500854;0.000000;0.000000;0.000000;0.000000;0.000000;2.000000;-351.286072;94.143135;2132.488525;0.000000;0.000000;0.000000;0.000000;0.000000;1.000000;-430.633057;220.990189;2200.267578;0.000000;0.000000;0.000000;0.000000;0.000000;1.000000;476.428162;99.487709;1813.655029;0.000000;0.000000;0.000000;0.000000;0.000000;2.000000;425.360962;229.235001;1876.958618;0.000000;0.000000;0.000000;0.000000;0.000000;2.000000;470.685242;232.027756;1848.975342;0.000000;0.000000;0.000000;0.000000;0.000000;2.000000;559.271545;154.733963;1821.167847;0.000000;0.000000;0.000000;0.000000;0.000000;2.000000;425.800781;228.316406;1827.664673;0.000000;0.000000;0.000000;0.000000;0.000000;2.000000;425.595398;141.698120;1737.735962;0.000000;0.000000;0.000000;0.000000;0.000000;2.000000;21240834048.000000
0.000000;-150.000000;2000.000000;0.000000;0.000000;0.000000;0.000000;0.000000;2.000000;146.766708;-137.213867;1910.770142;0.072758;0.000000;0.000000;0.000000;0.000000;2.000000;258.264191;-66.903503;1870.959229;0.121057;0.000000;0.000000;0.000000;0.000000;2.000000;425.909668;48.429688;1820.707397;0.223436;0.000000;0.000000;0.000000;0.000000;2.000000;413.790833;18.822063;1855.574829;0.202506;0.000000;0.000000;0.000000;0.000000;2.000000;440.481140;10.461706;1990.721313;0.538608;0.000000;0.000000;0.000000;0.000000;2.000000;477.649109;253.509033;2094.272461;2.698408;0.000000;0.000000;0.000000;0.000000;2.000000;499.654358;473.475220;2058.635498;3.200369;0.000000;0.000000;0.000000;0.000000;2.000000;548.779907;552.063599;2065.903809;3.190700;0.000000;0.000000;0.000000;0.000000;2.000000;577.982239;651.948853;2073.155762;3.235430;0.000000;0.000000;0.000000;0.000000;0.000000;546.427124;584.945190;2055.156250;3.359690;0.000000;0.000000;0.000000;0.000000;2.000000;383.458801;38.316002;1801.527954;0.211555;0.000000;0.000000;0.000000;0.000000;2.000000;286.396790;100.123581;1747.875122;0.285376;0.000000;0.000000;0.000000;0.000000;2.000000;162.315567;335.957733;1801.549438;0.743575;0.000000;0.000000;0.000000;0.000000;2.000000;236.737656;541.023071;1863.406982;0.875082;0.000000;0.000000;0.000000;0.000000;2.000000;255.954910;615.819336;1927.089355;0.930572;0.000000;0.000000;0.000000;0.000000;2.000000;287.917847;680.113525;2000.292969;0.936166;0.000000;0.000000;0.000000;0.000000;2.000000;264.680237;654.149048;1886.264038;0.840754;0.000000;0.000000;0.000000;0.000000;2.000000;44.647720;-181.800476;2068.880371;0.074147;0.000000;0.000000;0.000000;0.000000;2.000000;89.898132;200.260529;2105.760254;0.342505;0.000000;0.000000;0.000000;0.000000;2.000000;-179.524445;-16.934025;2234.880615;0.243120;0.000000;0.000000;0.000000;0.000000;1.000000;-257.890137;89.042061;2358.731934;0.579511;0.000000;0.000000;0.000000;0.000000;1.000000;-40.260803;-121.324097;1937.887451;0.066864;0.000000;0.000000;0.000000;0.000000;2.000000;-67.701996;263.496887;1952.609497;0.235899;0.000000;0.000000;0.000000;0.000000;2.000000;-343.553467;80.570251;2125.130371;0.526955;0.000000;0.000000;0.000000;0.000000;1.000000;-430.249084;203.843719;2195.681641;0.541788;0.000000;0.000000;0.000000;0.000000;1.000000;483.137238;101.298180;1808.489014;0.264250;0.000000;0.000000;0.000000;0.000000;2.000000;416.872223;228.588562;1867.417847;0.390223;0.000000;0.000000;0.000000;0.000000;2.000000;467.118439;233.627075;1848.183960;0.121712;0.000000;0.000000;0.000000;0.000000;2.000000;562.649780;158.484207;1833.816528;0.415606;0.000000;0.000000;0.000000;0.000000;2.000000;426.509155;229.983765;1818.427368;0.287270;0.000000;0.000000;0.000000;0.000000;2.000000;445.476990;146.565506;1725.251709;0.731675;0.000000;0.000000;0.000000;0.000000;2.000000;21240866816.000000
0.000000;-150.000000;2000.000000;0.000000;0.000000;0.000000;0.000000;0.000000;2.000000;147.269501;-137.164581;1910.463867;0.018029;0.000000;0.000000;0.000000;0.000000;2.000000;259.296967;-66.899673;1870.424683;0.035489;0.000000;0.000000;0.000000;0.000000;2.000000;428.274902;47.325050;1819.111084;0.093380;0.000000;0.000000;0.000000;0.000000;2.000000;416.089111;17.608364;1854.082886;0.091456;0.000000;0.000000;0.000000;0.000000;2.000000;442.593872;14.802782;1989.977661;0.149073;0.000000;0.000000;0.000000;0.000000;2.000000;487.662537;266.240112;2070.061768;0.888951;0.000000;0.000000;0.000000;0.000000;2.000000;522.540833;477.459808;2001.844238;1.872525;0.000000;0.000000;0.000000;0.000000;2.000000;569.752441;557.729309;2007.279785;1.907952;0.000000;0.000000;0.000000;0.000000;2.000000;596.805054;658.835876;2008.953369;2.052560;0.000000;0.000000;0.000000;0.000000;2.000000;571.703369;590.176331;1997.254517;1.934647;0.000000;0.000000;0.000000;0.000000;2.000000;385.429962;37.676395;1800.162720;0.075733;0.000000;0.000000;0.000000;0.000000;2.000000;288.459717;102.378632;1748.771851;0.097202;0.000000;0.000000;0.000000;0.000000;2.000000;172.865417;341.922455;1809.264771;0.438439;0.000000;0.000000;0.000000;0.000000;2.000000;255.751602;544.402039;1871.730591;0.641762;0.000000;0.000000;0.000000;0.000000;2.000000;277.881714;621.060852;1932.736816;0.709264;0.000000;0.000000;0.000000;0.000000;2.000000;308.116577;690.152710;2002.726563;0.692350;0.000000;0.000000;0.000000;0.000000;2.000000;313.506561;653.357910;1905.397827;1.600570;0.000000;0.000000;0.000000;0.000000;2.000000;44.783173;-182.044510;2069.065918;0.010228;0.000000;0.000000;0.000000;0.000000;2.000000;92.998062;201.149857;2104.311768;0.107890;0.000000;0.000000;0.000000;0.000000;2.000000;-179.964722;-12.611540;2235.342773;0.133342;0.000000;0.000000;0.000000;0.000000;1.000000;-257.816528;95.499565;2358.578613;0.197136;0.000000;0.000000;0.000000;0.000000;1.000000;-40.382935;-121.104050;1937.720337;0.009219;0.000000;0.000000;0.000000;0.000000;2.000000;-67.011292;265.211395;1949.233887;0.117449;0.000000;0.000000;0.000000;0.000000;2.000000;-340.977966;75.994949;2120.746094;0.208747;0.000000;0.000000;0.000000;0.000000;1.000000;-427.897156;197.699615;2194.997559;0.201854;0.000000;0.000000;0.000000;0.000000;1.000000;486.131989;99.842133;1806.596802;0.116883;0.000000;0.000000;0.000000;0.000000;2.000000;424.264587;232.580032;1859.369629;0.355045;0.000000;0.000000;0.000000;0.000000;2.000000;475.476624;234.502274;1841.657715;0.324718;0.000000;0.000000;0.000000;0.000000;2.000000;567.834900;154.031845;1832.910400;0.210394;0.000000;0.000000;0.000000;0.000000;2.000000;435.591553;231.872604;1810.551270;0.371376;0.000000;0.000000;0.000000;0.000000;2.000000;453.424011;144.280914;1720.441650;0.291936;0.000000;0.000000;0.000000;0.000000;2.000000;21240899584.000000
0.000000;-150.000000;2000.000000;0.000000;0.000000;0.000000;0.000000;0.000000;2.000000;147.985718;-138.950424;1910.663940;0.059036;0.000000;0.000000;0.000000;0.000000;2.000000;260.769653;-71.226471;1867.435181;0.166669;0.000000;0.000000;0.000000;0.000000;2.000000;427.488098;43.869736;1809.222290;0.320575;0.000000;0.000000;0.000000;0.000000;2.000000;417.478821;12.483293;1843.563965;0.359597;0.000000;0.000000;0.000000;0.000000;2.000000;451.551697;10.608169;1978.095337;0.471817;0.000000;0.000000;0.000000;0.000000;2.000000;481.047668;265.397827;2056.814697;0.452598;0.000000;0.000000;0.000000;0.000000;2.000000;505.961273;472.623016;1972.281982;1.044844;0.000000;0.000000;0.000000;0.000000;2.000000;557.134216;545.637878;2000.399414;0.573180;0.000000;0.000000;0.000000;0.000000;2.000000;608.172729;618.386597;2056.155029;1.928500;0.000000;0.000000;0.000000;0.000000;2.000000;590.716797;567.364563;2008.919434;0.973677;0.000000;0.000000;0.000000;0.000000;2.000000;383.119629;35.640049;1793.044189;0.236699;0.000000;0.000000;0.000000;0.000000;2.000000;286.424683;107.859901;1751.363281;0.195172;0.000000;0.000000;0.000000;0.000000;2.000000;205.227936;358.878693;1822.992188;1.191081;0.000000;0.000000;0.000000;0.000000;2.000000;274.351898;562.098633;1899.960938;1.164514;0.000000;0.000000;0.000000;0.000000;2.000000;281.955902;656.263184;1934.720825;1.083155;0.000000;0.000000;0.000000;0.000000;2.000000;338.903290;718.624146;1993.895386;1.307789;0.000000;0.000000;0.000000;0.000000;2.000000;332.069763;652.290710;1965.641479;1.924067;0.000000;0.000000;0.000000;0.000000;2.000000;44.736725;-179.530792;2070.454102;0.087644;0.000000;0.000000;0.000000;0.000000;2.000000;106.682922;203.218887;2097.659180;0.468634;0.000000;0.000000;0.000000;0.000000;2.000000;-175.150482;2.183431;2232.337402;0.483586;0.000000;0.000000;0.000000;0.000000;1.000000;-254.918152;113.576103;2351.968506;0.594000;0.000000;0.000000;0.000000;0.000000;1.000000;-40.341095;-123.370773;1936.468506;0.079033;0.000000;0.000000;0.000000;0.000000;2.000000;-49.011536;264.647125;1947.268921;0.552841;0.000000;0.000000;0.000000;0.000000;2.000000;-325.243835;71.748352;2112.760742;0.553843;0.000000;0.000000;0.000000;0.000000;1.000000;-414.457764;190.490555;2189.868408;0.491035;0.000000;0.000000;0.000000;0.000000;1.000000;485.143799;96.440262;1795.004395;0.369922;0.000000;0.000000;0.000000;0.000000;2.000000;432.116180;237.728958;1834.569336;0.809270;0.000000;0.000000;0.000000;0.000000;2.000000;485.628021;232.704453;1826.543823;0.558324;0.000000;0.000000;0.000000;0.000000;2.000000;567.151611;140.934402;1835.565308;0.408364;0.000000;0.000000;0.000000;0.000000;2.000000;451.969482;234.096237;1788.570679;0.839276;0.000000;0.000000;0.000000;0.000000;2.000000;474.543396;142.010025;1703.763062;0.824178;0.000000;0.000000;0.000000;0.000000;2.000000;21240932352.000000
0.000000;-150.000000;2000.000000;0.000000;0.000000;0.000000;0.000000;0.000000;2.000000;148.182205;-141.133423;1910.925781;0.063402;0.000000;0.000000;0.000000;0.000000;2.000000;261.163544;-74.589844;1866.629272;0.099981;0.000000;0.000000;0.000000;0.000000;2.000000;427.146027;40.639359;1807.001099;0.113029;0.000000;0.000000;0.000000;0.000000;2.000000;417.830750;8.371795;1840.679810;0.144604;0.000000;0.000000;0.000000;0.000000;2.000000;450.663818;4.381356;1975.396851;0.196583;0.000000;0.000000;0.000000;0.000000;2.000000;472.327332;256.993530;2062.720703;0.387015;0.000000;0.000000;0.000000;0.000000;2.000000;495.083740;469.312622;1991.605835;0.643979;0.000000;0.000000;0.000000;0.000000;2.000000;530.682434;555.151672;2001.378418;0.807896;0.000000;0.000000;0.000000;0.000000;2.000000;573.161926;643.105957;2039.506836;1.320596;0.000000;0.000000;0.000000;0.000000;2.000000;564.020569;587.529236;1969.879517;1.476740;0.000000;0.000000;0.000000;0.000000;2.000000;382.280334;33.273430;1791.888794;0.079392;0.000000;0.000000;0.000000;0.000000;2.000000;284.684814;107.081520;1755.653564;0.134841;0.000000;0.000000;0.000000;0.000000;2.000000;211.141769;359.221619;1830.959839;0.285170;0.000000;0.000000;0.000000;0.000000;2.000000;274.157928;565.814697;1903.715820;0.151838;0.000000;0.000000;0.000000;0.000000;2.000000;282.420593;655.945190;1947.652344;0.371777;0.000000;0.000000;0.000000;0.000000;2.000000;343.053070;723.087585;1997.026367;0.196798;0.000000;0.000000;0.000000;0.000000;2.000000;312.686646;665.404541;1959.495361;0.694972;0.000000;0.000000;0.000000;0.000000;2.000000;44.452591;-178.109573;2071.152344;0.046208;0.000000;0.000000;0.000000;0.000000;2.000000;109.589905;204.140091;2094.726563;0.121518;0.000000;0.000000;0.000000;0.000000;2.000000;-176.407822;11.294248;2232.029053;0.264313;0.000000;0.000000;0.000000;0.000000;1.000000;-252.587692;127.677399;2349.072266;0.418861;0.000000;0.000000;0.000000;0.000000;1.000000;-40.084854;-124.652382;1935.838623;0.041672;0.000000;0.000000;0.000000;0.000000;2.000000;-46.656021;263.201843;1946.546997;0.082040;0.000000;0.000000;0.000000;0.000000;2.000000;-321.645569;67.330292;2110.151611;0.180001;0.000000;0.000000;0.000000;0.000000;1.000000;-411.366516;185.333069;2187.611328;0.184473;0.000000;0.000000;0.000000;0.000000;1.000000;484.837769;93.071121;1792.653687;0.118323;0.000000;0.000000;0.000000;0.000000;2.000000;430.673279;232.495758;1836.708252;0.167586;0.000000;0.000000;0.000000;0.000000;2.000000;484.221741;228.124130;1828.741333;0.151403;0.000000;0.000000;0.000000;0.000000;2.000000;566.323486;136.728409;1835.000732;0.124189;0.000000;0.000000;0.000000;0.000000;2.000000;450.718445;230.554840;1790.719604;0.124287;0.000000;0.000000;0.000000;0.000000;2.000000;474.267181;141.584991;1703.002197;0.026260;0.000000;0.000000;0.000000;0.000000;2.000000;21240967168.000000
0.000000;-150.000000;2000.000000;0.000000;0.000000;0.000000;0.000000;0.000000;2.000000;162.964142;-147.488007;1915.191406;0.507989;0.000000;0.000000;0.000000;0.000000;2.000000;279.170166;-66.437828;1876.444214;0.673483;0.000000;0.000000;0.000000;0.000000;2.000000;452.999634;61.576317;1818.264404;1.071870;0.000000;0.000000;0.000000;0.000000;2.000000;442.407776;28.703705;1855.077026;1.067983;0.000000;0.000000;0.000000;0.000000;2.000000;465.243195;33.307770;2000.439697;1.249522;0.000000;0.000000;0.000000;0.000000;2.000000;450.639771;283.502014;2135.270508;2.448363;0.000000;0.000000;0.000000;0.000000;2.000000;453.579865;521.139160;2111.347168;4.178407;0.000000;0.000000;0.000000;0.000000;2.000000;477.943726;616.911865;2103.110596;3.972579;0.000000;0.000000;0.000000;0.000000;0.000000;504.918945;724.090515;2116.068848;3.988047;0.000000;0.000000;0.000000;0.000000;0.000000;538.485291;581.816650;2002.059937;1.265749;0.000000;0.000000;0.000000;0.000000;1.000000;407.018524;50.476040;1799.609253;0.949245;0.000000;0.000000;0.000000;0.000000;2.000000;299.748322;118.150291;1752.115112;0.580594;0.000000;0.000000;0.000000;0.000000;2.000000;223.259995;382.090515;1844.680176;0.893954;0.000000;0.000000;0.000000;0.000000;2.000000;278.300903;596.172791;1942.890137;1.517741;0.000000;0.000000;0.000000;0.000000;2.000000;292.103668;681.953369;2004.953247;1.942985;0.000000;0.000000;0.000000;0.000000;2.000000;367.652252;752.321228;1968.834595;1.449023;0.000000;0.000000;0.000000;0.000000;2.000000;304.304901;718.631592;1988.760132;1.871253;0.000000;0.000000;0.000000;0.000000;2.000000;42.394150;-172.152206;2080.806152;0.351845;0.000000;0.000000;0.000000;0.000000;2.000000;136.284164;229.290405;2082.424805;1.180543;0.000000;0.000000;0.000000;0.000000;2.000000;-174.656082;27.007179;2215.250977;0.703540;0.000000;0.000000;0.000000;0.000000;1.000000;-259.913086;157.547470;2328.881836;1.122755;0.000000;0.000000;0.000000;0.000000;1.000000;-38.228653;-130.024384;1927.133545;0.317269;0.000000;0.000000;0.000000;0.000000;2.000000;-32.654526;281.620392;1938.354858;0.749016;0.000000;0.000000;0.000000;0.000000;2.000000;-332.773438;68.817825;2090.579346;0.688586;0.000000;0.000000;0.000000;0.000000;1.000000;-431.318970;199.062912;2160.097168;1.118642;0.000000;0.000000;0.000000;0.000000;1.000000;512.317749;119.516533;1804.081421;1.215007;0.000000;0.000000;0.000000;0.000000;2.000000;439.003601;265.425537;1830.920044;1.051537;0.000000;0.000000;0.000000;0.000000;2.000000;495.337158;266.170105;1818.730469;1.247593;0.000000;0.000000;0.000000;0.000000;2.000000;594.591248;182.707382;1833.796265;1.647549;0.000000;0.000000;0.000000;0.000000;2.000000;457.372070;257.633362;1781.515991;0.896107;0.000000;0.000000;0.000000;0.000000;2.000000;488.759644;152.395569;1703.119995;0.551781;0.000000;0.000000;0.000000;0.000000;2.000000;21240999936.000000
0.000000;-150.000000;2000.000000;0.000000;0.000000;0.000000;0.000000;0.000000;2.000000;163.157410;-147.416840;1915.340332;0.007756;0.000000;0.000000;0.000000;0.000000;2.000000;279.486389;-66.284309;1876.820557;0.015716;0.000000;0.000000;0.000000;0.000000;2.000000;453.601593;61.701485;1818.948242;0.028064;0.000000;0.000000;0.000000;0.000000;2.000000;442.968750;28.700562;1855.673218;0.024982;0.000000;0.000000;0.000000;0.000000;2.000000;465.647705;32.855888;2001.158081;0.028691;0.000000;0.000000;0.000000;0.000000;2.000000;453.899353;283.866150;2135.087646;0.100249;0.000000;0.000000;0.000000;0.000000;2.000000;459.544128;521.217163;2107.711426;0.213180;0.000000;0.000000;0.000000;0.000000;2.000000;490.005615;615.647278;2107.552979;0.394165;0.000000;0.000000;0.000000;0.000000;0.000000;522.632507;717.657715;2137.986328;0.882125;0.000000;0.000000;0.000000;0.000000;0.000000;558.593323;627.840088;2075.365723;2.711814;0.000000;0.000000;0.000000;0.000000;0.000000;407.563843;50.740189;1800.272095;0.027407;0.000000;0.000000;0.000000;0.000000;2.000000;300.237091;119.122261;1753.710693;0.058935;0.000000;0.000000;0.000000;0.000000;2.000000;225.511948;382.435730;1849.941528;0.174971;0.000000;0.000000;0.000000;0.000000;2.000000;282.365448;595.583801;1949.478638;0.236931;0.000000;0.000000;0.000000;0.000000;2.000000;297.740753;682.283875;2009.978394;0.230682;0.000000;0.000000;0.000000;0.000000;2.000000;371.857697;752.614197;1970.765991;0.141510;0.000000;0.000000;0.000000;0.000000;2.000000;314.901398;720.094604;1988.590698;0.326488;0.000000;0.000000;0.000000;0.000000;2.000000;42.316879;-172.277542;2080.874023;0.004948;0.000000;0.000000;0.000000;0.000000;2.000000;137.155106;229.184067;2081.522217;0.038415;0.000000;0.000000;0.000000;0.000000;2.000000;-174.705582;28.557554;2215.359863;0.047454;0.000000;0.000000;0.000000;0.000000;1.000000;-259.871277;160.288574;2327.864014;0.089242;0.000000;0.000000;0.000000;0.000000;1.000000;-38.159012;-129.911362;1927.072388;0.004461;0.000000;0.000000;0.000000;0.000000;2.000000;-31.809067;281.988159;1936.996948;0.050090;0.000000;0.000000;0.000000;0.000000;2.000000;-332.448975;69.533348;2089.267334;0.046669;0.000000;0.000000;0.000000;0.000000;1.000000;-431.570618;200.028259;2157.745850;0.077948;0.000000;0.000000;0.000000;0.000000;1.000000;513.045471;119.620171;1804.923096;0.034102;0.000000;0.000000;0.000000;0.000000;2.000000;438.024811;264.484131;1833.242310;0.082098;0.000000;0.000000;0.000000;0.000000;2.000000;493.956909;266.129242;1819.268677;0.045228;0.000000;0.000000;0.000000;0.000000;2.000000;595.139771;184.449127;1831.678955;0.085327;0.000000;0.000000;0.000000;0.000000;2.000000;454.973267;256.697113;1783.300415;0.095608;0.000000;0.000000;0.000000;0.000000;2.000000;485.735138;151.469681;1704.512085;0.105464;0.000000;0.000000;0.000000;0.000000;2.000000;21241032704.000000
0.000000;-150.000000;2000.000000;0.000000;0.000000;0.000000;0.000000;0.000000;2.000000;169.299210;-154.985870;1924.619751;0.386548;0.000000;0.000000;0.000000;0.000000;2.000000;283.892731;-68.859131;1886.980835;0.326574;0.000000;0.000000;0.000000;0.000000;2.000000;460.046448;58.160347;1825.882080;0.290301;0.000000;0.000000;0.000000;0.000000;2.000000;448.743591;26.637304;1864.258911;0.303045;0.000000;0.000000;0.000000;0.000000;2.000000;466.794495;37.123497;2011.333130;0.318624;0.000000;0.000000;0.000000;0.000000;2.000000;454.994629;299.661865;2127.070557;0.509755;0.000000;0.000000;0.000000;0.000000;2.000000;482.031860;538.666748;2111.765381;0.825799;0.000000;0.000000;0.000000;0.000000;2.000000;527.294067;623.420593;2139.704590;1.431685;0.000000;0.000000;0.000000;0.000000;0.000000;566.556885;712.108093;2196.279297;2.102478;0.000000;0.000000;0.000000;0.000000;0.000000;564.463989;659.522278;2118.552490;1.547636;0.000000;0.000000;0.000000;0.000000;0.000000;414.040436;45.980801;1806.710083;0.295779;0.000000;0.000000;0.000000;0.000000;2.000000;304.557068;109.749634;1755.499878;0.300845;0.000000;0.000000;0.000000;0.000000;2.000000;233.928284;371.337769;1865.924683;0.608929;0.000000;0.000000;0.000000;0.000000;2.000000;289.273468;588.724243;1962.094238;0.457695;0.000000;0.000000;0.000000;0.000000;2.000000;315.077423;692.803467;1972.552856;1.222608;0.000000;0.000000;0.000000;0.000000;2.000000;397.100830;760.047791;1942.033569;1.119079;0.000000;0.000000;0.000000;0.000000;2.000000;358.343414;701.130920;1946.520386;1.820363;0.000000;0.000000;0.000000;0.000000;2.000000;37.868500;-162.845169;2085.899902;0.332507;0.000000;0.000000;0.000000;0.000000;2.000000;165.749115;232.844284;2074.162598;0.854548;0.000000;0.000000;0.000000;0.000000;2.000000;-162.810394;45.115921;2196.112061;0.805331;0.000000;0.000000;0.000000;0.000000;1.000000;-245.870544;190.738464;2295.069336;1.346805;0.000000;0.000000;0.000000;0.000000;1.000000;-34.147675;-138.416946;1922.540283;0.299838;0.000000;0.000000;0.000000;0.000000;2.000000;-20.570770;276.685425;1936.495117;0.357211;0.000000;0.000000;0.000000;0.000000;2.000000;-329.592407;53.725487;2063.783936;0.865233;0.000000;0.000000;0.000000;0.000000;1.000000;-435.762512;188.015121;2116.455078;1.241000;0.000000;0.000000;0.000000;0.000000;1.000000;520.014099;116.129814;1810.108032;0.268870;0.000000;0.000000;0.000000;0.000000;2.000000;437.902557;261.247070;1819.095459;0.416848;0.000000;0.000000;0.000000;0.000000;2.000000;494.038971;263.433411;1804.032715;0.444418;0.000000;0.000000;0.000000;0.000000;2.000000;599.913330;188.296783;1826.372314;0.232903;0.000000;0.000000;0.000000;0.000000;2.000000;454.880829;247.161926;1770.067017;0.468494;0.000000;0.000000;0.000000;0.000000;2.000000;490.083038;132.420044;1705.786987;0.562416;0.000000;0.000000;0.000000;0.000000;2.000000;21241067520.000000
0.000000;-150.000000;2000.000000;0.000000;0.000000;0.000000;0.000000;0.000000;2.000000;175.192886;-145.989304;1934.404053;0.443720;0.000000;0.000000;0.000000;0.000000;2.000000;290.053345;-54.432358;1906.101807;0.754776;0.000000;0.000000;0.000000;0.000000;2.000000;467.705261;73.496048;1843.473267;0.749572;0.000000;0.000000;0.000000;0.000000;2.000000;454.048645;46.350311;1884.937988;0.886781;0.000000;0.000000;0.000000;0.000000;2.000000;464.989929;82.196388;2030.107788;1.491092;0.000000;0.000000;0.000000;0.000000;2.000000;455.374817;344.744598;2152.490967;1.579501;0.000000;0.000000;0.000000;0.000000;2.000000;481.667633;582.297241;2107.197754;1.338820;0.000000;0.000000;0.000000;0.000000;2.000000;526.620239;657.584900;2157.303467;1.172993;0.000000;0.000000;0.000000;0.000000;0.000000;571.856262;747.974731;2208.555176;1.168148;0.000000;0.000000;0.000000;0.000000;0.000000;541.036621;681.598999;2182.000244;2.171222;0.000000;0.000000;0.000000;0.000000;0.000000;423.718323;56.557392;1822.028320;0.640269;0.000000;0.000000;0.000000;0.000000;2.000000;320.432404;113.010399;1750.128418;0.521048;0.000000;0.000000;0.000000;0.000000;2.000000;235.979843;375.986084;1854.635132;0.377814;0.000000;0.000000;0.000000;0.000000;2.000000;295.031067;591.785645;1957.713501;0.239739;0.000000;0.000000;0.000000;0.000000;2.000000;324.214722;695.878967;1969.440430;0.309172;0.000000;0.000000;0.000000;0.000000;2.000000;413.332916;757.160706;1942.772461;0.503643;0.000000;0.000000;0.000000;0.000000;2.000000;373.280640;699.484741;1947.916382;0.460582;0.000000;0.000000;0.000000;0.000000;2.000000;33.432648;-164.616348;2088.397949;0.164495;0.000000;0.000000;0.000000;0.000000;1.000000;126.132782;228.657791;2202.578857;4.103192;0.000000;0.000000;0.000000;0.000000;1.000000;-207.085419;11.961271;2257.593750;2.523844;0.000000;0.000000;0.000000;0.000000;1.000000;-311.890137;139.997620;2363.557617;3.290223;0.000000;0.000000;0.000000;0.000000;1.000000;-30.147705;-136.819809;1920.287964;0.148328;0.000000;0.000000;0.000000;0.000000;2.000000;-6.322266;281.772430;1931.635376;0.484946;0.000000;0.000000;0.000000;0.000000;2.000000;-331.913391;72.413879;2052.396973;0.671599;0.000000;0.000000;0.000000;0.000000;1.000000;-439.824829;208.429443;2102.739258;0.760721;0.000000;0.000000;0.000000;0.000000;1.000000;527.158081;132.418777;1825.210938;0.712090;0.000000;0.000000;0.000000;0.000000;2.000000;433.768768;271.794739;1809.214600;0.458752;0.000000;0.000000;0.000000;0.000000;2.000000;490.697083;276.007294;1795.518066;0.474516;0.000000;0.000000;0.000000;0.000000;2.000000;601.678284;212.858093;1832.580078;0.774996;0.000000;0.000000;0.000000;0.000000;2.000000;453.868958;251.612747;1763.028931;0.255999;0.000000;0.000000;0.000000;0.000000;2.000000;500.156616;130.387848;1717.805542;0.482576;0.000000;0.000000;0.000000;0.000000;2.000000;21241100288.000000
0.000000;-150.000000;2000.000000;0.000000;0.000000;0.000000;0.000000;0.000000;2.000000;171.324951;-139.435257;1937.838379;0.254801;0.000000;0.000000;0.000000;0.000000;2.000000;282.662231;-47.205231;1917.881836;0.478288;0.000000;0.000000;0.000000;0.000000;2.000000;462.993896;69.913963;1862.037354;0.594626;0.000000;0.000000;0.000000;0.000000;2.000000;446.485016;45.686771;1902.733032;0.590428;0.000000;0.000000;0.000000;0.000000;2.000000;450.450134;86.775787;2043.068237;0.610618;0.000000;0.000000;0.000000;0.000000;2.000000;433.565338;354.691040;2131.942871;0.963510;0.000000;0.000000;0.000000;0.000000;2.000000;437.731873;590.183838;2102.712891;1.369101;0.000000;0.000000;0.000000;0.000000;2.000000;471.536804;672.508423;2145.009277;1.781569;0.000000;0.000000;0.000000;0.000000;0.000000;530.919861;746.137207;2202.264893;1.265186;0.000000;0.000000;0.000000;0.000000;0.000000;469.005066;699.821777;2172.971680;2.284161;0.000000;0.000000;0.000000;0.000000;0.000000;420.932220;53.616833;1839.279419;0.540781;0.000000;0.000000;0.000000;0.000000;2.000000;325.491333;106.217270;1760.324097;0.404506;0.000000;0.000000;0.000000;0.000000;2.000000;273.055725;372.390533;1857.374756;1.139845;0.000000;0.000000;0.000000;0.000000;2.000000;297.991638;586.756836;1963.152954;0.243456;0.000000;0.000000;0.000000;0.000000;2.000000;353.485657;677.165894;1961.526001;1.087388;0.000000;0.000000;0.000000;0.000000;2.000000;427.641235;755.833862;1950.376587;0.496144;0.000000;0.000000;0.000000;0.000000;2.000000;372.412506;685.130493;1950.565308;0.446241;0.000000;0.000000;0.000000;0.000000;2.000000;32.162888;-170.395325;2085.178467;0.205567;0.000000;0.000000;0.000000;0.000000;1.000000;73.361069;198.871216;2257.697754;2.499870;0.000000;0.000000;0.000000;0.000000;1.000000;-252.349609;-15.302282;2294.002441;1.958302;0.000000;0.000000;0.000000;0.000000;1.000000;-359.274109;95.286819;2408.398438;2.413590;0.000000;0.000000;0.000000;0.000000;1.000000;-29.002655;-131.608643;1923.190796;0.185365;0.000000;0.000000;0.000000;0.000000;2.000000;-1.710541;276.386475;1939.064331;0.313405;0.000000;0.000000;0.000000;0.000000;2.000000;-331.426331;93.498131;2058.884277;0.673373;0.000000;0.000000;0.000000;0.000000;1.000000;-430.869019;228.704453;2113.091797;0.746563;0.000000;0.000000;0.000000;0.000000;1.000000;523.656189;124.925613;1845.277588;0.662366;0.000000;0.000000;0.000000;0.000000;2.000000;435.345154;260.554688;1816.239258;0.407349;0.000000;0.000000;0.000000;0.000000;2.000000;491.113892;262.446960;1803.326904;0.477709;0.000000;0.000000;0.000000;0.000000;2.000000;597.753601;202.421661;1846.374390;0.541294;0.000000;0.000000;0.000000;0.000000;2.000000;455.121216;236.529251;1773.407593;0.560059;0.000000;0.000000;0.000000;0.000000;2.000000;498.549561;113.965874;1740.737061;0.862152;0.000000;0.000000;0.000000;0.000000;2.000000;21241133056.000000
0.000000;-150.000000;2000.000000;0.000000;0.000000;0.000000;0.000000;0.000000;2.000000;168.711395;-152.478348;1936.422607;0.408249;0.000000;0.000000;0.000000;0.000000;2.000000;282.106140;-68.334641;1907.431641;0.719573;0.000000;0.000000;0.000000;0.000000;2.000000;452.402496;64.320877;1868.086304;0.409493;0.000000;0.000000;0.000000;0.000000;2.000000;436.265198;36.808414;1905.989868;0.424926;0.000000;0.000000;0.000000;0.000000;2.000000;450.522217;89.754005;2039.659302;0.138160;0.000000;0.000000;0.000000;0.000000;2.000000;420.280273;354.460480;2123.445313;0.481322;0.000000;0.000000;0.000000;0.000000;2.000000;420.175354;587.937866;2102.528809;0.540178;0.000000;0.000000;0.000000;0.000000;2.000000;450.496582;670.677246;2143.834473;0.645520;0.000000;0.000000;0.000000;0.000000;0.000000;507.452240;759.641357;2171.543457;1.249693;0.000000;0.000000;0.000000;0.000000;0.000000;451.978210;706.069458;2165.758057;0.595667;0.000000;0.000000;0.000000;0.000000;0.000000;413.441528;46.317577;1842.628296;0.335144;0.000000;0.000000;0.000000;0.000000;2.000000;333.018768;110.021385;1758.128418;0.265967;0.000000;0.000000;0.000000;0.000000;2.000000;254.491364;359.096161;1871.171509;0.814154;0.000000;0.000000;0.000000;0.000000;2.000000;301.593719;574.152100;1959.949219;0.411838;0.000000;0.000000;0.000000;0.000000;2.000000;357.809448;661.567383;1973.318848;0.611175;0.000000;0.000000;0.000000;0.000000;2.000000;424.773193;741.696167;1948.459717;0.444106;0.000000;0.000000;0.000000;0.000000;2.000000;366.173920;679.126831;1960.929688;0.412139;0.000000;0.000000;0.000000;0.000000;2.000000;31.961823;-163.666977;2085.347656;0.205489;0.000000;0.000000;0.000000;0.000000;2.000000;183.738770;211.385635;2082.601074;6.328164;0.000000;0.000000;0.000000;0.000000;2.000000;-164.517273;79.572815;2186.838135;5.124772;0.000000;0.000000;0.000000;0.000000;1.000000;-248.400909;229.718277;2266.016357;6.867292;0.000000;0.000000;0.000000;0.000000;1.000000;-28.821350;-137.675888;1923.038086;0.185299;0.000000;0.000000;0.000000;0.000000;2.000000;12.483551;263.557190;1948.766479;0.654667;0.000000;0.000000;0.000000;0.000000;2.000000;-339.651794;150.356644;2074.746094;1.818844;0.000000;0.000000;0.000000;0.000000;1.000000;-413.621033;298.245331;2129.552734;2.243486;0.000000;0.000000;0.000000;0.000000;1.000000;508.315399;124.170044;1857.703369;0.602914;0.000000;0.000000;0.000000;0.000000;2.000000;428.182678;256.404846;1808.025269;0.355882;0.000000;0.000000;0.000000;0.000000;2.000000;484.496704;256.846100;1802.671021;0.265322;0.000000;0.000000;0.000000;0.000000;2.000000;582.110779;199.939728;1863.079712;0.702518;0.000000;0.000000;0.000000;0.000000;2.000000;452.727814;229.449310;1770.539795;0.244290;0.000000;0.000000;0.000000;0.000000;2.000000;497.282654;105.974846;1753.107178;0.451084;0.000000;0.000000;0.000000;0.000000;2.000000;21241165824.000000
0.000000;-150.000000;2000.000000;0.000000;0.000000;0.000000;0.000000;0.000000;2.000000;167.079895;-148.943848;1934.588013;0.123607;0.000000;0.000000;0.000000;0.000000;2.000000;281.110535;-64.434113;1913.803223;0.216473;0.000000;0.000000;0.000000;0.000000;2.000000;448.741638;70.358582;1876.268799;0.310427;0.000000;0.000000;0.000000;0.000000;2.000000;433.062927;42.308140;1913.651978;0.286087;0.000000;0.000000;0.000000;0.000000;2.000000;449.970093;97.396568;2045.372925;0.274535;0.000000;0.000000;0.000000;0.000000;2.000000;418.513580;360.437805;2129.427734;0.248144;0.000000;0.000000;0.000000;0.000000;2.000000;408.429932;592.339233;2106.303223;0.376223;0.000000;0.000000;0.000000;0.000000;2.000000;439.477509;676.611816;2142.543945;0.361383;0.000000;0.000000;0.000000;0.000000;0.000000;500.015381;762.173767;2171.260986;0.225795;0.000000;0.000000;0.000000;0.000000;0.000000;454.843689;714.292419;2138.907227;0.810764;0.000000;0.000000;0.000000;0.000000;0.000000;410.219971;52.218304;1850.715332;0.302060;0.000000;0.000000;0.000000;0.000000;2.000000;332.608154;118.395882;1766.505371;0.340423;0.000000;0.000000;0.000000;0.000000;2.000000;263.217285;367.834869;1881.226563;0.457409;0.000000;0.000000;0.000000;0.000000;2.000000;303.560577;580.539612;1975.726196;0.492137;0.000000;0.000000;0.000000;0.000000;2.000000;359.562378;668.081543;1984.316284;0.370565;0.000000;0.000000;0.000000;0.000000;2.000000;419.055481;751.343872;1953.679443;0.355295;0.000000;0.000000;0.000000;0.000000;2.000000;361.963409;692.718262;1961.201294;0.408757;0.000000;0.000000;0.000000;0.000000;2.000000;32.445526;-173.490005;2082.495361;0.294123;0.000000;0.000000;0.000000;0.000000;1.000000;128.236893;208.209061;2167.617188;2.917595;0.000000;0.000000;0.000000;0.000000;1.000000;-233.043777;113.739334;2260.458984;3.050974;0.000000;0.000000;0.000000;0.000000;1.000000;-290.552002;271.519836;2345.891602;2.858443;0.000000;0.000000;0.000000;0.000000;1.000000;-29.257584;-128.818039;1925.610229;0.265224;0.000000;0.000000;0.000000;0.000000;2.000000;18.057175;269.481567;1955.372925;0.300981;0.000000;0.000000;0.000000;0.000000;2.000000;-339.754028;206.128174;2093.781738;1.692633;0.000000;0.000000;0.000000;0.000000;1.000000;-391.085815;360.873383;2152.688477;2.023937;0.000000;0.000000;0.000000;0.000000;1.000000;503.556305;130.796814;1866.663940;0.348069;0.000000;0.000000;0.000000;0.000000;2.000000;429.256042;265.164612;1816.231323;0.346132;0.000000;0.000000;0.000000;0.000000;2.000000;485.348572;263.625153;1811.729858;0.325900;0.000000;0.000000;0.000000;0.000000;2.000000;579.525208;203.547745;1873.194214;0.317258;0.000000;0.000000;0.000000;0.000000;2.000000;453.265930;237.522659;1779.257446;0.341623;0.000000;0.000000;0.000000;0.000000;2.000000;493.482300;113.172340;1762.403564;0.354893;0.000000;0.000000;0.000000;0.000000;2.000000;21241200640.000000
0.000000;-150.000000;2000.000000;0.000000;0.000000;0.000000;0.000000;0.000000;2.000000;166.282471;-146.982666;1932.207764;0.097215;0.000000;0.000000;0.000000;0.000000;2.000000;280.492462;-62.341858;1912.039551;0.085613;0.000000;0.000000;0.000000;0.000000;2.000000;445.875153;76.831680;1879.711792;0.240241;0.000000;0.000000;0.000000;0.000000;2.000000;430.546814;47.266190;1916.119995;0.185642;0.000000;0.000000;0.000000;0.000000;2.000000;445.261383;97.537140;2050.154785;0.204850;0.000000;0.000000;0.000000;0.000000;2.000000;407.787659;363.475586;2122.680664;0.397662;0.000000;0.000000;0.000000;0.000000;2.000000;397.990906;596.715271;2118.428711;0.506215;0.000000;0.000000;0.000000;0.000000;2.000000;438.667755;682.112793;2139.621582;0.191695;0.000000;0.000000;0.000000;0.000000;0.000000;498.559753;772.883301;2137.227051;1.089748;0.000000;0.000000;0.000000;0.000000;0.000000;448.350250;719.622437;2147.716309;0.371480;0.000000;0.000000;0.000000;0.000000;0.000000;407.780518;58.799381;1853.365234;0.228950;0.000000;0.000000;0.000000;0.000000;2.000000;329.372162;126.396172;1770.846191;0.294805;0.000000;0.000000;0.000000;0.000000;2.000000;257.969635;372.773438;1891.441895;0.381507;0.000000;0.000000;0.000000;0.000000;2.000000;295.452423;584.506470;1989.767578;0.509414;0.000000;0.000000;0.000000;0.000000;2.000000;334.898773;681.058105;1993.685913;0.897276;0.000000;0.000000;0.000000;0.000000;2.000000;411.047729;747.917542;1959.586060;0.321163;0.000000;0.000000;0.000000;0.000000;2.000000;348.199188;698.015747;1971.898926;0.556020;0.000000;0.000000;0.000000;0.000000;2.000000;33.637497;-176.004791;2081.349365;0.091849;0.000000;0.000000;0.000000;0.000000;1.000000;90.596298;203.316284;2204.983398;1.625469;0.000000;0.000000;0.000000;0.000000;1.000000;-272.389374;136.913330;2315.311523;2.178090;0.000000;0.000000;0.000000;0.000000;1.000000;-316.462860;296.751282;2405.173828;2.119243;0.000000;0.000000;0.000000;0.000000;1.000000;-30.332397;-126.550339;1926.643555;0.082823;0.000000;0.000000;0.000000;0.000000;2.000000;16.278931;272.465576;1952.687988;0.133983;0.000000;0.000000;0.000000;0.000000;2.000000;-339.236115;242.603333;2108.235107;1.197443;0.000000;0.000000;0.000000;0.000000;1.000000;-376.878082;401.293091;2167.455078;1.382977;0.000000;0.000000;0.000000;0.000000;1.000000;499.634644;138.619141;1872.341187;0.318319;0.000000;0.000000;0.000000;0.000000;2.000000;427.437805;273.522644;1819.849609;0.283427;0.000000;0.000000;0.000000;0.000000;2.000000;483.694977;271.799866;1817.204346;0.304458;0.000000;0.000000;0.000000;0.000000;2.000000;575.660461;211.151093;1881.627686;0.366046;0.000000;0.000000;0.000000;0.000000;2.000000;452.591064;245.884995;1783.571777;0.287898;0.000000;0.000000;0.000000;0.000000;2.000000;492.960815;121.332916;1767.652466;0.296536;0.000000;0.000000;0.000000;0.000000;2.000000;21241233408.000000
0.000000;-150.000000;2000.000000;0.000000;0.000000;0.000000;0.000000;0.000000;2.000000;161.617645;-142.980789;1935.029663;0.206392;0.000000;0.000000;0.000000;0.000000;2.000000;272.751251;-62.399223;1910.961060;0.238531;0.000000;0.000000;0.000000;0.000000;2.000000;435.723175;71.120354;1886.102173;0.405458;0.000000;0.000000;0.000000;0.000000;2.000000;417.091919;45.290234;1921.873901;0.450634;0.000000;0.000000;0.000000;0.000000;2.000000;418.095337;105.683838;2047.825439;0.868432;0.000000;0.000000;0.000000;0.000000;2.000000;396.053345;363.751678;2124.181641;0.361119;0.000000;0.000000;0.000000;0.000000;2.000000;390.846191;590.256958;2118.480957;0.293920;0.000000;0.000000;0.000000;0.000000;2.000000;428.194214;666.181274;2159.639648;0.843650;0.000000;0.000000;0.000000;0.000000;0.000000;483.277466;753.830566;2180.417480;1.514228;0.000000;0.000000;0.000000;0.000000;0.000000;438.543274;703.668091;2153.159180;0.595165;0.000000;0.000000;0.000000;0.000000;0.000000;401.750916;51.234909;1858.206299;0.330117;0.000000;0.000000;0.000000;0.000000;2.000000;339.809601;109.252846;1761.713501;0.672938;0.000000;0.000000;0.000000;0.000000;2.000000;246.674881;361.525177;1819.891968;2.237063;0.000000;0.000000;0.000000;0.000000;1.000000;256.888580;537.128296;1967.310181;1.986269;0.000000;0.000000;0.000000;0.000000;1.000000;299.169037;624.590942;1996.061768;2.040528;0.000000;0.000000;0.000000;0.000000;1.000000;374.829895;692.300781;1974.572021;2.076437;0.000000;0.000000;0.000000;0.000000;1.000000;313.533813;654.723633;1957.957397;1.745184;0.000000;0.000000;0.000000;0.000000;1.000000;33.040710;-171.719574;2079.844238;0.139798;0.000000;0.000000;0.000000;0.000000;1.000000;51.430435;197.185928;2208.678467;1.215044;0.000000;0.000000;0.000000;0.000000;1.000000;-291.926941;124.526543;2337.494629;0.978106;0.000000;0.000000;0.000000;0.000000;1.000000;-343.959106;272.027466;2432.608154;1.405119;0.000000;0.000000;0.000000;0.000000;1.000000;-29.794235;-130.414505;1928.000854;0.126063;0.000000;0.000000;0.000000;0.000000;2.000000;14.931091;256.712555;1956.823608;0.498734;0.000000;0.000000;0.000000;0.000000;2.000000;-326.262268;233.070206;2117.295898;0.563790;0.000000;0.000000;0.000000;0.000000;1.000000;-369.752136;383.228058;2179.967285;0.705002;0.000000;0.000000;0.000000;0.000000;1.000000;488.364990;130.780045;1879.709961;0.475482;0.000000;0.000000;0.000000;0.000000;2.000000;434.565674;266.681061;1822.342529;0.310963;0.000000;0.000000;0.000000;0.000000;2.000000;488.769196;259.379272;1822.457153;0.439719;0.000000;0.000000;0.000000;0.000000;2.000000;568.541321;193.525177;1890.609375;0.641614;0.000000;0.000000;0.000000;0.000000;2.000000;457.665314;236.511597;1788.994995;0.364963;0.000000;0.000000;0.000000;0.000000;2.000000;484.835236;111.856552;1778.322998;0.501164;0.000000;0.000000;0.000000;0.000000;2.000000;21241266176.000000
0.000000;-150.000000;2000.000000;0.000000;0.000000;0.000000;0.000000;0.000000;2.000000;142.128387;-139.535904;1927.435303;0.608870;0.000000;0.000000;0.000000;0.000000;2.000000;247.464691;-75.723976;1893.109741;0.967920;0.000000;0.000000;0.000000;0.000000;2.000000;397.828003;41.939873;1855.416504;1.632171;0.000000;0.000000;0.000000;0.000000;2.000000;386.152832;14.435093;1887.629272;1.594537;0.000000;0.000000;0.000000;0.000000;2.000000;420.928711;39.191635;2008.453247;2.221009;0.000000;0.000000;0.000000;0.000000;2.000000;373.909790;258.853699;2112.857910;3.096452;0.000000;0.000000;0.000000;0.000000;1.000000;332.091431;462.452881;2117.833984;4.040217;0.000000;0.000000;0.000000;0.000000;1.000000;392.506592;523.727539;2124.625488;4.336294;0.000000;0.000000;0.000000;0.000000;1.000000;407.860535;605.545654;2174.143311;4.781701;0.000000;0.000000;0.000000;0.000000;0.000000;354.588989;584.179199;2157.355469;4.196181;0.000000;0.000000;0.000000;0.000000;0.000000;360.760193;29.112438;1834.913940;1.495823;0.000000;0.000000;0.000000;0.000000;2.000000;293.796875;101.655197;1770.487793;1.362994;0.000000;0.000000;0.000000;0.000000;2.000000;213.317154;324.679077;1857.030640;1.782100;0.000000;0.000000;0.000000;0.000000;1.000000;227.659775;487.113647;1990.210083;1.789154;0.000000;0.000000;0.000000;0.000000;1.000000;267.896851;568.173523;2011.377686;1.904245;0.000000;0.000000;0.000000;0.000000;1.000000;325.746338;642.398865;1996.938599;2.110592;0.000000;0.000000;0.000000;0.000000;1.000000;267.094299;601.424988;1968.366577;2.052342;0.000000;0.000000;0.000000;0.000000;1.000000;36.930573;-173.907181;2068.886230;0.339842;0.000000;0.000000;0.000000;0.000000;1.000000;11.141159;154.343521;2211.604980;1.691276;0.000000;0.000000;0.000000;0.000000;1.000000;-294.912842;107.466522;2359.104980;0.795444;0.000000;0.000000;0.000000;0.000000;1.000000;-341.613586;247.055054;2439.945068;0.750614;0.000000;0.000000;0.000000;0.000000;1.000000;-33.301926;-128.441849;1937.881958;0.306445;0.000000;0.000000;0.000000;0.000000;2.000000;-10.951920;228.328079;1964.730225;1.126462;0.000000;0.000000;0.000000;0.000000;2.000000;-311.877075;203.532166;2134.846680;1.069871;0.000000;0.000000;0.000000;0.000000;1.000000;-355.301025;341.482300;2189.217773;1.296370;0.000000;0.000000;0.000000;0.000000;1.000000;447.851563;94.706284;1846.745483;1.823209;0.000000;0.000000;0.000000;0.000000;2.000000;409.835205;233.581070;1850.842529;1.441699;0.000000;0.000000;0.000000;0.000000;2.000000;458.793152;223.378281;1846.790039;1.516240;0.000000;0.000000;0.000000;0.000000;2.000000;526.024841;136.952942;1877.193481;2.068823;0.000000;0.000000;0.000000;0.000000;2.000000;428.778320;219.157074;1811.043091;1.156682;0.000000;0.000000;0.000000;0.000000;2.000000;443.803101;117.121384;1754.856079;1.366068;0.000000;0.000000;0.000000;0.000000;2.000000;21241300992.000000
0.000000;-150.000000;2000.000000;0.000000;0.000000;0.000000;0.000000;0.000000;2.000000;139.217743;-136.010086;1925.751709;0.148686;0.000000;0.000000;0.000000;0.000000;2.000000;243.651489;-74.928955;1888.357544;0.187518;0.000000;0.000000;0.000000;0.000000;2.000000;390.058594;45.033066;1851.891602;0.276949;0.000000;0.000000;0.000000;0.000000;2.000000;379.524780;16.636913;1883.140991;0.253358;0.000000;0.000000;0.000000;0.000000;2.000000;399.433960;43.774693;2005.518066;0.676668;0.000000;0.000000;0.000000;0.000000;2.000000;368.768402;262.539917;2112.284180;0.193856;0.000000;0.000000;0.000000;0.000000;2.000000;353.180603;467.576935;2123.347412;0.683353;0.000000;0.000000;0.000000;0.000000;2.000000;402.523438;537.160889;2129.058594;0.528971;0.000000;0.000000;0.000000;0.000000;1.000000;432.548859;588.773743;2204.147949;1.291542;0.000000;0.000000;0.000000;0.000000;0.000000;346.344971;587.042114;2178.029541;0.684831;0.000000;0.000000;0.000000;0.000000;0.000000;353.154785;32.389812;1831.891724;0.269035;0.000000;0.000000;0.000000;0.000000;2.000000;279.463959;102.001640;1773.949585;0.450107;0.000000;0.000000;0.000000;0.000000;2.000000;194.079178;314.908112;1873.333496;0.825304;0.000000;0.000000;0.000000;0.000000;1.000000;211.896790;468.186218;2013.598633;1.036584;0.000000;0.000000;0.000000;0.000000;1.000000;251.593750;550.750061;2022.608765;0.804823;0.000000;0.000000;0.000000;0.000000;1.000000;308.685120;623.132080;2002.764648;0.805246;0.000000;0.000000;0.000000;0.000000;1.000000;247.980225;578.383911;1973.471313;0.926799;0.000000;0.000000;0.000000;0.000000;1.000000;38.228348;-174.279236;2067.104492;0.068221;0.000000;0.000000;0.000000;0.000000;1.000000;9.077744;148.128082;2213.873779;0.211513;0.000000;0.000000;0.000000;0.000000;1.000000;-288.896057;103.282310;2370.686523;0.418259;0.000000;0.000000;0.000000;0.000000;1.000000;-334.699188;243.055862;2448.346680;0.353780;0.000000;0.000000;0.000000;0.000000;1.000000;-34.472183;-128.106354;1939.488770;0.061521;0.000000;0.000000;0.000000;0.000000;2.000000;-18.304428;225.684845;1964.707031;0.238441;0.000000;0.000000;0.000000;0.000000;2.000000;-312.712189;200.015915;2139.336426;0.175892;0.000000;0.000000;0.000000;0.000000;1.000000;-353.165680;335.829681;2197.103516;0.303181;0.000000;0.000000;0.000000;0.000000;1.000000;438.636536;98.307220;1844.011475;0.313245;0.000000;0.000000;0.000000;0.000000;2.000000;409.596649;237.640930;1853.868286;0.154693;0.000000;0.000000;0.000000;0.000000;2.000000;457.427551;224.674194;1850.168945;0.118041;0.000000;0.000000;0.000000;0.000000;2.000000;517.944702;133.741928;1877.328613;0.265376;0.000000;0.000000;0.000000;0.000000;2.000000;428.173706;224.001724;1814.132568;0.176319;0.000000;0.000000;0.000000;0.000000;2.000000;437.754517;124.835526;1754.079102;0.300094;0.000000;0.000000;0.000000;0.000000;2.000000;21241333760.000000
0.000000;-150.000000;2000.000000;0.000000;0.000000;0.000000;0.000000;0.000000;2.000000;139.206985;-136.010864;1925.728516;0.000781;0.000000;0.000000;0.000000;0.000000;2.000000;243.636230;-74.933937;1888.311035;0.001501;0.000000;0.000000;0.000000;0.000000;2.000000;390.027863;45.027950;1851.773315;0.003733;0.000000;0.000000;0.000000;0.000000;2.000000;379.506989;16.634674;1883.030396;0.003419;0.000000;0.000000;0.000000;0.000000;2.000000;399.464081;43.684967;2005.420166;0.004156;0.000000;0.000000;0.000000;0.000000;2.000000;368.589630;262.348297;2112.339844;0.008176;0.000000;0.000000;0.000000;0.000000;1.000000;352.851929;467.381775;2123.291016;0.011792;0.000000;0.000000;0.000000;0.000000;1.000000;402.146057;537.003540;2128.973145;0.012747;0.000000;0.000000;0.000000;0.000000;1.000000;432.125183;588.678833;2204.039307;0.013659;0.000000;0.000000;0.000000;0.000000;0.000000;345.929382;586.872314;2177.909912;0.014179;0.000000;0.000000;0.000000;0.000000;0.000000;353.115967;32.381786;1831.789429;0.003348;0.000000;0.000000;0.000000;0.000000;2.000000;279.398590;101.987160;1773.871216;0.003146;0.000000;0.000000;0.000000;0.000000;2.000000;193.946243;314.814148;1873.372925;0.005112;0.000000;0.000000;0.000000;0.000000;1.000000;211.783920;468.038757;2013.696777;0.006410;0.000000;0.000000;0.000000;0.000000;1.000000;251.451920;550.616089;2022.719360;0.006844;0.000000;0.000000;0.000000;0.000000;1.000000;308.501160;623.031372;2002.871582;0.007184;0.000000;0.000000;0.000000;0.000000;1.000000;247.797485;578.269897;1973.595215;0.007583;0.000000;0.000000;0.000000;0.000000;1.000000;38.239853;-174.274536;2067.100586;0.000398;0.000000;0.000000;0.000000;0.000000;1.000000;9.161240;148.121048;2213.917969;0.002891;0.000000;0.000000;0.000000;0.000000;1.000000;-288.776489;103.285126;2370.808594;0.005215;0.000000;0.000000;0.000000;0.000000;1.000000;-334.535889;243.053024;2448.508301;0.007012;0.000000;0.000000;0.000000;0.000000;1.000000;-34.482559;-128.110565;1939.492310;0.000358;0.000000;0.000000;0.000000;0.000000;2.000000;-18.316574;225.686707;1964.672607;0.001115;0.000000;0.000000;0.000000;0.000000;2.000000;-312.684326;199.997055;2139.372559;0.001507;0.000000;0.000000;0.000000;0.000000;1.000000;-353.133545;335.810303;2197.147461;0.001764;0.000000;0.000000;0.000000;0.000000;1.000000;438.602112;98.302628;1843.868164;0.004500;0.000000;0.000000;0.000000;0.000000;2.000000;409.527344;237.645355;1853.510986;0.011108;0.000000;0.000000;0.000000;0.000000;2.000000;457.361816;224.684738;1849.830811;0.010517;0.000000;0.000000;0.000000;0.000000;2.000000;517.902527;133.808655;1877.130127;0.006519;0.000000;0.000000;0.000000;0.000000;2.000000;428.107483;223.949509;1813.795532;0.010603;0.000000;0.000000;0.000000;0.000000;2.000000;437.712402;124.692474;1753.894165;0.007250;0.000000;0.000000;0.000000;0.000000;2.000000;21241366528.000000
0.000000;-150.000000;2000.000000;0.000000;0.000000;0.000000;0.000000;0.000000;2.000000;141.777008;-134.583633;1926.834839;0.095856;0.000000;0.000000;0.000000;0.000000;2.000000;247.214386;-71.886528;1889.793335;0.150397;0.000000;0.000000;0.000000;0.000000;2.000000;395.162720;47.290775;1845.584473;0.254943;0.000000;0.000000;0.000000;0.000000;2.000000;383.738525;21.787863;1879.618530;0.228581;0.000000;0.000000;0.000000;0.000000;2.000000;420.448090;84.240715;1985.671143;1.518267;0.000000;0.000000;0.000000;0.000000;2.000000;455.803864;327.067688;1947.912720;6.013682;0.000000;0.000000;0.000000;0.000000;2.000000;486.087830;531.118774;1918.448608;7.706798;0.000000;0.000000;0.000000;0.000000;2.000000;474.005829;588.855713;1981.733276;5.244413;0.000000;0.000000;0.000000;0.000000;1.000000;429.473877;631.625916;2056.646973;4.685813;0.000000;0.000000;0.000000;0.000000;1.000000;482.200653;640.630798;1962.678467;7.945386;0.000000;0.000000;0.000000;0.000000;2.000000;358.694977;31.935871;1825.531250;0.256219;0.000000;0.000000;0.000000;0.000000;2.000000;290.115082;98.963600;1756.507080;0.629505;0.000000;0.000000;0.000000;0.000000;2.000000;219.904633;312.234802;1873.044312;0.796151;0.000000;0.000000;0.000000;0.000000;1.000000;197.690216;473.191589;2007.683960;0.493346;0.000000;0.000000;0.000000;0.000000;1.000000;240.795853;554.995117;2018.954956;0.369878;0.000000;0.000000;0.000000;0.000000;1.000000;307.231598;621.687256;2003.334961;0.058169;0.000000;0.000000;0.000000;0.000000;1.000000;245.323410;580.988342;1971.773315;0.125198;0.000000;0.000000;0.000000;0.000000;1.000000;38.002563;-173.302963;2068.729980;0.058345;0.000000;0.000000;0.000000;0.000000;1.000000;12.275269;154.702759;2214.044434;0.222239;0.000000;0.000000;0.000000;0.000000;1.000000;-286.549774;94.360992;2372.846924;0.287503;0.000000;0.000000;0.000000;0.000000;1.000000;-329.408630;231.419785;2460.635986;0.536191;0.000000;0.000000;0.000000;0.000000;1.000000;-34.268600;-128.986679;1938.023071;0.052611;0.000000;0.000000;0.000000;0.000000;2.000000;-21.618881;229.141159;1963.946045;0.147518;0.000000;0.000000;0.000000;0.000000;2.000000;-324.568237;202.359329;2131.753174;0.436799;0.000000;0.000000;0.000000;0.000000;1.000000;-362.265808;337.491211;2197.316650;0.283423;0.000000;0.000000;0.000000;0.000000;1.000000;443.947571;100.828957;1833.759033;0.357396;0.000000;0.000000;0.000000;0.000000;2.000000;402.812805;238.126694;1851.066284;0.218565;0.000000;0.000000;0.000000;0.000000;2.000000;452.091644;229.407623;1846.127930;0.243743;0.000000;0.000000;0.000000;0.000000;2.000000;521.366821;141.763901;1868.306030;0.377669;0.000000;0.000000;0.000000;0.000000;2.000000;422.092651;227.960587;1810.010376;0.249040;0.000000;0.000000;0.000000;0.000000;2.000000;439.358826;131.888168;1744.218994;0.371385;0.000000;0.000000;0.000000;0.000000;2.000000;21241399296.000000
0.000000;-150.000000;2000.000000;0.000000;0.000000;0.000000;0.000000;0.000000;2.000000;146.386688;-130.884995;1926.449219;0.170113;0.000000;0.000000;0.000000;0.000000;2.000000;254.520706;-62.510437;1894.531250;0.367536;0.000000;0.000000;0.000000;0.000000;2.000000;403.840576;64.994431;1852.907837;0.604098;0.000000;0.000000;0.000000;0.000000;2.000000;394.122620;35.324181;1885.750488;0.520710;0.000000;0.000000;0.000000;0.000000;2.000000;428.770996;76.771782;2006.365112;0.675616;0.000000;0.000000;0.000000;0.000000;2.000000;365.438416;323.331512;2027.979614;3.469424;0.000000;0.000000;0.000000;0.000000;2.000000;312.279938;530.263245;2046.203491;6.195743;0.000000;0.000000;0.000000;0.000000;2.000000;321.583984;612.337646;2079.405762;5.243218;0.000000;0.000000;0.000000;0.000000;2.000000;356.022064;702.836975;2103.966797;3.237535;0.000000;0.000000;0.000000;0.000000;0.000000;323.690277;652.911316;2047.690918;5.178285;0.000000;0.000000;0.000000;0.000000;2.000000;365.204590;51.090496;1832.967773;0.619084;0.000000;0.000000;0.000000;0.000000;2.000000;285.033356;122.401810;1775.788574;0.883862;0.000000;0.000000;0.000000;0.000000;2.000000;256.246857;340.741852;1914.575562;1.784089;0.000000;0.000000;0.000000;0.000000;2.000000;232.878326;522.786804;2030.608521;1.866610;0.000000;0.000000;0.000000;0.000000;2.000000;273.979431;607.109680;2050.310547;1.990000;0.000000;0.000000;0.000000;0.000000;2.000000;345.864014;665.760437;2018.149536;1.736313;0.000000;0.000000;0.000000;0.000000;2.000000;313.295898;568.484192;2049.958496;2.997270;0.000000;0.000000;0.000000;0.000000;2.000000;38.550461;-178.623383;2069.287354;0.154455;0.000000;0.000000;0.000000;0.000000;1.000000;24.223495;154.486145;2229.958984;0.571627;0.000000;0.000000;0.000000;0.000000;1.000000;-290.085693;108.310150;2385.490479;0.550198;0.000000;0.000000;0.000000;0.000000;1.000000;-322.113403;252.105469;2476.561523;0.778553;0.000000;0.000000;0.000000;0.000000;1.000000;-34.762650;-124.189034;1937.520630;0.139278;0.000000;0.000000;0.000000;0.000000;2.000000;-11.885071;244.071976;1960.938232;0.519172;0.000000;0.000000;0.000000;0.000000;2.000000;-324.778320;226.409897;2132.823242;0.691500;0.000000;0.000000;0.000000;0.000000;1.000000;-354.497559;369.696716;2195.893555;0.952427;0.000000;0.000000;0.000000;0.000000;1.000000;453.231384;121.337044;1843.456909;0.704033;0.000000;0.000000;0.000000;0.000000;2.000000;404.448029;261.506042;1836.956421;0.785734;0.000000;0.000000;0.000000;0.000000;2.000000;455.626709;254.209930;1834.673462;0.791226;0.000000;0.000000;0.000000;0.000000;2.000000;529.867432;172.325684;1873.653076;0.923985;0.000000;0.000000;0.000000;0.000000;2.000000;426.062195;245.294907;1797.486328;0.624729;0.000000;0.000000;0.000000;0.000000;2.000000;450.144836;137.734634;1747.255127;0.363015;0.000000;0.000000;0.000000;0.000000;2.000000;21241434112.000000
0.000000;-150.000000;2000.000000;0.000000;0.000000;0.000000;0.000000;0.000000;2.000000;150.381012;-136.345352;1926.400879;0.206468;0.000000;0.000000;0.000000;0.000000;2.000000;258.125977;-60.694206;1899.895996;0.204894;0.000000;0.000000;0.000000;0.000000;2.000000;411.557892;70.583618;1868.081421;0.546796;0.000000;0.000000;0.000000;0.000000;2.000000;399.806061;40.048985;1900.630493;0.507033;0.000000;0.000000;0.000000;0.000000;2.000000;429.238281;84.857719;2024.092896;0.594799;0.000000;0.000000;0.000000;0.000000;2.000000;371.781677;337.227905;2050.732666;0.836342;0.000000;0.000000;0.000000;0.000000;2.000000;323.607361;549.094849;2072.717041;1.050934;0.000000;0.000000;0.000000;0.000000;2.000000;351.492554;629.289063;2104.524414;1.299354;0.000000;0.000000;0.000000;0.000000;2.000000;398.974976;715.850830;2129.093750;1.569706;0.000000;0.000000;0.000000;0.000000;0.000000;322.942230;663.343506;2027.160156;0.703165;0.000000;0.000000;0.000000;0.000000;2.000000;373.679260;56.284561;1845.233276;0.481792;0.000000;0.000000;0.000000;0.000000;2.000000;300.028992;133.017319;1781.824707;0.590176;0.000000;0.000000;0.000000;0.000000;2.000000;257.830811;356.135895;1918.663818;0.488471;0.000000;0.000000;0.000000;0.000000;2.000000;251.671371;538.530640;2043.567749;0.846272;0.000000;0.000000;0.000000;0.000000;2.000000;287.827393;628.389404;2055.744385;0.792353;0.000000;0.000000;0.000000;0.000000;2.000000;357.322449;692.539185;2023.246582;0.902401;0.000000;0.000000;0.000000;0.000000;2.000000;322.569122;604.678467;2063.123047;1.208944;0.000000;0.000000;0.000000;0.000000;2.000000;37.670517;-178.539810;2071.675293;0.077706;0.000000;0.000000;0.000000;0.000000;1.000000;41.321030;159.627594;2238.155273;0.599528;0.000000;0.000000;0.000000;0.000000;1.000000;-281.689606;120.067970;2392.664551;0.492278;0.000000;0.000000;0.000000;0.000000;1.000000;-310.607666;265.950897;2487.513672;0.643065;0.000000;0.000000;0.000000;0.000000;1.000000;-33.969147;-124.264404;1935.367310;0.070072;0.000000;0.000000;0.000000;0.000000;2.000000;0.519653;249.790512;1961.326782;0.417020;0.000000;0.000000;0.000000;0.000000;2.000000;-318.950928;240.648849;2135.606934;0.477144;0.000000;0.000000;0.000000;0.000000;1.000000;-347.015198;387.549377;2198.621582;0.596574;0.000000;0.000000;0.000000;0.000000;1.000000;461.919312;128.402649;1862.045044;0.662254;0.000000;0.000000;0.000000;0.000000;2.000000;413.183136;267.788940;1829.061646;0.407275;0.000000;0.000000;0.000000;0.000000;2.000000;465.282837;259.852142;1828.748169;0.386243;0.000000;0.000000;0.000000;0.000000;2.000000;539.939087;184.736542;1883.811646;0.577955;0.000000;0.000000;0.000000;0.000000;2.000000;435.539703;244.175888;1792.788940;0.324608;0.000000;0.000000;0.000000;0.000000;2.000000;459.964539;127.073174;1762.632690;0.644898;0.000000;0.000000;0.000000;0.000000;2.000000;21241466880.000000
0.000000;-150.000000;2000.000000;0.000000;0.000000;0.000000;0.000000;0.000000;2.000000;154.460693;-136.324890;1932.170898;0.215657;0.000000;0.000000;0.000000;0.000000;2.000000;262.898102;-58.230705;1910.937378;0.374701;0.000000;0.000000;0.000000;0.000000;2.000000;416.528809;77.568466;1891.503784;0.761171;0.000000;0.000000;0.000000;0.000000;2.000000;402.663574;46.620918;1923.319458;0.726129;0.000000;0.000000;0.000000;0.000000;2.000000;418.411072;88.289551;2051.412109;0.902900;0.000000;0.000000;0.000000;0.000000;2.000000;364.858032;343.848816;2074.875000;0.792650;0.000000;0.000000;0.000000;0.000000;2.000000;326.258545;560.444214;2071.429688;0.357843;0.000000;0.000000;0.000000;0.000000;2.000000;358.372162;638.740173;2105.833008;0.358974;0.000000;0.000000;0.000000;0.000000;2.000000;411.442841;721.019348;2136.195313;0.465424;0.000000;0.000000;0.000000;0.000000;0.000000;336.253845;671.673889;2017.306641;0.565759;0.000000;0.000000;0.000000;0.000000;2.000000;380.805420;62.200932;1865.393188;0.677055;0.000000;0.000000;0.000000;0.000000;2.000000;308.690674;134.875320;1794.094604;0.461842;0.000000;0.000000;0.000000;0.000000;2.000000;259.225677;362.256287;1925.263184;0.277955;0.000000;0.000000;0.000000;0.000000;2.000000;254.841751;548.317749;2047.781738;0.339276;0.000000;0.000000;0.000000;0.000000;2.000000;287.389374;640.885620;2054.607422;0.383163;0.000000;0.000000;0.000000;0.000000;2.000000;355.256653;700.492676;2009.957275;0.476828;0.000000;0.000000;0.000000;0.000000;2.000000;324.621338;633.181519;2044.407349;1.042484;0.000000;0.000000;0.000000;0.000000;2.000000;34.944626;-178.444977;2073.841309;0.106292;0.000000;0.000000;0.000000;0.000000;1.000000;45.302612;158.941238;2247.926025;0.322667;0.000000;0.000000;0.000000;0.000000;1.000000;-285.135315;122.841965;2393.702148;0.138661;0.000000;0.000000;0.000000;0.000000;1.000000;-310.041809;269.685303;2490.672607;0.150266;0.000000;0.000000;0.000000;0.000000;1.000000;-31.511108;-124.349899;1933.414185;0.095846;0.000000;0.000000;0.000000;0.000000;2.000000;5.166687;252.030273;1963.821167;0.174867;0.000000;0.000000;0.000000;0.000000;2.000000;-320.904724;251.106384;2131.767578;0.345156;0.000000;0.000000;0.000000;0.000000;1.000000;-345.332275;399.882568;2195.066895;0.395053;0.000000;0.000000;0.000000;0.000000;1.000000;466.231995;136.990723;1889.478516;0.887085;0.000000;0.000000;0.000000;0.000000;2.000000;419.828430;265.954529;1822.739746;0.285452;0.000000;0.000000;0.000000;0.000000;2.000000;472.182190;259.078247;1828.344360;0.212230;0.000000;0.000000;0.000000;0.000000;2.000000;542.712036;198.634766;1904.739380;0.771328;0.000000;0.000000;0.000000;0.000000;2.000000;445.297333;235.251968;1794.142578;0.405643;0.000000;0.000000;0.000000;0.000000;2.000000;472.460510;113.974602;1792.164917;1.057105;0.000000;0.000000;0.000000;0.000000;2.000000;21241499648.000000
0.000000;-150.000000;2000.000000;0.000000;0.000000;0.000000;0.000000;0.000000;2.000000;166.208832;-134.001236;1942.101318;0.474773;0.000000;0.000000;0.000000;0.000000;2.000000;275.568512;-44.731735;1936.313232;0.958609;0.000000;0.000000;0.000000;0.000000;2.000000;437.985413;94.814926;1916.287476;1.130411;0.000000;0.000000;0.000000;0.000000;2.000000;421.350372;64.793533;1950.631958;1.152180;0.000000;0.000000;0.000000;0.000000;2.000000;424.519226;107.387741;2085.646973;1.210774;0.000000;0.000000;0.000000;0.000000;2.000000;350.213806;362.015808;2153.328125;2.497857;0.000000;0.000000;0.000000;0.000000;2.000000;336.239044;573.889465;2065.560303;0.541491;0.000000;0.000000;0.000000;0.000000;2.000000;360.492950;661.995239;2092.911621;0.814458;0.000000;0.000000;0.000000;0.000000;2.000000;411.789001;754.200134;2110.924561;1.272878;0.000000;0.000000;0.000000;0.000000;0.000000;349.602783;690.252808;2009.656982;0.736156;0.000000;0.000000;0.000000;0.000000;2.000000;402.210419;77.168808;1887.984497;1.053886;0.000000;0.000000;0.000000;0.000000;2.000000;328.705383;144.257080;1803.913940;0.738138;0.000000;0.000000;0.000000;0.000000;2.000000;232.647537;371.464691;1934.103516;0.899800;0.000000;0.000000;0.000000;0.000000;2.000000;267.355316;576.287109;2038.874756;0.973797;0.000000;0.000000;0.000000;0.000000;2.000000;294.672180;675.061768;2045.660034;1.100794;0.000000;0.000000;0.000000;0.000000;2.000000;362.947144;731.765747;1989.154053;1.170031;0.000000;0.000000;0.000000;0.000000;2.000000;333.474365;676.517151;2018.831665;1.559227;0.000000;0.000000;0.000000;0.000000;2.000000;30.505859;-182.271347;2078.655273;0.231447;0.000000;0.000000;0.000000;0.000000;1.000000;42.344955;162.439728;2274.375488;0.819192;0.000000;0.000000;0.000000;0.000000;1.000000;-316.617340;114.842773;2386.288086;1.016777;0.000000;0.000000;0.000000;0.000000;1.000000;-347.326569;262.308105;2494.688965;1.166358;0.000000;0.000000;0.000000;0.000000;1.000000;-27.508453;-120.899506;1929.072876;0.208713;0.000000;0.000000;0.000000;0.000000;2.000000;18.231766;270.341736;1971.166870;0.722155;0.000000;0.000000;0.000000;0.000000;2.000000;-331.014069;279.834686;2128.071777;0.936235;0.000000;0.000000;0.000000;0.000000;1.000000;-355.983795;436.544861;2191.092773;1.171403;0.000000;0.000000;0.000000;0.000000;1.000000;490.396912;156.389832;1913.191895;1.190809;0.000000;0.000000;0.000000;0.000000;2.000000;418.115967;254.361908;1810.648071;0.513866;0.000000;0.000000;0.000000;0.000000;2.000000;471.248810;264.892029;1822.494385;0.253302;0.000000;0.000000;0.000000;0.000000;2.000000;546.790466;243.233780;1920.448608;1.448375;0.000000;0.000000;0.000000;0.000000;2.000000;456.398102;226.336792;1791.262451;0.443296;0.000000;0.000000;0.000000;0.000000;2.000000;517.796021;115.846657;1820.721313;1.636118;0.000000;0.000000;0.000000;0.000000;2.000000;21241532416.000000
0.000000;-150.000000;2000.000000;0.000000;0.000000;0.000000;0.000000;0.000000;2.000000;166.516327;-134.027054;1942.365601;0.011669;0.000000;0.000000;0.000000;0.000000;2.000000;276.047394;-44.695805;1936.859619;0.020894;0.000000;0.000000;0.000000;0.000000;2.000000;438.816101;94.916733;1917.537842;0.043216;0.000000;0.000000;0.000000;0.000000;2.000000;422.056702;64.789444;1951.807129;0.039382;0.000000;0.000000;0.000000;0.000000;2.000000;424.873779;105.995163;2087.428223;0.065735;0.000000;0.000000;0.000000;0.000000;2.000000;352.665070;360.365295;2159.466064;0.195665;0.000000;0.000000;0.000000;0.000000;2.000000;339.148315;574.268433;2075.970215;0.310646;0.000000;0.000000;0.000000;0.000000;2.000000;364.936188;661.766785;2104.230957;0.349331;0.000000;0.000000;0.000000;0.000000;0.000000;418.813629;752.741028;2121.678711;0.371316;0.000000;0.000000;0.000000;0.000000;0.000000;349.342346;689.526123;2017.454346;0.225054;0.000000;0.000000;0.000000;0.000000;1.000000;403.050598;77.353333;1889.076050;0.039917;0.000000;0.000000;0.000000;0.000000;2.000000;329.632721;144.701340;1804.907715;0.041073;0.000000;0.000000;0.000000;0.000000;2.000000;233.260742;371.851440;1935.643311;0.048884;0.000000;0.000000;0.000000;0.000000;2.000000;267.807770;576.691956;2041.017212;0.063960;0.000000;0.000000;0.000000;0.000000;2.000000;295.070465;675.578857;2048.144043;0.073769;0.000000;0.000000;0.000000;0.000000;2.000000;363.540588;732.702454;1992.076172;0.089770;0.000000;0.000000;0.000000;0.000000;2.000000;333.734985;677.475952;2021.086304;0.070768;0.000000;0.000000;0.000000;0.000000;2.000000;30.372910;-182.385437;2078.777588;0.006137;0.000000;0.000000;0.000000;0.000000;1.000000;36.248734;161.100662;2277.805908;0.204565;0.000000;0.000000;0.000000;0.000000;1.000000;-323.418579;107.121376;2385.953125;0.295700;0.000000;0.000000;0.000000;0.000000;1.000000;-358.726196;252.947235;2495.526367;0.424352;0.000000;0.000000;0.000000;0.000000;1.000000;-27.388596;-120.796631;1928.962646;0.005532;0.000000;0.000000;0.000000;0.000000;2.000000;21.271561;270.926392;1967.375488;0.140584;0.000000;0.000000;0.000000;0.000000;2.000000;-327.404968;284.729187;2126.275391;0.182130;0.000000;0.000000;0.000000;0.000000;1.000000;-351.471985;442.347656;2187.892090;0.230269;0.000000;0.000000;0.000000;0.000000;1.000000;491.347717;156.523132;1914.714966;0.051713;0.000000;0.000000;0.000000;0.000000;2.000000;422.025940;254.316376;1809.706299;0.115523;0.000000;0.000000;0.000000;0.000000;2.000000;475.033630;264.533997;1822.632446;0.109267;0.000000;0.000000;0.000000;0.000000;2.000000;548.339783;243.071716;1922.492798;0.073819;0.000000;0.000000;0.000000;0.000000;2.000000;460.533600;225.794128;1791.366577;0.119837;0.000000;0.000000;0.000000;0.000000;2.000000;520.446228;114.943893;1823.093140;0.105393;0.000000;0.000000;0.000000;0.000000;2.000000;21241567232.000000
0.000000;-150.000000;2000.000000;0.000000;0.000000;0.000000;0.000000;0.000000;2.000000;167.776245;-132.040863;1944.497437;0.096876;0.000000;0.000000;0.000000;0.000000;2.000000;277.429169;-41.826939;1942.697144;0.202928;0.000000;0.000000;0.000000;0.000000;2.000000;443.184814;94.331718;1916.034790;0.142118;0.000000;0.000000;0.000000;0.000000;2.000000;427.091156;64.582169;1951.213501;0.154833;0.000000;0.000000;0.000000;0.000000;2.000000;434.257813;104.859024;2087.537354;0.288488;0.000000;0.000000;0.000000;0.000000;2.000000;353.106537;356.404236;2163.962158;0.183359;0.000000;0.000000;0.000000;0.000000;2.000000;344.834229;575.842285;2092.509766;0.535897;0.000000;0.000000;0.000000;0.000000;2.000000;371.570862;661.121094;2127.214355;0.730303;0.000000;0.000000;0.000000;0.000000;0.000000;426.852264;749.659546;2153.275391;0.999405;0.000000;0.000000;0.000000;0.000000;0.000000;355.441162;688.503662;2030.967651;0.453523;0.000000;0.000000;0.000000;0.000000;1.000000;405.708679;77.494431;1889.040039;0.081240;0.000000;0.000000;0.000000;0.000000;2.000000;328.998840;145.870987;1807.892456;0.099726;0.000000;0.000000;0.000000;0.000000;2.000000;230.749863;371.313660;1942.486206;0.223048;0.000000;0.000000;0.000000;0.000000;2.000000;278.423401;580.435181;2035.658081;0.380460;0.000000;0.000000;0.000000;0.000000;2.000000;295.866180;681.756958;2044.924316;0.213991;0.000000;0.000000;0.000000;0.000000;2.000000;370.388184;736.384705;1993.496216;0.241195;0.000000;0.000000;0.000000;0.000000;2.000000;337.203705;690.301270;2015.049927;0.445346;0.000000;0.000000;0.000000;0.000000;2.000000;29.679428;-184.507095;2078.551270;0.068468;0.000000;0.000000;0.000000;0.000000;1.000000;19.644592;151.183334;2293.228516;0.754906;0.000000;0.000000;0.000000;0.000000;1.000000;-343.401764;103.685577;2398.344482;0.725188;0.000000;0.000000;0.000000;0.000000;1.000000;-379.621857;247.998764;2510.828613;0.804689;0.000000;0.000000;0.000000;0.000000;1.000000;-26.763275;-118.883423;1929.167236;0.061742;0.000000;0.000000;0.000000;0.000000;2.000000;28.992432;271.696350;1982.759155;0.525808;0.000000;0.000000;0.000000;0.000000;2.000000;-323.335480;291.230591;2136.578613;0.391988;0.000000;0.000000;0.000000;0.000000;1.000000;-345.513092;449.062439;2200.199707;0.464904;0.000000;0.000000;0.000000;0.000000;1.000000;497.219360;154.892288;1910.795898;0.221110;0.000000;0.000000;0.000000;0.000000;2.000000;422.042297;260.854614;1817.431396;0.308855;0.000000;0.000000;0.000000;0.000000;2.000000;476.609619;268.533569;1825.743774;0.161947;0.000000;0.000000;0.000000;0.000000;2.000000;558.355042;239.179733;1917.326782;0.363839;0.000000;0.000000;0.000000;0.000000;2.000000;457.625854;231.876877;1794.030518;0.221229;0.000000;0.000000;0.000000;0.000000;2.000000;515.983521;117.019829;1814.513062;0.301867;0.000000;0.000000;0.000000;0.000000;2.000000;21241600000.000000
0.000000;-150.000000;2000.000000;0.000000;0.000000;0.000000;0.000000;0.000000;2.000000;155.753265;-135.517456;1919.153687;0.862598;0.000000;0.000000;0.000000;0.000000;2.000000;268.371765;-53.923233;1897.349609;1.458713;0.000000;0.000000;0.000000;0.000000;2.000000;433.705902;79.025002;1867.277100;1.586168;0.000000;0.000000;0.000000;0.000000;2.000000;423.363098;41.916695;1896.539673;1.809785;0.000000;0.000000;0.000000;0.000000;2.000000;456.730652;38.389664;2033.582520;2.701164;0.000000;0.000000;0.000000;0.000000;2.000000;350.257019;267.872009;2135.514648;2.839174;0.000000;0.000000;0.000000;0.000000;1.000000;307.959137;491.485229;2110.806152;2.864533;0.000000;0.000000;0.000000;0.000000;1.000000;357.037903;572.252319;2120.822754;2.754999;0.000000;0.000000;0.000000;0.000000;1.000000;378.205658;675.978455;2133.723145;2.759722;0.000000;0.000000;0.000000;0.000000;0.000000;328.542236;621.376892;2047.222046;2.261960;0.000000;0.000000;0.000000;0.000000;1.000000;390.303467;70.806381;1846.699097;1.390077;0.000000;0.000000;0.000000;0.000000;2.000000;297.464417;152.181763;1806.619141;0.982205;0.000000;0.000000;0.000000;0.000000;2.000000;212.855957;374.775452;1949.880127;0.600232;0.000000;0.000000;0.000000;0.000000;2.000000;264.126434;584.437866;2034.441040;0.454605;0.000000;0.000000;0.000000;0.000000;2.000000;298.793640;680.353455;2042.799438;0.118410;0.000000;0.000000;0.000000;0.000000;2.000000;360.723602;745.297852;1988.618164;0.427947;0.000000;0.000000;0.000000;0.000000;2.000000;309.840454;699.905151;2014.006470;0.885573;0.000000;0.000000;0.000000;0.000000;2.000000;40.503403;-186.814194;2071.436523;0.401513;0.000000;0.000000;0.000000;0.000000;1.000000;25.468704;153.117172;2272.288330;0.665921;0.000000;0.000000;0.000000;0.000000;1.000000;-318.072205;119.197739;2425.329102;1.224658;0.000000;0.000000;0.000000;0.000000;1.000000;-347.793884;270.039490;2528.047852;1.293065;0.000000;0.000000;0.000000;0.000000;1.000000;-36.523727;-116.803024;1935.582520;0.362055;0.000000;0.000000;0.000000;0.000000;2.000000;13.249069;272.303589;1979.212891;0.492836;0.000000;0.000000;0.000000;0.000000;2.000000;-317.880066;267.067383;2168.775879;1.239737;0.000000;0.000000;0.000000;0.000000;1.000000;-342.270447;421.263733;2236.365723;1.395579;0.000000;0.000000;0.000000;0.000000;1.000000;489.716309;136.955872;1864.644531;1.528306;0.000000;0.000000;0.000000;0.000000;2.000000;418.424255;275.787720;1836.431885;0.745720;0.000000;0.000000;0.000000;0.000000;2.000000;473.227600;273.805176;1829.763184;0.227112;0.000000;0.000000;0.000000;0.000000;2.000000;566.198669;205.296036;1877.909790;1.604228;0.000000;0.000000;0.000000;0.000000;2.000000;440.023865;253.442154;1795.914795;0.851458;0.000000;0.000000;0.000000;0.000000;2.000000;475.840332;134.083252;1761.376221;2.097994;0.000000;0.000000;0.000000;0.000000;2.000000;21241632768.000000
0.000000;-150.000000;2000.000000;0.000000;0.000000;0.000000;0.000000;0.000000;2.000000;151.649445;-137.141281;1912.655151;0.225629;0.000000;0.000000;0.000000;0.000000;2.000000;267.487396;-67.194038;1875.657471;0.730841;0.000000;0.000000;0.000000;0.000000;2.000000;430.271851;67.260437;1843.675049;0.763852;0.000000;0.000000;0.000000;0.000000;2.000000;422.210663;27.724869;1870.060425;0.863531;0.000000;0.000000;0.000000;0.000000;2.000000;471.237366;14.968543;2001.222534;1.220674;0.000000;0.000000;0.000000;0.000000;2.000000;358.794006;221.493439;2137.538574;1.355731;0.000000;0.000000;0.000000;0.000000;1.000000;302.495941;441.900574;2120.396729;1.459050;0.000000;0.000000;0.000000;0.000000;1.000000;353.339294;521.610046;2126.027588;1.466085;0.000000;0.000000;0.000000;0.000000;1.000000;390.721008;618.733154;2147.596191;1.729586;0.000000;0.000000;0.000000;0.000000;0.000000;312.411499;568.070068;2055.661133;1.617926;0.000000;0.000000;0.000000;0.000000;1.000000;385.299927;61.097912;1826.411865;0.661777;0.000000;0.000000;0.000000;0.000000;2.000000;293.574036;149.066696;1802.336792;0.188733;0.000000;0.000000;0.000000;0.000000;2.000000;215.433441;372.535736;1946.057007;0.147232;0.000000;0.000000;0.000000;0.000000;2.000000;261.530243;582.483154;2030.707520;0.142170;0.000000;0.000000;0.000000;0.000000;2.000000;293.459320;678.655029;2042.156494;0.161850;0.000000;0.000000;0.000000;0.000000;2.000000;357.635834;735.288086;1982.262451;0.351923;0.000000;0.000000;0.000000;0.000000;2.000000;307.213165;699.244507;2007.496704;0.202521;0.000000;0.000000;0.000000;0.000000;2.000000;43.455627;-184.765640;2070.330078;0.107992;0.000000;0.000000;0.000000;0.000000;1.000000;49.241989;160.432785;2259.680176;0.800966;0.000000;0.000000;0.000000;0.000000;1.000000;-285.631348;143.519257;2430.521484;1.174079;0.000000;0.000000;0.000000;0.000000;1.000000;-308.192139;300.257294;2524.740234;1.433924;0.000000;0.000000;0.000000;0.000000;1.000000;-39.185806;-118.650299;1936.580200;0.097379;0.000000;0.000000;0.000000;0.000000;2.000000;12.566559;269.109741;1977.555420;0.105195;0.000000;0.000000;0.000000;0.000000;2.000000;-313.550537;247.422501;2171.940430;0.584895;0.000000;0.000000;0.000000;0.000000;1.000000;-339.491943;399.702606;2241.789551;0.643549;0.000000;0.000000;0.000000;0.000000;1.000000;486.209534;124.894684;1841.504883;0.756231;0.000000;0.000000;0.000000;0.000000;2.000000;410.708344;263.662842;1836.705566;0.412867;0.000000;0.000000;0.000000;0.000000;2.000000;465.312317;264.545837;1829.742432;0.349881;0.000000;0.000000;0.000000;0.000000;2.000000;560.361938;192.275818;1865.663574;0.540076;0.000000;0.000000;0.000000;0.000000;2.000000;432.643494;249.049774;1793.174927;0.258932;0.000000;0.000000;0.000000;0.000000;2.000000;471.785095;138.597107;1739.550415;0.650666;0.000000;0.000000;0.000000;0.000000;2.000000;21241667584.000000
0.000000;-150.000000;2000.000000;0.000000;0.000000;0.000000;0.000000;0.000000;2.000000;148.383423;-134.311005;1908.850342;0.175719;0.000000;0.000000;0.000000;0.000000;2.000000;263.075958;-66.611984;1866.403320;0.313365;0.000000;0.000000;0.000000;0.000000;2.000000;423.224182;67.049545;1824.438843;0.625235;0.000000;0.000000;0.000000;0.000000;2.000000;417.244446;26.657122;1849.743164;0.639119;0.000000;0.000000;0.000000;0.000000;2.000000;478.964417;8.453882;1974.193604;0.880638;0.000000;0.000000;0.000000;0.000000;2.000000;365.932587;191.467010;2138.754395;0.942605;0.000000;0.000000;0.000000;0.000000;1.000000;295.677490;407.647156;2139.850098;1.220024;0.000000;0.000000;0.000000;0.000000;1.000000;338.139404;491.895447;2137.509766;1.077160;0.000000;0.000000;0.000000;0.000000;1.000000;377.710083;590.107056;2139.366455;0.991923;0.000000;0.000000;0.000000;0.000000;0.000000;305.641357;533.830017;2069.491699;1.145731;0.000000;0.000000;0.000000;0.000000;1.000000;376.878967;62.065411;1811.442627;0.524979;0.000000;0.000000;0.000000;0.000000;2.000000;286.056274;152.821732;1800.184448;0.264729;0.000000;0.000000;0.000000;0.000000;2.000000;213.173553;373.209229;1949.413940;0.125195;0.000000;0.000000;0.000000;0.000000;2.000000;260.964325;584.030518;2028.519531;0.083586;0.000000;0.000000;0.000000;0.000000;2.000000;288.506561;681.478577;2036.920166;0.236233;0.000000;0.000000;0.000000;0.000000;2.000000;354.199005;734.393494;1975.930054;0.221565;0.000000;0.000000;0.000000;0.000000;2.000000;304.524353;700.571411;2000.215942;0.240295;0.000000;0.000000;0.000000;0.000000;2.000000;45.759506;-184.545410;2068.546387;0.089171;0.000000;0.000000;0.000000;0.000000;1.000000;64.953079;164.037125;2247.607422;0.614595;0.000000;0.000000;0.000000;0.000000;1.000000;-262.789368;163.134399;2429.776367;0.919114;0.000000;0.000000;0.000000;0.000000;1.000000;-279.587341;322.727051;2518.986328;1.123873;0.000000;0.000000;0.000000;0.000000;1.000000;-41.263351;-118.848892;1938.188843;0.080415;0.000000;0.000000;0.000000;0.000000;2.000000;9.273422;268.300140;1972.416260;0.187903;0.000000;0.000000;0.000000;0.000000;2.000000;-312.412415;237.437454;2170.256836;0.310966;0.000000;0.000000;0.000000;0.000000;1.000000;-342.626343;389.232544;2237.940430;0.353612;0.000000;0.000000;0.000000;0.000000;1.000000;479.261169;123.988274;1819.226440;0.712721;0.000000;0.000000;0.000000;0.000000;2.000000;416.615997;267.491943;1836.075195;0.215705;0.000000;0.000000;0.000000;0.000000;2.000000;470.435120;264.745789;1825.820313;0.196989;0.000000;0.000000;0.000000;0.000000;2.000000;560.063416;181.217834;1846.472168;0.676003;0.000000;0.000000;0.000000;0.000000;2.000000;434.728577;256.772461;1789.943604;0.263282;0.000000;0.000000;0.000000;0.000000;2.000000;460.771179;151.504898;1721.173462;0.763324;0.000000;0.000000;0.000000;0.000000;2.000000;21241700352.000000
0.000000;-150.000000;2000.000000;0.000000;0.000000;0.000000;0.000000;0.000000;2.000000;147.797882;-132.102783;1908.872559;0.069722;0.000000;0.000000;0.000000;0.000000;2.000000;262.537140;-66.074554;1864.731689;0.056052;0.000000;0.000000;0.000000;0.000000;2.000000;421.566925;68.897385;1824.569580;0.075854;0.000000;0.000000;0.000000;0.000000;2.000000;415.957794;27.984015;1848.950928;0.061368;0.000000;0.000000;0.000000;0.000000;2.000000;480.168884;9.449444;1971.815552;0.086839;0.000000;0.000000;0.000000;0.000000;2.000000;360.598450;178.439209;2145.734375;0.479521;0.000000;0.000000;0.000000;0.000000;1.000000;279.412842;389.712006;2162.132324;1.004166;0.000000;0.000000;0.000000;0.000000;1.000000;333.292786;466.666351;2154.980713;0.948125;0.000000;0.000000;0.000000;0.000000;0.000000;376.877991;561.853027;2140.258789;0.863048;0.000000;0.000000;0.000000;0.000000;0.000000;300.745972;507.511688;2084.586426;0.937873;0.000000;0.000000;0.000000;0.000000;1.000000;375.210938;64.041382;1811.871460;0.079993;0.000000;0.000000;0.000000;0.000000;2.000000;283.695099;154.102524;1803.509155;0.130440;0.000000;0.000000;0.000000;0.000000;2.000000;211.405106;374.847351;1951.632324;0.099975;0.000000;0.000000;0.000000;0.000000;2.000000;259.454651;585.962891;2028.636841;0.074920;0.000000;0.000000;0.000000;0.000000;2.000000;287.054443;682.893311;2040.174561;0.117011;0.000000;0.000000;0.000000;0.000000;2.000000;353.613831;737.273193;1981.768066;0.199459;0.000000;0.000000;0.000000;0.000000;2.000000;303.893799;703.255127;2001.010986;0.087560;0.000000;0.000000;0.000000;0.000000;2.000000;46.137207;-184.706299;2068.012695;0.020548;0.000000;0.000000;0.000000;0.000000;1.000000;75.800217;164.755127;2242.419189;0.367599;0.000000;0.000000;0.000000;0.000000;1.000000;-248.543915;176.174744;2428.958008;0.589908;0.000000;0.000000;0.000000;0.000000;1.000000;-258.214600;336.688232;2516.926270;0.781603;0.000000;0.000000;0.000000;0.000000;1.000000;-41.603943;-118.703781;1938.669800;0.018522;0.000000;0.000000;0.000000;0.000000;2.000000;10.093475;267.671600;1972.316895;0.031677;0.000000;0.000000;0.000000;0.000000;2.000000;-311.192902;235.412216;2169.355469;0.077212;0.000000;0.000000;0.000000;0.000000;1.000000;-341.363556;386.473846;2237.980957;0.092598;0.000000;0.000000;0.000000;0.000000;1.000000;477.255066;126.058693;1820.201294;0.092873;0.000000;0.000000;0.000000;0.000000;2.000000;414.452484;269.534332;1833.925903;0.112011;0.000000;0.000000;0.000000;0.000000;2.000000;468.345734;266.656128;1824.637939;0.093629;0.000000;0.000000;0.000000;0.000000;2.000000;557.454163;183.584579;1847.946411;0.116540;0.000000;0.000000;0.000000;0.000000;2.000000;433.309448;258.182831;1788.341064;0.078230;0.000000;0.000000;0.000000;0.000000;2.000000;460.455994;152.132996;1721.635986;0.025674;0.000000;0.000000;0.000000;0.000000;2.000000;21241733120.000000
0.000000;-150.000000;2000.000000;0.000000;0.000000;0.000000;0.000000;0.000000;2.000000;147.808426;-132.095993;1908.881226;0.000465;0.000000;0.000000;0.000000;0.000000;2.000000;262.552765;-66.059067;1864.753418;0.000944;0.000000;0.000000;0.000000;0.000000;2.000000;421.589783;68.923889;1824.624268;0.001981;0.000000;0.000000;0.000000;0.000000;2.000000;415.978394;28.006289;1849.000854;0.001783;0.000000;0.000000;0.000000;0.000000;2.000000;480.143555;9.403584;1971.883667;0.002622;0.000000;0.000000;0.000000;0.000000;2.000000;360.412567;178.043686;2146.043701;0.016340;0.000000;0.000000;0.000000;0.000000;1.000000;279.045258;389.215210;2162.930664;0.030810;0.000000;0.000000;0.000000;0.000000;1.000000;332.862610;466.231750;2155.942871;0.034791;0.000000;0.000000;0.000000;0.000000;0.000000;376.364014;561.490784;2141.420166;0.040304;0.000000;0.000000;0.000000;0.000000;0.000000;300.287354;507.193726;2085.620117;0.035849;0.000000;0.000000;0.000000;0.000000;1.000000;375.233948;64.068649;1811.920044;0.001840;0.000000;0.000000;0.000000;0.000000;2.000000;283.718933;154.136063;1803.558350;0.001957;0.000000;0.000000;0.000000;0.000000;2.000000;211.423721;374.875610;1951.701660;0.002355;0.000000;0.000000;0.000000;0.000000;2.000000;259.485657;585.986328;2028.731445;0.003121;0.000000;0.000000;0.000000;0.000000;2.000000;287.124329;682.904846;2040.302612;0.004466;0.000000;0.000000;0.000000;0.000000;2.000000;353.742279;737.217590;1981.894897;0.005764;0.000000;0.000000;0.000000;0.000000;2.000000;304.006042;703.245605;2001.267212;0.008542;0.000000;0.000000;0.000000;0.000000;2.000000;46.134033;-184.711334;2068.015869;0.000206;0.000000;0.000000;0.000000;0.000000;1.000000;76.018158;164.765030;2242.380371;0.006762;0.000000;0.000000;0.000000;0.000000;1.000000;-248.240219;176.566589;2429.066406;0.015487;0.000000;0.000000;0.000000;0.000000;1.000000;-257.682495;337.131714;2516.976074;0.021194;0.000000;0.000000;0.000000;0.000000;1.000000;-41.601059;-118.699249;1938.666992;0.000185;0.000000;0.000000;0.000000;0.000000;2.000000;10.111252;267.664703;1972.555420;0.007302;0.000000;0.000000;0.000000;0.000000;2.000000;-311.377869;235.308380;2169.268555;0.006996;0.000000;0.000000;0.000000;0.000000;1.000000;-341.608276;386.337036;2237.952148;0.008601;0.000000;0.000000;0.000000;0.000000;1.000000;477.279236;126.088173;1820.268921;0.002369;0.000000;0.000000;0.000000;0.000000;2.000000;414.376465;269.488525;1834.369141;0.013795;0.000000;0.000000;0.000000;0.000000;2.000000;468.272034;266.671631;1825.066284;0.013273;0.000000;0.000000;0.000000;0.000000;2.000000;557.444275;183.600662;1848.151123;0.006274;0.000000;0.000000;0.000000;0.000000;2.000000;433.235657;258.266479;1788.751709;0.012986;0.000000;0.000000;0.000000;0.000000;2.000000;460.447968;152.403442;1721.770020;0.009215;0.000000;0.000000;0.000000;0.000000;2.000000;21241765888.000000
0.000000;-150.000000;2000.000000;0.000000;0.000000;0.000000;0.000000;0.000000;2.000000;147.808426;-132.095993;1908.881226;0.000000;0.000000;0.000000;0.000000;0.000000;2.000000;262.552765;-66.059067;1864.753418;0.000000;0.000000;0.000000;0.000000;0.000000;2.000000;421.589783;68.923889;1824.624268;0.000000;0.000000;0.000000;0.000000;0.000000;2.000000;415.978394;28.006289;1849.000854;0.000000;0.000000;0.000000;0.000000;0.000000;2.000000;480.143555;9.403584;1971.883667;0.000000;0.000000;0.000000;0.000000;0.000000;2.000000;360.412567;178.043686;2146.043701;0.000000;0.000000;0.000000;0.000000;0.000000;1.000000;279.045258;389.215210;2162.930664;0.000000;0.000000;0.000000;0.000000;0.000000;1.000000;332.862610;466.231750;2155.942871;0.000000;0.000000;0.000000;0.000000;0.000000;0.000000;376.364014;561.490784;2141.420166;0.000000;0.000000;0.000000;0.000000;0.000000;0.000000;300.287354;507.193726;2085.620117;0.000000;0.000000;0.000000;0.000000;0.000000;1.000000;375.233948;64.068649;1811.920044;0.000000;0.000000;0.000000;0.000000;0.000000;2.000000;283.718933;154.136063;1803.558350;0.000000;0.000000;0.000000;0.000000;0.000000;2.000000;211.423721;374.875610;1951.701660;0.000000;0.000000;0.000000;0.000000;0.000000;2.000000;259.485657;585.986328;2028.731445;0.000000;0.000000;0.000000;0.000000;0.000000;2.000000;287.124329;682.904846;2040.302612;0.000000;0.000000;0.000000;0.000000;0.000000;2.000000;353.742279;737.217590;1981.894897;0.000000;0.000000;0.000000;0.000000;0.000000;2.000000;304.006042;703.245605;2001.267212;0.000000;0.000000;0.000000;0.000000;0.000000;2.000000;46.134033;-184.711334;2068.015869;0.000000;0.000000;0.000000;0.000000;0.000000;1.000000;76.018158;164.765030;2242.380371;0.000000;0.000000;0.000000;0.000000;0.000000;1.000000;-248.240219;176.566589;2429.066406;0.000000;0.000000;0.000000;0.000000;0.000000;1.000000;-257.682495;337.131714;2516.976074;0.000000;0.000000;0.000000;0.000000;0.000000;1.000000;-41.601059;-118.699249;1938.666992;0.000000;0.000000;0.000000;0.000000;0.000000;2.000000;10.111252;267.664703;1972.555420;0.000000;0.000000;0.000000;0.000000;0.000000;2.000000;-311.377869;235.308380;2169.268555;0.000000;0.000000;0.000000;0.000000;0.000000;1.000000;-341.608276;386.337036;2237.952148;0.000000;0.000000;0.000000;0.000000;0.000000;1.000000;477.279236;126.088173;1820.268921;0.000000;0.000000;0.000000;0.000000;0.000000;2.000000;414.376465;269.488525;1834.369141;0.000000;0.000000;0.000000;0.000000;0.000000;2.000000;468.272034;266.671631;1825.066284;0.000000;0.000000;0.000000;0.000000;0.000000;2.000000;557.444275;183.600662;1848.151123;0.000000;0.000000;0.000000;0.000000;0.000000;2.000000;433.235657;258.266479;1788.751709;0.000000;0.000000;0.000000;0.000000;0.000000;2.000000;460.447968;152.403442;1721.770020;0.000000;0.000000;0.000000;0.000000;0.000000;2.000000;21241800704.000000
