posX0;posY0;posZ0;posVel0;rotX0;rotY0;rotZ0;rotVel0;confidence0;posX1;posY1;posZ1;posVel1;rotX1;rotY1;rotZ1;rotVel1;confidence1;posX2;posY2;posZ2;posVel2;rotX2;rotY2;rotZ2;rotVel2;confidence2;posX3;posY3;posZ3;posVel3;rotX3;rotY3;rotZ3;rotVel3;confidence3;posX4;posY4;posZ4;posVel4;rotX4;rotY4;rotZ4;rotVel4;confidence4;posX5;posY5;posZ5;posVel5;rotX5;rotY5;rotZ5;rotVel5;confidence5;posX6;posY6;posZ6;posVel6;rotX6;rotY6;rotZ6;rotVel6;confidence6;posX7;posY7;posZ7;posVel7;rotX7;rotY7;rotZ7;rotVel7;confidence7;posX8;posY8;posZ8;posVel8;rotX8;rotY8;rotZ8;rotVel8;confidence8;posX9;posY9;posZ9;posVel9;rotX9;rotY9;rotZ9;rotVel9;confidence9;posX10;posY10;posZ10;posVel10;rotX10;rotY10;rotZ10;rotVel10;confidence10;posX11;posY11;posZ11;posVel11;rotX11;rotY11;rotZ11;rotVel11;confidence11;posX12;posY12;posZ12;posVel12;rotX12;rotY12;rotZ12;rotVel12;confidence12;posX13;posY13;posZ13;posVel13;rotX13;rotY13;rotZ13;rotVel13;confidence13;posX14;posY14;posZ14;posVel14;rotX14;rotY14;rotZ14;rotVel14;confidence14;posX15;posY15;posZ15;posVel15;rotX15;rotY15;rotZ15;rotVel15;confidence15;posX16;posY16;posZ16;posVel16;rotX16;rotY16;rotZ16;rotVel16;confidence16;posX17;posY17;posZ17;posVel17;rotX17;rotY17;rotZ17;rotVel17;confidence17;posX18;posY18;posZ18;posVel18;rotX18;rotY18;rotZ18;rotVel18;confidence18;posX19;posY19;posZ19;posVel19;rotX19;rotY19;rotZ19;rotVel19;confidence19;posX20;posY20;posZ20;posVel20;rotX20;rotY20;rotZ20;rotVel20;confidence20;posX21;posY21;posZ21;posVel21;rotX21;rotY21;rotZ21;rotVel21;confidence21;posX22;posY22;posZ22;posVel22;rotX22;rotY22;rotZ22;rotVel22;confidence22;posX23;posY23;posZ23;posVel23;rotX23;rotY23;rotZ23;rotVel23;confidence23;posX24;posY24;posZ24;posVel24;rotX24;rotY24;rotZ24;rotVel24;confidence24;posX25;posY25;posZ25;posVel25;rotX25;rotY25;rotZ25;rotVel25;confidence25;posX26;posY26;posZ26;posVel26;rotX26;rotY26;rotZ26;rotVel26;confidence26;posX27;posY27;posZ27;posVel27;rotX27;rotY27;rotZ27;rotVel27;confidence27;posX28;posY28;posZ28;posVel28;rotX28;rotY28;rotZ28;rotVel28;confidence28;posX29;posY29;posZ29;posVel29;rotX29;rotY29;rotZ29;rotVel29;confidence29;posX30;posY30;posZ30;posVel30;rotX30;rotY30;rotZ30;rotVel30;confidence30;posX31;posY31;posZ31;posVel31;rotX31;rotY31;rotZ31;rotVel31;confidence31;TimeStamp
0.000000;-150.000000;2000.000000;0.000000;0.000000;0.000000;0.000000;0.000000;2.000000;20.089294;-313.939026;2038.537964;0.000000;0.000000;0.000000;0.000000;0.000000;2.000000;35.409637;-445.382996;2068.067139;0.000000;0.000000;0.000000;0.000000;0.000000;2.000000;-7.767624;-641.293152;2019.565308;0.000000;0.000000;0.000000;0.000000;0.000000;2.000000;25.819824;-610.588196;2009.550781;0.000000;0.000000;0.000000;0.000000;0.000000;2.000000;127.360443;-596.806641;1920.287964;0.000000;0.000000;0.000000;0.000000;0.000000;2.000000;111.567108;-347.846130;1837.926758;0.000000;0.000000;0.000000;0.000000;0.000000;2.000000;-43.045959;-503.481812;1815.822754;0.000000;0.000000;0.000000;0.000000;0.000000;2.000000;-90.438248;-545.733337;1881.766357;0.000000;0.000000;0.000000;0.000000;0.000000;2.000000;-108.374496;-636.923096;1925.521851;0.000000;0.000000;0.000000;0.000000;0.000000;2.000000;-117.813553;-595.639282;1882.626465;0.000000;0.000000;0.000000;0.000000;0.000000;2.000000;-25.909592;-607.884766;2047.096069;0.000000;0.000000;0.000000;0.000000;0.000000;2.000000;-132.020615;-588.579041;2110.325195;0.000000;0.000000;0.000000;0.000000;0.000000;2.000000;-351.684509;-469.406677;2014.430054;0.000000;0.000000;0.000000;0.000000;0.000000;2.000000;-235.190475;-641.486389;1932.743896;0.000000;0.000000;0.000000;0.000000;0.000000;2.000000;-217.837601;-731.081787;1969.978516;0.000000;0.000000;0.000000;0.000000;0.000000;2.000000;-180.636826;-756.643311;1879.659912;0.000000;0.000000;0.000000;0.000000;0.000000;2.000000;-136.074692;-694.029785;1857.451904;0.000000;0.000000;0.000000;0.000000;0.000000;2.000000;75.158257;-150.939621;1956.823975;0.000000;0.000000;0.000000;0.000000;0.000000;2.000000;-30.876175;-75.072113;1599.274414;0.000000;0.000000;0.000000;0.000000;0.000000;2.000000;8.769745;286.470367;1597.056396;0.000000;0.000000;0.000000;0.000000;0.000000;2.000000;-29.038086;420.258026;1485.750366;0.000000;0.000000;0.000000;0.000000;0.000000;2.000000;-67.773514;-149.152695;2038.933716;0.000000;0.000000;0.000000;0.000000;0.000000;2.000000;-286.803345;-66.814667;1739.308105;0.000000;0.000000;0.000000;0.000000;0.000000;2.000000;-281.783020;297.986664;1694.784180;0.000000;0.000000;0.000000;0.000000;0.000000;2.000000;-346.832825;399.842682;1584.137451;0.000000;0.000000;0.000000;0.000000;0.000000;2.000000;-30.767242;-710.018250;1991.667114;0.000000;0.000000;0.000000;0.000000;0.000000;2.000000;5.128098;-708.590332;1843.191650;0.000000;0.000000;0.000000;0.000000;0.000000;2.000000;-8.688766;-755.413208;1864.358398;0.000000;0.000000;0.000000;0.000000;0.000000;2.000000;-3.908401;-804.372742;1974.377563;0.000000;0.000000;0.000000;0.000000;0.000000;2.000000;-41.617172;-719.755920;1853.647095;0.000000;0.000000;0.000000;0.000000;0.000000;2.000000;-120.839127;-701.835571;1948.075806;0.000000;0.000000;0.000000;0.000000;0.000000;2.000000;20620699648.000000
0.000000;-150.000000;2000.000000;0.000000;0.000000;0.000000;0.000000;0.000000;2.000000;20.089951;-313.949585;2038.522217;0.000579;0.000000;0.000000;0.000000;0.000000;2.000000;35.400681;-445.407074;2068.020508;0.001625;0.000000;0.000000;0.000000;0.000000;2.000000;-7.749359;-641.301147;2019.395142;0.005229;0.000000;0.000000;0.000000;0.000000;2.000000;25.852753;-610.594482;2009.426514;0.003928;0.000000;0.000000;0.000000;0.000000;2.000000;127.465012;-596.688293;1920.256470;0.004914;0.000000;0.000000;0.000000;0.000000;2.000000;111.894829;-347.620880;1838.143433;0.013820;0.000000;0.000000;0.000000;0.000000;2.000000;-42.846069;-503.128967;1815.949463;0.012966;0.000000;0.000000;0.000000;0.000000;2.000000;-90.408508;-545.075562;1881.970215;0.021035;0.000000;0.000000;0.000000;0.000000;2.000000;-108.733795;-635.974182;1926.177490;0.036867;0.000000;0.000000;0.000000;0.000000;2.000000;-117.714508;-594.387573;1883.590820;0.048316;0.000000;0.000000;0.000000;0.000000;2.000000;-25.916534;-607.900513;2046.921753;0.005346;0.000000;0.000000;0.000000;0.000000;2.000000;-132.327148;-588.545044;2109.639648;0.022941;0.000000;0.000000;0.000000;0.000000;2.000000;-351.158447;-469.140991;2012.113892;0.072936;0.000000;0.000000;0.000000;0.000000;2.000000;-234.575043;-641.631287;1931.403076;0.045240;0.000000;0.000000;0.000000;0.000000;2.000000;-217.514099;-731.301758;1968.602295;0.043663;0.000000;0.000000;0.000000;0.000000;2.000000;-179.968018;-756.867004;1878.423340;0.043443;0.000000;0.000000;0.000000;0.000000;2.000000;-135.586151;-693.912842;1856.017578;0.046379;0.000000;0.000000;0.000000;0.000000;2.000000;75.169067;-150.930969;1956.835815;0.000556;0.000000;0.000000;0.000000;0.000000;2.000000;-30.801727;-75.051575;1599.254150;0.002437;0.000000;0.000000;0.000000;0.000000;2.000000;8.825195;286.507294;1597.014404;0.002403;0.000000;0.000000;0.000000;0.000000;2.000000;-28.958923;420.188751;1485.561523;0.006597;0.000000;0.000000;0.000000;0.000000;2.000000;-67.783264;-149.160492;2038.923096;0.000500;0.000000;0.000000;0.000000;0.000000;2.000000;-286.798676;-66.762878;1739.284302;0.001745;0.000000;0.000000;0.000000;0.000000;2.000000;-281.784729;298.065216;1694.859985;0.003332;0.000000;0.000000;0.000000;0.000000;2.000000;-346.887390;400.064972;1584.367432;0.009902;0.000000;0.000000;0.000000;0.000000;2.000000;-30.728683;-710.015442;1991.445068;0.006878;0.000000;0.000000;0.000000;0.000000;2.000000;5.441711;-708.523682;1843.031006;0.010944;0.000000;0.000000;0.000000;0.000000;2.000000;-8.454865;-755.349915;1864.143188;0.009890;0.000000;0.000000;0.000000;0.000000;2.000000;-3.918457;-804.385742;1974.143921;0.007148;0.000000;0.000000;0.000000;0.000000;1.000000;-41.334091;-719.656006;1853.393799;0.011987;0.000000;0.000000;0.000000;0.000000;2.000000;-120.716858;-701.726868;1947.692139;0.012729;0.000000;0.000000;0.000000;0.000000;2.000000;20620732416.000000
0.000000;-150.000000;2000.000000;0.000000;0.000000;0.000000;0.000000;0.000000;2.000000;20.089981;-313.949585;2038.522095;0.000004;0.000000;0.000000;0.000000;0.000000;2.000000;35.400726;-445.407135;2068.020508;0.000002;0.000000;0.000000;0.000000;0.000000;2.000000;-7.748962;-641.301147;2019.394409;0.000024;0.000000;0.000000;0.000000;0.000000;2.000000;25.853165;-610.594482;2009.425903;0.000021;0.000000;0.000000;0.000000;0.000000;2.000000;127.465775;-596.687683;1920.256348;0.000028;0.000000;0.000000;0.000000;0.000000;2.000000;111.896408;-347.619659;1838.144775;0.000069;0.000000;0.000000;0.000000;0.000000;2.000000;-42.844879;-503.127167;1815.949219;0.000062;0.000000;0.000000;0.000000;0.000000;2.000000;-90.408203;-545.073303;1881.969482;0.000069;0.000000;0.000000;0.000000;0.000000;2.000000;-108.734192;-635.971985;1926.176514;0.000070;0.000000;0.000000;0.000000;0.000000;2.000000;-117.714142;-594.384033;1883.591431;0.000104;0.000000;0.000000;0.000000;0.000000;2.000000;-25.916229;-607.900635;2046.921143;0.000020;0.000000;0.000000;0.000000;0.000000;2.000000;-132.327667;-588.545593;2109.638184;0.000047;0.000000;0.000000;0.000000;0.000000;2.000000;-351.157959;-469.142365;2012.108887;0.000150;0.000000;0.000000;0.000000;0.000000;2.000000;-234.573151;-641.632446;1931.399658;0.000117;0.000000;0.000000;0.000000;0.000000;2.000000;-217.512115;-731.303650;1968.596924;0.000173;0.000000;0.000000;0.000000;0.000000;2.000000;-179.965027;-756.866394;1878.417725;0.000184;0.000000;0.000000;0.000000;0.000000;2.000000;-135.583954;-693.911865;1856.013184;0.000144;0.000000;0.000000;0.000000;0.000000;2.000000;75.169098;-150.930923;1956.835938;0.000004;0.000000;0.000000;0.000000;0.000000;2.000000;-30.801346;-75.051422;1599.254150;0.000012;0.000000;0.000000;0.000000;0.000000;2.000000;8.825562;286.507385;1597.014648;0.000013;0.000000;0.000000;0.000000;0.000000;2.000000;-28.958481;420.188721;1485.561646;0.000013;0.000000;0.000000;0.000000;0.000000;2.000000;-67.783295;-149.160538;2038.923096;0.000002;0.000000;0.000000;0.000000;0.000000;2.000000;-286.798553;-66.762878;1739.284180;0.000005;0.000000;0.000000;0.000000;0.000000;2.000000;-281.784729;298.065247;1694.860107;0.000004;0.000000;0.000000;0.000000;0.000000;2.000000;-346.887573;400.065186;1584.367798;0.000013;0.000000;0.000000;0.000000;0.000000;2.000000;-30.728119;-710.015442;1991.444214;0.000029;0.000000;0.000000;0.000000;0.000000;2.000000;5.443314;-708.523926;1843.030396;0.000050;0.000000;0.000000;0.000000;0.000000;2.000000;-8.453323;-755.350098;1864.142578;0.000048;0.000000;0.000000;0.000000;0.000000;2.000000;-3.917557;-804.385681;1974.143433;0.000029;0.000000;0.000000;0.000000;0.000000;1.000000;-41.332550;-719.656250;1853.392944;0.000051;0.000000;0.000000;0.000000;0.000000;2.000000;-120.716034;-701.727173;1947.690918;0.000043;0.000000;0.000000;0.000000;0.000000;2.000000;20620767232.000000
0.000000;-150.000000;2000.000000;0.000000;0.000000;0.000000;0.000000;0.000000;2.000000;16.935364;-315.078705;2037.000122;0.112307;0.000000;0.000000;0.000000;0.000000;2.000000;27.486084;-448.385406;2061.351563;0.328665;0.000000;0.000000;0.000000;0.000000;2.000000;-11.980316;-646.633972;2017.218140;0.218109;0.000000;0.000000;0.000000;0.000000;2.000000;21.230835;-615.519897;2006.689331;0.222411;0.000000;0.000000;0.000000;0.000000;2.000000;125.413429;-598.793701;1920.516846;0.090093;0.000000;0.000000;0.000000;0.000000;2.000000;128.555206;-346.095459;1846.431396;0.569712;0.000000;0.000000;0.000000;0.000000;2.000000;-33.071503;-488.728241;1797.553833;0.772787;0.000000;0.000000;0.000000;0.000000;2.000000;-78.680008;-535.284241;1862.156860;0.763499;0.000000;0.000000;0.000000;0.000000;2.000000;-109.369400;-623.586365;1905.340576;0.739976;0.000000;0.000000;0.000000;0.000000;2.000000;-94.467178;-564.454102;1882.500000;1.157020;0.000000;0.000000;0.000000;0.000000;2.000000;-30.970825;-612.806152;2043.847290;0.234532;0.000000;0.000000;0.000000;0.000000;2.000000;-135.912949;-596.152344;2110.309082;0.257448;0.000000;0.000000;0.000000;0.000000;2.000000;-344.300293;-466.985199;2001.246948;0.397506;0.000000;0.000000;0.000000;0.000000;2.000000;-224.549789;-642.041138;1929.718628;0.310411;0.000000;0.000000;0.000000;0.000000;2.000000;-190.079239;-733.335144;1914.225220;1.859563;0.000000;0.000000;0.000000;0.000000;2.000000;-162.969528;-783.609131;1830.662842;1.748993;0.000000;0.000000;0.000000;0.000000;2.000000;-127.520950;-680.705566;1834.389893;0.811438;0.000000;0.000000;0.000000;0.000000;2.000000;75.626076;-151.825241;1957.241577;0.033055;0.000000;0.000000;0.000000;0.000000;2.000000;-28.709839;-75.427704;1598.307861;0.070992;0.000000;0.000000;0.000000;0.000000;2.000000;13.289627;286.755920;1596.901367;0.136487;0.000000;0.000000;0.000000;0.000000;2.000000;-28.238449;419.254822;1484.679688;0.044939;0.000000;0.000000;0.000000;0.000000;2.000000;-68.195389;-148.354095;2038.557129;0.029809;0.000000;0.000000;0.000000;0.000000;2.000000;-284.767883;-64.619781;1736.352539;0.126973;0.000000;0.000000;0.000000;0.000000;2.000000;-279.409729;301.325623;1693.809570;0.127205;0.000000;0.000000;0.000000;0.000000;2.000000;-346.643860;402.108032;1582.886841;0.077360;0.000000;0.000000;0.000000;0.000000;2.000000;-33.607040;-716.583252;1990.768188;0.219814;0.000000;0.000000;0.000000;0.000000;2.000000;11.310165;-712.952881;1844.412720;0.228263;0.000000;0.000000;0.000000;0.000000;2.000000;-9.284180;-758.752686;1862.400024;0.119387;0.000000;0.000000;0.000000;0.000000;2.000000;-17.093628;-812.881226;1970.126221;0.493896;0.000000;0.000000;0.000000;0.000000;1.000000;-37.099533;-718.821899;1851.700073;0.141440;0.000000;0.000000;0.000000;0.000000;2.000000;-119.451767;-695.545532;1942.623047;0.246974;0.000000;0.000000;0.000000;0.000000;2.000000;20620800000.000000
0.000000;-149.999985;2000.000000;0.000000;0.000000;0.000000;0.000000;0.000000;2.000000;16.777832;-315.048370;2036.309204;0.021646;0.000000;0.000000;0.000000;0.000000;2.000000;28.088638;-447.948547;2061.655518;0.024534;0.000000;0.000000;0.000000;0.000000;2.000000;-10.308167;-645.446411;2014.428223;0.105672;0.000000;0.000000;0.000000;0.000000;2.000000;22.839859;-614.110413;2004.619995;0.090826;0.000000;0.000000;0.000000;0.000000;2.000000;127.338638;-595.518860;1919.464478;0.120297;0.000000;0.000000;0.000000;0.000000;2.000000;131.185883;-341.397614;1851.610107;0.227983;0.000000;0.000000;0.000000;0.000000;2.000000;-29.989319;-481.237061;1794.932861;0.259825;0.000000;0.000000;0.000000;0.000000;2.000000;-75.786591;-535.064636;1853.303467;0.284326;0.000000;0.000000;0.000000;0.000000;2.000000;-110.465271;-621.355774;1897.246094;0.258405;0.000000;0.000000;0.000000;0.000000;2.000000;-91.229340;-563.341858;1872.320923;0.327740;0.000000;0.000000;0.000000;0.000000;2.000000;-29.600311;-612.105835;2041.358643;0.089298;0.000000;0.000000;0.000000;0.000000;2.000000;-134.745728;-595.731201;2107.296631;0.099427;0.000000;0.000000;0.000000;0.000000;2.000000;-343.522797;-467.121643;1999.077515;0.070452;0.000000;0.000000;0.000000;0.000000;2.000000;-223.469879;-642.111572;1928.703003;0.045292;0.000000;0.000000;0.000000;0.000000;2.000000;-181.722839;-725.610474;1896.676392;0.638293;0.000000;0.000000;0.000000;0.000000;2.000000;-154.713165;-787.167725;1821.158936;0.399250;0.000000;0.000000;0.000000;0.000000;2.000000;-128.735382;-681.340820;1833.616699;0.048022;0.000000;0.000000;0.000000;0.000000;2.000000;75.547600;-151.713943;1957.299805;0.004520;0.000000;0.000000;0.000000;0.000000;2.000000;-29.005493;-75.973938;1598.752930;0.023319;0.000000;0.000000;0.000000;0.000000;2.000000;12.334244;285.863831;1596.757568;0.040131;0.000000;0.000000;0.000000;0.000000;2.000000;-27.960266;418.427917;1484.487305;0.027264;0.000000;0.000000;0.000000;0.000000;2.000000;-68.124603;-148.454437;2038.504639;0.004075;0.000000;0.000000;0.000000;0.000000;2.000000;-284.256287;-66.727478;1735.983398;0.067141;0.000000;0.000000;0.000000;0.000000;2.000000;-279.420471;298.808289;1693.498169;0.077409;0.000000;0.000000;0.000000;0.000000;2.000000;-346.109894;401.807068;1584.578125;0.054899;0.000000;0.000000;0.000000;0.000000;2.000000;-31.463318;-715.000244;1986.839966;0.144862;0.000000;0.000000;0.000000;0.000000;2.000000;8.383179;-709.999023;1839.244751;0.202432;0.000000;0.000000;0.000000;0.000000;2.000000;-10.860870;-756.144531;1857.658447;0.172015;0.000000;0.000000;0.000000;0.000000;2.000000;-14.190491;-810.822876;1965.183716;0.185865;0.000000;0.000000;0.000000;0.000000;1.000000;-39.601822;-716.648804;1848.117188;0.148946;0.000000;0.000000;0.000000;0.000000;2.000000;-119.098083;-695.105408;1941.772461;0.031156;0.000000;0.000000;0.000000;0.000000;2.000000;20620832768.000000
0.000000;-150.000000;2000.000000;0.000000;0.000000;0.000000;0.000000;0.000000;2.000000;16.778854;-315.051849;2036.298950;0.000312;0.000000;0.000000;0.000000;0.000000;2.000000;28.087448;-447.955902;2061.631348;0.000726;0.000000;0.000000;0.000000;0.000000;2.000000;-10.286514;-645.447510;2014.352295;0.002268;0.000000;0.000000;0.000000;0.000000;2.000000;22.861710;-614.106812;2004.557617;0.001901;0.000000;0.000000;0.000000;0.000000;2.000000;127.384964;-595.458740;1919.442749;0.002268;0.000000;0.000000;0.000000;0.000000;2.000000;131.158218;-341.289246;1851.757202;0.005307;0.000000;0.000000;0.000000;0.000000;2.000000;-29.920517;-481.158661;1794.873657;0.003445;0.000000;0.000000;0.000000;0.000000;2.000000;-75.718353;-535.092896;1853.146484;0.004983;0.000000;0.000000;0.000000;0.000000;2.000000;-110.370087;-621.462524;1896.957886;0.009241;0.000000;0.000000;0.000000;0.000000;2.000000;-91.176880;-563.472046;1872.064941;0.008385;0.000000;0.000000;0.000000;0.000000;2.000000;-29.586685;-612.113831;2041.286011;0.002135;0.000000;0.000000;0.000000;0.000000;2.000000;-134.771820;-595.775085;2107.171387;0.003885;0.000000;0.000000;0.000000;0.000000;2.000000;-343.536469;-467.190033;1998.894165;0.005634;0.000000;0.000000;0.000000;0.000000;2.000000;-223.385529;-642.100952;1928.485107;0.006718;0.000000;0.000000;0.000000;0.000000;2.000000;-181.527039;-725.499268;1896.339966;0.011628;0.000000;0.000000;0.000000;0.000000;2.000000;-154.360382;-786.814575;1820.681152;0.019846;0.000000;0.000000;0.000000;0.000000;2.000000;-128.422699;-680.969299;1833.458008;0.014673;0.000000;0.000000;0.000000;0.000000;2.000000;75.550728;-151.709625;1957.303711;0.000190;0.000000;0.000000;0.000000;0.000000;2.000000;-28.953537;-75.941711;1598.745361;0.001769;0.000000;0.000000;0.000000;0.000000;2.000000;12.392532;285.898163;1596.773804;0.001998;0.000000;0.000000;0.000000;0.000000;2.000000;-27.865753;418.450470;1484.474487;0.002815;0.000000;0.000000;0.000000;0.000000;2.000000;-68.127411;-148.458359;2038.500977;0.000174;0.000000;0.000000;0.000000;0.000000;2.000000;-284.244659;-66.684235;1735.978760;0.001293;0.000000;0.000000;0.000000;0.000000;2.000000;-279.406067;298.860382;1693.546143;0.002076;0.000000;0.000000;0.000000;0.000000;2.000000;-346.106781;401.896210;1584.666260;0.003602;0.000000;0.000000;0.000000;0.000000;2.000000;-31.431381;-714.997192;1986.744141;0.002902;0.000000;0.000000;0.000000;0.000000;2.000000;8.645248;-710.006348;1839.209473;0.007598;0.000000;0.000000;0.000000;0.000000;2.000000;-10.561462;-756.171509;1857.613770;0.008729;0.000000;0.000000;0.000000;0.000000;2.000000;-13.984482;-810.805298;1965.159912;0.005978;0.000000;0.000000;0.000000;0.000000;1.000000;-39.344589;-716.721802;1848.008179;0.008294;0.000000;0.000000;0.000000;0.000000;2.000000;-119.023041;-695.250366;1941.526367;0.008482;0.000000;0.000000;0.000000;0.000000;2.000000;20620867584.000000
0.000000;-150.000015;2000.000000;0.000000;0.000000;0.000000;0.000000;0.000000;2.000000;16.778885;-315.051575;2036.298828;0.000009;0.000000;0.000000;0.000000;0.000000;2.000000;28.087555;-447.955383;2061.630859;0.000022;0.000000;0.000000;0.000000;0.000000;2.000000;-10.284805;-645.446655;2014.351074;0.000069;0.000000;0.000000;0.000000;0.000000;2.000000;22.863388;-614.105896;2004.557129;0.000060;0.000000;0.000000;0.000000;0.000000;2.000000;127.387436;-595.453979;1919.444580;0.000173;0.000000;0.000000;0.000000;0.000000;2.000000;131.141113;-341.282959;1851.765747;0.000614;0.000000;0.000000;0.000000;0.000000;2.000000;-29.918274;-481.169678;1794.871460;0.000350;0.000000;0.000000;0.000000;0.000000;2.000000;-75.706543;-535.123474;1853.133301;0.001078;0.000000;0.000000;0.000000;0.000000;2.000000;-110.339630;-621.512085;1896.921631;0.002092;0.000000;0.000000;0.000000;0.000000;2.000000;-91.157349;-563.524170;1872.037598;0.001893;0.000000;0.000000;0.000000;0.000000;2.000000;-29.585480;-612.113220;2041.284546;0.000061;0.000000;0.000000;0.000000;0.000000;2.000000;-134.773224;-595.774780;2107.165527;0.000184;0.000000;0.000000;0.000000;0.000000;2.000000;-343.534058;-467.188721;1998.883423;0.000338;0.000000;0.000000;0.000000;0.000000;2.000000;-223.378021;-642.095703;1928.474854;0.000420;0.000000;0.000000;0.000000;0.000000;2.000000;-181.508240;-725.485413;1896.322632;0.000888;0.000000;0.000000;0.000000;0.000000;2.000000;-154.321472;-786.777222;1820.652222;0.001868;0.000000;0.000000;0.000000;0.000000;2.000000;-128.374542;-680.932007;1833.473633;0.001919;0.000000;0.000000;0.000000;0.000000;2.000000;75.550766;-151.709473;1957.304199;0.000016;0.000000;0.000000;0.000000;0.000000;2.000000;-28.949997;-75.941162;1598.745850;0.000110;0.000000;0.000000;0.000000;0.000000;2.000000;12.395981;285.898071;1596.774536;0.000108;0.000000;0.000000;0.000000;0.000000;2.000000;-27.859863;418.450134;1484.474609;0.000180;0.000000;0.000000;0.000000;0.000000;2.000000;-68.127472;-148.458496;2038.500610;0.000012;0.000000;0.000000;0.000000;0.000000;2.000000;-284.239838;-66.684479;1735.975586;0.000176;0.000000;0.000000;0.000000;0.000000;2.000000;-279.399261;298.859558;1693.543579;0.000223;0.000000;0.000000;0.000000;0.000000;2.000000;-346.096924;401.893738;1584.660645;0.000354;0.000000;0.000000;0.000000;0.000000;2.000000;-31.428925;-714.996216;1986.742432;0.000096;0.000000;0.000000;0.000000;0.000000;2.000000;8.660721;-710.007813;1839.211670;0.000479;0.000000;0.000000;0.000000;0.000000;2.000000;-10.545013;-756.173462;1857.615601;0.000509;0.000000;0.000000;0.000000;0.000000;2.000000;-13.974686;-810.803955;1965.162842;0.000315;0.000000;0.000000;0.000000;0.000000;1.000000;-39.329453;-716.725708;1848.006104;0.000481;0.000000;0.000000;0.000000;0.000000;2.000000;-119.017456;-695.255859;1941.516113;0.000394;0.000000;0.000000;0.000000;0.000000;2.000000;20620900352.000000
0.000000;-150.000000;2000.000000;0.000000;0.000000;0.000000;0.000000;0.000000;2.000000;19.818817;-315.064636;2037.006226;0.095251;0.000000;0.000000;0.000000;0.000000;2.000000;34.652588;-447.527649;2064.818848;0.223104;0.000000;0.000000;0.000000;0.000000;2.000000;-10.047821;-642.628784;2011.004517;0.133707;0.000000;0.000000;0.000000;0.000000;2.000000;24.176590;-611.959656;2002.189697;0.105432;0.000000;0.000000;0.000000;0.000000;2.000000;130.796951;-596.324097;1918.449341;0.111598;0.000000;0.000000;0.000000;0.000000;2.000000;116.899292;-339.238525;1860.890991;0.519946;0.000000;0.000000;0.000000;0.000000;2.000000;-35.930664;-492.486816;1814.133057;0.706029;0.000000;0.000000;0.000000;0.000000;2.000000;-81.756790;-549.748352;1869.557617;0.696076;0.000000;0.000000;0.000000;0.000000;2.000000;-113.424484;-639.809937;1908.638794;0.669734;0.000000;0.000000;0.000000;0.000000;2.000000;-91.487411;-586.944031;1883.689453;0.798351;0.000000;0.000000;0.000000;0.000000;2.000000;-28.350021;-609.501099;2039.101807;0.110514;0.000000;0.000000;0.000000;0.000000;2.000000;-131.843307;-586.736084;2106.433594;0.290828;0.000000;0.000000;0.000000;0.000000;2.000000;-345.851624;-462.024933;2002.006348;0.197278;0.000000;0.000000;0.000000;0.000000;2.000000;-223.755112;-633.143066;1923.977417;0.305966;0.000000;0.000000;0.000000;0.000000;2.000000;-191.870926;-726.379517;1914.618286;0.642260;0.000000;0.000000;0.000000;0.000000;2.000000;-159.413895;-772.025635;1830.095215;0.556653;0.000000;0.000000;0.000000;0.000000;2.000000;-115.035019;-670.613892;1840.241699;0.554558;0.000000;0.000000;0.000000;0.000000;2.000000;75.684998;-150.552917;1957.000244;0.036723;0.000000;0.000000;0.000000;0.000000;2.000000;-29.470078;-77.627319;1596.871460;0.078561;0.000000;0.000000;0.000000;0.000000;2.000000;9.502472;285.540253;1595.673584;0.095108;0.000000;0.000000;0.000000;0.000000;2.000000;-26.976044;418.826385;1482.136963;0.077127;0.000000;0.000000;0.000000;0.000000;2.000000;-68.248489;-149.501404;2038.774658;0.033114;0.000000;0.000000;0.000000;0.000000;2.000000;-284.537964;-68.507233;1734.779663;0.067149;0.000000;0.000000;0.000000;0.000000;2.000000;-281.242432;298.249237;1693.410400;0.059392;0.000000;0.000000;0.000000;0.000000;2.000000;-346.625244;401.984711;1583.681396;0.034069;0.000000;0.000000;0.000000;0.000000;2.000000;-33.434235;-710.737244;1981.073608;0.224871;0.000000;0.000000;0.000000;0.000000;2.000000;11.282028;-711.772339;1834.333496;0.177374;0.000000;0.000000;0.000000;0.000000;2.000000;-8.560883;-757.290039;1854.074463;0.128476;0.000000;0.000000;0.000000;0.000000;2.000000;-15.329224;-807.616394;1963.931885;0.112173;0.000000;0.000000;0.000000;0.000000;1.000000;-37.098282;-718.176147;1841.945801;0.201991;0.000000;0.000000;0.000000;0.000000;2.000000;-119.836838;-692.875610;1932.277222;0.292227;0.000000;0.000000;0.000000;0.000000;2.000000;20620933120.000000
0.000000;-149.999985;2000.000000;0.000000;0.000000;0.000000;0.000000;0.000000;2.000000;20.349472;-315.347473;2036.447388;0.025052;0.000000;0.000000;0.000000;0.000000;2.000000;36.170929;-447.761017;2064.793457;0.046887;0.000000;0.000000;0.000000;0.000000;2.000000;-10.629074;-642.227661;2009.473877;0.051444;0.000000;0.000000;0.000000;0.000000;2.000000;23.909637;-611.782043;2000.795532;0.043657;0.000000;0.000000;0.000000;0.000000;2.000000;132.650665;-598.330994;1919.146118;0.086043;0.000000;0.000000;0.000000;0.000000;2.000000;101.986443;-341.972839;1863.322998;0.468606;0.000000;0.000000;0.000000;0.000000;2.000000;-52.312790;-496.660522;1825.687378;0.624900;0.000000;0.000000;0.000000;0.000000;2.000000;-94.505020;-554.551086;1883.486816;0.594589;0.000000;0.000000;0.000000;0.000000;2.000000;-116.959549;-652.328125;1908.058716;0.397360;0.000000;0.000000;0.000000;0.000000;2.000000;-98.378281;-595.836670;1895.744141;0.503196;0.000000;0.000000;0.000000;0.000000;2.000000;-28.552673;-609.110046;2037.925415;0.038334;0.000000;0.000000;0.000000;0.000000;2.000000;-131.750870;-586.831848;2106.164551;0.009160;0.000000;0.000000;0.000000;0.000000;2.000000;-341.151794;-452.496796;2003.468262;0.327280;0.000000;0.000000;0.000000;0.000000;2.000000;-223.117111;-626.580811;1924.932617;0.203309;0.000000;0.000000;0.000000;0.000000;2.000000;-180.548141;-709.846191;1892.116577;0.919528;0.000000;0.000000;0.000000;0.000000;2.000000;-133.389481;-750.957947;1812.159180;1.159194;0.000000;0.000000;0.000000;0.000000;2.000000;-114.919327;-671.863892;1851.856445;0.356518;0.000000;0.000000;0.000000;0.000000;2.000000;75.913483;-150.096909;1957.175903;0.016463;0.000000;0.000000;0.000000;0.000000;2.000000;-30.208099;-75.688293;1597.118652;0.063763;0.000000;0.000000;0.000000;0.000000;2.000000;9.403061;287.878723;1597.400635;0.088769;0.000000;0.000000;0.000000;0.000000;2.000000;-27.579987;419.809143;1482.099365;0.035221;0.000000;0.000000;0.000000;0.000000;2.000000;-68.454529;-149.912598;2038.616333;0.014844;0.000000;0.000000;0.000000;0.000000;2.000000;-287.011841;-67.517212;1736.013672;0.089615;0.000000;0.000000;0.000000;0.000000;2.000000;-282.498047;299.389954;1691.995605;0.067412;0.000000;0.000000;0.000000;0.000000;2.000000;-349.318726;404.486328;1584.130371;0.113016;0.000000;0.000000;0.000000;0.000000;2.000000;-34.789490;-709.949280;1979.026367;0.078690;0.000000;0.000000;0.000000;0.000000;2.000000;11.962402;-715.164246;1832.806885;0.115397;0.000000;0.000000;0.000000;0.000000;2.000000;-10.123871;-759.537964;1852.949951;0.090327;0.000000;0.000000;0.000000;0.000000;2.000000;-20.610245;-807.891296;1963.568359;0.161763;0.000000;0.000000;0.000000;0.000000;1.000000;-36.812851;-719.379272;1839.808350;0.075359;0.000000;0.000000;0.000000;0.000000;2.000000;-119.755875;-689.134338;1928.639771;0.159262;0.000000;0.000000;0.000000;0.000000;2.000000;20620965888.000000
0.000000;-150.000015;2000.000000;0.000001;0.000000;0.000000;0.000000;0.000000;2.000000;18.693115;-316.176880;2035.704468;0.057325;0.000000;0.000000;0.000000;0.000000;2.000000;31.308212;-450.101501;2060.042480;0.206513;0.000000;0.000000;0.000000;0.000000;2.000000;-14.298264;-645.772644;2005.889038;0.179097;0.000000;0.000000;0.000000;0.000000;2.000000;20.102081;-615.054932;1996.942627;0.181780;0.000000;0.000000;0.000000;0.000000;2.000000;131.068176;-601.167236;1917.781982;0.101180;0.000000;0.000000;0.000000;0.000000;2.000000;98.272980;-343.035767;1868.340088;0.181863;0.000000;0.000000;0.000000;0.000000;2.000000;-57.257233;-496.633667;1827.895264;0.155534;0.000000;0.000000;0.000000;0.000000;2.000000;-100.012009;-550.722961;1889.249023;0.253969;0.000000;0.000000;0.000000;0.000000;2.000000;-119.079300;-652.310974;1895.738037;0.359079;0.000000;0.000000;0.000000;0.000000;2.000000;-115.278091;-617.252075;1861.071289;1.267186;0.000000;0.000000;0.000000;0.000000;2.000000;-32.467758;-612.513245;2034.229614;0.182943;0.000000;0.000000;0.000000;0.000000;2.000000;-137.719833;-592.682861;2100.687256;0.287028;0.000000;0.000000;0.000000;0.000000;2.000000;-343.107117;-447.312653;2003.142578;0.159415;0.000000;0.000000;0.000000;0.000000;2.000000;-220.391006;-619.363647;1925.579590;0.222367;0.000000;0.000000;0.000000;0.000000;2.000000;-182.551468;-706.036621;1895.067139;0.149886;0.000000;0.000000;0.000000;0.000000;2.000000;-137.570450;-748.472900;1814.204956;0.151553;0.000000;0.000000;0.000000;0.000000;2.000000;-118.387833;-671.459656;1848.514282;0.138834;0.000000;0.000000;0.000000;0.000000;2.000000;76.502975;-150.471207;1957.753540;0.026029;0.000000;0.000000;0.000000;0.000000;2.000000;-30.737289;-76.074524;1596.930420;0.019579;0.000000;0.000000;0.000000;0.000000;2.000000;10.069687;288.347778;1598.266235;0.034150;0.000000;0.000000;0.000000;0.000000;2.000000;-30.184204;419.970886;1482.960083;0.078916;0.000000;0.000000;0.000000;0.000000;2.000000;-68.986099;-149.575119;2038.095459;0.023471;0.000000;0.000000;0.000000;0.000000;2.000000;-288.401855;-68.400513;1734.485107;0.064538;0.000000;0.000000;0.000000;0.000000;2.000000;-283.255737;299.711121;1692.271484;0.024930;0.000000;0.000000;0.000000;0.000000;2.000000;-349.470398;404.085327;1582.667236;0.043792;0.000000;0.000000;0.000000;0.000000;2.000000;-38.079437;-714.041931;1975.828857;0.176585;0.000000;0.000000;0.000000;0.000000;2.000000;11.554611;-717.637085;1830.076660;0.106449;0.000000;0.000000;0.000000;0.000000;2.000000;-11.567184;-762.132446;1849.143188;0.138661;0.000000;0.000000;0.000000;0.000000;2.000000;-24.870667;-812.179810;1959.060547;0.216589;0.000000;0.000000;0.000000;0.000000;1.000000;-37.530441;-721.306763;1836.091553;0.122010;0.000000;0.000000;0.000000;0.000000;2.000000;-121.995377;-691.235779;1924.018921;0.159361;0.000000;0.000000;0.000000;0.000000;2.000000;20621000704.000000
0.000000;-150.000000;2000.000000;0.000000;0.000000;0.000000;0.000000;0.000000;2.000000;19.034286;-316.449951;2035.442993;0.015541;0.000000;0.000000;0.000000;0.000000;2.000000;31.517471;-450.756592;2058.843506;0.042181;0.000000;0.000000;0.000000;0.000000;2.000000;-13.479279;-647.256592;2006.034302;0.051915;0.000000;0.000000;0.000000;0.000000;2.000000;20.854340;-616.434570;1996.834961;0.048068;0.000000;0.000000;0.000000;0.000000;2.000000;131.433380;-601.616333;1916.959595;0.030691;0.000000;0.000000;0.000000;0.000000;2.000000;98.233002;-343.017212;1868.170898;0.005336;0.000000;0.000000;0.000000;0.000000;2.000000;-62.205353;-493.339417;1833.180176;0.242737;0.000000;0.000000;0.000000;0.000000;2.000000;-102.231339;-548.253662;1895.830322;0.224955;0.000000;0.000000;0.000000;0.000000;2.000000;-117.689041;-650.781006;1893.337280;0.096685;0.000000;0.000000;0.000000;0.000000;2.000000;-115.270767;-618.345093;1858.256592;0.092147;0.000000;0.000000;0.000000;0.000000;2.000000;-31.778488;-613.813721;2034.189819;0.044934;0.000000;0.000000;0.000000;0.000000;2.000000;-138.161087;-592.567200;2098.729980;0.061332;0.000000;0.000000;0.000000;0.000000;2.000000;-337.938110;-437.485931;2003.428589;0.338958;0.000000;0.000000;0.000000;0.000000;2.000000;-221.314316;-613.948303;1925.427002;0.167713;0.000000;0.000000;0.000000;0.000000;2.000000;-186.442429;-705.300476;1906.919678;0.381365;0.000000;0.000000;0.000000;0.000000;2.000000;-150.584457;-755.146545;1825.540649;0.564699;0.000000;0.000000;0.000000;0.000000;2.000000;-126.346573;-670.382813;1840.218750;0.352365;0.000000;0.000000;0.000000;0.000000;2.000000;76.584137;-150.263046;1957.635864;0.007706;0.000000;0.000000;0.000000;0.000000;2.000000;-30.839981;-76.890442;1596.064697;0.036439;0.000000;0.000000;0.000000;0.000000;2.000000;11.189835;287.929504;1597.478882;0.043690;0.000000;0.000000;0.000000;0.000000;2.000000;-30.751648;419.763733;1482.609375;0.021317;0.000000;0.000000;0.000000;0.000000;2.000000;-69.059250;-149.762787;2038.201538;0.006947;0.000000;0.000000;0.000000;0.000000;2.000000;-288.038879;-68.028717;1733.723389;0.028139;0.000000;0.000000;0.000000;0.000000;2.000000;-282.407532;300.784546;1692.988281;0.047135;0.000000;0.000000;0.000000;0.000000;2.000000;-350.501099;405.401123;1584.408691;0.073663;0.000000;0.000000;0.000000;0.000000;2.000000;-37.065796;-715.923096;1976.432129;0.067761;0.000000;0.000000;0.000000;0.000000;2.000000;8.785889;-718.022827;1829.182617;0.089568;0.000000;0.000000;0.000000;0.000000;2.000000;-11.510468;-763.575684;1849.166748;0.044084;0.000000;0.000000;0.000000;0.000000;2.000000;-19.237900;-813.511963;1959.860840;0.178321;0.000000;0.000000;0.000000;0.000000;1.000000;-39.933685;-724.179749;1836.574341;0.115253;0.000000;0.000000;0.000000;0.000000;2.000000;-123.546768;-697.819214;1926.739258;0.222483;0.000000;0.000000;0.000000;0.000000;2.000000;20621033472.000000
0.000000;-150.000000;2000.000000;0.000000;0.000000;0.000000;0.000000;0.000000;2.000000;20.071136;-316.222290;2035.222290;0.033089;0.000000;0.000000;0.000000;0.000000;2.000000;32.643005;-450.642273;2057.186768;0.061223;0.000000;0.000000;0.000000;0.000000;2.000000;-10.764648;-647.713440;2005.909790;0.084095;0.000000;0.000000;0.000000;0.000000;2.000000;23.267792;-616.701660;1996.441650;0.075068;0.000000;0.000000;0.000000;0.000000;2.000000;132.238754;-600.999390;1914.749756;0.074206;0.000000;0.000000;0.000000;0.000000;2.000000;98.111443;-341.913147;1870.659912;0.083179;0.000000;0.000000;0.000000;0.000000;2.000000;-65.110596;-490.581543;1843.603271;0.340770;0.000000;0.000000;0.000000;0.000000;2.000000;-104.790039;-546.321960;1905.623047;0.314458;0.000000;0.000000;0.000000;0.000000;2.000000;-117.202087;-647.931763;1889.505615;0.146475;0.000000;0.000000;0.000000;0.000000;2.000000;-115.641998;-618.146484;1854.933472;0.102224;0.000000;0.000000;0.000000;0.000000;2.000000;-29.280975;-614.250488;2033.829712;0.078151;0.000000;0.000000;0.000000;0.000000;2.000000;-135.945587;-591.252197;2097.077148;0.093413;0.000000;0.000000;0.000000;0.000000;2.000000;-338.952759;-436.970734;2008.182861;0.149187;0.000000;0.000000;0.000000;0.000000;2.000000;-223.326447;-612.674561;1927.591064;0.098200;0.000000;0.000000;0.000000;0.000000;2.000000;-186.840515;-702.839844;1906.960327;0.076079;0.000000;0.000000;0.000000;0.000000;2.000000;-150.465393;-754.615723;1827.141113;0.051587;0.000000;0.000000;0.000000;0.000000;2.000000;-131.374023;-671.044434;1842.287598;0.167133;0.000000;0.000000;0.000000;0.000000;2.000000;76.253593;-149.862198;1957.197754;0.020740;0.000000;0.000000;0.000000;0.000000;2.000000;-30.400497;-76.376282;1595.775391;0.022451;0.000000;0.000000;0.000000;0.000000;2.000000;10.765549;288.215851;1598.308105;0.029739;0.000000;0.000000;0.000000;0.000000;2.000000;-29.922546;417.912262;1480.827637;0.082397;0.000000;0.000000;0.000000;0.000000;2.000000;-68.761200;-150.124283;2038.596680;0.018704;0.000000;0.000000;0.000000;0.000000;2.000000;-288.675568;-68.049561;1735.305176;0.052040;0.000000;0.000000;0.000000;0.000000;2.000000;-281.379730;300.197968;1692.686279;0.037272;0.000000;0.000000;0.000000;0.000000;2.000000;-347.271606;400.682098;1579.175537;0.236555;0.000000;0.000000;0.000000;0.000000;2.000000;-33.806198;-716.724915;1976.865845;0.103292;0.000000;0.000000;0.000000;0.000000;2.000000;9.243790;-715.456055;1828.902588;0.080026;0.000000;0.000000;0.000000;0.000000;2.000000;-8.965851;-761.911743;1848.692627;0.093906;0.000000;0.000000;0.000000;0.000000;2.000000;-12.742569;-813.309937;1958.805420;0.200916;0.000000;0.000000;0.000000;0.000000;1.000000;-39.025421;-723.485718;1837.117310;0.038619;0.000000;0.000000;0.000000;0.000000;2.000000;-121.747589;-701.278809;1929.053345;0.138379;0.000000;0.000000;0.000000;0.000000;2.000000;20621066240.000000
0.000000;-150.000000;2000.000000;0.000000;0.000000;0.000000;0.000000;0.000000;2.000000;18.593124;-316.791504;2034.838867;0.049731;0.000000;0.000000;0.000000;0.000000;2.000000;30.656418;-451.377960;2057.590820;0.065815;0.000000;0.000000;0.000000;0.000000;2.000000;-13.215439;-647.867065;2003.054932;0.114919;0.000000;0.000000;0.000000;0.000000;2.000000;21.107620;-616.828308;1994.332642;0.092213;0.000000;0.000000;0.000000;0.000000;2.000000;131.793777;-602.809814;1914.241333;0.058972;0.000000;0.000000;0.000000;0.000000;2.000000;98.515930;-343.228577;1869.545898;0.054034;0.000000;0.000000;0.000000;0.000000;2.000000;-60.355576;-492.505859;1823.390625;0.636395;0.000000;0.000000;0.000000;0.000000;2.000000;-105.807281;-543.790894;1885.541016;0.618483;0.000000;0.000000;0.000000;0.000000;2.000000;-115.729034;-647.101990;1883.199463;0.199245;0.000000;0.000000;0.000000;0.000000;2.000000;-115.351105;-613.191345;1860.894775;0.236733;0.000000;0.000000;0.000000;0.000000;2.000000;-31.884430;-614.650940;2031.310425;0.111233;0.000000;0.000000;0.000000;0.000000;2.000000;-139.748566;-597.667603;2094.877441;0.237290;0.000000;0.000000;0.000000;0.000000;2.000000;-326.876709;-425.278961;2002.980469;0.536965;0.000000;0.000000;0.000000;0.000000;2.000000;-221.801483;-610.688171;1928.805908;0.084941;0.000000;0.000000;0.000000;0.000000;2.000000;-183.872894;-698.750977;1901.812378;0.220122;0.000000;0.000000;0.000000;0.000000;2.000000;-146.583130;-753.015930;1823.856079;0.162698;0.000000;0.000000;0.000000;0.000000;2.000000;-127.085297;-668.181580;1846.182495;0.197209;0.000000;0.000000;0.000000;0.000000;2.000000;76.808167;-150.237122;1957.873169;0.029021;0.000000;0.000000;0.000000;0.000000;2.000000;-30.007904;-76.561188;1595.802490;0.013269;0.000000;0.000000;0.000000;0.000000;2.000000;10.881577;288.732086;1597.473389;0.030160;0.000000;0.000000;0.000000;0.000000;2.000000;-29.500504;418.521942;1479.496216;0.046508;0.000000;0.000000;0.000000;0.000000;2.000000;-69.261292;-149.786179;2037.987793;0.026166;0.000000;0.000000;0.000000;0.000000;2.000000;-287.956390;-68.624725;1732.701172;0.084291;0.000000;0.000000;0.000000;0.000000;2.000000;-281.414795;300.539825;1692.126831;0.020037;0.000000;0.000000;0.000000;0.000000;2.000000;-348.927368;403.184723;1581.094971;0.108708;0.000000;0.000000;0.000000;0.000000;2.000000;-36.325668;-716.483887;1972.775757;0.146785;0.000000;0.000000;0.000000;0.000000;2.000000;11.799347;-713.195679;1826.123779;0.134284;0.000000;0.000000;0.000000;0.000000;2.000000;-9.198975;-759.359375;1844.005127;0.163038;0.000000;0.000000;0.000000;0.000000;2.000000;-19.044296;-813.591187;1952.615234;0.269713;0.000000;0.000000;0.000000;0.000000;1.000000;-37.122894;-719.208740;1832.543091;0.199734;0.000000;0.000000;0.000000;0.000000;2.000000;-121.962158;-695.647949;1922.501099;0.263734;0.000000;0.000000;0.000000;0.000000;2.000000;20621099008.000000
0.000000;-150.000015;2000.000000;0.000000;0.000000;0.000000;0.000000;0.000000;2.000000;18.602036;-316.779510;2034.831665;0.000476;0.000000;0.000000;0.000000;0.000000;2.000000;30.679184;-451.353729;2057.589844;0.000955;0.000000;0.000000;0.000000;0.000000;2.000000;-13.350082;-647.813965;2003.133667;0.004732;0.000000;0.000000;0.000000;0.000000;2.000000;21.008789;-616.817383;1994.420410;0.003809;0.000000;0.000000;0.000000;0.000000;2.000000;131.722672;-602.748108;1914.393188;0.005132;0.000000;0.000000;0.000000;0.000000;2.000000;97.501045;-343.399414;1869.175415;0.031417;0.000000;0.000000;0.000000;0.000000;2.000000;-60.588196;-493.493134;1823.058350;0.030657;0.000000;0.000000;0.000000;0.000000;2.000000;-106.142563;-544.941895;1884.987915;0.037922;0.000000;0.000000;0.000000;0.000000;2.000000;-115.411942;-648.296326;1882.246948;0.044813;0.000000;0.000000;0.000000;0.000000;2.000000;-115.714035;-613.392395;1862.344971;0.043324;0.000000;0.000000;0.000000;0.000000;2.000000;-32.004761;-614.565491;2031.354980;0.004428;0.000000;0.000000;0.000000;0.000000;2.000000;-139.989639;-597.248596;2094.608398;0.015890;0.000000;0.000000;0.000000;0.000000;2.000000;-326.652771;-424.440277;2002.610596;0.027102;0.000000;0.000000;0.000000;0.000000;2.000000;-221.846695;-609.743958;1927.842651;0.038764;0.000000;0.000000;0.000000;0.000000;2.000000;-184.214218;-697.631836;1899.906860;0.064225;0.000000;0.000000;0.000000;0.000000;2.000000;-146.508224;-752.611816;1822.664551;0.036202;0.000000;0.000000;0.000000;0.000000;2.000000;-126.151474;-667.684998;1846.778198;0.034865;0.000000;0.000000;0.000000;0.000000;2.000000;76.802719;-150.231201;1957.876099;0.000246;0.000000;0.000000;0.000000;0.000000;2.000000;-30.102997;-76.470947;1595.878174;0.004348;0.000000;0.000000;0.000000;0.000000;2.000000;10.727356;288.801697;1597.735840;0.008969;0.000000;0.000000;0.000000;0.000000;2.000000;-29.749435;419.109253;1480.382935;0.031374;0.000000;0.000000;0.000000;0.000000;2.000000;-69.256393;-149.791550;2037.984985;0.000224;0.000000;0.000000;0.000000;0.000000;2.000000;-288.115723;-68.586914;1732.861816;0.006589;0.000000;0.000000;0.000000;0.000000;2.000000;-281.640991;300.576355;1692.508057;0.012775;0.000000;0.000000;0.000000;0.000000;2.000000;-349.284729;403.463623;1581.798340;0.024035;0.000000;0.000000;0.000000;0.000000;2.000000;-36.506348;-716.418945;1972.877197;0.006237;0.000000;0.000000;0.000000;0.000000;2.000000;11.986847;-711.829834;1826.393066;0.040347;0.000000;0.000000;0.000000;0.000000;2.000000;-9.656601;-757.941284;1843.616455;0.044231;0.000000;0.000000;0.000000;0.000000;2.000000;-20.460831;-813.464355;1951.470703;0.052434;0.000000;0.000000;0.000000;0.000000;1.000000;-37.021286;-717.280640;1832.629395;0.055512;0.000000;0.000000;0.000000;0.000000;2.000000;-121.740677;-693.793945;1922.707153;0.053956;0.000000;0.000000;0.000000;0.000000;2.000000;20621133824.000000
0.000000;-150.000000;2000.000000;0.000000;0.000000;0.000000;0.000000;0.000000;2.000000;18.243347;-316.358734;2035.384644;0.023864;0.000000;0.000000;0.000000;0.000000;2.000000;30.246170;-450.513550;2059.032471;0.052634;0.000000;0.000000;0.000000;0.000000;2.000000;-16.069717;-646.581238;2006.655273;0.140903;0.000000;0.000000;0.000000;0.000000;2.000000;18.654007;-616.191895;1997.748047;0.125862;0.000000;0.000000;0.000000;0.000000;2.000000;130.754547;-605.225098;1919.648682;0.179751;0.000000;0.000000;0.000000;0.000000;2.000000;97.327713;-348.835510;1861.772461;0.280338;0.000000;0.000000;0.000000;0.000000;2.000000;-64.444016;-498.061890;1829.915283;0.277623;0.000000;0.000000;0.000000;0.000000;2.000000;-109.022354;-550.982666;1891.040161;0.275359;0.000000;0.000000;0.000000;0.000000;2.000000;-118.507370;-654.130981;1893.040039;0.386160;0.000000;0.000000;0.000000;0.000000;2.000000;-118.639420;-619.894043;1865.284546;0.235343;0.000000;0.000000;0.000000;0.000000;2.000000;-34.350113;-612.852478;2034.392090;0.128243;0.000000;0.000000;0.000000;0.000000;2.000000;-141.217606;-591.083496;2097.675537;0.213457;0.000000;0.000000;0.000000;0.000000;2.000000;-331.518250;-425.195190;2002.015869;0.151351;0.000000;0.000000;0.000000;0.000000;2.000000;-221.142990;-606.694458;1927.257935;0.097162;0.000000;0.000000;0.000000;0.000000;2.000000;-186.518661;-695.606323;1899.364746;0.095081;0.000000;0.000000;0.000000;0.000000;2.000000;-146.930344;-751.449341;1823.968262;0.054840;0.000000;0.000000;0.000000;0.000000;2.000000;-125.249710;-666.568359;1848.560547;0.069837;0.000000;0.000000;0.000000;0.000000;2.000000;76.462204;-150.629913;1957.616699;0.017852;0.000000;0.000000;0.000000;0.000000;2.000000;-30.582825;-76.025543;1596.631104;0.030449;0.000000;0.000000;0.000000;0.000000;2.000000;10.310013;288.521942;1597.496582;0.016983;0.000000;0.000000;0.000000;0.000000;2.000000;-30.228622;419.385773;1481.328125;0.033423;0.000000;0.000000;0.000000;0.000000;2.000000;-68.949326;-149.431976;2038.218872;0.016099;0.000000;0.000000;0.000000;0.000000;2.000000;-289.557983;-68.168427;1735.322632;0.087978;0.000000;0.000000;0.000000;0.000000;2.000000;-281.580017;300.006317;1692.924194;0.021619;0.000000;0.000000;0.000000;0.000000;2.000000;-349.259766;402.666534;1582.508911;0.032597;0.000000;0.000000;0.000000;0.000000;2.000000;-39.969559;-715.070068;1977.119507;0.172122;0.000000;0.000000;0.000000;0.000000;2.000000;9.834457;-709.202698;1831.440430;0.185658;0.000000;0.000000;0.000000;0.000000;2.000000;-10.264053;-755.925049;1848.561768;0.164031;0.000000;0.000000;0.000000;0.000000;2.000000;-20.204712;-811.346558;1956.282959;0.160641;0.000000;0.000000;0.000000;0.000000;1.000000;-38.912918;-716.402100;1837.152344;0.151998;0.000000;0.000000;0.000000;0.000000;2.000000;-125.247849;-695.768066;1926.043945;0.159545;0.000000;0.000000;0.000000;0.000000;2.000000;20621166592.000000
0.000000;-150.000000;2000.000000;0.000000;0.000000;0.000000;0.000000;0.000000;2.000000;18.261963;-316.295135;2035.338257;0.002469;0.000000;0.000000;0.000000;0.000000;2.000000;30.267990;-450.404053;2058.923828;0.004754;0.000000;0.000000;0.000000;0.000000;2.000000;-15.791092;-646.385376;2006.333252;0.014304;0.000000;0.000000;0.000000;0.000000;2.000000;18.910797;-615.975098;1997.513428;0.012508;0.000000;0.000000;0.000000;0.000000;2.000000;131.111710;-604.327637;1919.755005;0.029656;0.000000;0.000000;0.000000;0.000000;2.000000;95.322754;-348.406891;1861.708862;0.062599;0.000000;0.000000;0.000000;0.000000;2.000000;-64.492020;-499.319489;1828.573242;0.056147;0.000000;0.000000;0.000000;0.000000;2.000000;-109.324585;-552.281677;1889.419067;0.064063;0.000000;0.000000;0.000000;0.000000;2.000000;-120.166870;-655.056213;1896.103149;0.110002;0.000000;0.000000;0.000000;0.000000;2.000000;-117.406677;-622.647156;1861.139404;0.156450;0.000000;0.000000;0.000000;0.000000;2.000000;-34.137039;-612.706055;2034.054077;0.012987;0.000000;0.000000;0.000000;0.000000;2.000000;-141.354218;-590.945862;2096.643311;0.032052;0.000000;0.000000;0.000000;0.000000;2.000000;-331.048859;-425.269104;1999.730835;0.071226;0.000000;0.000000;0.000000;0.000000;2.000000;-220.338196;-606.508606;1925.114014;0.070115;0.000000;0.000000;0.000000;0.000000;2.000000;-185.689911;-694.967896;1895.982910;0.108031;0.000000;0.000000;0.000000;0.000000;2.000000;-145.315765;-749.183472;1819.874634;0.151051;0.000000;0.000000;0.000000;0.000000;2.000000;-123.039581;-665.665466;1847.591553;0.078631;0.000000;0.000000;0.000000;0.000000;2.000000;76.444176;-150.603165;1957.656982;0.001575;0.000000;0.000000;0.000000;0.000000;2.000000;-30.617401;-76.127472;1596.815430;0.006514;0.000000;0.000000;0.000000;0.000000;2.000000;10.291809;288.267273;1598.019287;0.017753;0.000000;0.000000;0.000000;0.000000;2.000000;-30.901917;419.191040;1482.262207;0.035638;0.000000;0.000000;0.000000;0.000000;2.000000;-68.933105;-149.456085;2038.182495;0.001421;0.000000;0.000000;0.000000;0.000000;2.000000;-289.456848;-68.178711;1735.425293;0.004409;0.000000;0.000000;0.000000;0.000000;2.000000;-281.711853;299.842529;1692.966553;0.006545;0.000000;0.000000;0.000000;0.000000;2.000000;-348.824005;401.984131;1581.826660;0.032312;0.000000;0.000000;0.000000;0.000000;2.000000;-39.578796;-714.840942;1976.714233;0.018549;0.000000;0.000000;0.000000;0.000000;2.000000;9.772949;-708.088135;1830.985596;0.036785;0.000000;0.000000;0.000000;0.000000;2.000000;-9.913116;-755.003601;1847.989502;0.034792;0.000000;0.000000;0.000000;0.000000;2.000000;-19.139389;-810.850891;1955.498535;0.043114;0.000000;0.000000;0.000000;0.000000;1.000000;-38.882706;-715.678589;1836.797607;0.024608;0.000000;0.000000;0.000000;0.000000;2.000000;-125.102753;-696.024963;1925.950439;0.009445;0.000000;0.000000;0.000000;0.000000;2.000000;20621199360.000000
0.000000;-150.000015;2000.000000;0.000000;0.000000;0.000000;0.000000;0.000000;2.000000;18.183990;-316.277649;2035.316040;0.002382;0.000000;0.000000;0.000000;0.000000;2.000000;30.101105;-450.381897;2058.834229;0.005478;0.000000;0.000000;0.000000;0.000000;2.000000;-16.185806;-646.266113;2006.226074;0.012237;0.000000;0.000000;0.000000;0.000000;2.000000;18.582123;-615.925659;1997.469604;0.009629;0.000000;0.000000;0.000000;0.000000;2.000000;131.080658;-604.215149;1920.194580;0.013063;0.000000;0.000000;0.000000;0.000000;2.000000;94.694946;-348.492279;1861.859619;0.018706;0.000000;0.000000;0.000000;0.000000;2.000000;-63.975830;-500.263214;1827.433228;0.045019;0.000000;0.000000;0.000000;0.000000;2.000000;-109.211197;-553.064331;1888.096069;0.044271;0.000000;0.000000;0.000000;0.000000;2.000000;-121.003494;-655.464111;1897.909424;0.058363;0.000000;0.000000;0.000000;0.000000;2.000000;-116.653427;-623.568787;1860.390869;0.040386;0.000000;0.000000;0.000000;0.000000;2.000000;-34.527084;-612.550415;2033.891602;0.012933;0.000000;0.000000;0.000000;0.000000;2.000000;-142.260605;-590.562012;2095.461914;0.044167;0.000000;0.000000;0.000000;0.000000;2.000000;-330.110291;-425.111481;1994.774170;0.144968;0.000000;0.000000;0.000000;0.000000;2.000000;-219.243057;-607.463867;1923.285767;0.067080;0.000000;0.000000;0.000000;0.000000;2.000000;-184.604691;-695.848145;1893.975220;0.070258;0.000000;0.000000;0.000000;0.000000;2.000000;-143.726486;-748.554932;1817.103760;0.093507;0.000000;0.000000;0.000000;0.000000;2.000000;-122.723190;-667.180176;1845.782349;0.068379;0.000000;0.000000;0.000000;0.000000;2.000000;76.439796;-150.628815;1957.681152;0.001020;0.000000;0.000000;0.000000;0.000000;2.000000;-30.845581;-76.149292;1596.978271;0.008076;0.000000;0.000000;0.000000;0.000000;2.000000;10.055634;288.182556;1597.924072;0.007708;0.000000;0.000000;0.000000;0.000000;2.000000;-30.797348;418.784607;1481.732544;0.019410;0.000000;0.000000;0.000000;0.000000;2.000000;-68.929123;-149.432999;2038.160889;0.000915;0.000000;0.000000;0.000000;0.000000;2.000000;-289.326233;-68.026672;1735.431030;0.005759;0.000000;0.000000;0.000000;0.000000;2.000000;-281.502319;299.926453;1692.962646;0.006484;0.000000;0.000000;0.000000;0.000000;2.000000;-348.495178;402.058167;1581.784668;0.009756;0.000000;0.000000;0.000000;0.000000;2.000000;-40.028122;-714.678223;1976.586914;0.014205;0.000000;0.000000;0.000000;0.000000;2.000000;8.054611;-706.958740;1830.510986;0.060614;0.000000;0.000000;0.000000;0.000000;2.000000;-12.270172;-753.731201;1847.123291;0.080858;0.000000;0.000000;0.000000;0.000000;2.000000;-21.443420;-810.734741;1954.004028;0.078951;0.000000;0.000000;0.000000;0.000000;1.000000;-40.658997;-713.788757;1836.694824;0.074552;0.000000;0.000000;0.000000;0.000000;2.000000;-125.673904;-693.780640;1926.889160;0.071774;0.000000;0.000000;0.000000;0.000000;2.000000;20621234176.000000
0.000000;-149.999985;2000.000000;0.000001;0.000000;0.000000;0.000000;0.000000;2.000000;18.036652;-316.442047;2035.656494;0.012383;0.000000;0.000000;0.000000;0.000000;2.000000;30.157257;-450.550781;2060.029053;0.036865;0.000000;0.000000;0.000000;0.000000;2.000000;-15.596466;-647.003967;2008.044556;0.062532;0.000000;0.000000;0.000000;0.000000;2.000000;19.108932;-616.541931;1999.146484;0.056842;0.000000;0.000000;0.000000;0.000000;2.000000;130.447998;-603.705200;1920.085938;0.025019;0.000000;0.000000;0.000000;0.000000;2.000000;87.981300;-347.913055;1864.728271;0.223504;0.000000;0.000000;0.000000;0.000000;2.000000;-68.550278;-503.869080;1838.348145;0.377560;0.000000;0.000000;0.000000;0.000000;2.000000;-112.264297;-558.413330;1898.760132;0.375819;0.000000;0.000000;0.000000;0.000000;2.000000;-122.634872;-661.155151;1907.959229;0.355956;0.000000;0.000000;0.000000;0.000000;2.000000;-119.514725;-628.683105;1869.564453;0.332204;0.000000;0.000000;0.000000;0.000000;2.000000;-34.046494;-613.213989;2035.648926;0.059172;0.000000;0.000000;0.000000;0.000000;2.000000;-142.253616;-590.832886;2096.568359;0.034764;0.000000;0.000000;0.000000;0.000000;2.000000;-328.809387;-425.723755;1992.076538;0.093288;0.000000;0.000000;0.000000;0.000000;2.000000;-218.232254;-608.727112;1920.911499;0.087680;0.000000;0.000000;0.000000;0.000000;2.000000;-184.800095;-696.470703;1888.064941;0.181463;0.000000;0.000000;0.000000;0.000000;2.000000;-144.834213;-752.550537;1812.950928;0.179089;0.000000;0.000000;0.000000;0.000000;2.000000;-123.380508;-669.463989;1842.775879;0.116953;0.000000;0.000000;0.000000;0.000000;2.000000;76.535812;-150.782913;1957.630127;0.005756;0.000000;0.000000;0.000000;0.000000;2.000000;-32.243683;-75.035645;1597.125488;0.054733;0.000000;0.000000;0.000000;0.000000;2.000000;8.398605;289.789856;1597.650269;0.070944;0.000000;0.000000;0.000000;0.000000;2.000000;-30.945862;420.776184;1481.022461;0.064685;0.000000;0.000000;0.000000;0.000000;2.000000;-69.015686;-149.294006;2038.206665;0.005189;0.000000;0.000000;0.000000;0.000000;2.000000;-290.004089;-67.394470;1735.430542;0.028287;0.000000;0.000000;0.000000;0.000000;2.000000;-282.223267;300.978882;1692.533203;0.041078;0.000000;0.000000;0.000000;0.000000;2.000000;-349.350281;403.365540;1581.362061;0.049388;0.000000;0.000000;0.000000;0.000000;2.000000;-39.271835;-715.677063;1978.615723;0.072768;0.000000;0.000000;0.000000;0.000000;2.000000;6.908691;-708.627686;1831.690430;0.071502;0.000000;0.000000;0.000000;0.000000;2.000000;-14.992310;-754.768921;1848.282471;0.095684;0.000000;0.000000;0.000000;0.000000;2.000000;-24.763214;-812.315918;1954.992554;0.116201;0.000000;0.000000;0.000000;0.000000;1.000000;-41.995544;-713.620667;1838.584961;0.070833;0.000000;0.000000;0.000000;0.000000;2.000000;-124.892654;-691.039795;1930.349609;0.136810;0.000000;0.000000;0.000000;0.000000;2.000000;20621266944.000000
0.000000;-150.000015;2000.000000;0.000001;0.000000;0.000000;0.000000;0.000000;2.000000;18.228424;-316.738556;2034.511230;0.036574;0.000000;0.000000;0.000000;0.000000;2.000000;30.480270;-451.073334;2057.885254;0.068057;0.000000;0.000000;0.000000;0.000000;2.000000;-14.084366;-647.818726;2005.612305;0.090869;0.000000;0.000000;0.000000;0.000000;2.000000;20.306366;-617.026184;1996.524536;0.089198;0.000000;0.000000;0.000000;0.000000;2.000000;132.048737;-606.178894;1917.632324;0.117013;0.000000;0.000000;0.000000;0.000000;2.000000;84.192352;-349.746094;1869.565796;0.195688;0.000000;0.000000;0.000000;0.000000;2.000000;-70.425644;-508.298523;1846.814453;0.297159;0.000000;0.000000;0.000000;0.000000;2.000000;-115.026382;-562.512451;1906.936157;0.291566;0.000000;0.000000;0.000000;0.000000;2.000000;-123.677231;-665.862305;1905.777832;0.161490;0.000000;0.000000;0.000000;0.000000;2.000000;-122.086411;-632.632690;1877.155273;0.272673;0.000000;0.000000;0.000000;0.000000;2.000000;-32.594086;-614.258362;2033.490601;0.085550;0.000000;0.000000;0.000000;0.000000;2.000000;-139.521103;-594.211670;2097.517090;0.135736;0.000000;0.000000;0.000000;0.000000;2.000000;-325.129395;-427.451813;1993.659058;0.133138;0.000000;0.000000;0.000000;0.000000;2.000000;-217.134293;-610.609070;1918.716187;0.094391;0.000000;0.000000;0.000000;0.000000;2.000000;-182.847000;-697.896973;1885.409790;0.109603;0.000000;0.000000;0.000000;0.000000;2.000000;-144.508804;-754.881836;1810.069092;0.113556;0.000000;0.000000;0.000000;0.000000;2.000000;-124.383224;-667.987366;1835.361328;0.232738;0.000000;0.000000;0.000000;0.000000;2.000000;76.706573;-150.337143;1957.855469;0.016109;0.000000;0.000000;0.000000;0.000000;2.000000;-31.666779;-76.645020;1596.626221;0.054354;0.000000;0.000000;0.000000;0.000000;2.000000;8.087601;288.437500;1597.468628;0.042709;0.000000;0.000000;0.000000;0.000000;2.000000;-31.106659;420.717285;1482.137451;0.034426;0.000000;0.000000;0.000000;0.000000;2.000000;-69.169662;-149.695999;2038.003540;0.014526;0.000000;0.000000;0.000000;0.000000;2.000000;-289.832703;-67.549072;1734.846924;0.019153;0.000000;0.000000;0.000000;0.000000;2.000000;-282.880432;301.122437;1692.992676;0.024860;0.000000;0.000000;0.000000;0.000000;2.000000;-349.490601;403.550964;1581.443359;0.007518;0.000000;0.000000;0.000000;0.000000;2.000000;-37.440018;-716.621887;1976.141602;0.098272;0.000000;0.000000;0.000000;0.000000;2.000000;5.965591;-709.993774;1828.283569;0.115655;0.000000;0.000000;0.000000;0.000000;2.000000;-16.736771;-755.683838;1845.120605;0.113686;0.000000;0.000000;0.000000;0.000000;2.000000;-25.784164;-813.514038;1951.801514;0.108587;0.000000;0.000000;0.000000;0.000000;1.000000;-42.919846;-713.821716;1836.143799;0.079896;0.000000;0.000000;0.000000;0.000000;2.000000;-123.415939;-689.649292;1929.697632;0.065019;0.000000;0.000000;0.000000;0.000000;2.000000;20621299712.000000
0.000000;-150.000015;2000.000000;0.000000;0.000000;0.000000;0.000000;0.000000;2.000000;18.227966;-316.738586;2034.511475;0.000016;0.000000;0.000000;0.000000;0.000000;2.000000;30.480087;-451.073120;2057.887207;0.000060;0.000000;0.000000;0.000000;0.000000;2.000000;-14.086395;-647.820068;2005.621582;0.000293;0.000000;0.000000;0.000000;0.000000;2.000000;20.304611;-617.028198;1996.532593;0.000259;0.000000;0.000000;0.000000;0.000000;2.000000;132.042999;-606.185120;1917.634155;0.000264;0.000000;0.000000;0.000000;0.000000;2.000000;84.182961;-349.754944;1869.557251;0.000472;0.000000;0.000000;0.000000;0.000000;2.000000;-70.437286;-508.309509;1846.835938;0.000818;0.000000;0.000000;0.000000;0.000000;2.000000;-115.034027;-562.509216;1906.973389;0.001164;0.000000;0.000000;0.000000;0.000000;2.000000;-123.687225;-665.859131;1905.842041;0.001985;0.000000;0.000000;0.000000;0.000000;2.000000;-122.099152;-632.629517;1877.227295;0.002234;0.000000;0.000000;0.000000;0.000000;2.000000;-32.595795;-614.258484;2033.498779;0.000255;0.000000;0.000000;0.000000;0.000000;2.000000;-139.525330;-594.205811;2097.519043;0.000228;0.000000;0.000000;0.000000;0.000000;2.000000;-325.119629;-427.453949;1993.622925;0.001144;0.000000;0.000000;0.000000;0.000000;2.000000;-217.130005;-610.628784;1918.714844;0.000617;0.000000;0.000000;0.000000;0.000000;2.000000;-182.850616;-697.927979;1885.429688;0.001130;0.000000;0.000000;0.000000;0.000000;2.000000;-144.524811;-754.936218;1810.100342;0.001975;0.000000;0.000000;0.000000;0.000000;2.000000;-124.397827;-668.035767;1835.360596;0.001543;0.000000;0.000000;0.000000;0.000000;2.000000;76.706451;-150.337555;1957.855225;0.000015;0.000000;0.000000;0.000000;0.000000;2.000000;-31.666656;-76.645355;1596.625732;0.000018;0.000000;0.000000;0.000000;0.000000;2.000000;8.089005;288.437195;1597.464355;0.000138;0.000000;0.000000;0.000000;0.000000;2.000000;-31.101212;420.713379;1482.127441;0.000368;0.000000;0.000000;0.000000;0.000000;2.000000;-69.169586;-149.695648;2038.003784;0.000013;0.000000;0.000000;0.000000;0.000000;2.000000;-289.837677;-67.546448;1734.851318;0.000218;0.000000;0.000000;0.000000;0.000000;2.000000;-282.884308;301.125732;1693.001953;0.000323;0.000000;0.000000;0.000000;0.000000;2.000000;-349.501678;403.561646;1581.463623;0.000777;0.000000;0.000000;0.000000;0.000000;2.000000;-37.442719;-716.624207;1976.153442;0.000377;0.000000;0.000000;0.000000;0.000000;2.000000;5.952896;-710.012085;1828.291748;0.000724;0.000000;0.000000;0.000000;0.000000;2.000000;-16.739960;-755.703613;1845.137573;0.000801;0.000000;0.000000;0.000000;0.000000;2.000000;-25.770248;-813.518066;1951.828491;0.000934;0.000000;0.000000;0.000000;0.000000;2.000000;-42.931381;-713.847839;1836.155640;0.000943;0.000000;0.000000;0.000000;0.000000;2.000000;-123.426422;-689.675049;1929.710205;0.000931;0.000000;0.000000;0.000000;0.000000;2.000000;20621332480.000000
0.000000;-150.000000;2000.000000;0.000000;0.000000;0.000000;0.000000;0.000000;2.000000;18.202850;-316.128174;2035.799805;0.040954;0.000000;0.000000;0.000000;0.000000;2.000000;31.048859;-449.740417;2061.343994;0.107657;0.000000;0.000000;0.000000;0.000000;2.000000;-14.118744;-645.579102;2007.807007;0.089911;0.000000;0.000000;0.000000;0.000000;2.000000;20.560074;-615.070557;1999.349365;0.098798;0.000000;0.000000;0.000000;0.000000;2.000000;131.459244;-604.998535;1919.630737;0.068785;0.000000;0.000000;0.000000;0.000000;2.000000;86.273308;-348.635162;1871.442627;0.087016;0.000000;0.000000;0.000000;0.000000;2.000000;-65.776245;-510.164429;1858.770020;0.371829;0.000000;0.000000;0.000000;0.000000;2.000000;-115.503464;-561.558594;1917.043213;0.290828;0.000000;0.000000;0.000000;0.000000;2.000000;-123.228958;-664.456360;1908.791382;0.094725;0.000000;0.000000;0.000000;0.000000;2.000000;-122.868546;-633.692993;1882.054688;0.143689;0.000000;0.000000;0.000000;0.000000;2.000000;-32.746597;-612.047058;2035.484009;0.085467;0.000000;0.000000;0.000000;0.000000;2.000000;-140.535233;-589.808594;2096.802979;0.131209;0.000000;0.000000;0.000000;0.000000;2.000000;-329.699463;-429.639435;1990.380493;0.172967;0.000000;0.000000;0.000000;0.000000;2.000000;-216.335526;-609.718445;1917.240723;0.054746;0.000000;0.000000;0.000000;0.000000;2.000000;-186.423477;-702.128784;1896.471191;0.354494;0.000000;0.000000;0.000000;0.000000;2.000000;-147.898270;-751.399292;1816.213379;0.224806;0.000000;0.000000;0.000000;0.000000;2.000000;-123.735580;-672.723999;1836.413818;0.139318;0.000000;0.000000;0.000000;0.000000;2.000000;76.464096;-150.721741;1957.771606;0.013266;0.000000;0.000000;0.000000;0.000000;2.000000;-31.948807;-75.607391;1597.639893;0.042462;0.000000;0.000000;0.000000;0.000000;2.000000;7.877518;288.752625;1597.668457;0.012383;0.000000;0.000000;0.000000;0.000000;2.000000;-30.353424;419.590088;1480.919922;0.052011;0.000000;0.000000;0.000000;0.000000;2.000000;-68.951065;-149.349182;2038.079346;0.011964;0.000000;0.000000;0.000000;0.000000;2.000000;-289.725525;-67.583313;1735.842773;0.028678;0.000000;0.000000;0.000000;0.000000;2.000000;-282.620728;300.215271;1692.720825;0.028397;0.000000;0.000000;0.000000;0.000000;2.000000;-349.777344;404.369385;1583.598145;0.066028;0.000000;0.000000;0.000000;0.000000;2.000000;-37.506866;-713.967285;1977.804565;0.089867;0.000000;0.000000;0.000000;0.000000;2.000000;-2.105698;-708.916931;1828.074341;0.233673;0.000000;0.000000;0.000000;0.000000;2.000000;-18.158737;-756.115601;1847.819458;0.087945;0.000000;0.000000;0.000000;0.000000;2.000000;-15.117554;-809.551514;1956.838013;0.356793;0.000000;0.000000;0.000000;0.000000;2.000000;-49.640411;-718.279602;1838.537231;0.240864;0.000000;0.000000;0.000000;0.000000;2.000000;-128.009842;-699.842529;1934.835327;0.352540;0.000000;0.000000;0.000000;0.000000;2.000000;20621367296.000000
0.000000;-150.000000;2000.000000;0.000000;0.000000;0.000000;0.000000;0.000000;2.000000;18.202850;-316.128174;2035.799805;0.000000;0.000000;0.000000;0.000000;0.000000;2.000000;31.048859;-449.740417;2061.343994;0.000000;0.000000;0.000000;0.000000;0.000000;2.000000;-14.118744;-645.579102;2007.807007;0.000000;0.000000;0.000000;0.000000;0.000000;2.000000;20.560074;-615.070557;1999.349365;0.000000;0.000000;0.000000;0.000000;0.000000;2.000000;131.459244;-604.998535;1919.630737;0.000000;0.000000;0.000000;0.000000;0.000000;2.000000;86.273308;-348.635162;1871.442627;0.000000;0.000000;0.000000;0.000000;0.000000;2.000000;-65.776245;-510.164429;1858.770020;0.000000;0.000000;0.000000;0.000000;0.000000;2.000000;-115.503464;-561.558594;1917.043213;0.000000;0.000000;0.000000;0.000000;0.000000;2.000000;-123.228958;-664.456360;1908.791382;0.000000;0.000000;0.000000;0.000000;0.000000;2.000000;-122.868546;-633.692993;1882.054688;0.000000;0.000000;0.000000;0.000000;0.000000;2.000000;-32.746597;-612.047058;2035.484009;0.000000;0.000000;0.000000;0.000000;0.000000;2.000000;-140.535233;-589.808594;2096.802979;0.000000;0.000000;0.000000;0.000000;0.000000;2.000000;-329.699463;-429.639435;1990.380493;0.000000;0.000000;0.000000;0.000000;0.000000;2.000000;-216.335526;-609.718445;1917.240723;0.000000;0.000000;0.000000;0.000000;0.000000;2.000000;-186.423477;-702.128784;1896.471191;0.000000;0.000000;0.000000;0.000000;0.000000;2.000000;-147.898270;-751.399292;1816.213379;0.000000;0.000000;0.000000;0.000000;0.000000;2.000000;-123.735580;-672.723999;1836.413818;0.000000;0.000000;0.000000;0.000000;0.000000;2.000000;76.464096;-150.721741;1957.771606;0.000000;0.000000;0.000000;0.000000;0.000000;2.000000;-31.948807;-75.607391;1597.639893;0.000000;0.000000;0.000000;0.000000;0.000000;2.000000;7.877518;288.752625;1597.668457;0.000000;0.000000;0.000000;0.000000;0.000000;2.000000;-30.353424;419.590088;1480.919922;0.000000;0.000000;0.000000;0.000000;0.000000;2.000000;-68.951065;-149.349182;2038.079346;0.000000;0.000000;0.000000;0.000000;0.000000;2.000000;-289.725525;-67.583313;1735.842773;0.000000;0.000000;0.000000;0.000000;0.000000;2.000000;-282.620728;300.215271;1692.720825;0.000000;0.000000;0.000000;0.000000;0.000000;2.000000;-349.777344;404.369385;1583.598145;0.000000;0.000000;0.000000;0.000000;0.000000;2.000000;-37.506866;-713.967285;1977.804565;0.000000;0.000000;0.000000;0.000000;0.000000;2.000000;-2.105698;-708.916931;1828.074341;0.000000;0.000000;0.000000;0.000000;0.000000;2.000000;-18.158737;-756.115601;1847.819458;0.000000;0.000000;0.000000;0.000000;0.000000;2.000000;-15.117554;-809.551514;1956.838013;0.000000;0.000000;0.000000;0.000000;0.000000;2.000000;-49.640411;-718.279602;1838.537231;0.000000;0.000000;0.000000;0.000000;0.000000;2.000000;-128.009842;-699.842529;1934.835327;0.000000;0.000000;0.000000;0.000000;0.000000;2.000000;20621400064.000000
0.000000;-149.999985;2000.000000;0.000000;0.000000;0.000000;0.000000;0.000000;2.000000;18.041122;-316.076263;2035.662598;0.006663;0.000000;0.000000;0.000000;0.000000;2.000000;31.316956;-449.389221;2062.123047;0.027332;0.000000;0.000000;0.000000;0.000000;2.000000;-18.614914;-643.638733;2007.493774;0.149750;0.000000;0.000000;0.000000;0.000000;2.000000;16.471420;-613.736328;1998.705078;0.132716;0.000000;0.000000;0.000000;0.000000;2.000000;126.285667;-604.927856;1917.481567;0.170980;0.000000;0.000000;0.000000;0.000000;2.000000;90.198212;-346.473389;1873.822266;0.154832;0.000000;0.000000;0.000000;0.000000;2.000000;-69.805542;-499.879852;1860.367065;0.340594;0.000000;0.000000;0.000000;0.000000;2.000000;-114.512909;-559.913635;1914.195801;0.104808;0.000000;0.000000;0.000000;0.000000;2.000000;-123.029755;-662.672913;1905.730835;0.108272;0.000000;0.000000;0.000000;0.000000;2.000000;-119.428040;-628.591431;1869.123291;0.437035;0.000000;0.000000;0.000000;0.000000;2.000000;-36.061981;-610.062866;2035.833618;0.118395;0.000000;0.000000;0.000000;0.000000;2.000000;-141.670563;-587.322510;2100.523438;0.140882;0.000000;0.000000;0.000000;0.000000;2.000000;-334.462463;-431.934601;1993.907227;0.193953;0.000000;0.000000;0.000000;0.000000;2.000000;-218.609344;-609.108093;1918.013428;0.075619;0.000000;0.000000;0.000000;0.000000;2.000000;-191.638428;-704.220947;1909.024780;0.419731;0.000000;0.000000;0.000000;0.000000;2.000000;-154.403931;-747.589355;1824.916504;0.351395;0.000000;0.000000;0.000000;0.000000;2.000000;-127.559082;-673.057129;1835.295532;0.121997;0.000000;0.000000;0.000000;0.000000;2.000000;76.279175;-150.831055;1957.541382;0.009609;0.000000;0.000000;0.000000;0.000000;2.000000;-31.601501;-75.978088;1597.425293;0.016829;0.000000;0.000000;0.000000;0.000000;2.000000;7.146759;288.290405;1596.974365;0.033838;0.000000;0.000000;0.000000;0.000000;2.000000;-29.862366;419.773376;1480.713745;0.017189;0.000000;0.000000;0.000000;0.000000;2.000000;-68.784286;-149.250580;2038.286621;0.008659;0.000000;0.000000;0.000000;0.000000;2.000000;-289.261566;-67.706268;1736.046753;0.015916;0.000000;0.000000;0.000000;0.000000;2.000000;-282.786224;299.837158;1692.444580;0.015157;0.000000;0.000000;0.000000;0.000000;2.000000;-349.655273;403.962891;1583.259033;0.016579;0.000000;0.000000;0.000000;0.000000;2.000000;-43.867813;-711.206848;1977.260498;0.212262;0.000000;0.000000;0.000000;0.000000;2.000000;0.480728;-709.339478;1829.948242;0.098320;0.000000;0.000000;0.000000;0.000000;2.000000;-16.729767;-756.095093;1849.690674;0.071855;0.000000;0.000000;0.000000;0.000000;2.000000;-20.276886;-807.139282;1959.758667;0.195331;0.000000;0.000000;0.000000;0.000000;2.000000;-47.572647;-718.526611;1837.718872;0.068283;0.000000;0.000000;0.000000;0.000000;2.000000;-131.561737;-698.126404;1928.641602;0.224098;0.000000;0.000000;0.000000;0.000000;2.000000;20621432832.000000
0.000000;-150.000015;2000.000000;0.000001;0.000000;0.000000;0.000000;0.000000;2.000000;18.028168;-316.055817;2035.628418;0.001203;0.000000;0.000000;0.000000;0.000000;2.000000;31.259628;-449.367584;2061.999023;0.003973;0.000000;0.000000;0.000000;0.000000;2.000000;-18.911728;-643.479309;2007.231567;0.012262;0.000000;0.000000;0.000000;0.000000;2.000000;16.233200;-613.638672;1998.509155;0.009293;0.000000;0.000000;0.000000;0.000000;2.000000;126.146095;-604.908386;1917.449341;0.004152;0.000000;0.000000;0.000000;0.000000;2.000000;90.507591;-346.396271;1874.030029;0.010931;0.000000;0.000000;0.000000;0.000000;2.000000;-69.686584;-499.526917;1860.312256;0.010813;0.000000;0.000000;0.000000;0.000000;2.000000;-114.546600;-559.387878;1914.180176;0.015139;0.000000;0.000000;0.000000;0.000000;2.000000;-123.314880;-662.145386;1906.173340;0.021405;0.000000;0.000000;0.000000;0.000000;2.000000;-119.279358;-628.224487;1868.960693;0.012293;0.000000;0.000000;0.000000;0.000000;2.000000;-36.341949;-609.889526;2035.552246;0.012440;0.000000;0.000000;0.000000;0.000000;2.000000;-142.192108;-586.520752;2099.579102;0.038606;0.000000;0.000000;0.000000;0.000000;2.000000;-332.620911;-429.942871;1990.596802;0.122928;0.000000;0.000000;0.000000;0.000000;2.000000;-218.233215;-608.850647;1916.685669;0.040321;0.000000;0.000000;0.000000;0.000000;2.000000;-192.375610;-704.309021;1908.290649;0.029989;0.000000;0.000000;0.000000;0.000000;2.000000;-154.975159;-748.234741;1824.566650;0.026717;0.000000;0.000000;0.000000;0.000000;2.000000;-127.348267;-674.558350;1835.237305;0.043574;0.000000;0.000000;0.000000;0.000000;2.000000;76.276405;-150.823380;1957.566162;0.000749;0.000000;0.000000;0.000000;0.000000;2.000000;-31.559128;-75.987854;1597.500854;0.002504;0.000000;0.000000;0.000000;0.000000;2.000000;7.146515;288.223755;1597.059814;0.003113;0.000000;0.000000;0.000000;0.000000;2.000000;-29.843506;419.694885;1480.825806;0.003967;0.000000;0.000000;0.000000;0.000000;2.000000;-68.781784;-149.257553;2038.264282;0.000676;0.000000;0.000000;0.000000;0.000000;2.000000;-289.143555;-67.706146;1736.022949;0.003458;0.000000;0.000000;0.000000;0.000000;2.000000;-282.680176;299.775879;1692.424072;0.003567;0.000000;0.000000;0.000000;0.000000;2.000000;-349.450378;403.720581;1583.047241;0.010958;0.000000;0.000000;0.000000;0.000000;2.000000;-44.229370;-710.981934;1976.939941;0.015308;0.000000;0.000000;0.000000;0.000000;2.000000;-1.104935;-709.183594;1829.290527;0.049509;0.000000;0.000000;0.000000;0.000000;2.000000;-18.364548;-755.869507;1849.130371;0.050057;0.000000;0.000000;0.000000;0.000000;2.000000;-21.233475;-806.990234;1959.160522;0.032686;0.000000;0.000000;0.000000;0.000000;2.000000;-49.126175;-718.153931;1837.450684;0.046529;0.000000;0.000000;0.000000;0.000000;2.000000;-132.247833;-697.452881;1929.071045;0.030244;0.000000;0.000000;0.000000;0.000000;2.000000;20621467648.000000
0.000000;-149.999985;2000.000000;0.000001;0.000000;0.000000;0.000000;0.000000;2.000000;18.027252;-316.055573;2035.627686;0.000037;0.000000;0.000000;0.000000;0.000000;2.000000;31.256882;-449.367676;2061.996094;0.000123;0.000000;0.000000;0.000000;0.000000;2.000000;-18.921814;-643.475525;2007.223511;0.000411;0.000000;0.000000;0.000000;0.000000;2.000000;16.224319;-613.636230;1998.501953;0.000357;0.000000;0.000000;0.000000;0.000000;2.000000;126.138382;-604.908203;1917.444092;0.000285;0.000000;0.000000;0.000000;0.000000;2.000000;90.515465;-346.393127;1874.034424;0.000291;0.000000;0.000000;0.000000;0.000000;2.000000;-69.688034;-499.512207;1860.305786;0.000492;0.000000;0.000000;0.000000;0.000000;2.000000;-114.553543;-559.373291;1914.168579;0.000607;0.000000;0.000000;0.000000;0.000000;2.000000;-123.325943;-662.129272;1906.150024;0.000928;0.000000;0.000000;0.000000;0.000000;2.000000;-119.288467;-628.207520;1868.939453;0.000875;0.000000;0.000000;0.000000;0.000000;2.000000;-36.350861;-609.885803;2035.544678;0.000374;0.000000;0.000000;0.000000;0.000000;2.000000;-142.201340;-586.510864;2099.568359;0.000527;0.000000;0.000000;0.000000;0.000000;2.000000;-332.609436;-429.913574;1990.579468;0.001096;0.000000;0.000000;0.000000;0.000000;2.000000;-218.239975;-608.832886;1916.669922;0.000753;0.000000;0.000000;0.000000;0.000000;2.000000;-192.394485;-704.293335;1908.264160;0.001102;0.000000;0.000000;0.000000;0.000000;2.000000;-154.990555;-748.210266;1824.537354;0.001256;0.000000;0.000000;0.000000;0.000000;2.000000;-127.355026;-674.540100;1835.221924;0.000757;0.000000;0.000000;0.000000;0.000000;2.000000;76.276192;-150.823563;1957.566406;0.000011;0.000000;0.000000;0.000000;0.000000;2.000000;-31.558899;-75.986969;1597.502319;0.000053;0.000000;0.000000;0.000000;0.000000;2.000000;7.148239;288.223572;1597.062012;0.000085;0.000000;0.000000;0.000000;0.000000;2.000000;-29.841080;419.694824;1480.828735;0.000116;0.000000;0.000000;0.000000;0.000000;2.000000;-68.781586;-149.257324;2038.264282;0.000009;0.000000;0.000000;0.000000;0.000000;2.000000;-289.143616;-67.703491;1736.024902;0.000101;0.000000;0.000000;0.000000;0.000000;2.000000;-282.678650;299.777771;1692.428711;0.000160;0.000000;0.000000;0.000000;0.000000;2.000000;-349.449219;403.723755;1583.053955;0.000229;0.000000;0.000000;0.000000;0.000000;2.000000;-44.241913;-710.976196;1976.930054;0.000518;0.000000;0.000000;0.000000;0.000000;2.000000;-1.142624;-709.176147;1829.273682;0.001280;0.000000;0.000000;0.000000;0.000000;2.000000;-18.402679;-755.861267;1849.114990;0.001280;0.000000;0.000000;0.000000;0.000000;2.000000;-21.257050;-806.985474;1959.143311;0.000903;0.000000;0.000000;0.000000;0.000000;2.000000;-49.163101;-718.142822;1837.441650;0.001209;0.000000;0.000000;0.000000;0.000000;2.000000;-132.267197;-697.438110;1929.076782;0.000764;0.000000;0.000000;0.000000;0.000000;2.000000;20621500416.000000
0.000000;-150.000000;2000.000000;0.000000;0.000000;0.000000;0.000000;0.000000;2.000000;17.991608;-316.028015;2035.588989;0.001812;0.000000;0.000000;0.000000;0.000000;2.000000;31.139572;-449.341400;2061.831543;0.006219;0.000000;0.000000;0.000000;0.000000;2.000000;-19.362457;-643.241455;2006.798950;0.019993;0.000000;0.000000;0.000000;0.000000;2.000000;15.834183;-613.462341;1998.132690;0.017231;0.000000;0.000000;0.000000;0.000000;2.000000;125.825142;-604.854797;1917.218506;0.011892;0.000000;0.000000;0.000000;0.000000;2.000000;90.998344;-346.212646;1874.286499;0.017512;0.000000;0.000000;0.000000;0.000000;2.000000;-69.588654;-498.786102;1859.796631;0.027233;0.000000;0.000000;0.000000;0.000000;2.000000;-114.652985;-558.815918;1913.268555;0.032449;0.000000;0.000000;0.000000;0.000000;2.000000;-123.622559;-661.485596;1904.684448;0.049681;0.000000;0.000000;0.000000;0.000000;2.000000;-119.283539;-627.479370;1867.297974;0.054802;0.000000;0.000000;0.000000;0.000000;2.000000;-36.737350;-609.664001;2035.150269;0.018161;0.000000;0.000000;0.000000;0.000000;2.000000;-142.577820;-586.023010;2099.036377;0.024844;0.000000;0.000000;0.000000;0.000000;2.000000;-332.001495;-428.499878;1989.817383;0.052406;0.000000;0.000000;0.000000;0.000000;2.000000;-218.580933;-607.960815;1915.913574;0.036733;0.000000;0.000000;0.000000;0.000000;2.000000;-193.368408;-703.488770;1906.660034;0.062312;0.000000;0.000000;0.000000;0.000000;2.000000;-155.888062;-746.803345;1822.681885;0.076158;0.000000;0.000000;0.000000;0.000000;2.000000;-127.964172;-673.512817;1834.157715;0.048818;0.000000;0.000000;0.000000;0.000000;2.000000;76.258247;-150.830338;1957.574951;0.000641;0.000000;0.000000;0.000000;0.000000;2.000000;-31.631683;-75.971832;1597.624023;0.004352;0.000000;0.000000;0.000000;0.000000;2.000000;7.108490;288.151855;1597.194580;0.004757;0.000000;0.000000;0.000000;0.000000;2.000000;-29.882385;419.661255;1481.067505;0.007466;0.000000;0.000000;0.000000;0.000000;2.000000;-68.765411;-149.251251;2038.256714;0.000576;0.000000;0.000000;0.000000;0.000000;2.000000;-289.121979;-67.615234;1736.145264;0.004602;0.000000;0.000000;0.000000;0.000000;2.000000;-282.614319;299.792542;1692.646240;0.006937;0.000000;0.000000;0.000000;0.000000;2.000000;-349.413055;403.757202;1583.362671;0.009540;0.000000;0.000000;0.000000;0.000000;2.000000;-44.788574;-710.640747;1976.414551;0.025112;0.000000;0.000000;0.000000;0.000000;2.000000;-2.685684;-708.518188;1828.511475;0.056229;0.000000;0.000000;0.000000;0.000000;2.000000;-20.121674;-755.157715;1848.272949;0.062236;0.000000;0.000000;0.000000;0.000000;2.000000;-22.576950;-806.705872;1958.082886;0.052370;0.000000;0.000000;0.000000;0.000000;2.000000;-50.698380;-717.194153;1836.966064;0.056956;0.000000;0.000000;0.000000;0.000000;2.000000;-133.021790;-696.317139;1929.225708;0.041488;0.000000;0.000000;0.000000;0.000000;2.000000;20621533184.000000
0.000000;-150.000000;2000.000000;0.000000;0.000000;0.000000;0.000000;0.000000;2.000000;17.412857;-314.656769;2034.421387;0.057730;0.000000;0.000000;0.000000;0.000000;2.000000;30.073944;-446.859314;2059.739746;0.104261;0.000000;0.000000;0.000000;0.000000;2.000000;-17.853775;-639.760681;2006.398193;0.116418;0.000000;0.000000;0.000000;0.000000;2.000000;16.727982;-609.972900;1997.706421;0.110694;0.000000;0.000000;0.000000;0.000000;2.000000;125.156624;-605.192261;1916.571899;0.030194;0.000000;0.000000;0.000000;0.000000;2.000000;97.854881;-348.117737;1874.312134;0.217173;0.000000;0.000000;0.000000;0.000000;2.000000;-63.522064;-496.996033;1862.895264;0.214947;0.000000;0.000000;0.000000;0.000000;2.000000;-111.015015;-558.734619;1910.482178;0.139867;0.000000;0.000000;0.000000;0.000000;2.000000;-120.869354;-660.686584;1910.696411;0.203262;0.000000;0.000000;0.000000;0.000000;2.000000;-115.422882;-624.420044;1867.299316;0.150325;0.000000;0.000000;0.000000;0.000000;2.000000;-35.472107;-606.493774;2034.209473;0.108052;0.000000;0.000000;0.000000;0.000000;2.000000;-140.044739;-587.140442;2099.252441;0.084748;0.000000;0.000000;0.000000;0.000000;2.000000;-326.589264;-427.201721;1995.040039;0.232923;0.000000;0.000000;0.000000;0.000000;2.000000;-219.560272;-607.646240;1920.516724;0.143942;0.000000;0.000000;0.000000;0.000000;2.000000;-190.087616;-698.600830;1897.760620;0.325631;0.000000;0.000000;0.000000;0.000000;2.000000;-160.956787;-761.957520;1825.140625;0.493391;0.000000;0.000000;0.000000;0.000000;2.000000;-132.432404;-673.213013;1837.460449;0.169813;0.000000;0.000000;0.000000;0.000000;2.000000;75.112183;-150.994476;1957.245850;0.036732;0.000000;0.000000;0.000000;0.000000;2.000000;-27.318756;-75.998871;1599.622803;0.145070;0.000000;0.000000;0.000000;0.000000;2.000000;9.349747;284.811737;1598.002441;0.125205;0.000000;0.000000;0.000000;0.000000;2.000000;-25.841522;418.343048;1486.347656;0.206859;0.000000;0.000000;0.000000;0.000000;2.000000;-67.731964;-149.103256;2038.553345;0.033121;0.000000;0.000000;0.000000;0.000000;2.000000;-286.433319;-66.811920;1740.059326;0.146973;0.000000;0.000000;0.000000;0.000000;2.000000;-281.217346;296.532196;1692.444580;0.108421;0.000000;0.000000;0.000000;0.000000;2.000000;-345.323151;400.966888;1584.376099;0.154228;0.000000;0.000000;0.000000;0.000000;2.000000;-42.279877;-706.966553;1976.689453;0.136031;0.000000;0.000000;0.000000;0.000000;2.000000;-3.590256;-708.517456;1829.372070;0.038103;0.000000;0.000000;0.000000;0.000000;2.000000;-20.918121;-754.085205;1850.310303;0.074349;0.000000;0.000000;0.000000;0.000000;2.000000;-21.622879;-802.714111;1960.199341;0.140923;0.000000;0.000000;0.000000;0.000000;2.000000;-51.044876;-716.421997;1838.901855;0.064475;0.000000;0.000000;0.000000;0.000000;2.000000;-130.465393;-692.886292;1931.441528;0.147042;0.000000;0.000000;0.000000;0.000000;2.000000;20621565952.000000
0.000000;-149.999985;2000.000000;0.000000;0.000000;0.000000;0.000000;0.000000;2.000000;17.652786;-314.691406;2034.316772;0.007583;0.000000;0.000000;0.000000;0.000000;2.000000;30.533630;-446.911438;2059.591797;0.013951;0.000000;0.000000;0.000000;0.000000;2.000000;-16.467865;-639.938232;2005.707397;0.044769;0.000000;0.000000;0.000000;0.000000;2.000000;18.007828;-609.974182;1997.146362;0.040126;0.000000;0.000000;0.000000;0.000000;2.000000;126.734756;-604.604370;1916.398926;0.048625;0.000000;0.000000;0.000000;0.000000;2.000000;97.637825;-347.708435;1873.893677;0.017931;0.000000;0.000000;0.000000;0.000000;2.000000;-62.545868;-497.937225;1862.429443;0.041182;0.000000;0.000000;0.000000;0.000000;2.000000;-110.656967;-558.961548;1910.354004;0.012720;0.000000;0.000000;0.000000;0.000000;2.000000;-120.424484;-660.932373;1911.948364;0.038809;0.000000;0.000000;0.000000;0.000000;2.000000;-116.062546;-624.152710;1872.514160;0.151101;0.000000;0.000000;0.000000;0.000000;2.000000;-34.285721;-606.804810;2033.568481;0.039748;0.000000;0.000000;0.000000;0.000000;2.000000;-138.901016;-587.768433;2098.688965;0.040822;0.000000;0.000000;0.000000;0.000000;2.000000;-325.928040;-427.633331;1995.497192;0.026207;0.000000;0.000000;0.000000;0.000000;2.000000;-219.830185;-608.139893;1919.657471;0.029500;0.000000;0.000000;0.000000;0.000000;2.000000;-190.075638;-699.747437;1900.005493;0.072403;0.000000;0.000000;0.000000;0.000000;2.000000;-162.419235;-765.036255;1828.498291;0.137422;0.000000;0.000000;0.000000;0.000000;2.000000;-131.105423;-671.755859;1835.028564;0.089907;0.000000;0.000000;0.000000;0.000000;2.000000;75.182495;-150.833038;1957.327515;0.005575;0.000000;0.000000;0.000000;0.000000;2.000000;-26.121872;-76.261902;1599.206543;0.037173;0.000000;0.000000;0.000000;0.000000;2.000000;10.174942;284.663147;1596.946167;0.038735;0.000000;0.000000;0.000000;0.000000;2.000000;-25.436996;418.133118;1485.289063;0.033104;0.000000;0.000000;0.000000;0.000000;2.000000;-67.795364;-149.248795;2038.479736;0.005026;0.000000;0.000000;0.000000;0.000000;2.000000;-285.938293;-66.841064;1739.503540;0.021394;0.000000;0.000000;0.000000;0.000000;2.000000;-281.021484;296.682190;1692.607788;0.008496;0.000000;0.000000;0.000000;0.000000;2.000000;-345.474609;401.807739;1585.364502;0.037526;0.000000;0.000000;0.000000;0.000000;2.000000;-40.552322;-707.195740;1975.792969;0.056289;0.000000;0.000000;0.000000;0.000000;2.000000;-6.967606;-707.697327;1827.187012;0.117915;0.000000;0.000000;0.000000;0.000000;2.000000;-23.763748;-753.374390;1848.348633;0.101350;0.000000;0.000000;0.000000;0.000000;2.000000;-20.887131;-802.909058;1957.825928;0.071590;0.000000;0.000000;0.000000;0.000000;2.000000;-54.109406;-715.489014;1838.288330;0.093682;0.000000;0.000000;0.000000;0.000000;2.000000;-130.204239;-692.385071;1933.722778;0.067504;0.000000;0.000000;0.000000;0.000000;2.000000;20621600768.000000
0.000000;-150.000000;2000.000000;0.000000;0.000000;0.000000;0.000000;0.000000;2.000000;17.134262;-315.810089;2034.450928;0.037851;0.000000;0.000000;0.000000;0.000000;2.000000;28.146866;-449.519226;2057.214355;0.130011;0.000000;0.000000;0.000000;0.000000;2.000000;-18.181976;-644.007629;2003.043945;0.157372;0.000000;0.000000;0.000000;0.000000;2.000000;16.442902;-613.742126;1994.554443;0.147512;0.000000;0.000000;0.000000;0.000000;2.000000;126.054932;-603.835693;1913.998169;0.079678;0.000000;0.000000;0.000000;0.000000;2.000000;110.697243;-344.800507;1867.310547;0.455052;0.000000;0.000000;0.000000;0.000000;2.000000;-56.821014;-486.721680;1839.652588;0.794248;0.000000;0.000000;0.000000;0.000000;2.000000;-98.162781;-546.218872;1896.145996;0.696141;0.000000;0.000000;0.000000;0.000000;2.000000;-114.988495;-646.227173;1914.682861;0.485671;0.000000;0.000000;0.000000;0.000000;2.000000;-109.669373;-602.256409;1886.409180;0.815106;0.000000;0.000000;0.000000;0.000000;2.000000;-36.369064;-610.690735;2030.943481;0.156598;0.000000;0.000000;0.000000;0.000000;2.000000;-143.045258;-591.842529;2094.256348;0.223052;0.000000;0.000000;0.000000;0.000000;2.000000;-326.586792;-421.276031;1997.356567;0.203135;0.000000;0.000000;0.000000;0.000000;2.000000;-220.164642;-602.561646;1919.726563;0.170553;0.000000;0.000000;0.000000;0.000000;2.000000;-192.803131;-696.882202;1907.880005;0.268930;0.000000;0.000000;0.000000;0.000000;2.000000;-166.510376;-760.426514;1833.452148;0.241316;0.000000;0.000000;0.000000;0.000000;2.000000;-132.928558;-671.927246;1836.208252;0.066476;0.000000;0.000000;0.000000;0.000000;2.000000;75.935936;-150.970856;1957.560425;0.024431;0.000000;0.000000;0.000000;0.000000;2.000000;-25.342300;-77.594086;1596.658691;0.090910;0.000000;0.000000;0.000000;0.000000;2.000000;12.797943;285.441010;1597.113525;0.083649;0.000000;0.000000;0.000000;0.000000;2.000000;-26.322998;417.718414;1483.447510;0.063637;0.000000;0.000000;0.000000;0.000000;2.000000;-68.474762;-149.124542;2038.269653;0.022031;0.000000;0.000000;0.000000;0.000000;2.000000;-285.343475;-68.659332;1734.837891;0.153889;0.000000;0.000000;0.000000;0.000000;2.000000;-279.609436;297.634735;1691.671631;0.059314;0.000000;0.000000;0.000000;0.000000;2.000000;-345.902344;403.458282;1584.665894;0.056233;0.000000;0.000000;0.000000;0.000000;2.000000;-42.025604;-711.818665;1972.921997;0.172051;0.000000;0.000000;0.000000;0.000000;2.000000;-7.430115;-712.032471;1823.563965;0.172994;0.000000;0.000000;0.000000;0.000000;2.000000;-23.994461;-758.154297;1844.783203;0.182119;0.000000;0.000000;0.000000;0.000000;2.000000;-21.199081;-807.940247;1954.978516;0.176681;0.000000;0.000000;0.000000;0.000000;2.000000;-54.848160;-720.334106;1834.484863;0.189325;0.000000;0.000000;0.000000;0.000000;2.000000;-132.155914;-697.809937;1930.102783;0.207750;0.000000;0.000000;0.000000;0.000000;2.000000;20621633536.000000
0.000000;-150.000000;2000.000000;0.000000;0.000000;0.000000;0.000000;0.000000;2.000000;17.040085;-315.663727;2034.461548;0.005321;0.000000;0.000000;0.000000;0.000000;2.000000;28.076950;-449.216675;2057.413330;0.011255;0.000000;0.000000;0.000000;0.000000;2.000000;-18.452759;-643.699463;2004.098877;0.034542;0.000000;0.000000;0.000000;0.000000;2.000000;16.186432;-613.544128;1995.503174;0.030595;0.000000;0.000000;0.000000;0.000000;2.000000;125.692406;-604.349365;1914.921509;0.034090;0.000000;0.000000;0.000000;0.000000;2.000000;113.630402;-345.412109;1868.033691;0.094064;0.000000;0.000000;0.000000;0.000000;2.000000;-55.842972;-484.916931;1841.577393;0.085876;0.000000;0.000000;0.000000;0.000000;2.000000;-97.927902;-543.299927;1898.551025;0.115643;0.000000;0.000000;0.000000;0.000000;2.000000;-115.823410;-643.116821;1916.606689;0.114482;0.000000;0.000000;0.000000;0.000000;2.000000;-110.978439;-597.993713;1890.707886;0.189020;0.000000;0.000000;0.000000;0.000000;2.000000;-36.590378;-610.268738;2031.823975;0.030553;0.000000;0.000000;0.000000;0.000000;2.000000;-143.467789;-590.984558;2094.443359;0.029739;0.000000;0.000000;0.000000;0.000000;2.000000;-325.602844;-420.814850;1994.884399;0.082411;0.000000;0.000000;0.000000;0.000000;2.000000;-219.418961;-603.301331;1920.373779;0.037650;0.000000;0.000000;0.000000;0.000000;2.000000;-194.094589;-698.601318;1913.686157;0.188949;0.000000;0.000000;0.000000;0.000000;2.000000;-165.291122;-756.833374;1836.032959;0.140041;0.000000;0.000000;0.000000;0.000000;2.000000;-128.921799;-669.514038;1837.028564;0.144920;0.000000;0.000000;0.000000;0.000000;2.000000;75.863251;-151.019257;1957.588501;0.002799;0.000000;0.000000;0.000000;0.000000;2.000000;-25.635422;-77.192535;1597.196533;0.022352;0.000000;0.000000;0.000000;0.000000;2.000000;12.852432;285.482025;1598.038330;0.028299;0.000000;0.000000;0.000000;0.000000;2.000000;-26.687302;418.148773;1485.221436;0.056805;0.000000;0.000000;0.000000;0.000000;2.000000;-68.409225;-149.080902;2038.244141;0.002526;0.000000;0.000000;0.000000;0.000000;2.000000;-285.062500;-67.992157;1735.246826;0.025374;0.000000;0.000000;0.000000;0.000000;2.000000;-279.505676;298.027252;1692.503540;0.028250;0.000000;0.000000;0.000000;0.000000;2.000000;-345.930054;403.442780;1585.399170;0.022399;0.000000;0.000000;0.000000;0.000000;2.000000;-42.354843;-711.545898;1974.282104;0.043510;0.000000;0.000000;0.000000;0.000000;2.000000;-7.518707;-710.965027;1825.119385;0.057634;0.000000;0.000000;0.000000;0.000000;2.000000;-24.764511;-756.986206;1845.891113;0.054462;0.000000;0.000000;0.000000;0.000000;2.000000;-22.887436;-807.712219;1955.559082;0.054928;0.000000;0.000000;0.000000;0.000000;2.000000;-55.028885;-718.674866;1835.876221;0.066312;0.000000;0.000000;0.000000;0.000000;2.000000;-132.116898;-695.894043;1931.466919;0.071785;0.000000;0.000000;0.000000;0.000000;2.000000;20621666304.000000
