posX0;posY0;posZ0;posVel0;rotX0;rotY0;rotZ0;rotVel0;confidence0;posX1;posY1;posZ1;posVel1;rotX1;rotY1;rotZ1;rotVel1;confidence1;posX2;posY2;posZ2;posVel2;rotX2;rotY2;rotZ2;rotVel2;confidence2;posX3;posY3;posZ3;posVel3;rotX3;rotY3;rotZ3;rotVel3;confidence3;posX4;posY4;posZ4;posVel4;rotX4;rotY4;rotZ4;rotVel4;confidence4;posX5;posY5;posZ5;posVel5;rotX5;rotY5;rotZ5;rotVel5;confidence5;posX6;posY6;posZ6;posVel6;rotX6;rotY6;rotZ6;rotVel6;confidence6;posX7;posY7;posZ7;posVel7;rotX7;rotY7;rotZ7;rotVel7;confidence7;posX8;posY8;posZ8;posVel8;rotX8;rotY8;rotZ8;rotVel8;confidence8;posX9;posY9;posZ9;posVel9;rotX9;rotY9;rotZ9;rotVel9;confidence9;posX10;posY10;posZ10;posVel10;rotX10;rotY10;rotZ10;rotVel10;confidence10;posX11;posY11;posZ11;posVel11;rotX11;rotY11;rotZ11;rotVel11;confidence11;posX12;posY12;posZ12;posVel12;rotX12;rotY12;rotZ12;rotVel12;confidence12;posX13;posY13;posZ13;posVel13;rotX13;rotY13;rotZ13;rotVel13;confidence13;posX14;posY14;posZ14;posVel14;rotX14;rotY14;rotZ14;rotVel14;confidence14;posX15;posY15;posZ15;posVel15;rotX15;rotY15;rotZ15;rotVel15;confidence15;posX16;posY16;posZ16;posVel16;rotX16;rotY16;rotZ16;rotVel16;confidence16;posX17;posY17;posZ17;posVel17;rotX17;rotY17;rotZ17;rotVel17;confidence17;posX18;posY18;posZ18;posVel18;rotX18;rotY18;rotZ18;rotVel18;confidence18;posX19;posY19;posZ19;posVel19;rotX19;rotY19;rotZ19;rotVel19;confidence19;posX20;posY20;posZ20;posVel20;rotX20;rotY20;rotZ20;rotVel20;confidence20;posX21;posY21;posZ21;posVel21;rotX21;rotY21;rotZ21;rotVel21;confidence21;posX22;posY22;posZ22;posVel22;rotX22;rotY22;rotZ22;rotVel22;confidence22;posX23;posY23;posZ23;posVel23;rotX23;rotY23;rotZ23;rotVel23;confidence23;posX24;posY24;posZ24;posVel24;rotX24;rotY24;rotZ24;rotVel24;confidence24;posX25;posY25;posZ25;posVel25;rotX25;rotY25;rotZ25;rotVel25;confidence25;posX26;posY26;posZ26;posVel26;rotX26;rotY26;rotZ26;rotVel26;confidence26;posX27;posY27;posZ27;posVel27;rotX27;rotY27;rotZ27;rotVel27;confidence27;posX28;posY28;posZ28;posVel28;rotX28;rotY28;rotZ28;rotVel28;confidence28;posX29;posY29;posZ29;posVel29;rotX29;rotY29;rotZ29;rotVel29;confidence29;posX30;posY30;posZ30;posVel30;rotX30;rotY30;rotZ30;rotVel30;confidence30;posX31;posY31;posZ31;posVel31;rotX31;rotY31;rotZ31;rotVel31;confidence31;TimeStamp
0.000000;-150.000015;2000.000000;0.000000;0.000000;0.000000;0.000000;0.000000;2.000000;-30.023407;-297.309357;2052.425293;0.000000;0.000000;0.000000;0.000000;0.000000;2.000000;-27.300041;-424.565399;2052.035645;0.000000;0.000000;0.000000;0.000000;0.000000;2.000000;18.006878;-607.500732;2007.064941;0.000000;0.000000;0.000000;0.000000;0.000000;2.000000;34.038704;-576.341125;2033.246948;0.000000;0.000000;0.000000;0.000000;0.000000;2.000000;137.335419;-560.274658;2106.373047;0.000000;0.000000;0.000000;0.000000;0.000000;2.000000;204.598572;-325.907532;2143.368164;0.000000;0.000000;0.000000;0.000000;0.000000;2.000000;207.863571;-407.464844;1953.151489;0.000000;0.000000;0.000000;0.000000;0.000000;2.000000;252.520920;-477.579590;1931.366699;0.000000;0.000000;0.000000;0.000000;0.000000;2.000000;191.548859;-501.170288;1860.479248;0.000000;0.000000;0.000000;0.000000;0.000000;2.000000;201.901932;-507.455322;1875.277832;0.000000;0.000000;0.000000;0.000000;0.000000;2.000000;-13.961563;-578.812256;1997.234985;0.000000;0.000000;0.000000;0.000000;0.000000;2.000000;-93.706863;-593.473511;1912.380249;0.000000;0.000000;0.000000;0.000000;0.000000;2.000000;10.700375;-455.943390;1729.818848;0.000000;0.000000;0.000000;0.000000;0.000000;2.000000;156.135895;-578.320068;1818.185791;0.000000;0.000000;0.000000;0.000000;0.000000;2.000000;164.804657;-635.841309;1890.142212;0.000000;0.000000;0.000000;0.000000;0.000000;2.000000;234.292313;-686.571472;1929.921143;0.000000;0.000000;0.000000;0.000000;0.000000;1.000000;194.044235;-646.654724;1897.949829;0.000000;0.000000;0.000000;0.000000;0.000000;2.000000;68.920837;-148.657516;2043.242432;0.000000;0.000000;0.000000;0.000000;0.000000;2.000000;117.237823;-31.332153;1709.257813;0.000000;0.000000;0.000000;0.000000;0.000000;2.000000;112.086327;309.606018;1691.394043;0.000000;0.000000;0.000000;0.000000;0.000000;2.000000;135.093689;448.590698;1601.360107;0.000000;0.000000;0.000000;0.000000;0.000000;2.000000;-62.148956;-151.210602;1961.006348;0.000000;0.000000;0.000000;0.000000;0.000000;2.000000;152.896667;-128.984177;1677.048096;0.000000;0.000000;0.000000;0.000000;0.000000;2.000000;249.832794;200.270996;1641.768433;0.000000;0.000000;0.000000;0.000000;0.000000;2.000000;328.325317;311.031860;1569.433594;0.000000;0.000000;0.000000;0.000000;0.000000;2.000000;41.483414;-671.499573;1981.228760;0.000000;0.000000;0.000000;0.000000;0.000000;2.000000;68.067787;-652.969666;1841.532715;0.000000;0.000000;0.000000;0.000000;0.000000;2.000000;104.403038;-673.304382;1869.126709;0.000000;0.000000;0.000000;0.000000;0.000000;2.000000;134.894470;-668.531372;1977.972168;0.000000;0.000000;0.000000;0.000000;0.000000;2.000000;66.349937;-696.827087;1855.867432;0.000000;0.000000;0.000000;0.000000;0.000000;2.000000;19.921288;-755.972717;1945.413208;0.000000;0.000000;0.000000;0.000000;0.000000;2.000000;20322099200.000000
0.000000;-150.000000;2000.000000;0.000000;0.000000;0.000000;0.000000;0.000000;2.000000;-29.988190;-297.237091;2052.469727;0.002638;0.000000;0.000000;0.000000;0.000000;2.000000;-27.245583;-424.445740;2052.125000;0.004566;0.000000;0.000000;0.000000;0.000000;2.000000;18.277840;-607.264404;2007.207397;0.011108;0.000000;0.000000;0.000000;0.000000;2.000000;34.266102;-576.089539;2033.370728;0.010369;0.000000;0.000000;0.000000;0.000000;2.000000;137.559174;-559.792114;2106.368408;0.015278;0.000000;0.000000;0.000000;0.000000;2.000000;204.192108;-325.558228;2144.714844;0.041630;0.000000;0.000000;0.000000;0.000000;2.000000;207.553741;-405.064087;1953.716187;0.071394;0.000000;0.000000;0.000000;0.000000;2.000000;252.406189;-474.603821;1930.652100;0.087963;0.000000;0.000000;0.000000;0.000000;2.000000;191.463104;-496.938965;1859.382446;0.125575;0.000000;0.000000;0.000000;0.000000;2.000000;201.590393;-503.175568;1873.681396;0.131503;0.000000;0.000000;0.000000;0.000000;2.000000;-13.717270;-578.630554;1997.378418;0.009667;0.000000;0.000000;0.000000;0.000000;2.000000;-93.286522;-593.457336;1912.447144;0.012234;0.000000;0.000000;0.000000;0.000000;2.000000;10.646767;-455.426208;1730.121582;0.017281;0.000000;0.000000;0.000000;0.000000;2.000000;156.510559;-576.885254;1818.863892;0.046835;0.000000;0.000000;0.000000;0.000000;2.000000;165.361694;-634.068665;1891.022949;0.059061;0.000000;0.000000;0.000000;0.000000;2.000000;235.233185;-684.000854;1931.054810;0.085100;0.000000;0.000000;0.000000;0.000000;2.000000;194.453186;-644.514893;1899.153931;0.071495;0.000000;0.000000;0.000000;0.000000;2.000000;68.899834;-148.631653;2043.218384;0.001180;0.000000;0.000000;0.000000;0.000000;2.000000;117.094475;-31.370605;1709.334961;0.004804;0.000000;0.000000;0.000000;0.000000;2.000000;111.932121;309.435181;1691.361572;0.006676;0.000000;0.000000;0.000000;0.000000;2.000000;134.983368;448.358276;1601.358887;0.007390;0.000000;0.000000;0.000000;0.000000;2.000000;-62.130013;-151.233887;1961.027954;0.001062;0.000000;0.000000;0.000000;0.000000;2.000000;152.682526;-129.171906;1677.046387;0.008180;0.000000;0.000000;0.000000;0.000000;2.000000;249.503754;199.954224;1641.496582;0.015267;0.000000;0.000000;0.000000;0.000000;2.000000;327.738892;310.641174;1568.891357;0.025538;0.000000;0.000000;0.000000;0.000000;2.000000;41.826134;-671.214905;1981.392822;0.013637;0.000000;0.000000;0.000000;0.000000;2.000000;67.924042;-653.501709;1841.553467;0.015841;0.000000;0.000000;0.000000;0.000000;2.000000;104.273811;-673.832886;1869.097534;0.015650;0.000000;0.000000;0.000000;0.000000;2.000000;135.200043;-668.633240;1977.756958;0.011127;0.000000;0.000000;0.000000;0.000000;2.000000;66.090813;-697.262939;1856.111206;0.016160;0.000000;0.000000;0.000000;0.000000;2.000000;19.799538;-755.750488;1946.102661;0.021098;0.000000;0.000000;0.000000;0.000000;2.000000;20322134016.000000
0.000000;-149.999985;2000.000000;0.000000;0.000000;0.000000;0.000000;0.000000;2.000000;-29.971863;-297.215515;2052.482422;0.000912;0.000000;0.000000;0.000000;0.000000;2.000000;-27.216934;-424.408936;2052.151367;0.001635;0.000000;0.000000;0.000000;0.000000;2.000000;18.412052;-607.185913;2007.270020;0.005115;0.000000;0.000000;0.000000;0.000000;2.000000;34.378922;-576.000977;2033.425903;0.004690;0.000000;0.000000;0.000000;0.000000;2.000000;137.644562;-559.570313;2106.406250;0.007344;0.000000;0.000000;0.000000;0.000000;2.000000;203.872314;-325.348206;2145.335449;0.022249;0.000000;0.000000;0.000000;0.000000;2.000000;207.419250;-404.063904;1954.039551;0.032340;0.000000;0.000000;0.000000;0.000000;2.000000;252.407623;-473.351532;1930.523560;0.038418;0.000000;0.000000;0.000000;0.000000;2.000000;191.390320;-495.118652;1859.157227;0.056019;0.000000;0.000000;0.000000;0.000000;2.000000;201.556839;-501.425293;1873.174683;0.055617;0.000000;0.000000;0.000000;0.000000;2.000000;-13.596115;-578.576172;1997.436401;0.004422;0.000000;0.000000;0.000000;0.000000;2.000000;-93.102524;-593.478210;1912.478760;0.005733;0.000000;0.000000;0.000000;0.000000;2.000000;10.673542;-455.292847;1730.221436;0.005150;0.000000;0.000000;0.000000;0.000000;2.000000;156.677292;-576.432495;1819.111572;0.016551;0.000000;0.000000;0.000000;0.000000;2.000000;165.570282;-633.490112;1891.351074;0.021273;0.000000;0.000000;0.000000;0.000000;2.000000;235.511856;-683.179504;1931.535889;0.030268;0.000000;0.000000;0.000000;0.000000;2.000000;194.620895;-643.831055;1899.570557;0.024967;0.000000;0.000000;0.000000;0.000000;2.000000;68.891754;-148.620316;2043.212891;0.000457;0.000000;0.000000;0.000000;0.000000;2.000000;117.056885;-31.393005;1709.358398;0.001515;0.000000;0.000000;0.000000;0.000000;2.000000;111.872421;309.370300;1691.350708;0.002711;0.000000;0.000000;0.000000;0.000000;2.000000;134.929230;448.273010;1601.354370;0.003085;0.000000;0.000000;0.000000;0.000000;2.000000;-62.122726;-151.244080;1961.033081;0.000413;0.000000;0.000000;0.000000;0.000000;2.000000;152.649292;-129.187881;1677.073242;0.001392;0.000000;0.000000;0.000000;0.000000;2.000000;249.399384;199.914001;1641.499756;0.003415;0.000000;0.000000;0.000000;0.000000;2.000000;327.572327;310.615845;1568.888428;0.005142;0.000000;0.000000;0.000000;0.000000;2.000000;41.996696;-671.118896;1981.469482;0.006415;0.000000;0.000000;0.000000;0.000000;2.000000;68.088379;-653.623108;1841.618896;0.006547;0.000000;0.000000;0.000000;0.000000;2.000000;104.430756;-673.918640;1869.188354;0.006121;0.000000;0.000000;0.000000;0.000000;2.000000;135.359985;-668.563721;1977.825562;0.005719;0.000000;0.000000;0.000000;0.000000;2.000000;66.246429;-697.356934;1856.240723;0.006812;0.000000;0.000000;0.000000;0.000000;2.000000;19.952236;-755.692444;1946.311279;0.008086;0.000000;0.000000;0.000000;0.000000;2.000000;20322166784.000000
0.000000;-149.999985;2000.000000;0.000000;0.000000;0.000000;0.000000;0.000000;2.000000;-32.987831;-294.727051;2059.531006;0.245986;0.000000;0.000000;0.000000;0.000000;2.000000;-39.475647;-421.695435;2073.112793;0.745667;0.000000;0.000000;0.000000;0.000000;2.000000;15.035667;-597.276306;2009.251831;0.325163;0.000000;0.000000;0.000000;0.000000;2.000000;30.707291;-567.237427;2037.229004;0.312331;0.000000;0.000000;0.000000;0.000000;2.000000;147.413239;-552.851196;2088.170654;0.663791;0.000000;0.000000;0.000000;0.000000;2.000000;205.853058;-344.333557;2208.477051;2.013057;0.000000;0.000000;0.000000;0.000000;2.000000;203.850632;-347.795654;2000.596436;2.231416;0.000000;0.000000;0.000000;0.000000;2.000000;264.087708;-408.677887;1989.813599;2.701179;0.000000;0.000000;0.000000;0.000000;2.000000;213.072266;-442.459229;1914.719604;2.428076;0.000000;0.000000;0.000000;0.000000;2.000000;198.250259;-456.153198;1931.956177;2.266484;0.000000;0.000000;0.000000;0.000000;2.000000;-19.477554;-570.091919;2003.870605;0.371228;0.000000;0.000000;0.000000;0.000000;2.000000;-97.233826;-588.678162;1917.226929;0.241558;0.000000;0.000000;0.000000;0.000000;2.000000;-11.352631;-434.414154;1736.839722;0.947950;0.000000;0.000000;0.000000;0.000000;2.000000;150.725891;-526.993103;1834.263916;1.588459;0.000000;0.000000;0.000000;0.000000;2.000000;160.253799;-587.861145;1903.855225;1.452913;0.000000;0.000000;0.000000;0.000000;2.000000;231.604141;-635.676758;1944.941895;1.511006;0.000000;0.000000;0.000000;0.000000;2.000000;186.524658;-595.615417;1915.323242;1.567559;0.000000;0.000000;0.000000;0.000000;2.000000;70.673828;-149.218994;2041.060913;0.087203;0.000000;0.000000;0.000000;0.000000;2.000000;112.009460;-28.268066;1705.715088;0.212564;0.000000;0.000000;0.000000;0.000000;2.000000;111.115707;314.475525;1693.061035;0.165925;0.000000;0.000000;0.000000;0.000000;2.000000;132.504196;453.778748;1601.732300;0.183960;0.000000;0.000000;0.000000;0.000000;2.000000;-63.729691;-150.704224;1962.973389;0.078630;0.000000;0.000000;0.000000;0.000000;2.000000;150.922150;-128.702545;1676.690186;0.055984;0.000000;0.000000;0.000000;0.000000;2.000000;244.738785;202.981934;1640.553711;0.172710;0.000000;0.000000;0.000000;0.000000;2.000000;324.814514;313.899231;1568.723145;0.130954;0.000000;0.000000;0.000000;0.000000;2.000000;41.077698;-657.300659;1976.369385;0.450379;0.000000;0.000000;0.000000;0.000000;2.000000;64.387047;-661.476685;1834.279541;0.346942;0.000000;0.000000;0.000000;0.000000;2.000000;101.894852;-676.437012;1864.062134;0.190707;0.000000;0.000000;0.000000;0.000000;2.000000;134.732346;-653.245300;1970.358521;0.520416;0.000000;0.000000;0.000000;0.000000;2.000000;63.909779;-702.597900;1855.725342;0.175823;0.000000;0.000000;0.000000;0.000000;2.000000;20.476322;-747.270874;1955.290527;0.376029;0.000000;0.000000;0.000000;0.000000;2.000000;20322199552.000000
0.000000;-149.999985;2000.000000;0.000000;0.000000;0.000000;0.000000;0.000000;2.000000;-33.793861;-293.463196;2062.716797;0.101127;0.000000;0.000000;0.000000;0.000000;2.000000;-41.964554;-420.163727;2079.397949;0.199086;0.000000;0.000000;0.000000;0.000000;2.000000;14.314426;-594.088501;2011.735107;0.117898;0.000000;0.000000;0.000000;0.000000;2.000000;29.789139;-564.394165;2040.290405;0.122868;0.000000;0.000000;0.000000;0.000000;2.000000;147.481720;-549.810242;2089.369873;0.093911;0.000000;0.000000;0.000000;0.000000;2.000000;204.445679;-343.063049;2214.144775;0.171658;0.000000;0.000000;0.000000;0.000000;2.000000;209.046143;-347.332123;2005.999268;0.215703;0.000000;0.000000;0.000000;0.000000;2.000000;265.836731;-412.059570;1998.277100;0.266555;0.000000;0.000000;0.000000;0.000000;2.000000;214.296478;-439.174500;1920.686768;0.198777;0.000000;0.000000;0.000000;0.000000;2.000000;198.988800;-453.684021;1935.055054;0.115767;0.000000;0.000000;0.000000;0.000000;2.000000;-20.572380;-567.146729;2007.021118;0.127802;0.000000;0.000000;0.000000;0.000000;2.000000;-95.808586;-585.900024;1917.974121;0.092215;0.000000;0.000000;0.000000;0.000000;2.000000;-14.206810;-427.913574;1738.277832;0.208058;0.000000;0.000000;0.000000;0.000000;2.000000;147.092041;-522.764221;1835.513672;0.164121;0.000000;0.000000;0.000000;0.000000;2.000000;158.808777;-578.986816;1908.774048;0.294369;0.000000;0.000000;0.000000;0.000000;2.000000;237.345367;-614.376709;1949.675171;0.648044;0.000000;0.000000;0.000000;0.000000;2.000000;185.968597;-585.111450;1919.816895;0.328537;0.000000;0.000000;0.000000;0.000000;2.000000;71.427704;-149.340469;2039.996216;0.037633;0.000000;0.000000;0.000000;0.000000;2.000000;111.696472;-21.468597;1706.499756;0.196799;0.000000;0.000000;0.000000;0.000000;2.000000;112.049026;321.848511;1695.062744;0.221067;0.000000;0.000000;0.000000;0.000000;2.000000;131.627182;458.894409;1599.532227;0.161918;0.000000;0.000000;0.000000;0.000000;2.000000;-64.409508;-150.594711;1963.933594;0.033938;0.000000;0.000000;0.000000;0.000000;2.000000;151.240250;-128.189987;1677.737915;0.034725;0.000000;0.000000;0.000000;0.000000;2.000000;242.745850;204.794617;1642.507813;0.095591;0.000000;0.000000;0.000000;0.000000;2.000000;323.642761;314.471558;1569.194824;0.039831;0.000000;0.000000;0.000000;0.000000;2.000000;40.927193;-653.243652;1977.510132;0.121123;0.000000;0.000000;0.000000;0.000000;2.000000;62.969898;-662.201538;1835.213623;0.053010;0.000000;0.000000;0.000000;0.000000;2.000000;100.428848;-677.165222;1865.186035;0.057031;0.000000;0.000000;0.000000;0.000000;2.000000;134.741241;-651.556702;1970.646118;0.049200;0.000000;0.000000;0.000000;0.000000;2.000000;61.720139;-702.706787;1857.918701;0.089073;0.000000;0.000000;0.000000;0.000000;2.000000;18.037689;-743.433838;1959.265381;0.173454;0.000000;0.000000;0.000000;0.000000;2.000000;20322234368.000000
0.000000;-150.000000;2000.000000;0.000000;0.000000;0.000000;0.000000;0.000000;2.000000;-33.791595;-293.460663;2062.719238;0.000128;0.000000;0.000000;0.000000;0.000000;2.000000;-41.959785;-420.159637;2079.402344;0.000234;0.000000;0.000000;0.000000;0.000000;2.000000;14.334236;-594.079834;2011.746582;0.000747;0.000000;0.000000;0.000000;0.000000;2.000000;29.805439;-564.384033;2040.301758;0.000681;0.000000;0.000000;0.000000;0.000000;2.000000;147.488068;-549.792114;2089.398926;0.001063;0.000000;0.000000;0.000000;0.000000;2.000000;204.395493;-343.056946;2214.213867;0.002613;0.000000;0.000000;0.000000;0.000000;2.000000;209.043671;-347.294250;2006.071289;0.002484;0.000000;0.000000;0.000000;0.000000;2.000000;265.858337;-412.000092;1998.356201;0.003091;0.000000;0.000000;0.000000;0.000000;2.000000;214.345718;-439.123016;1920.751709;0.002942;0.000000;0.000000;0.000000;0.000000;2.000000;199.049530;-453.645172;1935.117188;0.002904;0.000000;0.000000;0.000000;0.000000;2.000000;-20.554016;-567.141113;2007.030884;0.000657;0.000000;0.000000;0.000000;0.000000;2.000000;-95.782883;-585.906494;1917.981934;0.000843;0.000000;0.000000;0.000000;0.000000;2.000000;-14.211273;-427.910004;1738.284668;0.000272;0.000000;0.000000;0.000000;0.000000;2.000000;147.104279;-522.715515;1835.531738;0.001629;0.000000;0.000000;0.000000;0.000000;2.000000;158.834427;-578.919617;1908.802734;0.002363;0.000000;0.000000;0.000000;0.000000;2.000000;237.395004;-614.257751;1949.699951;0.004006;0.000000;0.000000;0.000000;0.000000;2.000000;185.998169;-585.017944;1919.869019;0.003389;0.000000;0.000000;0.000000;0.000000;2.000000;71.426582;-149.338333;2039.996338;0.000074;0.000000;0.000000;0.000000;0.000000;2.000000;111.699951;-21.484833;1706.497803;0.000510;0.000000;0.000000;0.000000;0.000000;2.000000;112.045120;321.827637;1695.036621;0.001027;0.000000;0.000000;0.000000;0.000000;2.000000;131.624573;458.860840;1599.491455;0.001614;0.000000;0.000000;0.000000;0.000000;2.000000;-64.408493;-150.596664;1963.933594;0.000067;0.000000;0.000000;0.000000;0.000000;2.000000;151.240112;-128.197662;1677.741699;0.000261;0.000000;0.000000;0.000000;0.000000;2.000000;242.742386;204.782715;1642.501343;0.000427;0.000000;0.000000;0.000000;0.000000;2.000000;323.637634;314.456421;1569.185059;0.000572;0.000000;0.000000;0.000000;0.000000;2.000000;40.952461;-653.233154;1977.524292;0.000940;0.000000;0.000000;0.000000;0.000000;2.000000;63.039631;-662.189514;1835.236450;0.002269;0.000000;0.000000;0.000000;0.000000;2.000000;100.490761;-677.148193;1865.220093;0.002218;0.000000;0.000000;0.000000;0.000000;2.000000;134.767365;-651.535034;1970.689331;0.001677;0.000000;0.000000;0.000000;0.000000;2.000000;61.787796;-702.694275;1857.941162;0.002209;0.000000;0.000000;0.000000;0.000000;2.000000;18.079659;-743.425232;1959.273560;0.001331;0.000000;0.000000;0.000000;0.000000;2.000000;20322267136.000000
0.000000;-150.000015;2000.000000;0.000000;0.000000;0.000000;0.000000;0.000000;2.000000;-34.279091;-295.873108;2060.733398;0.096510;0.000000;0.000000;0.000000;0.000000;2.000000;-41.982727;-423.699036;2078.325439;0.112905;0.000000;0.000000;0.000000;0.000000;2.000000;16.063618;-598.634155;2009.458862;0.164247;0.000000;0.000000;0.000000;0.000000;2.000000;31.017147;-569.051392;2039.031372;0.152179;0.000000;0.000000;0.000000;0.000000;2.000000;146.898026;-554.455322;2095.096191;0.225402;0.000000;0.000000;0.000000;0.000000;2.000000;206.159760;-343.510284;2216.393555;0.086689;0.000000;0.000000;0.000000;0.000000;2.000000;214.298126;-352.424194;2006.539673;0.224558;0.000000;0.000000;0.000000;0.000000;2.000000;275.163391;-414.727295;2001.098145;0.307517;0.000000;0.000000;0.000000;0.000000;2.000000;217.088165;-436.952759;1925.446167;0.178649;0.000000;0.000000;0.000000;0.000000;2.000000;200.379883;-457.224060;1934.381104;0.118666;0.000000;0.000000;0.000000;0.000000;2.000000;-18.934898;-571.269592;2004.107788;0.162089;0.000000;0.000000;0.000000;0.000000;2.000000;-94.506004;-588.143311;1913.500854;0.157731;0.000000;0.000000;0.000000;0.000000;2.000000;-27.439560;-418.780792;1734.791748;0.501947;0.000000;0.000000;0.000000;0.000000;2.000000;140.558105;-513.685425;1824.680664;0.474880;0.000000;0.000000;0.000000;0.000000;2.000000;161.775665;-556.470886;1905.603394;0.697800;0.000000;0.000000;0.000000;0.000000;2.000000;232.533020;-580.030884;1966.461426;1.172473;0.000000;0.000000;0.000000;0.000000;1.000000;186.313904;-558.031311;1915.446289;0.834609;0.000000;0.000000;0.000000;0.000000;2.000000;69.999367;-148.179367;2043.881958;0.131184;0.000000;0.000000;0.000000;0.000000;2.000000;112.565491;-30.700531;1703.259399;0.299268;0.000000;0.000000;0.000000;0.000000;2.000000;111.440781;315.758423;1689.294067;0.255652;0.000000;0.000000;0.000000;0.000000;2.000000;131.757462;455.615540;1595.201416;0.164212;0.000000;0.000000;0.000000;0.000000;2.000000;-63.121513;-151.641785;1960.429688;0.118296;0.000000;0.000000;0.000000;0.000000;2.000000;157.930191;-135.718414;1673.660889;0.331466;0.000000;0.000000;0.000000;0.000000;2.000000;243.423523;202.188049;1637.841431;0.164090;0.000000;0.000000;0.000000;0.000000;2.000000;323.977020;313.944763;1564.201416;0.153239;0.000000;0.000000;0.000000;0.000000;2.000000;43.639935;-658.025024;1974.919434;0.185555;0.000000;0.000000;0.000000;0.000000;2.000000;62.477669;-669.192993;1830.945313;0.251244;0.000000;0.000000;0.000000;0.000000;2.000000;101.068970;-683.679688;1860.509766;0.246385;0.000000;0.000000;0.000000;0.000000;2.000000;138.135651;-656.055054;1965.690552;0.229925;0.000000;0.000000;0.000000;0.000000;2.000000;61.942856;-709.726074;1854.511475;0.238805;0.000000;0.000000;0.000000;0.000000;2.000000;20.493420;-749.428162;1958.460815;0.199002;0.000000;0.000000;0.000000;0.000000;2.000000;20322299904.000000
0.000000;-149.999985;2000.000000;0.000001;0.000000;0.000000;0.000000;0.000000;2.000000;-33.660271;-295.502075;2059.828613;0.035317;0.000000;0.000000;0.000000;0.000000;2.000000;-39.811897;-422.880402;2076.547119;0.089209;0.000000;0.000000;0.000000;0.000000;2.000000;18.943619;-596.548584;2007.862915;0.118944;0.000000;0.000000;0.000000;0.000000;2.000000;33.320518;-567.346313;2037.766724;0.095594;0.000000;0.000000;0.000000;0.000000;2.000000;146.435135;-549.848999;2097.072754;0.153620;0.000000;0.000000;0.000000;0.000000;2.000000;203.909637;-341.211334;2220.635742;0.162474;0.000000;0.000000;0.000000;0.000000;2.000000;222.131866;-340.830048;2012.275146;0.461499;0.000000;0.000000;0.000000;0.000000;2.000000;279.228119;-405.905823;2005.529541;0.325807;0.000000;0.000000;0.000000;0.000000;2.000000;227.829773;-413.114563;1923.060913;0.801243;0.000000;0.000000;0.000000;0.000000;2.000000;208.748657;-441.240509;1932.621704;0.553207;0.000000;0.000000;0.000000;0.000000;2.000000;-15.736351;-569.226929;2002.090576;0.131163;0.000000;0.000000;0.000000;0.000000;2.000000;-87.081856;-583.146179;1908.386108;0.314568;0.000000;0.000000;0.000000;0.000000;2.000000;-26.789780;-407.888947;1734.827881;0.332986;0.000000;0.000000;0.000000;0.000000;2.000000;139.118393;-501.526611;1827.387451;0.382672;0.000000;0.000000;0.000000;0.000000;2.000000;158.329788;-552.039429;1903.683472;0.181054;0.000000;0.000000;0.000000;0.000000;2.000000;236.636169;-576.310181;1953.206665;0.438401;0.000000;0.000000;0.000000;0.000000;2.000000;185.304276;-550.519104;1918.677856;0.251461;0.000000;0.000000;0.000000;0.000000;2.000000;68.785515;-147.418442;2044.978027;0.055049;0.000000;0.000000;0.000000;0.000000;2.000000;111.458664;-31.208435;1705.853027;0.087442;0.000000;0.000000;0.000000;0.000000;2.000000;111.685204;313.383484;1688.701904;0.075068;0.000000;0.000000;0.000000;0.000000;2.000000;131.319672;453.174194;1595.893555;0.078584;0.000000;0.000000;0.000000;0.000000;2.000000;-62.026924;-152.327896;1959.441284;0.049640;0.000000;0.000000;0.000000;0.000000;2.000000;157.769089;-136.238846;1673.990723;0.019435;0.000000;0.000000;0.000000;0.000000;2.000000;243.324890;199.578186;1635.747437;0.102158;0.000000;0.000000;0.000000;0.000000;2.000000;322.884796;312.129517;1563.902344;0.065293;0.000000;0.000000;0.000000;0.000000;2.000000;46.925266;-655.443237;1973.587646;0.133835;0.000000;0.000000;0.000000;0.000000;2.000000;66.388863;-671.171875;1830.858398;0.133794;0.000000;0.000000;0.000000;0.000000;2.000000;103.541336;-687.169006;1861.048950;0.131540;0.000000;0.000000;0.000000;0.000000;2.000000;140.982925;-659.422852;1965.439819;0.134803;0.000000;0.000000;0.000000;0.000000;2.000000;63.162941;-710.811462;1855.252441;0.054725;0.000000;0.000000;0.000000;0.000000;2.000000;18.553879;-745.198242;1959.115479;0.143409;0.000000;0.000000;0.000000;0.000000;2.000000;20322332672.000000
0.000000;-150.000000;2000.000000;0.000000;0.000000;0.000000;0.000000;0.000000;2.000000;-32.574432;-295.025085;2060.255859;0.036207;0.000000;0.000000;0.000000;0.000000;2.000000;-37.080154;-422.167114;2076.240234;0.081571;0.000000;0.000000;0.000000;0.000000;2.000000;20.450306;-596.862305;2010.921753;0.098351;0.000000;0.000000;0.000000;0.000000;2.000000;34.897858;-567.351135;2040.282349;0.085284;0.000000;0.000000;0.000000;0.000000;2.000000;146.405548;-549.439148;2101.611328;0.130892;0.000000;0.000000;0.000000;0.000000;2.000000;199.456512;-338.061127;2220.875488;0.156824;0.000000;0.000000;0.000000;0.000000;2.000000;224.127045;-328.607635;2014.044189;0.359315;0.000000;0.000000;0.000000;0.000000;2.000000;284.412018;-390.217010;2006.045166;0.474814;0.000000;0.000000;0.000000;0.000000;2.000000;239.598785;-392.104645;1919.878662;0.697697;0.000000;0.000000;0.000000;0.000000;2.000000;222.204605;-430.396942;1932.842773;0.496403;0.000000;0.000000;0.000000;0.000000;2.000000;-13.903709;-569.476563;2004.587402;0.089248;0.000000;0.000000;0.000000;0.000000;2.000000;-86.746628;-582.180664;1912.334961;0.117158;0.000000;0.000000;0.000000;0.000000;2.000000;-37.992500;-406.573730;1736.660400;0.328227;0.000000;0.000000;0.000000;0.000000;2.000000;140.751465;-484.169159;1817.989990;0.568864;0.000000;0.000000;0.000000;0.000000;2.000000;175.920975;-530.312561;1890.941040;0.882427;0.000000;0.000000;0.000000;0.000000;2.000000;235.745682;-569.546021;1954.177368;0.197933;0.000000;0.000000;0.000000;0.000000;2.000000;179.169617;-536.062256;1899.498901;0.711984;0.000000;0.000000;0.000000;0.000000;2.000000;68.587921;-146.801239;2044.777466;0.019485;0.000000;0.000000;0.000000;0.000000;2.000000;108.190765;-30.023315;1706.658203;0.102487;0.000000;0.000000;0.000000;0.000000;2.000000;108.724487;313.281067;1685.499023;0.125313;0.000000;0.000000;0.000000;0.000000;2.000000;131.363144;454.830811;1597.090698;0.058719;0.000000;0.000000;0.000000;0.000000;2.000000;-61.848755;-152.884476;1959.622070;0.017570;0.000000;0.000000;0.000000;0.000000;2.000000;159.249954;-134.566833;1676.723877;0.101381;0.000000;0.000000;0.000000;0.000000;2.000000;244.491562;200.175903;1638.133789;0.078202;0.000000;0.000000;0.000000;0.000000;2.000000;322.529388;313.179871;1566.363770;0.077541;0.000000;0.000000;0.000000;0.000000;2.000000;48.027275;-656.350037;1977.850586;0.129121;0.000000;0.000000;0.000000;0.000000;2.000000;64.502342;-670.685303;1835.050537;0.132776;0.000000;0.000000;0.000000;0.000000;2.000000;102.247757;-686.700684;1864.219238;0.099262;0.000000;0.000000;0.000000;0.000000;2.000000;141.621857;-659.753967;1967.719849;0.068672;0.000000;0.000000;0.000000;0.000000;2.000000;62.000591;-710.429932;1859.081543;0.115458;0.000000;0.000000;0.000000;0.000000;2.000000;19.898579;-745.846558;1963.231567;0.125759;0.000000;0.000000;0.000000;0.000000;2.000000;20322367488.000000
0.000000;-150.000015;2000.000000;0.000000;0.000000;0.000000;0.000000;0.000000;2.000000;-31.418877;-296.224854;2059.468262;0.056231;0.000000;0.000000;0.000000;0.000000;2.000000;-35.167206;-423.947784;2074.615967;0.093905;0.000000;0.000000;0.000000;0.000000;2.000000;22.739895;-599.876770;2010.907959;0.115522;0.000000;0.000000;0.000000;0.000000;2.000000;37.139641;-569.996155;2040.151123;0.105887;0.000000;0.000000;0.000000;0.000000;2.000000;148.741150;-549.425293;2101.423584;0.071508;0.000000;0.000000;0.000000;0.000000;2.000000;209.313446;-337.776093;2218.424316;0.310093;0.000000;0.000000;0.000000;0.000000;2.000000;227.478333;-322.340302;2010.541748;0.241798;0.000000;0.000000;0.000000;0.000000;2.000000;291.078918;-380.094055;1997.649292;0.449979;0.000000;0.000000;0.000000;0.000000;2.000000;258.815735;-378.364838;1905.676514;0.841187;0.000000;0.000000;0.000000;0.000000;2.000000;230.471680;-428.568909;1930.990356;0.264497;0.000000;0.000000;0.000000;0.000000;2.000000;-11.699677;-572.441956;2004.168335;0.113478;0.000000;0.000000;0.000000;0.000000;2.000000;-83.700493;-583.366272;1910.504395;0.114331;0.000000;0.000000;0.000000;0.000000;2.000000;-39.981613;-403.023254;1737.032227;0.124715;0.000000;0.000000;0.000000;0.000000;2.000000;143.051147;-478.508240;1812.530029;0.250069;0.000000;0.000000;0.000000;0.000000;2.000000;163.889984;-538.345825;1881.336670;0.529919;0.000000;0.000000;0.000000;0.000000;2.000000;235.871063;-562.021851;1939.983643;0.490271;0.000000;0.000000;0.000000;0.000000;2.000000;183.634064;-526.930725;1911.961304;0.490781;0.000000;0.000000;0.000000;0.000000;2.000000;69.107407;-146.750153;2044.502563;0.018004;0.000000;0.000000;0.000000;0.000000;2.000000;109.190231;-31.300354;1704.639404;0.079024;0.000000;0.000000;0.000000;0.000000;2.000000;109.465157;313.237000;1683.832642;0.055667;0.000000;0.000000;0.000000;0.000000;2.000000;132.350388;454.284729;1593.575195;0.112674;0.000000;0.000000;0.000000;0.000000;2.000000;-62.317192;-152.930573;1959.869995;0.016235;0.000000;0.000000;0.000000;0.000000;2.000000;157.722626;-136.100952;1674.456299;0.095672;0.000000;0.000000;0.000000;0.000000;2.000000;244.631653;199.479492;1635.838867;0.073314;0.000000;0.000000;0.000000;0.000000;2.000000;323.610535;311.083008;1561.765869;0.157709;0.000000;0.000000;0.000000;0.000000;2.000000;50.513870;-659.888062;1978.377808;0.132949;0.000000;0.000000;0.000000;0.000000;2.000000;65.788933;-670.418457;1834.602051;0.042371;0.000000;0.000000;0.000000;0.000000;2.000000;103.891159;-687.328735;1863.099609;0.063641;0.000000;0.000000;0.000000;0.000000;2.000000;144.340698;-663.160278;1967.311035;0.133590;0.000000;0.000000;0.000000;0.000000;2.000000;63.420597;-710.936462;1857.652100;0.063402;0.000000;0.000000;0.000000;0.000000;2.000000;22.013618;-749.229919;1961.531372;0.132360;0.000000;0.000000;0.000000;0.000000;2.000000;20322400256.000000
0.000000;-150.000000;2000.000000;0.000000;0.000000;0.000000;0.000000;0.000000;2.000000;-31.020218;-296.070221;2059.503174;0.013093;0.000000;0.000000;0.000000;0.000000;2.000000;-34.207573;-423.612305;2074.910645;0.032301;0.000000;0.000000;0.000000;0.000000;2.000000;24.210526;-599.735168;2012.996338;0.078069;0.000000;0.000000;0.000000;0.000000;2.000000;38.492847;-569.561523;2041.909180;0.068992;0.000000;0.000000;0.000000;0.000000;2.000000;146.961182;-542.300171;2105.795898;0.260837;0.000000;0.000000;0.000000;0.000000;2.000000;221.963562;-335.543671;2222.508301;0.411352;0.000000;0.000000;0.000000;0.000000;2.000000;236.235535;-317.209595;2014.825439;0.336196;0.000000;0.000000;0.000000;0.000000;2.000000;290.541809;-380.754272;1991.577881;0.187096;0.000000;0.000000;0.000000;0.000000;2.000000;265.851898;-365.845062;1898.589478;0.488737;0.000000;0.000000;0.000000;0.000000;2.000000;238.081268;-422.561523;1932.661377;0.300233;0.000000;0.000000;0.000000;0.000000;2.000000;-10.276566;-572.517090;2006.000366;0.070833;0.000000;0.000000;0.000000;0.000000;2.000000;-82.847404;-582.679321;1912.883301;0.079924;0.000000;0.000000;0.000000;0.000000;2.000000;-47.276909;-399.971588;1740.500000;0.263513;0.000000;0.000000;0.000000;0.000000;2.000000;141.800018;-465.277832;1809.562988;0.415546;0.000000;0.000000;0.000000;0.000000;2.000000;169.907532;-520.981323;1879.089844;0.565016;0.000000;0.000000;0.000000;0.000000;2.000000;229.920532;-566.104187;1938.421997;0.225320;0.000000;0.000000;0.000000;0.000000;2.000000;185.536072;-517.855713;1898.955688;0.487441;0.000000;0.000000;0.000000;0.000000;2.000000;68.691040;-146.290634;2044.915894;0.022742;0.000000;0.000000;0.000000;0.000000;2.000000;114.106552;-32.018555;1705.814575;0.155810;0.000000;0.000000;0.000000;0.000000;2.000000;114.069565;312.303619;1689.139160;0.216290;0.000000;0.000000;0.000000;0.000000;2.000000;133.504578;453.404816;1598.559570;0.158428;0.000000;0.000000;0.000000;0.000000;2.000000;-61.941734;-153.344910;1959.497314;0.020507;0.000000;0.000000;0.000000;0.000000;2.000000;159.946640;-136.026276;1676.131592;0.085004;0.000000;0.000000;0.000000;0.000000;2.000000;245.924744;199.267181;1636.949463;0.052421;0.000000;0.000000;0.000000;0.000000;2.000000;324.762634;311.177887;1563.608643;0.066386;0.000000;0.000000;0.000000;0.000000;2.000000;52.148346;-659.890991;1981.091919;0.096688;0.000000;0.000000;0.000000;0.000000;2.000000;66.727318;-670.538574;1837.438477;0.091249;0.000000;0.000000;0.000000;0.000000;2.000000;104.965439;-687.291382;1865.732666;0.086793;0.000000;0.000000;0.000000;0.000000;2.000000;145.808807;-662.921265;1969.583008;0.082873;0.000000;0.000000;0.000000;0.000000;2.000000;64.583588;-710.983704;1860.518311;0.094407;0.000000;0.000000;0.000000;0.000000;2.000000;23.841694;-749.215027;1964.512329;0.106716;0.000000;0.000000;0.000000;0.000000;2.000000;20322433024.000000
0.000000;-149.999985;2000.000000;0.000000;0.000000;0.000000;0.000000;0.000000;2.000000;-31.220207;-295.928009;2059.510742;0.007492;0.000000;0.000000;0.000000;0.000000;2.000000;-34.804108;-423.412903;2074.718994;0.020066;0.000000;0.000000;0.000000;0.000000;2.000000;22.794571;-598.742859;2010.178833;0.100883;0.000000;0.000000;0.000000;0.000000;2.000000;37.484463;-568.860107;2039.152710;0.092095;0.000000;0.000000;0.000000;0.000000;2.000000;147.839081;-539.072083;2098.368408;0.248599;0.000000;0.000000;0.000000;0.000000;2.000000;220.546188;-330.907898;2213.733887;0.305922;0.000000;0.000000;0.000000;0.000000;2.000000;232.684204;-308.732056;2006.405029;0.380411;0.000000;0.000000;0.000000;0.000000;2.000000;288.002563;-372.994781;1988.252319;0.269034;0.000000;0.000000;0.000000;0.000000;2.000000;262.410126;-355.896576;1895.942627;0.331258;0.000000;0.000000;0.000000;0.000000;2.000000;236.525024;-421.513611;1935.097534;0.093838;0.000000;0.000000;0.000000;0.000000;2.000000;-11.805344;-571.511108;2003.994263;0.082869;0.000000;0.000000;0.000000;0.000000;2.000000;-84.370911;-576.642273;1910.542603;0.202996;0.000000;0.000000;0.000000;0.000000;2.000000;-48.273979;-388.792725;1744.101196;0.359706;0.000000;0.000000;0.000000;0.000000;2.000000;138.256653;-457.278290;1816.571289;0.342102;0.000000;0.000000;0.000000;0.000000;2.000000;159.337860;-519.855103;1882.579590;0.341422;0.000000;0.000000;0.000000;0.000000;2.000000;229.203339;-560.373840;1933.814453;0.225460;0.000000;0.000000;0.000000;0.000000;2.000000;180.023727;-511.919922;1911.252075;0.449366;0.000000;0.000000;0.000000;0.000000;2.000000;68.973885;-146.639359;2044.425415;0.020293;0.000000;0.000000;0.000000;0.000000;2.000000;113.353287;-31.839569;1705.574463;0.024738;0.000000;0.000000;0.000000;0.000000;2.000000;110.365921;312.394104;1691.413696;0.132668;0.000000;0.000000;0.000000;0.000000;2.000000;132.110626;450.912354;1597.601440;0.091926;0.000000;0.000000;0.000000;0.000000;2.000000;-62.196777;-153.030411;1959.939697;0.018302;0.000000;0.000000;0.000000;0.000000;2.000000;158.051514;-134.935928;1675.594360;0.068708;0.000000;0.000000;0.000000;0.000000;2.000000;243.960297;200.377441;1638.157471;0.078110;0.000000;0.000000;0.000000;0.000000;2.000000;323.031433;312.445557;1565.490479;0.087097;0.000000;0.000000;0.000000;0.000000;2.000000;50.280685;-658.510864;1977.261719;0.136695;0.000000;0.000000;0.000000;0.000000;2.000000;70.429489;-674.978149;1834.916260;0.192472;0.000000;0.000000;0.000000;0.000000;2.000000;107.087799;-691.400391;1865.364258;0.141583;0.000000;0.000000;0.000000;0.000000;2.000000;144.190002;-663.902832;1969.767700;0.058049;0.000000;0.000000;0.000000;0.000000;2.000000;66.459259;-714.429077;1859.381836;0.124639;0.000000;0.000000;0.000000;0.000000;2.000000;20.719055;-747.758789;1962.909912;0.115964;0.000000;0.000000;0.000000;0.000000;2.000000;20322465792.000000
0.000000;-150.000000;2000.000000;0.000000;0.000000;0.000000;0.000000;0.000000;2.000000;-31.127563;-295.643066;2059.151367;0.013439;0.000000;0.000000;0.000000;0.000000;2.000000;-34.742737;-422.804626;2074.295898;0.021355;0.000000;0.000000;0.000000;0.000000;2.000000;23.349033;-597.780518;2010.753296;0.035915;0.000000;0.000000;0.000000;0.000000;2.000000;37.899437;-567.777161;2039.500732;0.034778;0.000000;0.000000;0.000000;0.000000;2.000000;148.271973;-537.421753;2097.672852;0.052921;0.000000;0.000000;0.000000;0.000000;2.000000;213.321411;-328.724030;2215.257324;0.221158;0.000000;0.000000;0.000000;0.000000;2.000000;228.186615;-301.403381;2009.260498;0.260238;0.000000;0.000000;0.000000;0.000000;2.000000;286.488831;-362.535645;1990.693726;0.311536;0.000000;0.000000;0.000000;0.000000;2.000000;263.458435;-346.972748;1897.701538;0.262975;0.000000;0.000000;0.000000;0.000000;2.000000;246.665192;-413.326538;1939.884888;0.398787;0.000000;0.000000;0.000000;0.000000;2.000000;-11.268364;-570.780518;2004.466187;0.029359;0.000000;0.000000;0.000000;0.000000;2.000000;-83.320587;-576.227295;1911.017456;0.035188;0.000000;0.000000;0.000000;0.000000;2.000000;-58.651405;-385.421906;1746.851807;0.323200;0.000000;0.000000;0.000000;0.000000;2.000000;134.269745;-439.224030;1813.144287;0.540101;0.000000;0.000000;0.000000;0.000000;2.000000;167.733139;-494.022980;1880.599854;0.782231;0.000000;0.000000;0.000000;0.000000;2.000000;230.040543;-537.923340;1937.974854;0.656252;0.000000;0.000000;0.000000;0.000000;2.000000;176.197159;-504.073608;1879.788330;0.937854;0.000000;0.000000;0.000000;0.000000;2.000000;68.753578;-146.668915;2044.382446;0.006503;0.000000;0.000000;0.000000;0.000000;2.000000;111.522446;-30.548096;1706.753662;0.072722;0.000000;0.000000;0.000000;0.000000;2.000000;109.432655;312.712067;1690.335205;0.041970;0.000000;0.000000;0.000000;0.000000;2.000000;132.089325;451.317902;1597.647705;0.011740;0.000000;0.000000;0.000000;0.000000;2.000000;-61.998123;-153.003784;1959.978271;0.005863;0.000000;0.000000;0.000000;0.000000;2.000000;158.300415;-134.277664;1676.877441;0.042033;0.000000;0.000000;0.000000;0.000000;2.000000;244.029816;200.036774;1638.359619;0.011552;0.000000;0.000000;0.000000;0.000000;2.000000;322.509491;311.940521;1565.642700;0.021314;0.000000;0.000000;0.000000;0.000000;2.000000;50.978752;-657.451355;1978.201050;0.045343;0.000000;0.000000;0.000000;0.000000;2.000000;67.298012;-674.103271;1835.761230;0.096490;0.000000;0.000000;0.000000;0.000000;2.000000;105.145020;-689.397156;1865.109985;0.080484;0.000000;0.000000;0.000000;0.000000;2.000000;144.494202;-660.502625;1967.984253;0.110627;0.000000;0.000000;0.000000;0.000000;2.000000;65.058090;-713.413452;1860.446167;0.058354;0.000000;0.000000;0.000000;0.000000;2.000000;23.352859;-747.260864;1965.160889;0.100536;0.000000;0.000000;0.000000;0.000000;2.000000;20322500608.000000
0.000000;-150.000015;2000.000000;0.000000;0.000000;0.000000;0.000000;0.000000;2.000000;-30.555695;-295.814911;2057.489746;0.053884;0.000000;0.000000;0.000000;0.000000;2.000000;-32.849976;-422.824951;2070.188965;0.138005;0.000000;0.000000;0.000000;0.000000;2.000000;23.693424;-599.072083;2010.997925;0.041470;0.000000;0.000000;0.000000;0.000000;2.000000;38.410229;-568.630493;2038.954102;0.034633;0.000000;0.000000;0.000000;0.000000;2.000000;149.284683;-538.040466;2095.022949;0.088608;0.000000;0.000000;0.000000;0.000000;2.000000;215.359634;-337.505219;2223.874023;0.380567;0.000000;0.000000;0.000000;0.000000;2.000000;227.990738;-300.706177;2019.947754;0.326897;0.000000;0.000000;0.000000;0.000000;2.000000;274.700256;-366.592377;1989.846069;0.381343;0.000000;0.000000;0.000000;0.000000;2.000000;263.694122;-345.257599;1896.154297;0.070859;0.000000;0.000000;0.000000;0.000000;2.000000;274.467041;-340.355011;1913.327881;2.517110;0.000000;0.000000;0.000000;0.000000;2.000000;-10.583191;-572.046204;2004.076782;0.045501;0.000000;0.000000;0.000000;0.000000;2.000000;-83.681320;-576.056580;1911.896973;0.029475;0.000000;0.000000;0.000000;0.000000;2.000000;-59.691666;-384.463989;1749.920166;0.103105;0.000000;0.000000;0.000000;0.000000;2.000000;132.640198;-425.608246;1824.171631;0.537012;0.000000;0.000000;0.000000;0.000000;2.000000;172.460098;-478.174255;1889.468506;0.572706;0.000000;0.000000;0.000000;0.000000;2.000000;239.107559;-518.210449;1944.177979;0.688702;0.000000;0.000000;0.000000;0.000000;2.000000;184.477142;-490.650635;1875.617676;0.497847;0.000000;0.000000;0.000000;0.000000;2.000000;68.355713;-146.787537;2044.478882;0.013007;0.000000;0.000000;0.000000;0.000000;2.000000;110.622032;-29.405609;1708.562256;0.070831;0.000000;0.000000;0.000000;0.000000;2.000000;109.965805;312.510559;1689.296387;0.036160;0.000000;0.000000;0.000000;0.000000;2.000000;131.539093;452.781616;1599.981689;0.085736;0.000000;0.000000;0.000000;0.000000;2.000000;-61.639343;-152.896820;1959.891479;0.011728;0.000000;0.000000;0.000000;0.000000;2.000000;157.713928;-132.355499;1677.772705;0.067140;0.000000;0.000000;0.000000;0.000000;2.000000;243.740051;200.349609;1636.962158;0.044588;0.000000;0.000000;0.000000;0.000000;2.000000;321.525024;312.828491;1565.546631;0.040565;0.000000;0.000000;0.000000;0.000000;2.000000;50.775330;-659.490967;1979.977417;0.082775;0.000000;0.000000;0.000000;0.000000;2.000000;66.476021;-674.057373;1837.749512;0.065673;0.000000;0.000000;0.000000;0.000000;2.000000;104.139656;-690.074341;1866.644775;0.059684;0.000000;0.000000;0.000000;0.000000;2.000000;143.903625;-663.196167;1969.466919;0.095546;0.000000;0.000000;0.000000;0.000000;2.000000;63.969048;-713.580261;1861.754761;0.052204;0.000000;0.000000;0.000000;0.000000;2.000000;22.417042;-748.532104;1965.703857;0.050944;0.000000;0.000000;0.000000;0.000000;2.000000;20322533376.000000
0.000000;-150.000015;2000.000000;0.000000;0.000000;0.000000;0.000000;0.000000;2.000000;-29.987045;-294.705139;2056.602539;0.046704;0.000000;0.000000;0.000000;0.000000;2.000000;-31.485710;-420.750366;2067.357422;0.114929;0.000000;0.000000;0.000000;0.000000;2.000000;24.651299;-596.380737;2011.787354;0.090448;0.000000;0.000000;0.000000;0.000000;2.000000;39.794525;-565.271057;2038.114624;0.113806;0.000000;0.000000;0.000000;0.000000;2.000000;151.810867;-525.268677;2082.053711;0.560811;0.000000;0.000000;0.000000;0.000000;2.000000;230.952026;-333.260498;2212.258789;0.607334;0.000000;0.000000;0.000000;0.000000;2.000000;237.479370;-312.096924;2007.723022;0.586404;0.000000;0.000000;0.000000;0.000000;2.000000;285.232239;-379.829254;1987.048706;0.523234;0.000000;0.000000;0.000000;0.000000;2.000000;267.626190;-345.147278;1899.449463;0.156598;0.000000;0.000000;0.000000;0.000000;2.000000;275.924744;-351.396881;1898.457031;0.566995;0.000000;0.000000;0.000000;0.000000;2.000000;-9.850380;-570.187134;2005.335327;0.072070;0.000000;0.000000;0.000000;0.000000;2.000000;-83.596054;-575.025269;1915.081177;0.102177;0.000000;0.000000;0.000000;0.000000;2.000000;-65.012909;-383.548828;1755.801025;0.243640;0.000000;0.000000;0.000000;0.000000;2.000000;127.979286;-415.462311;1827.489868;0.355467;0.000000;0.000000;0.000000;0.000000;2.000000;174.347427;-449.638611;1899.182007;0.921710;0.000000;0.000000;0.000000;0.000000;2.000000;223.779190;-491.602722;1967.527222;1.177250;0.000000;0.000000;0.000000;0.000000;2.000000;188.113007;-447.233032;1903.072266;1.571600;0.000000;0.000000;0.000000;0.000000;2.000000;68.118675;-147.097580;2043.508179;0.031928;0.000000;0.000000;0.000000;0.000000;2.000000;110.420242;-25.921539;1712.410767;0.158546;0.000000;0.000000;0.000000;0.000000;2.000000;110.621262;312.720032;1690.197998;0.034613;0.000000;0.000000;0.000000;0.000000;2.000000;131.181168;453.601501;1604.506104;0.140747;0.000000;0.000000;0.000000;0.000000;2.000000;-61.425598;-152.617279;1960.766724;0.028788;0.000000;0.000000;0.000000;0.000000;2.000000;156.682251;-130.045807;1681.935669;0.148659;0.000000;0.000000;0.000000;0.000000;2.000000;245.552933;198.326782;1638.566406;0.096273;0.000000;0.000000;0.000000;0.000000;2.000000;320.123474;313.941711;1571.880249;0.200856;0.000000;0.000000;0.000000;0.000000;2.000000;51.160904;-656.807739;1981.855469;0.100641;0.000000;0.000000;0.000000;0.000000;2.000000;66.369484;-671.836548;1840.934570;0.118540;0.000000;0.000000;0.000000;0.000000;2.000000;103.371620;-688.411987;1869.588379;0.105796;0.000000;0.000000;0.000000;0.000000;2.000000;143.350769;-662.386108;1971.416748;0.066607;0.000000;0.000000;0.000000;0.000000;2.000000;63.093781;-710.896729;1864.801880;0.126758;0.000000;0.000000;0.000000;0.000000;2.000000;21.255318;-744.480469;1967.895142;0.144973;0.000000;0.000000;0.000000;0.000000;2.000000;20322566144.000000
0.000000;-150.000015;2000.000000;0.000000;0.000000;0.000000;0.000000;0.000000;2.000000;-29.475540;-295.149872;2056.896973;0.021226;0.000000;0.000000;0.000000;0.000000;2.000000;-31.131897;-421.524933;2067.677246;0.026127;0.000000;0.000000;0.000000;0.000000;2.000000;23.918106;-597.893860;2011.603760;0.048581;0.000000;0.000000;0.000000;0.000000;2.000000;39.393990;-566.803589;2037.949341;0.045744;0.000000;0.000000;0.000000;0.000000;2.000000;154.433151;-529.302673;2076.973145;0.200978;0.000000;0.000000;0.000000;0.000000;2.000000;211.042648;-330.388702;2209.747070;0.582251;0.000000;0.000000;0.000000;0.000000;2.000000;242.486526;-321.013641;2006.101074;0.297399;0.000000;0.000000;0.000000;0.000000;2.000000;300.225891;-383.481445;1996.211670;0.515492;0.000000;0.000000;0.000000;0.000000;2.000000;270.266571;-347.186279;1912.426636;0.384855;0.000000;0.000000;0.000000;0.000000;2.000000;293.946442;-352.229401;1903.207153;0.535839;0.000000;0.000000;0.000000;0.000000;2.000000;-10.556366;-571.435242;2005.306641;0.041195;0.000000;0.000000;0.000000;0.000000;2.000000;-85.743561;-575.200012;1915.796631;0.065208;0.000000;0.000000;0.000000;0.000000;2.000000;-66.238632;-377.807312;1762.947266;0.265642;0.000000;0.000000;0.000000;0.000000;2.000000;127.825287;-402.899475;1836.035889;0.436433;0.000000;0.000000;0.000000;0.000000;2.000000;182.175568;-434.426208;1903.522583;0.506963;0.000000;0.000000;0.000000;0.000000;2.000000;250.639145;-453.064880;1965.873535;1.350063;0.000000;0.000000;0.000000;0.000000;2.000000;191.844620;-441.434082;1901.776489;0.201532;0.000000;0.000000;0.000000;0.000000;2.000000;68.899551;-147.262512;2042.677368;0.033090;0.000000;0.000000;0.000000;0.000000;2.000000;115.140045;-24.347473;1711.744873;0.144179;0.000000;0.000000;0.000000;0.000000;2.000000;112.380470;315.524780;1695.701904;0.184483;0.000000;0.000000;0.000000;0.000000;2.000000;131.590088;454.359802;1605.620361;0.040455;0.000000;0.000000;0.000000;0.000000;2.000000;-62.129745;-152.468536;1961.516113;0.029843;0.000000;0.000000;0.000000;0.000000;2.000000;157.521164;-132.087204;1682.539307;0.065720;0.000000;0.000000;0.000000;0.000000;2.000000;245.109268;197.774658;1640.750488;0.065948;0.000000;0.000000;0.000000;0.000000;2.000000;320.673706;312.882690;1573.386719;0.055202;0.000000;0.000000;0.000000;0.000000;2.000000;50.023403;-658.608582;1981.437744;0.062344;0.000000;0.000000;0.000000;0.000000;2.000000;67.857933;-675.065674;1840.604736;0.102566;0.000000;0.000000;0.000000;0.000000;2.000000;104.418381;-691.407288;1870.171631;0.092661;0.000000;0.000000;0.000000;0.000000;2.000000;142.630432;-664.317505;1972.725586;0.070134;0.000000;0.000000;0.000000;0.000000;2.000000;64.122147;-713.991333;1864.853516;0.093676;0.000000;0.000000;0.000000;0.000000;2.000000;20.272438;-746.640686;1967.755981;0.068284;0.000000;0.000000;0.000000;0.000000;2.000000;20322600960.000000
0.000000;-150.000000;2000.000000;0.000000;0.000000;0.000000;0.000000;0.000000;2.000000;-28.480408;-295.396912;2056.198486;0.037861;0.000000;0.000000;0.000000;0.000000;2.000000;-29.641609;-421.632782;2066.749023;0.053681;0.000000;0.000000;0.000000;0.000000;2.000000;22.290653;-599.603455;2013.700195;0.096343;0.000000;0.000000;0.000000;0.000000;2.000000;38.236900;-568.423157;2039.561646;0.078171;0.000000;0.000000;0.000000;0.000000;2.000000;152.850235;-532.646973;2080.857910;0.163722;0.000000;0.000000;0.000000;0.000000;2.000000;178.142029;-325.581665;2210.198486;1.014801;0.000000;0.000000;0.000000;0.000000;2.000000;245.274933;-326.454498;2015.439331;0.340625;0.000000;0.000000;0.000000;0.000000;2.000000;294.622131;-394.112946;1998.056763;0.371056;0.000000;0.000000;0.000000;0.000000;2.000000;303.534332;-369.719574;1905.663208;1.243470;0.000000;0.000000;0.000000;0.000000;2.000000;305.654510;-357.577759;1915.371704;0.540480;0.000000;0.000000;0.000000;0.000000;2.000000;-11.639908;-572.665710;2006.894897;0.069662;0.000000;0.000000;0.000000;0.000000;2.000000;-88.338539;-575.803589;1918.851929;0.123711;0.000000;0.000000;0.000000;0.000000;2.000000;-66.133720;-376.182281;1769.841797;0.216193;0.000000;0.000000;0.000000;0.000000;2.000000;128.516296;-405.478271;1838.929321;0.120146;0.000000;0.000000;0.000000;0.000000;2.000000;178.915024;-437.508545;1909.032471;0.216848;0.000000;0.000000;0.000000;0.000000;2.000000;253.266174;-432.480835;1966.876709;0.634010;0.000000;0.000000;0.000000;0.000000;2.000000;190.529663;-443.997375;1905.822144;0.151568;0.000000;0.000000;0.000000;0.000000;2.000000;68.903290;-147.085068;2042.460327;0.008556;0.000000;0.000000;0.000000;0.000000;2.000000;115.960754;-25.939850;1711.483887;0.055247;0.000000;0.000000;0.000000;0.000000;2.000000;110.721161;313.492310;1696.049316;0.080770;0.000000;0.000000;0.000000;0.000000;2.000000;130.744019;452.077209;1606.156982;0.076074;0.000000;0.000000;0.000000;0.000000;2.000000;-62.133125;-152.628525;1961.711426;0.007706;0.000000;0.000000;0.000000;0.000000;2.000000;156.271820;-131.572449;1682.390747;0.041485;0.000000;0.000000;0.000000;0.000000;2.000000;244.434448;198.041138;1643.603516;0.089839;0.000000;0.000000;0.000000;0.000000;2.000000;320.026703;311.026978;1573.196045;0.060257;0.000000;0.000000;0.000000;0.000000;2.000000;47.340363;-661.170532;1984.611328;0.148987;0.000000;0.000000;0.000000;0.000000;2.000000;66.452560;-675.921997;1843.943726;0.113603;0.000000;0.000000;0.000000;0.000000;2.000000;103.151199;-691.633911;1873.572876;0.110983;0.000000;0.000000;0.000000;0.000000;2.000000;139.992172;-664.596436;1976.481812;0.140339;0.000000;0.000000;0.000000;0.000000;2.000000;63.490616;-715.089722;1867.793701;0.097704;0.000000;0.000000;0.000000;0.000000;2.000000;19.818535;-749.644409;1969.977173;0.114845;0.000000;0.000000;0.000000;0.000000;2.000000;20322633728.000000
0.000000;-150.000000;2000.000000;0.000000;0.000000;0.000000;0.000000;0.000000;2.000000;-28.657425;-295.980103;2057.231934;0.036614;0.000000;0.000000;0.000000;0.000000;2.000000;-30.150253;-422.891449;2068.608398;0.070258;0.000000;0.000000;0.000000;0.000000;2.000000;22.277512;-601.477905;2013.990356;0.057886;0.000000;0.000000;0.000000;0.000000;2.000000;38.468929;-570.139954;2039.942749;0.054133;0.000000;0.000000;0.000000;0.000000;2.000000;153.599060;-532.476318;2080.426270;0.026886;0.000000;0.000000;0.000000;0.000000;2.000000;183.882080;-326.153320;2212.606445;0.190761;0.000000;0.000000;0.000000;0.000000;2.000000;251.775818;-348.581360;2018.110718;0.708505;0.000000;0.000000;0.000000;0.000000;2.000000;303.858368;-416.419952;2008.789063;0.806319;0.000000;0.000000;0.000000;0.000000;2.000000;309.637817;-379.354889;1919.834839;0.555157;0.000000;0.000000;0.000000;0.000000;2.000000;321.738037;-369.779510;1924.267700;0.673258;0.000000;0.000000;0.000000;0.000000;2.000000;-12.046555;-574.507813;2007.628418;0.061769;0.000000;0.000000;0.000000;0.000000;2.000000;-91.449051;-577.086182;1921.059326;0.122804;0.000000;0.000000;0.000000;0.000000;2.000000;-64.654251;-374.982056;1773.675049;0.130632;0.000000;0.000000;0.000000;0.000000;2.000000;130.037659;-409.546722;1843.928223;0.202099;0.000000;0.000000;0.000000;0.000000;2.000000;182.831390;-435.893433;1915.339111;0.231854;0.000000;0.000000;0.000000;0.000000;2.000000;251.185287;-433.275208;1981.108032;0.439593;0.000000;0.000000;0.000000;0.000000;2.000000;193.214020;-441.066284;1915.011353;0.305540;0.000000;0.000000;0.000000;0.000000;2.000000;69.493271;-147.015915;2042.408447;0.018197;0.000000;0.000000;0.000000;0.000000;2.000000;113.917511;-29.333649;1707.579834;0.169735;0.000000;0.000000;0.000000;0.000000;2.000000;109.686363;312.266998;1695.828735;0.049405;0.000000;0.000000;0.000000;0.000000;2.000000;131.143768;451.996796;1606.217041;0.012578;0.000000;0.000000;0.000000;0.000000;2.000000;-62.665146;-152.690903;1961.758423;0.016410;0.000000;0.000000;0.000000;0.000000;2.000000;156.875931;-132.639832;1680.587036;0.066565;0.000000;0.000000;0.000000;0.000000;2.000000;243.971313;199.573639;1643.615845;0.048859;0.000000;0.000000;0.000000;0.000000;2.000000;320.956543;312.598114;1572.810547;0.056944;0.000000;0.000000;0.000000;0.000000;2.000000;47.419403;-663.186035;1984.216675;0.062723;0.000000;0.000000;0.000000;0.000000;2.000000;66.238785;-676.627563;1842.524902;0.048796;0.000000;0.000000;0.000000;0.000000;2.000000;103.338120;-692.508911;1872.058350;0.053683;0.000000;0.000000;0.000000;0.000000;2.000000;140.606384;-666.064392;1975.694214;0.054185;0.000000;0.000000;0.000000;0.000000;2.000000;63.548409;-716.259521;1866.163330;0.061263;0.000000;0.000000;0.000000;0.000000;2.000000;20.153141;-752.188721;1968.774170;0.086493;0.000000;0.000000;0.000000;0.000000;2.000000;20322666496.000000
0.000000;-150.000000;2000.000000;0.000000;0.000000;0.000000;0.000000;0.000000;2.000000;-28.205643;-297.195984;2056.692871;0.042867;0.000000;0.000000;0.000000;0.000000;2.000000;-29.168907;-424.786865;2068.091797;0.067017;0.000000;0.000000;0.000000;0.000000;2.000000;25.270939;-603.093262;2010.934570;0.139542;0.000000;0.000000;0.000000;0.000000;2.000000;41.289909;-571.726440;2037.346558;0.126621;0.000000;0.000000;0.000000;0.000000;2.000000;155.237549;-529.804443;2079.105713;0.103793;0.000000;0.000000;0.000000;0.000000;2.000000;190.585938;-320.310760;2207.429688;0.314014;0.000000;0.000000;0.000000;0.000000;2.000000;253.113556;-376.938110;2016.956543;0.867058;0.000000;0.000000;0.000000;0.000000;2.000000;305.880066;-445.026459;2009.229492;0.875282;0.000000;0.000000;0.000000;0.000000;2.000000;317.866272;-403.950134;1922.120728;0.794547;0.000000;0.000000;0.000000;0.000000;2.000000;319.626160;-415.375549;1917.626465;1.407640;0.000000;0.000000;0.000000;0.000000;2.000000;-9.537781;-576.274963;2004.953735;0.124228;0.000000;0.000000;0.000000;0.000000;2.000000;-91.889816;-575.987671;1920.277588;0.043289;0.000000;0.000000;0.000000;0.000000;2.000000;-71.159805;-369.594330;1775.608398;0.264444;0.000000;0.000000;0.000000;0.000000;2.000000;126.830803;-400.262817;1841.647705;0.307722;0.000000;0.000000;0.000000;0.000000;2.000000;187.289368;-415.551483;1910.805664;0.650404;0.000000;0.000000;0.000000;0.000000;2.000000;260.116455;-420.215759;1972.243530;0.553450;0.000000;0.000000;0.000000;0.000000;2.000000;199.660141;-421.176636;1908.171265;0.671343;0.000000;0.000000;0.000000;0.000000;2.000000;69.476105;-146.662155;2043.231812;0.027353;0.000000;0.000000;0.000000;0.000000;2.000000;113.588440;-28.184784;1706.621582;0.046747;0.000000;0.000000;0.000000;0.000000;2.000000;109.301193;315.064362;1690.891602;0.173572;0.000000;0.000000;0.000000;0.000000;2.000000;131.376343;454.323395;1599.067139;0.229569;0.000000;0.000000;0.000000;0.000000;2.000000;-62.649643;-153.009872;1961.015869;0.024668;0.000000;0.000000;0.000000;0.000000;2.000000;157.119797;-131.084976;1677.763672;0.098645;0.000000;0.000000;0.000000;0.000000;2.000000;245.167404;202.635101;1639.530029;0.160027;0.000000;0.000000;0.000000;0.000000;2.000000;322.268311;315.647736;1567.075439;0.202229;0.000000;0.000000;0.000000;0.000000;2.000000;51.112877;-664.501343;1980.206909;0.171144;0.000000;0.000000;0.000000;0.000000;2.000000;65.142120;-676.772461;1837.089844;0.169265;0.000000;0.000000;0.000000;0.000000;2.000000;104.096489;-691.445129;1865.278076;0.210724;0.000000;0.000000;0.000000;0.000000;2.000000;144.446198;-663.867126;1968.117798;0.267746;0.000000;0.000000;0.000000;0.000000;2.000000;64.815788;-716.774658;1860.734619;0.170851;0.000000;0.000000;0.000000;0.000000;2.000000;26.478550;-754.876770;1965.265991;0.235488;0.000000;0.000000;0.000000;0.000000;2.000000;20322699264.000000
0.000000;-150.000000;2000.000000;0.000000;0.000000;0.000000;0.000000;0.000000;2.000000;-28.822922;-298.046814;2055.897461;0.037862;0.000000;0.000000;0.000000;0.000000;2.000000;-30.995888;-426.025635;2068.259277;0.063583;0.000000;0.000000;0.000000;0.000000;2.000000;25.476841;-604.284668;2010.381226;0.038191;0.000000;0.000000;0.000000;0.000000;2.000000;41.105721;-572.816345;2037.184692;0.032087;0.000000;0.000000;0.000000;0.000000;2.000000;151.269699;-519.044800;2076.987305;0.334960;0.000000;0.000000;0.000000;0.000000;2.000000;186.048279;-300.546570;2191.553223;0.739721;0.000000;0.000000;0.000000;0.000000;2.000000;254.817291;-381.615509;2011.476440;0.212647;0.000000;0.000000;0.000000;0.000000;2.000000;307.189453;-450.665375;2016.639038;0.270072;0.000000;0.000000;0.000000;0.000000;2.000000;324.554840;-470.338867;1922.817383;1.916603;0.000000;0.000000;0.000000;0.000000;2.000000;293.954712;-496.409821;1957.870117;2.701302;0.000000;0.000000;0.000000;0.000000;2.000000;-9.623024;-577.600708;2004.243042;0.043274;0.000000;0.000000;0.000000;0.000000;2.000000;-90.180946;-573.355469;1917.344604;0.123376;0.000000;0.000000;0.000000;0.000000;2.000000;-62.475334;-362.230011;1779.120483;0.342253;0.000000;0.000000;0.000000;0.000000;2.000000;132.434235;-403.913757;1850.646240;0.322026;0.000000;0.000000;0.000000;0.000000;2.000000;186.285248;-418.848572;1925.581787;0.435799;0.000000;0.000000;0.000000;0.000000;2.000000;244.840729;-436.272675;1999.321655;1.005038;0.000000;0.000000;0.000000;0.000000;2.000000;205.218933;-425.928345;1912.727417;0.247476;0.000000;0.000000;0.000000;0.000000;2.000000;69.431335;-146.937164;2043.913452;0.021151;0.000000;0.000000;0.000000;0.000000;2.000000;115.722961;-33.728302;1704.323608;0.182941;0.000000;0.000000;0.000000;0.000000;2.000000;111.613663;310.867920;1689.234985;0.145615;0.000000;0.000000;0.000000;0.000000;2.000000;133.583115;451.826355;1598.806885;0.096007;0.000000;0.000000;0.000000;0.000000;2.000000;-62.609306;-152.761887;1960.401367;0.019068;0.000000;0.000000;0.000000;0.000000;2.000000;159.225952;-135.469147;1676.693237;0.143044;0.000000;0.000000;0.000000;0.000000;2.000000;247.282074;199.530457;1637.588379;0.121454;0.000000;0.000000;0.000000;0.000000;2.000000;325.003174;313.320740;1565.748047;0.109960;0.000000;0.000000;0.000000;0.000000;2.000000;52.132607;-665.563354;1979.419800;0.047952;0.000000;0.000000;0.000000;0.000000;2.000000;66.707817;-680.748657;1836.078857;0.126129;0.000000;0.000000;0.000000;0.000000;2.000000;106.181976;-693.718201;1864.719238;0.090046;0.000000;0.000000;0.000000;0.000000;2.000000;145.780289;-662.556396;1967.310425;0.058510;0.000000;0.000000;0.000000;0.000000;2.000000;67.489510;-720.345947;1860.723755;0.128139;0.000000;0.000000;0.000000;0.000000;2.000000;29.991421;-757.265198;1966.484619;0.126932;0.000000;0.000000;0.000000;0.000000;2.000000;20322734080.000000
0.000000;-150.000000;2000.000000;0.000000;0.000000;0.000000;0.000000;0.000000;2.000000;-28.599411;-297.666107;2058.062500;0.067431;0.000000;0.000000;0.000000;0.000000;2.000000;-31.384285;-425.788696;2071.864258;0.110888;0.000000;0.000000;0.000000;0.000000;2.000000;23.565048;-604.176392;2011.421021;0.066496;0.000000;0.000000;0.000000;0.000000;2.000000;39.894508;-572.835815;2038.127197;0.046840;0.000000;0.000000;0.000000;0.000000;2.000000;151.132324;-518.092468;2074.444336;0.082975;0.000000;0.000000;0.000000;0.000000;2.000000;175.771988;-296.607361;2187.159424;0.361637;0.000000;0.000000;0.000000;0.000000;2.000000;261.176331;-400.050232;2026.101196;0.743878;0.000000;0.000000;0.000000;0.000000;2.000000;297.774811;-478.985382;2024.515015;0.941945;0.000000;0.000000;0.000000;0.000000;2.000000;325.499268;-494.224182;1932.131470;0.782913;0.000000;0.000000;0.000000;0.000000;2.000000;284.615540;-521.324463;1981.708252;1.090215;0.000000;0.000000;0.000000;0.000000;2.000000;-11.699905;-577.332581;2006.244507;0.088402;0.000000;0.000000;0.000000;0.000000;2.000000;-93.627045;-572.507202;1920.281982;0.140591;0.000000;0.000000;0.000000;0.000000;2.000000;-66.973694;-357.679474;1786.535156;0.298885;0.000000;0.000000;0.000000;0.000000;2.000000;129.346161;-403.276123;1853.115356;0.122220;0.000000;0.000000;0.000000;0.000000;2.000000;175.739853;-418.511169;1933.082764;0.395063;0.000000;0.000000;0.000000;0.000000;2.000000;226.291901;-437.126404;2012.523682;0.695293;0.000000;0.000000;0.000000;0.000000;2.000000;200.995682;-424.366852;1914.657104;0.149498;0.000000;0.000000;0.000000;0.000000;2.000000;70.540009;-146.956558;2042.485474;0.055174;0.000000;0.000000;0.000000;0.000000;2.000000;115.971298;-31.125275;1702.764404;0.092909;0.000000;0.000000;0.000000;0.000000;2.000000;113.758148;314.515259;1694.002686;0.194531;0.000000;0.000000;0.000000;0.000000;2.000000;132.671082;453.150696;1598.685059;0.049213;0.000000;0.000000;0.000000;0.000000;2.000000;-63.609039;-152.744385;1961.689087;0.049754;0.000000;0.000000;0.000000;0.000000;2.000000;158.609039;-136.137589;1677.166504;0.031292;0.000000;0.000000;0.000000;0.000000;2.000000;245.047211;200.214783;1638.787354;0.080166;0.000000;0.000000;0.000000;0.000000;2.000000;323.850159;312.138428;1564.448608;0.064129;0.000000;0.000000;0.000000;0.000000;2.000000;49.459747;-665.438965;1979.389526;0.081663;0.000000;0.000000;0.000000;0.000000;2.000000;64.832840;-679.110413;1835.636963;0.077172;0.000000;0.000000;0.000000;0.000000;2.000000;104.926048;-690.490479;1864.301514;0.106462;0.000000;0.000000;0.000000;0.000000;2.000000;143.103638;-658.127686;1967.357056;0.157927;0.000000;0.000000;0.000000;0.000000;2.000000;67.386772;-718.874695;1860.099243;0.048877;0.000000;0.000000;0.000000;0.000000;2.000000;31.436626;-758.180725;1965.846802;0.055720;0.000000;0.000000;0.000000;0.000000;2.000000;20322766848.000000
0.000000;-150.000000;2000.000000;0.000000;0.000000;0.000000;0.000000;0.000000;2.000000;-29.213753;-298.704132;2056.167725;0.068546;0.000000;0.000000;0.000000;0.000000;2.000000;-31.979477;-427.259186;2068.840332;0.104211;0.000000;0.000000;0.000000;0.000000;2.000000;25.330166;-606.549194;2011.802124;0.090997;0.000000;0.000000;0.000000;0.000000;2.000000;41.002815;-574.656982;2038.427612;0.065703;0.000000;0.000000;0.000000;0.000000;2.000000;150.598450;-514.332397;2071.904785;0.139424;0.000000;0.000000;0.000000;0.000000;2.000000;180.095505;-290.258606;2179.572998;0.329467;0.000000;0.000000;0.000000;0.000000;2.000000;257.847748;-419.518799;2033.303833;0.641583;0.000000;0.000000;0.000000;0.000000;2.000000;284.950562;-501.409821;2020.306152;0.798740;0.000000;0.000000;0.000000;0.000000;2.000000;309.438293;-583.705444;1973.296997;3.045564;0.000000;0.000000;0.000000;0.000000;2.000000;264.048431;-544.977417;2007.773071;1.244071;0.000000;0.000000;0.000000;0.000000;2.000000;-10.084007;-579.943848;2005.580566;0.095879;0.000000;0.000000;0.000000;0.000000;2.000000;-91.981903;-573.838013;1919.271973;0.071555;0.000000;0.000000;0.000000;0.000000;2.000000;-71.866714;-355.979614;1788.129272;0.165394;0.000000;0.000000;0.000000;0.000000;2.000000;125.550262;-404.634583;1850.837646;0.141314;0.000000;0.000000;0.000000;0.000000;2.000000;170.669525;-419.373383;1931.887573;0.161138;0.000000;0.000000;0.000000;0.000000;2.000000;218.866104;-439.065796;2012.801880;0.234372;0.000000;0.000000;0.000000;0.000000;2.000000;197.687180;-424.380249;1912.152832;0.126630;0.000000;0.000000;0.000000;0.000000;2.000000;69.952377;-147.183243;2043.840576;0.045603;0.000000;0.000000;0.000000;0.000000;2.000000;115.919495;-35.202698;1701.968140;0.126793;0.000000;0.000000;0.000000;0.000000;2.000000;114.451218;311.236664;1691.502686;0.127590;0.000000;0.000000;0.000000;0.000000;2.000000;134.155075;451.280182;1597.682373;0.079031;0.000000;0.000000;0.000000;0.000000;2.000000;-63.079132;-152.539978;1960.466919;0.041128;0.000000;0.000000;0.000000;0.000000;2.000000;160.201294;-138.330093;1675.527588;0.096642;0.000000;0.000000;0.000000;0.000000;2.000000;246.365662;198.924835;1636.701782;0.084968;0.000000;0.000000;0.000000;0.000000;2.000000;325.820007;310.414520;1561.612671;0.117778;0.000000;0.000000;0.000000;0.000000;2.000000;52.261688;-668.233704;1981.046143;0.130927;0.000000;0.000000;0.000000;0.000000;2.000000;64.145370;-679.651611;1836.411255;0.035655;0.000000;0.000000;0.000000;0.000000;2.000000;105.211151;-690.915466;1863.940063;0.019120;0.000000;0.000000;0.000000;0.000000;2.000000;145.685577;-659.437256;1966.703003;0.090577;0.000000;0.000000;0.000000;0.000000;2.000000;67.870094;-719.822021;1860.270264;0.032872;0.000000;0.000000;0.000000;0.000000;2.000000;35.101704;-761.237061;1966.568237;0.147291;0.000000;0.000000;0.000000;0.000000;2.000000;20322799616.000000
0.000000;-150.000000;2000.000000;0.000000;0.000000;0.000000;0.000000;0.000000;2.000000;-26.958839;-299.548645;2054.598633;0.087708;0.000000;0.000000;0.000000;0.000000;2.000000;-27.492554;-428.092010;2066.426758;0.157547;0.000000;0.000000;0.000000;0.000000;2.000000;26.519604;-608.272034;2009.606812;0.092576;0.000000;0.000000;0.000000;0.000000;2.000000;42.944328;-576.518982;2035.873901;0.113195;0.000000;0.000000;0.000000;0.000000;2.000000;156.759125;-521.504883;2063.431641;0.387456;0.000000;0.000000;0.000000;0.000000;2.000000;188.010254;-295.636200;2166.201416;0.501790;0.000000;0.000000;0.000000;0.000000;2.000000;246.173325;-444.046082;2029.608154;0.836615;0.000000;0.000000;0.000000;0.000000;2.000000;277.489319;-520.224609;2001.119263;0.851108;0.000000;0.000000;0.000000;0.000000;2.000000;289.607452;-601.006714;1947.344971;1.127955;0.000000;0.000000;0.000000;0.000000;2.000000;254.650986;-572.134033;2016.713989;0.918439;0.000000;0.000000;0.000000;0.000000;2.000000;-8.548485;-581.214233;2003.682739;0.083984;0.000000;0.000000;0.000000;0.000000;2.000000;-89.501251;-571.535645;1916.963135;0.125030;0.000000;0.000000;0.000000;0.000000;2.000000;-81.600449;-350.133820;1791.014648;0.357517;0.000000;0.000000;0.000000;0.000000;2.000000;118.058022;-396.676941;1847.220459;0.351339;0.000000;0.000000;0.000000;0.000000;2.000000;163.386414;-415.478760;1927.204834;0.289740;0.000000;0.000000;0.000000;0.000000;2.000000;217.377441;-430.822113;2005.244263;0.344311;0.000000;0.000000;0.000000;0.000000;2.000000;193.376465;-418.396851;1901.464111;0.396296;0.000000;0.000000;0.000000;0.000000;2.000000;69.279022;-146.176254;2044.680786;0.044990;0.000000;0.000000;0.000000;0.000000;2.000000;117.982971;-36.320007;1702.855957;0.076565;0.000000;0.000000;0.000000;0.000000;2.000000;113.486694;309.696289;1690.171875;0.068743;0.000000;0.000000;0.000000;0.000000;2.000000;133.940933;448.606384;1595.120850;0.113189;0.000000;0.000000;0.000000;0.000000;2.000000;-62.471924;-153.448029;1959.709229;0.040571;0.000000;0.000000;0.000000;0.000000;2.000000;159.926514;-138.444977;1674.549438;0.031204;0.000000;0.000000;0.000000;0.000000;2.000000;246.053802;198.467285;1635.605225;0.037489;0.000000;0.000000;0.000000;0.000000;2.000000;325.664490;311.380981;1563.157959;0.055824;0.000000;0.000000;0.000000;0.000000;2.000000;52.177616;-670.416138;1978.852661;0.094464;0.000000;0.000000;0.000000;0.000000;2.000000;63.179218;-683.536621;1834.428833;0.136331;0.000000;0.000000;0.000000;0.000000;2.000000;104.205063;-694.992371;1861.850952;0.143133;0.000000;0.000000;0.000000;0.000000;2.000000;145.541138;-662.927917;1963.968262;0.135398;0.000000;0.000000;0.000000;0.000000;2.000000;66.531281;-723.450928;1858.683838;0.127584;0.000000;0.000000;0.000000;0.000000;2.000000;33.828793;-763.267578;1965.488525;0.080216;0.000000;0.000000;0.000000;0.000000;2.000000;20322832384.000000
0.000000;-150.000015;2000.000000;0.000000;0.000000;0.000000;0.000000;0.000000;2.000000;-26.413551;-298.921082;2056.219482;0.052322;0.000000;0.000000;0.000000;0.000000;2.000000;-26.647926;-427.372925;2068.057129;0.056639;0.000000;0.000000;0.000000;0.000000;2.000000;25.388676;-608.293091;2012.233643;0.082147;0.000000;0.000000;0.000000;0.000000;2.000000;42.231178;-576.532349;2038.171997;0.069113;0.000000;0.000000;0.000000;0.000000;2.000000;158.251694;-526.020630;2064.704102;0.141409;0.000000;0.000000;0.000000;0.000000;2.000000;193.748627;-297.692261;2159.955078;0.250681;0.000000;0.000000;0.000000;0.000000;2.000000;245.996063;-454.377228;2030.634033;0.298238;0.000000;0.000000;0.000000;0.000000;2.000000;260.947723;-535.363342;2002.306274;0.644954;0.000000;0.000000;0.000000;0.000000;2.000000;279.333557;-607.394592;1938.869629;0.424266;0.000000;0.000000;0.000000;0.000000;2.000000;251.117157;-569.808350;1983.525635;0.960963;0.000000;0.000000;0.000000;0.000000;2.000000;-9.441719;-580.979858;2006.317383;0.080187;0.000000;0.000000;0.000000;0.000000;2.000000;-91.020531;-572.364258;1920.189575;0.105160;0.000000;0.000000;0.000000;0.000000;2.000000;-82.348732;-347.781921;1800.439209;0.279824;0.000000;0.000000;0.000000;0.000000;2.000000;117.137321;-397.630280;1853.782715;0.192290;0.000000;0.000000;0.000000;0.000000;2.000000;159.890961;-423.133087;1933.249390;0.297584;0.000000;0.000000;0.000000;0.000000;2.000000;208.772034;-449.285889;2011.698120;0.613758;0.000000;0.000000;0.000000;0.000000;2.000000;190.647354;-425.448364;1907.350830;0.275234;0.000000;0.000000;0.000000;0.000000;2.000000;70.164688;-146.150238;2043.163208;0.050474;0.000000;0.000000;0.000000;0.000000;2.000000;118.315796;-33.595245;1702.410889;0.079873;0.000000;0.000000;0.000000;0.000000;2.000000;113.827141;312.317261;1694.444824;0.144310;0.000000;0.000000;0.000000;0.000000;2.000000;133.552750;450.673035;1598.647705;0.117938;0.000000;0.000000;0.000000;0.000000;2.000000;-63.270576;-153.471527;1961.077759;0.045516;0.000000;0.000000;0.000000;0.000000;2.000000;160.109314;-138.906281;1676.988525;0.071492;0.000000;0.000000;0.000000;0.000000;2.000000;245.208618;198.101929;1638.841797;0.096651;0.000000;0.000000;0.000000;0.000000;2.000000;325.062897;310.296997;1565.785889;0.083458;0.000000;0.000000;0.000000;0.000000;2.000000;50.298611;-670.832642;1981.793213;0.100942;0.000000;0.000000;0.000000;0.000000;2.000000;62.259388;-684.015015;1837.554932;0.094599;0.000000;0.000000;0.000000;0.000000;2.000000;103.428391;-694.295471;1865.161499;0.099699;0.000000;0.000000;0.000000;0.000000;2.000000;143.426849;-660.903076;1967.295044;0.127282;0.000000;0.000000;0.000000;0.000000;2.000000;66.566422;-723.735596;1861.913208;0.093120;0.000000;0.000000;0.000000;0.000000;2.000000;34.499638;-764.108276;1968.609009;0.094802;0.000000;0.000000;0.000000;0.000000;2.000000;20322867200.000000
0.000000;-150.000000;2000.000000;0.000000;0.000000;0.000000;0.000000;0.000000;2.000000;-27.042931;-297.662811;2056.822998;0.046719;0.000000;0.000000;0.000000;0.000000;2.000000;-27.463509;-425.481537;2068.175049;0.062961;0.000000;0.000000;0.000000;0.000000;2.000000;22.308235;-605.638733;2011.424805;0.126525;0.000000;0.000000;0.000000;0.000000;2.000000;39.203331;-574.565857;2037.764404;0.110880;0.000000;0.000000;0.000000;0.000000;2.000000;155.381470;-529.514343;2069.623047;0.203898;0.000000;0.000000;0.000000;0.000000;2.000000;202.266052;-298.117340;2147.552246;0.459345;0.000000;0.000000;0.000000;0.000000;2.000000;229.619720;-467.309509;2028.509521;0.640100;0.000000;0.000000;0.000000;0.000000;2.000000;231.329926;-549.307434;2000.596313;1.000388;0.000000;0.000000;0.000000;0.000000;2.000000;219.486343;-622.710327;1937.962524;1.885454;0.000000;0.000000;0.000000;0.000000;2.000000;216.034744;-579.101440;1974.548218;1.140938;0.000000;0.000000;0.000000;0.000000;2.000000;-11.852554;-577.890076;2005.387817;0.122918;0.000000;0.000000;0.000000;0.000000;2.000000;-93.612595;-567.622253;1920.477539;0.165157;0.000000;0.000000;0.000000;0.000000;2.000000;-87.310745;-342.279083;1804.902832;0.263985;0.000000;0.000000;0.000000;0.000000;2.000000;112.911781;-391.337494;1851.368652;0.242767;0.000000;0.000000;0.000000;0.000000;2.000000;156.300842;-419.726349;1928.912598;0.200820;0.000000;0.000000;0.000000;0.000000;2.000000;208.419312;-445.033936;2004.903320;0.244851;0.000000;0.000000;0.000000;0.000000;2.000000;185.214462;-422.219208;1904.868896;0.207214;0.000000;0.000000;0.000000;0.000000;2.000000;70.044632;-146.450653;2042.558594;0.020927;0.000000;0.000000;0.000000;0.000000;2.000000;115.566849;-29.171387;1705.058105;0.178299;0.000000;0.000000;0.000000;0.000000;2.000000;111.382973;314.808746;1692.749023;0.118419;0.000000;0.000000;0.000000;0.000000;2.000000;133.112061;454.624420;1601.158691;0.143506;0.000000;0.000000;0.000000;0.000000;2.000000;-63.162338;-153.200607;1961.622925;0.018870;0.000000;0.000000;0.000000;0.000000;2.000000;158.713974;-134.649643;1678.990723;0.149738;0.000000;0.000000;0.000000;0.000000;2.000000;245.437607;199.769867;1638.493164;0.052469;0.000000;0.000000;0.000000;0.000000;2.000000;324.146545;312.833588;1567.289917;0.094240;0.000000;0.000000;0.000000;0.000000;2.000000;46.538857;-667.904907;1980.810547;0.148483;0.000000;0.000000;0.000000;0.000000;2.000000;65.832787;-682.157104;1838.240967;0.124681;0.000000;0.000000;0.000000;0.000000;2.000000;104.998947;-693.160400;1867.921387;0.102913;0.000000;0.000000;0.000000;0.000000;2.000000;140.028168;-660.256165;1971.359619;0.162892;0.000000;0.000000;0.000000;0.000000;2.000000;67.881943;-721.611328;1862.856934;0.081510;0.000000;0.000000;0.000000;0.000000;2.000000;29.386002;-760.383301;1967.311157;0.197090;0.000000;0.000000;0.000000;0.000000;2.000000;20322899968.000000
0.000000;-150.000015;2000.000000;0.000000;0.000000;0.000000;0.000000;0.000000;2.000000;-27.017448;-298.084351;2056.012695;0.027885;0.000000;0.000000;0.000000;0.000000;2.000000;-25.540146;-426.080017;2066.109131;0.088055;0.000000;0.000000;0.000000;0.000000;2.000000;28.988369;-605.654053;2011.507202;0.203878;0.000000;0.000000;0.000000;0.000000;2.000000;44.778061;-574.035034;2037.928101;0.170970;0.000000;0.000000;0.000000;0.000000;2.000000;159.687531;-531.179077;2076.935547;0.263913;0.000000;0.000000;0.000000;0.000000;2.000000;203.478271;-295.155853;2142.261719;0.188690;0.000000;0.000000;0.000000;0.000000;2.000000;216.084656;-462.123962;2017.514282;0.555205;0.000000;0.000000;0.000000;0.000000;2.000000;210.677811;-536.116943;1972.672241;1.133782;0.000000;0.000000;0.000000;0.000000;2.000000;214.355942;-623.747864;1930.598267;0.275724;0.000000;0.000000;0.000000;0.000000;2.000000;185.408890;-541.382813;1923.311523;2.154860;0.000000;0.000000;0.000000;0.000000;2.000000;-5.651573;-578.651001;2004.670654;0.191910;0.000000;0.000000;0.000000;0.000000;2.000000;-88.392685;-569.145630;1920.523438;0.165950;0.000000;0.000000;0.000000;0.000000;2.000000;-89.266190;-341.562744;1808.892944;0.137356;0.000000;0.000000;0.000000;0.000000;2.000000;111.857910;-393.184082;1848.822754;0.101225;0.000000;0.000000;0.000000;0.000000;2.000000;158.301117;-421.957611;1924.502808;0.162707;0.000000;0.000000;0.000000;0.000000;2.000000;213.673553;-447.191345;1998.258057;0.266782;0.000000;0.000000;0.000000;0.000000;2.000000;185.815948;-424.435516;1900.250244;0.157412;0.000000;0.000000;0.000000;0.000000;2.000000;68.794174;-145.689713;2044.578003;0.076115;0.000000;0.000000;0.000000;0.000000;2.000000;117.688660;-32.366943;1705.961914;0.120266;0.000000;0.000000;0.000000;0.000000;2.000000;111.963219;311.730591;1691.752686;0.100311;0.000000;0.000000;0.000000;0.000000;2.000000;135.502747;450.729797;1599.180664;0.151964;0.000000;0.000000;0.000000;0.000000;2.000000;-62.034729;-153.886826;1959.802124;0.068632;0.000000;0.000000;0.000000;0.000000;2.000000;161.225952;-136.885727;1677.880371;0.108081;0.000000;0.000000;0.000000;0.000000;2.000000;246.105820;198.082092;1636.179932;0.089735;0.000000;0.000000;0.000000;0.000000;2.000000;326.084106;310.047058;1564.448242;0.135086;0.000000;0.000000;0.000000;0.000000;2.000000;55.058346;-667.647339;1981.753174;0.261699;0.000000;0.000000;0.000000;0.000000;2.000000;65.262871;-686.807007;1838.728516;0.143738;0.000000;0.000000;0.000000;0.000000;2.000000;106.008408;-697.646729;1866.322510;0.148576;0.000000;0.000000;0.000000;0.000000;2.000000;147.965225;-662.159424;1966.350220;0.292258;0.000000;0.000000;0.000000;0.000000;2.000000;68.122871;-725.517456;1864.473022;0.129215;0.000000;0.000000;0.000000;0.000000;2.000000;35.440235;-760.205017;1972.369629;0.240825;0.000000;0.000000;0.000000;0.000000;2.000000;20322932736.000000
0.000000;-149.999985;2000.000000;0.000001;0.000000;0.000000;0.000000;0.000000;2.000000;-25.515961;-296.062744;2057.205322;0.080031;0.000000;0.000000;0.000000;0.000000;2.000000;-23.683510;-422.681274;2067.561035;0.118796;0.000000;0.000000;0.000000;0.000000;2.000000;28.500473;-601.259277;2014.732544;0.157201;0.000000;0.000000;0.000000;0.000000;2.000000;45.228493;-569.345947;2039.394409;0.141705;0.000000;0.000000;0.000000;0.000000;2.000000;159.980530;-519.872681;2063.910400;0.495472;0.000000;0.000000;0.000000;0.000000;2.000000;208.302765;-291.183350;2141.152344;0.182308;0.000000;0.000000;0.000000;0.000000;2.000000;207.378906;-437.540161;1995.316895;0.983666;0.000000;0.000000;0.000000;0.000000;2.000000;210.807739;-518.307800;1966.629639;0.540177;0.000000;0.000000;0.000000;0.000000;2.000000;217.963745;-607.673889;1931.588501;0.474024;0.000000;0.000000;0.000000;0.000000;2.000000;186.706924;-533.375366;1923.472290;0.233041;0.000000;0.000000;0.000000;0.000000;2.000000;-6.213951;-574.842590;2009.106445;0.168698;0.000000;0.000000;0.000000;0.000000;2.000000;-87.958977;-563.889893;1925.905640;0.216429;0.000000;0.000000;0.000000;0.000000;2.000000;-96.811882;-337.823151;1817.599609;0.347919;0.000000;0.000000;0.000000;0.000000;2.000000;105.606720;-384.847992;1841.933105;0.358783;0.000000;0.000000;0.000000;0.000000;2.000000;151.289307;-420.401672;1913.901978;0.367786;0.000000;0.000000;0.000000;0.000000;2.000000;211.300293;-444.738647;1982.881836;0.452391;0.000000;0.000000;0.000000;0.000000;2.000000;173.111328;-424.922699;1897.398926;0.374246;0.000000;0.000000;0.000000;0.000000;2.000000;69.224106;-145.541840;2042.259888;0.067850;0.000000;0.000000;0.000000;0.000000;2.000000;113.756699;-26.561188;1709.029541;0.219830;0.000000;0.000000;0.000000;0.000000;2.000000;110.173828;313.879883;1693.272217;0.091418;0.000000;0.000000;0.000000;0.000000;2.000000;132.290344;453.159180;1604.037598;0.181227;0.000000;0.000000;0.000000;0.000000;2.000000;-62.422432;-154.020081;1961.892334;0.061180;0.000000;0.000000;0.000000;0.000000;2.000000;157.532928;-131.817932;1682.544434;0.224466;0.000000;0.000000;0.000000;0.000000;2.000000;245.396240;198.221741;1638.137939;0.059952;0.000000;0.000000;0.000000;0.000000;2.000000;321.824799;313.699280;1571.812256;0.265910;0.000000;0.000000;0.000000;0.000000;2.000000;53.142128;-663.110474;1985.365234;0.175423;0.000000;0.000000;0.000000;0.000000;2.000000;62.803802;-681.212891;1843.698730;0.226241;0.000000;0.000000;0.000000;0.000000;2.000000;103.007523;-692.673584;1870.872803;0.211929;0.000000;0.000000;0.000000;0.000000;2.000000;145.119934;-658.816284;1970.037354;0.164665;0.000000;0.000000;0.000000;0.000000;2.000000;65.147743;-719.729248;1868.901367;0.226097;0.000000;0.000000;0.000000;0.000000;2.000000;32.481560;-754.359131;1975.467407;0.208162;0.000000;0.000000;0.000000;0.000000;2.000000;20322967552.000000
0.000000;-149.999985;2000.000000;0.000000;0.000000;0.000000;0.000000;0.000000;2.000000;-26.054680;-296.391083;2057.123047;0.019416;0.000000;0.000000;0.000000;0.000000;2.000000;-24.856499;-423.323822;2067.253418;0.041881;0.000000;0.000000;0.000000;0.000000;2.000000;27.341461;-601.528198;2011.646606;0.100933;0.000000;0.000000;0.000000;0.000000;2.000000;44.435272;-569.664673;2036.296997;0.098060;0.000000;0.000000;0.000000;0.000000;2.000000;159.946533;-519.268555;2056.483887;0.227390;0.000000;0.000000;0.000000;0.000000;2.000000;213.732819;-290.749542;2132.383301;0.315041;0.000000;0.000000;0.000000;0.000000;2.000000;197.826080;-429.795929;1979.754639;0.605306;0.000000;0.000000;0.000000;0.000000;2.000000;211.550903;-514.572693;1975.756348;0.301800;0.000000;0.000000;0.000000;0.000000;2.000000;172.330780;-591.638611;1932.978027;1.476694;0.000000;0.000000;0.000000;0.000000;2.000000;186.160263;-538.161377;1928.522705;0.212993;0.000000;0.000000;0.000000;0.000000;2.000000;-7.708374;-575.204895;2006.962524;0.080516;0.000000;0.000000;0.000000;0.000000;2.000000;-90.508347;-564.139709;1924.448853;0.089931;0.000000;0.000000;0.000000;0.000000;2.000000;-94.991608;-334.790955;1821.595581;0.162849;0.000000;0.000000;0.000000;0.000000;2.000000;105.990128;-388.545990;1847.897339;0.214481;0.000000;0.000000;0.000000;0.000000;2.000000;148.739899;-427.113831;1920.382568;0.295171;0.000000;0.000000;0.000000;0.000000;2.000000;207.461304;-453.723053;1989.924805;0.367557;0.000000;0.000000;0.000000;0.000000;2.000000;174.245148;-431.086151;1898.691528;0.195276;0.000000;0.000000;0.000000;0.000000;2.000000;69.607040;-145.988708;2042.028687;0.019296;0.000000;0.000000;0.000000;0.000000;2.000000;113.546898;-27.287994;1707.756958;0.045180;0.000000;0.000000;0.000000;0.000000;2.000000;111.473877;314.081848;1695.518433;0.079442;0.000000;0.000000;0.000000;0.000000;2.000000;133.312607;452.674255;1604.457764;0.036833;0.000000;0.000000;0.000000;0.000000;2.000000;-62.767746;-153.617126;1962.101074;0.017403;0.000000;0.000000;0.000000;0.000000;2.000000;158.051682;-132.453079;1682.325684;0.025902;0.000000;0.000000;0.000000;0.000000;2.000000;245.775726;198.469788;1638.167725;0.013865;0.000000;0.000000;0.000000;0.000000;2.000000;323.019653;313.566528;1571.321777;0.039624;0.000000;0.000000;0.000000;0.000000;2.000000;51.771965;-663.114441;1981.159058;0.135001;0.000000;0.000000;0.000000;0.000000;2.000000;67.890579;-688.223083;1840.827148;0.278470;0.000000;0.000000;0.000000;0.000000;2.000000;107.021805;-697.940491;1870.351807;0.202721;0.000000;0.000000;0.000000;0.000000;2.000000;144.513870;-658.677673;1969.669189;0.022050;0.000000;0.000000;0.000000;0.000000;2.000000;69.408791;-725.493408;1868.074463;0.220205;0.000000;0.000000;0.000000;0.000000;2.000000;32.221397;-755.149536;1974.947998;0.029935;0.000000;0.000000;0.000000;0.000000;2.000000;20323000320.000000
0.000000;-150.000015;2000.000000;0.000001;0.000000;0.000000;0.000000;0.000000;2.000000;-26.073601;-296.203033;2057.173340;0.005969;0.000000;0.000000;0.000000;0.000000;2.000000;-25.011520;-423.000854;2067.483398;0.012992;0.000000;0.000000;0.000000;0.000000;2.000000;26.307972;-601.287354;2011.964722;0.033809;0.000000;0.000000;0.000000;0.000000;2.000000;43.561798;-569.504944;2036.534668;0.028052;0.000000;0.000000;0.000000;0.000000;2.000000;159.465134;-519.930908;2055.716797;0.034241;0.000000;0.000000;0.000000;0.000000;2.000000;213.597900;-291.010529;2129.363770;0.092584;0.000000;0.000000;0.000000;0.000000;2.000000;196.441467;-431.136597;1978.131348;0.076900;0.000000;0.000000;0.000000;0.000000;2.000000;210.615662;-515.744568;1973.891846;0.073015;0.000000;0.000000;0.000000;0.000000;2.000000;169.717590;-590.959778;1929.623779;0.131405;0.000000;0.000000;0.000000;0.000000;2.000000;180.231018;-535.795532;1921.487061;0.289923;0.000000;0.000000;0.000000;0.000000;2.000000;-8.610664;-574.850952;2007.332642;0.031662;0.000000;0.000000;0.000000;0.000000;2.000000;-91.487434;-563.309143;1925.120972;0.044226;0.000000;0.000000;0.000000;0.000000;2.000000;-95.455055;-333.532196;1823.798340;0.078706;0.000000;0.000000;0.000000;0.000000;2.000000;105.032898;-389.272888;1848.065552;0.037038;0.000000;0.000000;0.000000;0.000000;2.000000;147.025818;-431.078033;1919.070801;0.137748;0.000000;0.000000;0.000000;0.000000;2.000000;205.022339;-461.208679;1987.655151;0.250048;0.000000;0.000000;0.000000;0.000000;2.000000;171.144592;-435.375305;1898.801758;0.161549;0.000000;0.000000;0.000000;0.000000;2.000000;69.572151;-146.007309;2041.937988;0.003019;0.000000;0.000000;0.000000;0.000000;2.000000;113.330971;-27.944275;1707.780396;0.021096;0.000000;0.000000;0.000000;0.000000;2.000000;111.195435;313.056763;1694.396729;0.047145;0.000000;0.000000;0.000000;0.000000;2.000000;132.853973;452.867371;1605.472778;0.034498;0.000000;0.000000;0.000000;0.000000;2.000000;-62.736275;-153.600403;1962.182617;0.002716;0.000000;0.000000;0.000000;0.000000;2.000000;157.675354;-132.814011;1682.490967;0.016693;0.000000;0.000000;0.000000;0.000000;2.000000;245.375885;197.688965;1637.714355;0.030135;0.000000;0.000000;0.000000;0.000000;2.000000;321.810333;312.550537;1569.877686;0.065311;0.000000;0.000000;0.000000;0.000000;2.000000;50.407001;-662.936279;1981.506226;0.043324;0.000000;0.000000;0.000000;0.000000;2.000000;67.968903;-687.528198;1841.395752;0.027505;0.000000;0.000000;0.000000;0.000000;2.000000;106.959595;-696.746460;1871.184814;0.044471;0.000000;0.000000;0.000000;0.000000;2.000000;143.077789;-657.191040;1970.771851;0.071494;0.000000;0.000000;0.000000;0.000000;2.000000;69.789307;-724.789795;1868.561768;0.028585;0.000000;0.000000;0.000000;0.000000;2.000000;32.209579;-755.135071;1974.981812;0.001179;0.000000;0.000000;0.000000;0.000000;2.000000;20323033088.000000
0.000000;-150.000000;2000.000000;0.000000;0.000000;0.000000;0.000000;0.000000;2.000000;-25.937439;-296.002655;2056.664063;0.017211;0.000000;0.000000;0.000000;0.000000;2.000000;-24.887764;-422.494385;2066.903320;0.023802;0.000000;0.000000;0.000000;0.000000;2.000000;25.208637;-600.350891;2010.543823;0.061827;0.000000;0.000000;0.000000;0.000000;2.000000;42.733681;-568.786987;2035.013184;0.057225;0.000000;0.000000;0.000000;0.000000;2.000000;160.275574;-522.843140;2050.913574;0.173196;0.000000;0.000000;0.000000;0.000000;2.000000;214.324661;-295.503235;2127.447266;0.150701;0.000000;0.000000;0.000000;0.000000;2.000000;189.496399;-434.001434;1976.471436;0.234800;0.000000;0.000000;0.000000;0.000000;2.000000;207.618805;-517.322388;1968.070679;0.205528;0.000000;0.000000;0.000000;0.000000;2.000000;170.131714;-598.470825;1932.659668;0.247557;0.000000;0.000000;0.000000;0.000000;2.000000;180.185577;-537.745361;1921.282715;0.059846;0.000000;0.000000;0.000000;0.000000;2.000000;-9.564949;-573.838989;2006.289551;0.053058;0.000000;0.000000;0.000000;0.000000;2.000000;-92.275375;-564.255493;1924.067261;0.049460;0.000000;0.000000;0.000000;0.000000;2.000000;-97.281403;-333.113464;1827.528076;0.127379;0.000000;0.000000;0.000000;0.000000;2.000000;102.056839;-392.621643;1847.531250;0.137690;0.000000;0.000000;0.000000;0.000000;2.000000;145.561996;-435.632202;1916.585205;0.164516;0.000000;0.000000;0.000000;0.000000;2.000000;201.718353;-471.538574;1983.582397;0.353544;0.000000;0.000000;0.000000;0.000000;2.000000;166.289215;-440.985840;1899.959106;0.229171;0.000000;0.000000;0.000000;0.000000;2.000000;69.323036;-146.027557;2041.967407;0.007680;0.000000;0.000000;0.000000;0.000000;2.000000;113.588043;-28.116333;1708.755615;0.031223;0.000000;0.000000;0.000000;0.000000;2.000000;110.089294;311.983612;1694.037354;0.048294;0.000000;0.000000;0.000000;0.000000;2.000000;131.733932;450.950165;1604.554932;0.073322;0.000000;0.000000;0.000000;0.000000;2.000000;-62.511627;-153.582123;1962.156006;0.006926;0.000000;0.000000;0.000000;0.000000;2.000000;156.927826;-132.771454;1682.812256;0.024865;0.000000;0.000000;0.000000;0.000000;2.000000;244.645844;196.826874;1637.883545;0.034859;0.000000;0.000000;0.000000;0.000000;2.000000;321.114136;312.477142;1572.313477;0.077344;0.000000;0.000000;0.000000;0.000000;2.000000;48.777817;-661.838196;1979.770874;0.079997;0.000000;0.000000;0.000000;0.000000;2.000000;66.944206;-689.574707;1840.686523;0.073123;0.000000;0.000000;0.000000;0.000000;2.000000;105.415352;-698.896484;1870.911377;0.081214;0.000000;0.000000;0.000000;0.000000;2.000000;141.398392;-658.093384;1969.727661;0.066336;0.000000;0.000000;0.000000;0.000000;2.000000;67.826599;-726.206787;1868.554932;0.073876;0.000000;0.000000;0.000000;0.000000;2.000000;28.911037;-753.563171;1974.991699;0.111510;0.000000;0.000000;0.000000;0.000000;2.000000;20323065856.000000
