posX0;posY0;posZ0;posVel0;rotX0;rotY0;rotZ0;rotVel0;confidence0;posX1;posY1;posZ1;posVel1;rotX1;rotY1;rotZ1;rotVel1;confidence1;posX2;posY2;posZ2;posVel2;rotX2;rotY2;rotZ2;rotVel2;confidence2;posX3;posY3;posZ3;posVel3;rotX3;rotY3;rotZ3;rotVel3;confidence3;posX4;posY4;posZ4;posVel4;rotX4;rotY4;rotZ4;rotVel4;confidence4;posX5;posY5;posZ5;posVel5;rotX5;rotY5;rotZ5;rotVel5;confidence5;posX6;posY6;posZ6;posVel6;rotX6;rotY6;rotZ6;rotVel6;confidence6;posX7;posY7;posZ7;posVel7;rotX7;rotY7;rotZ7;rotVel7;confidence7;posX8;posY8;posZ8;posVel8;rotX8;rotY8;rotZ8;rotVel8;confidence8;posX9;posY9;posZ9;posVel9;rotX9;rotY9;rotZ9;rotVel9;confidence9;posX10;posY10;posZ10;posVel10;rotX10;rotY10;rotZ10;rotVel10;confidence10;posX11;posY11;posZ11;posVel11;rotX11;rotY11;rotZ11;rotVel11;confidence11;posX12;posY12;posZ12;posVel12;rotX12;rotY12;rotZ12;rotVel12;confidence12;posX13;posY13;posZ13;posVel13;rotX13;rotY13;rotZ13;rotVel13;confidence13;posX14;posY14;posZ14;posVel14;rotX14;rotY14;rotZ14;rotVel14;confidence14;posX15;posY15;posZ15;posVel15;rotX15;rotY15;rotZ15;rotVel15;confidence15;posX16;posY16;posZ16;posVel16;rotX16;rotY16;rotZ16;rotVel16;confidence16;posX17;posY17;posZ17;posVel17;rotX17;rotY17;rotZ17;rotVel17;confidence17;posX18;posY18;posZ18;posVel18;rotX18;rotY18;rotZ18;rotVel18;confidence18;posX19;posY19;posZ19;posVel19;rotX19;rotY19;rotZ19;rotVel19;confidence19;posX20;posY20;posZ20;posVel20;rotX20;rotY20;rotZ20;rotVel20;confidence20;posX21;posY21;posZ21;posVel21;rotX21;rotY21;rotZ21;rotVel21;confidence21;posX22;posY22;posZ22;posVel22;rotX22;rotY22;rotZ22;rotVel22;confidence22;posX23;posY23;posZ23;posVel23;rotX23;rotY23;rotZ23;rotVel23;confidence23;posX24;posY24;posZ24;posVel24;rotX24;rotY24;rotZ24;rotVel24;confidence24;posX25;posY25;posZ25;posVel25;rotX25;rotY25;rotZ25;rotVel25;confidence25;posX26;posY26;posZ26;posVel26;rotX26;rotY26;rotZ26;rotVel26;confidence26;posX27;posY27;posZ27;posVel27;rotX27;rotY27;rotZ27;rotVel27;confidence27;posX28;posY28;posZ28;posVel28;rotX28;rotY28;rotZ28;rotVel28;confidence28;posX29;posY29;posZ29;posVel29;rotX29;rotY29;rotZ29;rotVel29;confidence29;posX30;posY30;posZ30;posVel30;rotX30;rotY30;rotZ30;rotVel30;confidence30;posX31;posY31;posZ31;posVel31;rotX31;rotY31;rotZ31;rotVel31;confidence31;TimeStamp
0.000000;-150.000000;2000.000000;0.000000;0.000000;0.000000;0.000000;0.000000;2.000000;-17.695679;-327.157471;1956.416260;0.000000;0.000000;0.000000;0.000000;0.000000;2.000000;-30.301239;-469.472656;1923.852905;0.000000;0.000000;0.000000;0.000000;0.000000;2.000000;-56.032166;-691.038208;1922.960327;0.000000;0.000000;0.000000;0.000000;0.000000;2.000000;-25.721649;-657.672485;1900.510864;0.000000;0.000000;0.000000;0.000000;0.000000;2.000000;64.963379;-647.002869;1785.474121;0.000000;0.000000;0.000000;0.000000;0.000000;2.000000;208.367737;-474.766357;1611.179077;0.000000;0.000000;0.000000;0.000000;0.000000;2.000000;70.166626;-305.774841;1515.646606;0.000000;0.000000;0.000000;0.000000;0.000000;2.000000;32.205261;-214.830978;1506.942261;0.000000;0.000000;0.000000;0.000000;0.000000;2.000000;25.608612;-179.858215;1612.099365;0.000000;0.000000;0.000000;0.000000;0.000000;2.000000;6.722504;-185.616333;1495.617920;0.000000;0.000000;0.000000;0.000000;0.000000;2.000000;-76.309937;-651.368347;1947.218262;0.000000;0.000000;0.000000;0.000000;0.000000;2.000000;-172.609299;-608.143738;2031.564209;0.000000;0.000000;0.000000;0.000000;0.000000;2.000000;-200.364532;-454.505859;2275.106689;0.000000;0.000000;0.000000;0.000000;0.000000;2.000000;-278.071594;-364.612976;2065.078613;0.000000;0.000000;0.000000;0.000000;0.000000;2.000000;-272.708038;-368.964783;1958.780151;0.000000;0.000000;0.000000;0.000000;0.000000;0.000000;-267.593719;-336.264160;2062.761230;0.000000;0.000000;0.000000;0.000000;0.000000;0.000000;-221.330765;-378.012634;1944.944092;0.000000;0.000000;0.000000;0.000000;0.000000;0.000000;78.174744;-145.164459;1948.604248;0.000000;0.000000;0.000000;0.000000;0.000000;2.000000;96.093384;265.483795;1933.707397;0.000000;0.000000;0.000000;0.000000;0.000000;2.000000;170.586060;641.319092;2021.536377;0.000000;0.000000;0.000000;0.000000;0.000000;2.000000;99.568054;752.775208;1881.606323;0.000000;0.000000;0.000000;0.000000;0.000000;2.000000;-70.493622;-154.360428;2046.345703;0.000000;0.000000;0.000000;0.000000;0.000000;2.000000;-161.001663;245.018494;2012.942383;0.000000;0.000000;0.000000;0.000000;0.000000;2.000000;2.918579;591.977417;2115.572021;0.000000;0.000000;0.000000;0.000000;0.000000;2.000000;-57.675262;709.464722;1997.738525;0.000000;0.000000;0.000000;0.000000;0.000000;2.000000;-74.821442;-772.158691;1912.471313;0.000000;0.000000;0.000000;0.000000;0.000000;2.000000;-160.232864;-787.340271;1772.006592;0.000000;0.000000;0.000000;0.000000;0.000000;2.000000;-125.097443;-830.617981;1786.132324;0.000000;0.000000;0.000000;0.000000;0.000000;2.000000;-15.612701;-841.939209;1855.768311;0.000000;0.000000;0.000000;0.000000;0.000000;2.000000;-172.402924;-822.276001;1810.176147;0.000000;0.000000;0.000000;0.000000;0.000000;2.000000;-160.942780;-830.108582;1944.070923;0.000000;0.000000;0.000000;0.000000;0.000000;2.000000;13207033856.000000
0.000000;-150.000000;2000.000000;0.000000;0.000000;0.000000;0.000000;0.000000;2.000000;-16.769135;-327.592834;1957.180664;0.038990;0.000000;0.000000;0.000000;0.000000;2.000000;-28.928467;-470.088318;1924.682129;0.052426;0.000000;0.000000;0.000000;0.000000;2.000000;-55.923065;-691.688965;1923.194336;0.021366;0.000000;0.000000;0.000000;0.000000;2.000000;-25.736938;-658.362000;1900.427002;0.021203;0.000000;0.000000;0.000000;0.000000;2.000000;53.369720;-645.066711;1777.249512;0.437803;0.000000;0.000000;0.000000;0.000000;2.000000;186.935089;-452.950439;1616.016235;0.944908;0.000000;0.000000;0.000000;0.000000;2.000000;64.326416;-269.752655;1524.992920;1.149610;0.000000;0.000000;0.000000;0.000000;2.000000;49.119781;-171.924149;1526.546753;1.529364;0.000000;0.000000;0.000000;0.000000;2.000000;67.579132;-124.995956;1625.553467;2.147623;0.000000;0.000000;0.000000;0.000000;2.000000;15.665955;-140.996552;1517.107178;1.535825;0.000000;0.000000;0.000000;0.000000;2.000000;-75.636414;-651.984192;1947.944580;0.035595;0.000000;0.000000;0.000000;0.000000;2.000000;-170.734940;-611.988647;2035.371338;0.174754;0.000000;0.000000;0.000000;0.000000;2.000000;-191.968658;-392.481079;2222.972412;2.485927;0.000000;0.000000;0.000000;0.000000;2.000000;-273.263245;-379.430237;1995.927246;2.163217;0.000000;0.000000;0.000000;0.000000;2.000000;-284.833984;-361.911774;1891.402832;2.100285;0.000000;0.000000;0.000000;0.000000;0.000000;-277.433319;-349.294647;1999.632324;1.989940;0.000000;0.000000;0.000000;0.000000;0.000000;-239.335373;-366.914093;1876.612793;2.182916;0.000000;0.000000;0.000000;0.000000;2.000000;76.772003;-144.343643;1946.474243;0.081764;0.000000;0.000000;0.000000;0.000000;2.000000;98.976929;266.394958;1930.345703;0.137992;0.000000;0.000000;0.000000;0.000000;2.000000;170.562836;641.149109;2026.313232;0.145872;0.000000;0.000000;0.000000;0.000000;2.000000;110.530212;761.000488;1887.964111;0.461053;0.000000;0.000000;0.000000;0.000000;2.000000;-69.228668;-155.100601;2048.266602;0.073735;0.000000;0.000000;0.000000;0.000000;2.000000;-185.719452;238.876205;2030.747070;0.948357;0.000000;0.000000;0.000000;0.000000;2.000000;-30.554413;589.820435;2134.719971;1.178681;0.000000;0.000000;0.000000;0.000000;2.000000;-108.330170;711.137756;2031.543701;1.859197;0.000000;0.000000;0.000000;0.000000;2.000000;-75.331848;-772.725342;1912.618652;0.023704;0.000000;0.000000;0.000000;0.000000;2.000000;-184.968735;-786.680298;1789.790405;0.929942;0.000000;0.000000;0.000000;0.000000;2.000000;-147.187180;-829.616272;1796.240967;0.741988;0.000000;0.000000;0.000000;0.000000;2.000000;-26.517303;-840.324463;1844.374756;0.483808;0.000000;0.000000;0.000000;0.000000;2.000000;-189.418213;-822.615967;1828.766235;0.769156;0.000000;0.000000;0.000000;0.000000;2.000000;-153.404541;-832.909973;1958.180298;0.495615;0.000000;0.000000;0.000000;0.000000;2.000000;13207066624.000000
0.000000;-150.000000;2000.000000;0.000000;0.000000;0.000000;0.000000;0.000000;2.000000;-15.506226;-329.205963;1958.996094;0.081005;0.000000;0.000000;0.000000;0.000000;2.000000;-27.056885;-472.792450;1927.325684;0.124865;0.000000;0.000000;0.000000;0.000000;2.000000;-50.950165;-696.002075;1924.004517;0.196272;0.000000;0.000000;0.000000;0.000000;2.000000;-22.765594;-661.654419;1899.612061;0.133440;0.000000;0.000000;0.000000;0.000000;2.000000;46.201874;-643.145386;1770.175171;0.303403;0.000000;0.000000;0.000000;0.000000;2.000000;172.389221;-429.153717;1628.941895;0.909679;0.000000;0.000000;0.000000;0.000000;2.000000;63.903625;-233.911682;1541.547974;1.168381;0.000000;0.000000;0.000000;0.000000;2.000000;69.378784;-135.575470;1556.229614;1.512631;0.000000;0.000000;0.000000;0.000000;2.000000;115.983948;-68.535706;1632.514160;2.210413;0.000000;0.000000;0.000000;0.000000;2.000000;38.373962;-101.684265;1547.005615;1.608669;0.000000;0.000000;0.000000;0.000000;2.000000;-69.574219;-656.785767;1950.878662;0.244771;0.000000;0.000000;0.000000;0.000000;2.000000;-158.767197;-618.313843;2046.058838;0.510386;0.000000;0.000000;0.000000;0.000000;2.000000;-183.118378;-407.425110;2245.344238;0.838135;0.000000;0.000000;0.000000;0.000000;2.000000;-275.348846;-398.710480;2020.823486;0.933886;0.000000;0.000000;0.000000;0.000000;2.000000;-301.984558;-389.360138;1917.390015;1.228329;0.000000;0.000000;0.000000;0.000000;0.000000;-282.204102;-368.796967;2023.451660;0.921882;0.000000;0.000000;0.000000;0.000000;0.000000;-271.215454;-392.356750;1897.564453;1.356965;0.000000;0.000000;0.000000;0.000000;0.000000;75.699677;-143.766312;1944.128784;0.078208;0.000000;0.000000;0.000000;0.000000;2.000000;101.428070;269.217255;1931.141479;0.113100;0.000000;0.000000;0.000000;0.000000;2.000000;174.580811;645.871582;2027.655518;0.187740;0.000000;0.000000;0.000000;0.000000;2.000000;114.296844;770.274414;1891.934204;0.318662;0.000000;0.000000;0.000000;0.000000;2.000000;-68.261749;-155.621201;2050.381348;0.070516;0.000000;0.000000;0.000000;0.000000;2.000000;-207.246704;233.848907;2054.056641;0.950676;0.000000;0.000000;0.000000;0.000000;2.000000;-74.344757;594.358765;2164.578613;1.574195;0.000000;0.000000;0.000000;0.000000;2.000000;-163.349838;717.385132;2071.240234;2.016225;0.000000;0.000000;0.000000;0.000000;2.000000;-69.959564;-777.621582;1913.395630;0.216328;0.000000;0.000000;0.000000;0.000000;2.000000;-199.602051;-757.283325;1811.457520;1.164235;0.000000;0.000000;0.000000;0.000000;2.000000;-171.924606;-808.065186;1809.139404;1.043229;0.000000;0.000000;0.000000;0.000000;2.000000;-49.881531;-848.832886;1834.227783;0.794743;0.000000;0.000000;0.000000;0.000000;2.000000;-205.573288;-794.652222;1849.277588;1.132161;0.000000;0.000000;0.000000;0.000000;2.000000;-151.398102;-823.169678;1970.145874;0.460427;0.000000;0.000000;0.000000;0.000000;2.000000;13207100416.000000
0.000000;-150.000000;2000.000000;0.000000;0.000000;0.000000;0.000000;0.000000;2.000000;-17.079071;-328.609436;1959.303955;0.052188;0.000000;0.000000;0.000000;0.000000;2.000000;-28.881287;-472.113617;1929.286743;0.084325;0.000000;0.000000;0.000000;0.000000;2.000000;-52.697144;-694.730225;1927.994507;0.138476;0.000000;0.000000;0.000000;0.000000;2.000000;-25.295990;-660.618652;1902.685181;0.125530;0.000000;0.000000;0.000000;0.000000;2.000000;42.269165;-635.933472;1774.005981;0.276606;0.000000;0.000000;0.000000;0.000000;2.000000;159.232910;-411.297821;1643.348511;0.807115;0.000000;0.000000;0.000000;0.000000;2.000000;72.551605;-206.612274;1555.032104;0.965951;0.000000;0.000000;0.000000;0.000000;2.000000;86.767212;-110.412964;1575.145996;1.097504;0.000000;0.000000;0.000000;0.000000;2.000000;152.129944;-53.297318;1645.020874;1.256479;0.000000;0.000000;0.000000;0.000000;2.000000;58.972046;-74.511063;1573.435181;1.316573;0.000000;0.000000;0.000000;0.000000;2.000000;-70.529968;-655.464478;1955.065308;0.137116;0.000000;0.000000;0.000000;0.000000;2.000000;-153.708847;-621.902344;2056.789795;0.378243;0.000000;0.000000;0.000000;0.000000;2.000000;-170.154617;-423.270813;2267.953613;0.930826;0.000000;0.000000;0.000000;0.000000;2.000000;-277.433289;-421.891266;2050.797852;1.158123;0.000000;0.000000;0.000000;0.000000;2.000000;-299.032654;-429.751892;1946.376709;1.519897;0.000000;0.000000;0.000000;0.000000;0.000000;-286.466125;-392.819336;2048.723389;1.071988;0.000000;0.000000;0.000000;0.000000;0.000000;-271.279602;-434.001892;1929.186768;1.595778;0.000000;0.000000;0.000000;0.000000;0.000000;76.326813;-144.840424;1945.323364;0.052629;0.000000;0.000000;0.000000;0.000000;2.000000;102.864532;266.795105;1928.157715;0.125208;0.000000;0.000000;0.000000;0.000000;2.000000;179.068054;641.453125;2025.613037;0.202039;0.000000;0.000000;0.000000;0.000000;2.000000;120.592651;772.167236;1895.926880;0.234730;0.000000;0.000000;0.000000;0.000000;2.000000;-68.827271;-154.652603;2049.304688;0.047447;0.000000;0.000000;0.000000;0.000000;2.000000;-206.982880;232.867676;2077.890137;0.728001;0.000000;0.000000;0.000000;0.000000;2.000000;-112.523651;601.826294;2195.842041;1.523067;0.000000;0.000000;0.000000;0.000000;2.000000;-217.182907;720.590942;2114.996582;2.119356;0.000000;0.000000;0.000000;0.000000;2.000000;-71.907837;-776.192505;1918.443481;0.170786;0.000000;0.000000;0.000000;0.000000;2.000000;-201.968063;-740.425781;1822.187134;0.614078;0.000000;0.000000;0.000000;0.000000;2.000000;-177.699738;-792.356323;1815.401367;0.545346;0.000000;0.000000;0.000000;0.000000;2.000000;-58.272736;-842.192505;1833.973633;0.326654;0.000000;0.000000;0.000000;0.000000;2.000000;-209.400650;-779.974487;1857.220825;0.522537;0.000000;0.000000;0.000000;0.000000;2.000000;-154.507538;-820.636963;1973.795532;0.165481;0.000000;0.000000;0.000000;0.000000;2.000000;13207133184.000000
0.000000;-150.000000;2000.000000;0.000000;0.000000;0.000000;0.000000;0.000000;2.000000;-19.345703;-327.474670;1961.579834;0.100811;0.000000;0.000000;0.000000;0.000000;2.000000;-30.631256;-470.896362;1936.759399;0.229959;0.000000;0.000000;0.000000;0.000000;2.000000;-59.094421;-691.290833;1936.195557;0.324189;0.000000;0.000000;0.000000;0.000000;2.000000;-31.202057;-658.112610;1910.930176;0.309159;0.000000;0.000000;0.000000;0.000000;2.000000;38.259399;-635.818909;1784.088623;0.321121;0.000000;0.000000;0.000000;0.000000;2.000000;162.657013;-411.447571;1664.956665;0.647440;0.000000;0.000000;0.000000;0.000000;2.000000;77.936066;-202.236954;1591.368896;1.094733;0.000000;0.000000;0.000000;0.000000;2.000000;98.266266;-106.845169;1605.579346;0.968524;0.000000;0.000000;0.000000;0.000000;2.000000;144.526581;-9.734871;1631.319214;1.370001;0.000000;0.000000;0.000000;0.000000;2.000000;72.559052;-70.478546;1610.004883;1.160631;0.000000;0.000000;0.000000;0.000000;2.000000;-75.897736;-651.857483;1962.970093;0.302236;0.000000;0.000000;0.000000;0.000000;2.000000;-156.747955;-615.871155;2064.403076;0.301169;0.000000;0.000000;0.000000;0.000000;2.000000;-199.762665;-415.977356;2267.523438;0.902467;0.000000;0.000000;0.000000;0.000000;2.000000;-291.906952;-449.460938;2048.010010;0.925146;0.000000;0.000000;0.000000;0.000000;2.000000;-294.972656;-461.198608;1942.579590;0.945025;0.000000;0.000000;0.000000;0.000000;0.000000;-305.056274;-422.544495;2043.689453;1.048153;0.000000;0.000000;0.000000;0.000000;0.000000;-284.174438;-465.580444;1931.107666;1.011005;0.000000;0.000000;0.000000;0.000000;0.000000;76.480316;-146.777130;1946.602417;0.068833;0.000000;0.000000;0.000000;0.000000;2.000000;104.738159;261.802307;1933.135864;0.215886;0.000000;0.000000;0.000000;0.000000;2.000000;182.101471;634.453857;2025.396973;0.225834;0.000000;0.000000;0.000000;0.000000;2.000000;128.181000;770.298889;1901.261353;0.280008;0.000000;0.000000;0.000000;0.000000;2.000000;-68.965637;-152.906204;2048.151123;0.062073;0.000000;0.000000;0.000000;0.000000;2.000000;-201.486252;229.689758;2108.270996;0.918478;0.000000;0.000000;0.000000;0.000000;2.000000;-168.785950;602.998962;2235.475098;2.036880;0.000000;0.000000;0.000000;0.000000;2.000000;-276.056671;721.303589;2160.485596;2.201807;0.000000;0.000000;0.000000;0.000000;2.000000;-79.938904;-771.739868;1926.994019;0.371311;0.000000;0.000000;0.000000;0.000000;2.000000;-230.481705;-754.084229;1863.131348;1.530840;0.000000;0.000000;0.000000;0.000000;2.000000;-200.433792;-800.069031;1846.854858;1.170935;0.000000;0.000000;0.000000;0.000000;2.000000;-74.326721;-828.782959;1836.337158;0.622950;0.000000;0.000000;0.000000;0.000000;2.000000;-223.837051;-795.998291;1894.810791;1.282491;0.000000;0.000000;0.000000;0.000000;2.000000;-140.080276;-832.809509;1992.869629;0.794134;0.000000;0.000000;0.000000;0.000000;2.000000;13207166976.000000
0.000000;-150.000000;2000.000000;0.000000;0.000000;0.000000;0.000000;0.000000;2.000000;-23.156494;-327.466553;1966.457397;0.188896;0.000000;0.000000;0.000000;0.000000;2.000000;-35.732452;-471.307556;1947.959717;0.375798;0.000000;0.000000;0.000000;0.000000;2.000000;-61.130798;-691.378784;1943.103638;0.219803;0.000000;0.000000;0.000000;0.000000;2.000000;-34.604187;-657.324219;1917.819946;0.235727;0.000000;0.000000;0.000000;0.000000;2.000000;29.782318;-632.594177;1789.249878;0.318464;0.000000;0.000000;0.000000;0.000000;2.000000;162.995758;-403.872192;1691.835205;0.852286;0.000000;0.000000;0.000000;0.000000;2.000000;90.484283;-191.213104;1617.298462;0.941271;0.000000;0.000000;0.000000;0.000000;2.000000;121.318604;-101.883408;1644.287109;1.383197;0.000000;0.000000;0.000000;0.000000;2.000000;143.051453;5.339157;1658.200195;0.941599;0.000000;0.000000;0.000000;0.000000;2.000000;109.145844;-64.097939;1642.036987;1.496719;0.000000;0.000000;0.000000;0.000000;2.000000;-77.541168;-652.934509;1971.250366;0.259711;0.000000;0.000000;0.000000;0.000000;2.000000;-156.010956;-629.862854;2077.675537;0.588973;0.000000;0.000000;0.000000;0.000000;2.000000;-200.329605;-406.412415;2252.870850;0.534282;0.000000;0.000000;0.000000;0.000000;2.000000;-292.916473;-468.137268;2040.543457;0.614589;0.000000;0.000000;0.000000;0.000000;2.000000;-301.644806;-478.708801;1935.615234;0.610067;0.000000;0.000000;0.000000;0.000000;0.000000;-305.794800;-441.121033;2037.207275;0.600857;0.000000;0.000000;0.000000;0.000000;0.000000;-296.819031;-484.316650;1924.908691;0.715283;0.000000;0.000000;0.000000;0.000000;0.000000;75.785065;-149.679962;1945.987793;0.093004;0.000000;0.000000;0.000000;0.000000;2.000000;109.101807;257.079224;1926.299927;0.286409;0.000000;0.000000;0.000000;0.000000;2.000000;191.591156;627.051575;2020.106445;0.401208;0.000000;0.000000;0.000000;0.000000;2.000000;141.525726;762.071533;1894.319336;0.523234;0.000000;0.000000;0.000000;0.000000;2.000000;-68.338715;-150.288574;2048.705078;0.083864;0.000000;0.000000;0.000000;0.000000;2.000000;-201.220825;226.764359;2130.954590;0.698028;0.000000;0.000000;0.000000;0.000000;2.000000;-199.417221;599.704834;2259.876709;1.199370;0.000000;0.000000;0.000000;0.000000;2.000000;-321.920898;709.935364;2198.319092;1.847294;0.000000;0.000000;0.000000;0.000000;2.000000;-81.111542;-771.650818;1932.703857;0.177908;0.000000;0.000000;0.000000;0.000000;2.000000;-226.791260;-741.467896;1863.682007;0.401506;0.000000;0.000000;0.000000;0.000000;2.000000;-200.218842;-789.674194;1848.399048;0.320774;0.000000;0.000000;0.000000;0.000000;2.000000;-77.028412;-828.778381;1842.384277;0.202124;0.000000;0.000000;0.000000;0.000000;2.000000;-224.856491;-783.677368;1895.352051;0.377651;0.000000;0.000000;0.000000;0.000000;2.000000;-148.337341;-827.299072;1995.971191;0.317388;0.000000;0.000000;0.000000;0.000000;2.000000;13207199744.000000
0.000000;-150.000000;2000.000000;0.000000;0.000000;0.000000;0.000000;0.000000;2.000000;-22.386688;-325.798157;1966.328735;0.054508;0.000000;0.000000;0.000000;0.000000;2.000000;-34.192108;-468.337036;1947.881592;0.099049;0.000000;0.000000;0.000000;0.000000;2.000000;-62.654510;-685.467957;1932.645630;0.358341;0.000000;0.000000;0.000000;0.000000;2.000000;-36.523529;-650.846252;1908.673462;0.336508;0.000000;0.000000;0.000000;0.000000;2.000000;32.843658;-618.010254;1786.190430;0.450183;0.000000;0.000000;0.000000;0.000000;2.000000;169.805725;-388.914764;1703.556641;0.597373;0.000000;0.000000;0.000000;0.000000;2.000000;114.158569;-168.859543;1644.600220;1.257447;0.000000;0.000000;0.000000;0.000000;2.000000;123.321991;-89.056244;1699.618408;1.681877;0.000000;0.000000;0.000000;0.000000;2.000000;134.707794;-42.243988;1797.677856;4.368101;0.000000;0.000000;0.000000;0.000000;2.000000;88.704468;-45.988724;1687.728149;1.575237;0.000000;0.000000;0.000000;0.000000;2.000000;-77.645508;-648.646667;1962.841797;0.279336;0.000000;0.000000;0.000000;0.000000;2.000000;-149.247284;-625.974060;2072.571777;0.275894;0.000000;0.000000;0.000000;0.000000;2.000000;-187.559311;-403.221191;2245.681885;0.443838;0.000000;0.000000;0.000000;0.000000;2.000000;-284.924225;-491.791199;2048.011963;0.771211;0.000000;0.000000;0.000000;0.000000;2.000000;-298.504852;-517.146362;1947.202271;1.191663;0.000000;0.000000;0.000000;0.000000;0.000000;-301.040649;-467.320251;2042.300537;0.802256;0.000000;0.000000;0.000000;0.000000;0.000000;-275.230042;-517.335571;1931.905640;1.185668;0.000000;0.000000;0.000000;0.000000;0.000000;74.933136;-149.255539;1946.293213;0.029581;0.000000;0.000000;0.000000;0.000000;2.000000;111.096771;252.574158;1913.505249;0.405734;0.000000;0.000000;0.000000;0.000000;2.000000;207.054779;613.267273;2015.211914;0.629908;0.000000;0.000000;0.000000;0.000000;2.000000;166.927460;746.468323;1886.652222;0.910907;0.000000;0.000000;0.000000;0.000000;2.000000;-67.570496;-150.671310;2048.429932;0.026672;0.000000;0.000000;0.000000;0.000000;2.000000;-200.937683;217.509354;2149.195313;0.605359;0.000000;0.000000;0.000000;0.000000;2.000000;-247.688660;584.187195;2276.390137;1.578055;0.000000;0.000000;0.000000;0.000000;2.000000;-366.639160;696.553955;2216.414795;1.481485;0.000000;0.000000;0.000000;0.000000;2.000000;-83.863678;-764.088257;1918.829224;0.474660;0.000000;0.000000;0.000000;0.000000;2.000000;-240.378067;-758.645325;1875.566406;0.737392;0.000000;0.000000;0.000000;0.000000;2.000000;-211.115051;-804.777893;1860.789429;0.661960;0.000000;0.000000;0.000000;0.000000;2.000000;-87.939056;-830.531555;1836.402832;0.371850;0.000000;0.000000;0.000000;0.000000;2.000000;-227.768158;-795.810303;1910.154785;0.572915;0.000000;0.000000;0.000000;0.000000;2.000000;-131.120712;-817.927307;1998.019775;0.583240;0.000000;0.000000;0.000000;0.000000;2.000000;13207233536.000000
0.000000;-150.000000;2000.000000;0.000000;0.000000;0.000000;0.000000;0.000000;2.000000;-21.403656;-327.305786;1968.806030;0.093447;0.000000;0.000000;0.000000;0.000000;2.000000;-33.225189;-470.759888;1951.829224;0.144400;0.000000;0.000000;0.000000;0.000000;2.000000;-63.365265;-688.626648;1934.497559;0.113827;0.000000;0.000000;0.000000;0.000000;2.000000;-36.584534;-653.850342;1910.952759;0.115094;0.000000;0.000000;0.000000;0.000000;2.000000;33.112946;-618.534973;1788.485718;0.072322;0.000000;0.000000;0.000000;0.000000;2.000000;165.805023;-381.680664;1716.701172;0.473875;0.000000;0.000000;0.000000;0.000000;2.000000;113.369171;-156.698212;1669.951172;0.858402;0.000000;0.000000;0.000000;0.000000;2.000000;113.158447;-66.782524;1708.556885;0.795399;0.000000;0.000000;0.000000;0.000000;2.000000;121.184784;-11.382893;1803.022095;1.041110;0.000000;0.000000;0.000000;0.000000;2.000000;95.057159;-28.559986;1706.856445;0.813171;0.000000;0.000000;0.000000;0.000000;2.000000;-78.457794;-651.741272;1964.980591;0.117446;0.000000;0.000000;0.000000;0.000000;2.000000;-151.335083;-630.108032;2074.894287;0.158111;0.000000;0.000000;0.000000;0.000000;2.000000;-203.949677;-408.104797;2247.574463;0.525111;0.000000;0.000000;0.000000;0.000000;2.000000;-288.388245;-498.898376;2043.627930;0.275895;0.000000;0.000000;0.000000;0.000000;2.000000;-306.547180;-543.447693;1949.891846;0.843342;0.000000;0.000000;0.000000;0.000000;0.000000;-306.067413;-476.465393;2034.522217;0.397203;0.000000;0.000000;0.000000;0.000000;0.000000;-287.951141;-545.716858;1933.073730;0.949822;0.000000;0.000000;0.000000;0.000000;0.000000;77.148590;-150.284103;1948.679443;0.104209;0.000000;0.000000;0.000000;0.000000;2.000000;119.376709;252.107300;1906.222290;0.336825;0.000000;0.000000;0.000000;0.000000;2.000000;223.164368;613.640137;2004.635254;0.588225;0.000000;0.000000;0.000000;0.000000;2.000000;179.654877;738.362610;1867.544678;0.743019;0.000000;0.000000;0.000000;0.000000;2.000000;-69.568314;-149.743805;2046.278076;0.093972;0.000000;0.000000;0.000000;0.000000;2.000000;-205.033386;215.377716;2162.398682;0.426862;0.000000;0.000000;0.000000;0.000000;2.000000;-264.778992;577.649414;2302.219238;0.965998;0.000000;0.000000;0.000000;0.000000;2.000000;-385.959045;682.299377;2231.204834;0.860572;0.000000;0.000000;0.000000;0.000000;2.000000;-85.149323;-767.362122;1919.768188;0.111097;0.000000;0.000000;0.000000;0.000000;2.000000;-240.567993;-752.671936;1871.873779;0.214391;0.000000;0.000000;0.000000;0.000000;2.000000;-212.432678;-799.047180;1854.756958;0.257088;0.000000;0.000000;0.000000;0.000000;2.000000;-88.935089;-828.103271;1832.389771;0.146336;0.000000;0.000000;0.000000;0.000000;2.000000;-230.494598;-792.788513;1904.330078;0.216851;0.000000;0.000000;0.000000;0.000000;2.000000;-137.319138;-824.853333;1993.870850;0.310626;0.000000;0.000000;0.000000;0.000000;2.000000;13207266304.000000
0.000000;-150.000000;2000.000000;0.000000;0.000000;0.000000;0.000000;0.000000;2.000000;-18.268921;-328.887329;1967.555908;0.110293;0.000000;0.000000;0.000000;0.000000;2.000000;-29.220856;-473.111023;1947.110962;0.195905;0.000000;0.000000;0.000000;0.000000;2.000000;-58.513092;-692.010742;1921.275269;0.428661;0.000000;0.000000;0.000000;0.000000;2.000000;-31.306396;-656.039429;1899.230591;0.385911;0.000000;0.000000;0.000000;0.000000;2.000000;47.244476;-614.171204;1782.985962;0.466957;0.000000;0.000000;0.000000;0.000000;2.000000;179.598358;-368.184326;1737.410645;0.837685;0.000000;0.000000;0.000000;0.000000;2.000000;136.068756;-139.682358;1689.238525;1.015172;0.000000;0.000000;0.000000;0.000000;2.000000;125.565186;-48.631729;1725.649902;0.824121;0.000000;0.000000;0.000000;0.000000;2.000000;141.002014;13.979740;1815.588501;1.022516;0.000000;0.000000;0.000000;0.000000;2.000000;97.229401;-15.036255;1726.111694;0.699277;0.000000;0.000000;0.000000;0.000000;2.000000;-74.315094;-656.020020;1953.090088;0.393544;0.000000;0.000000;0.000000;0.000000;2.000000;-141.004364;-632.897339;2067.805908;0.379837;0.000000;0.000000;0.000000;0.000000;2.000000;-198.221756;-412.311035;2244.530762;0.228777;0.000000;0.000000;0.000000;0.000000;2.000000;-298.224884;-508.627197;2048.090576;0.430191;0.000000;0.000000;0.000000;0.000000;2.000000;-288.772186;-558.208923;1954.665283;0.698183;0.000000;0.000000;0.000000;0.000000;0.000000;-317.906036;-489.858398;2034.115967;0.529116;0.000000;0.000000;0.000000;0.000000;0.000000;-273.426727;-562.912170;1946.127075;0.769997;0.000000;0.000000;0.000000;0.000000;0.000000;77.892456;-148.614670;1948.501709;0.054341;0.000000;0.000000;0.000000;0.000000;2.000000;130.373779;254.110580;1892.166382;0.531450;0.000000;0.000000;0.000000;0.000000;2.000000;245.930786;614.413025;1994.030762;0.743576;0.000000;0.000000;0.000000;0.000000;2.000000;205.772064;734.514709;1849.887695;0.939861;0.000000;0.000000;0.000000;0.000000;2.000000;-70.239029;-151.249222;2046.438232;0.049001;0.000000;0.000000;0.000000;0.000000;2.000000;-192.681534;218.868866;2172.034424;0.474966;0.000000;0.000000;0.000000;0.000000;2.000000;-258.095856;581.973450;2315.809082;0.466071;0.000000;0.000000;0.000000;0.000000;2.000000;-368.424164;687.253174;2226.886963;0.554149;0.000000;0.000000;0.000000;0.000000;2.000000;-79.949158;-770.846191;1903.249146;0.522763;0.000000;0.000000;0.000000;0.000000;2.000000;-237.976013;-748.949219;1862.834839;0.299282;0.000000;0.000000;0.000000;0.000000;2.000000;-212.439026;-796.540039;1843.618530;0.337864;0.000000;0.000000;0.000000;0.000000;2.000000;-90.514618;-830.526550;1814.681030;0.530996;0.000000;0.000000;0.000000;0.000000;2.000000;-227.949265;-790.248535;1894.483887;0.310199;0.000000;0.000000;0.000000;0.000000;2.000000;-131.240860;-827.716858;1979.634521;0.465857;0.000000;0.000000;0.000000;0.000000;2.000000;13207300096.000000
0.000000;-150.000000;2000.000000;0.000000;0.000000;0.000000;0.000000;0.000000;2.000000;-14.553833;-328.722168;1966.367188;0.119145;0.000000;0.000000;0.000000;0.000000;2.000000;-25.277603;-471.920166;1940.827515;0.229287;0.000000;0.000000;0.000000;0.000000;2.000000;-50.770844;-690.094543;1908.564697;0.457939;0.000000;0.000000;0.000000;0.000000;2.000000;-23.340714;-653.300293;1888.411865;0.418436;0.000000;0.000000;0.000000;0.000000;2.000000;63.815979;-601.131287;1783.281860;0.643582;0.000000;0.000000;0.000000;0.000000;2.000000;201.076538;-356.021362;1752.638062;0.885075;0.000000;0.000000;0.000000;0.000000;2.000000;152.341766;-129.983109;1699.846191;0.662596;0.000000;0.000000;0.000000;0.000000;2.000000;134.824646;-42.836472;1742.214722;0.605538;0.000000;0.000000;0.000000;0.000000;2.000000;141.755981;27.292812;1827.324707;0.542102;0.000000;0.000000;0.000000;0.000000;2.000000;108.766479;-12.225836;1756.967285;1.008960;0.000000;0.000000;0.000000;0.000000;2.000000;-68.092712;-655.176147;1940.658691;0.425028;0.000000;0.000000;0.000000;0.000000;2.000000;-137.010498;-630.795044;2053.539551;0.456643;0.000000;0.000000;0.000000;0.000000;2.000000;-206.462143;-427.579346;2245.342529;0.530062;0.000000;0.000000;0.000000;0.000000;2.000000;-301.037018;-536.382141;2053.232910;0.865693;0.000000;0.000000;0.000000;0.000000;2.000000;-289.754364;-583.309753;1958.830078;0.777068;0.000000;0.000000;0.000000;0.000000;0.000000;-324.449036;-521.260803;2040.945068;1.000846;0.000000;0.000000;0.000000;0.000000;0.000000;-276.564575;-580.368164;1942.487183;0.552534;0.000000;0.000000;0.000000;0.000000;0.000000;77.570099;-146.600494;1948.368652;0.062382;0.000000;0.000000;0.000000;0.000000;2.000000;142.832489;252.207062;1882.847656;0.478340;0.000000;0.000000;0.000000;0.000000;2.000000;263.573914;610.758972;1982.540039;0.652155;0.000000;0.000000;0.000000;0.000000;2.000000;230.952393;723.050842;1830.790649;1.025938;0.000000;0.000000;0.000000;0.000000;2.000000;-69.948380;-153.065475;2046.558105;0.056252;0.000000;0.000000;0.000000;0.000000;2.000000;-179.804047;219.985931;2173.062988;0.395712;0.000000;0.000000;0.000000;0.000000;2.000000;-239.403183;584.387817;2314.389893;0.576822;0.000000;0.000000;0.000000;0.000000;2.000000;-358.270020;678.118408;2224.096436;0.425430;0.000000;0.000000;0.000000;0.000000;2.000000;-70.517136;-768.579102;1887.870239;0.554894;0.000000;0.000000;0.000000;0.000000;2.000000;-228.619583;-743.578308;1850.712036;0.495243;0.000000;0.000000;0.000000;0.000000;2.000000;-204.616638;-791.856079;1831.494385;0.462947;0.000000;0.000000;0.000000;0.000000;2.000000;-84.330551;-828.828369;1800.340088;0.479417;0.000000;0.000000;0.000000;0.000000;2.000000;-218.842285;-784.699768;1882.534180;0.488778;0.000000;0.000000;0.000000;0.000000;2.000000;-121.302887;-823.397461;1965.843018;0.535256;0.000000;0.000000;0.000000;0.000000;2.000000;13207332864.000000
0.000000;-150.000000;2000.000000;0.000000;0.000000;0.000000;0.000000;0.000000;2.000000;-15.270035;-327.728943;1963.205322;0.100340;0.000000;0.000000;0.000000;0.000000;2.000000;-27.206009;-469.918793;1934.184082;0.213108;0.000000;0.000000;0.000000;0.000000;2.000000;-54.720428;-687.780701;1904.065308;0.189942;0.000000;0.000000;0.000000;0.000000;2.000000;-26.097473;-651.732056;1884.436523;0.150495;0.000000;0.000000;0.000000;0.000000;2.000000;71.768280;-605.180298;1786.687744;0.282660;0.000000;0.000000;0.000000;0.000000;2.000000;188.167450;-348.720428;1770.132080;0.678695;0.000000;0.000000;0.000000;0.000000;2.000000;135.279327;-127.317734;1704.915649;0.532613;0.000000;0.000000;0.000000;0.000000;2.000000;129.006348;-51.765980;1767.501709;0.812063;0.000000;0.000000;0.000000;0.000000;2.000000;127.296143;34.148937;1836.677002;0.548513;0.000000;0.000000;0.000000;0.000000;2.000000;110.984955;-10.239588;1763.029053;0.199860;0.000000;0.000000;0.000000;0.000000;2.000000;-72.622284;-652.225220;1934.989014;0.231828;0.000000;0.000000;0.000000;0.000000;2.000000;-147.661316;-632.677429;2044.594971;0.415343;0.000000;0.000000;0.000000;0.000000;2.000000;-223.294571;-429.102234;2232.933350;0.620488;0.000000;0.000000;0.000000;0.000000;2.000000;-303.457947;-536.017029;2033.832764;0.578658;0.000000;0.000000;0.000000;0.000000;2.000000;-321.387115;-605.856445;1956.339355;1.151912;0.000000;0.000000;0.000000;0.000000;0.000000;-327.395691;-521.826172;2024.607178;0.491569;0.000000;0.000000;0.000000;0.000000;0.000000;-274.991882;-579.501038;1918.733521;0.704944;0.000000;0.000000;0.000000;0.000000;0.000000;77.113586;-145.863647;1948.018311;0.027667;0.000000;0.000000;0.000000;0.000000;2.000000;148.290314;251.755539;1885.738525;0.183258;0.000000;0.000000;0.000000;0.000000;2.000000;272.234833;613.277466;1966.425049;0.546504;0.000000;0.000000;0.000000;0.000000;2.000000;239.538177;721.318359;1812.028564;0.612745;0.000000;0.000000;0.000000;0.000000;2.000000;-69.536682;-153.729904;2046.874756;0.024957;0.000000;0.000000;0.000000;0.000000;2.000000;-174.985260;222.868637;2164.095215;0.313113;0.000000;0.000000;0.000000;0.000000;2.000000;-239.427170;590.493225;2292.535645;0.671492;0.000000;0.000000;0.000000;0.000000;2.000000;-358.677368;686.489868;2205.766113;0.596461;0.000000;0.000000;0.000000;0.000000;2.000000;-74.846313;-766.130310;1883.786621;0.190441;0.000000;0.000000;0.000000;0.000000;2.000000;-231.124329;-728.351379;1851.185059;0.456878;0.000000;0.000000;0.000000;0.000000;2.000000;-210.708359;-776.639038;1828.450562;0.493351;0.000000;0.000000;0.000000;0.000000;2.000000;-93.791367;-819.257019;1792.885620;0.455274;0.000000;0.000000;0.000000;0.000000;2.000000;-223.730118;-771.993225;1880.006714;0.409767;0.000000;0.000000;0.000000;0.000000;2.000000;-128.089417;-822.463806;1958.734375;0.292148;0.000000;0.000000;0.000000;0.000000;2.000000;13207366656.000000
0.000000;-150.000000;2000.000000;0.000000;0.000000;0.000000;0.000000;0.000000;2.000000;-14.562302;-325.539856;1954.276367;0.272863;0.000000;0.000000;0.000000;0.000000;2.000000;-22.254288;-467.518921;1923.477295;0.356239;0.000000;0.000000;0.000000;0.000000;2.000000;-46.800812;-684.561279;1886.971680;0.565584;0.000000;0.000000;0.000000;0.000000;2.000000;-17.522705;-647.930908;1869.630615;0.518668;0.000000;0.000000;0.000000;0.000000;2.000000;86.719421;-599.424805;1779.946045;0.514364;0.000000;0.000000;0.000000;0.000000;2.000000;217.094543;-349.508087;1779.547852;0.900543;0.000000;0.000000;0.000000;0.000000;2.000000;161.130920;-125.143478;1729.541504;1.058523;0.000000;0.000000;0.000000;0.000000;2.000000;144.561066;-38.404865;1772.547363;0.624911;0.000000;0.000000;0.000000;0.000000;2.000000;133.435822;49.306313;1838.360352;0.486507;0.000000;0.000000;0.000000;0.000000;0.000000;121.945251;-4.728590;1782.436523;0.679443;0.000000;0.000000;0.000000;0.000000;2.000000;-66.404602;-649.880859;1917.785645;0.545754;0.000000;0.000000;0.000000;0.000000;2.000000;-145.809082;-630.644409;2024.180908;0.609567;0.000000;0.000000;0.000000;0.000000;2.000000;-248.180359;-441.332001;2214.370117;0.987470;0.000000;0.000000;0.000000;0.000000;2.000000;-305.726471;-521.225220;1995.958740;1.205116;0.000000;0.000000;0.000000;0.000000;2.000000;-317.242767;-613.619385;1945.804443;0.406213;0.000000;0.000000;0.000000;0.000000;0.000000;-404.389832;-655.759033;1897.153809;5.926728;0.000000;0.000000;0.000000;0.000000;0.000000;-294.346680;-616.063354;1921.015869;1.226092;0.000000;0.000000;0.000000;0.000000;0.000000;77.381500;-143.099014;1948.861328;0.085899;0.000000;0.000000;0.000000;0.000000;2.000000;157.322357;250.940475;1877.461670;0.363339;0.000000;0.000000;0.000000;0.000000;2.000000;288.098938;613.592529;1938.178223;0.958758;0.000000;0.000000;0.000000;0.000000;2.000000;258.281281;729.153564;1788.936279;0.910164;0.000000;0.000000;0.000000;0.000000;2.000000;-69.778290;-156.222916;2046.114014;0.077464;0.000000;0.000000;0.000000;0.000000;2.000000;-174.448837;225.103378;2146.269531;0.531878;0.000000;0.000000;0.000000;0.000000;2.000000;-224.157974;596.490967;2269.261230;0.842652;0.000000;0.000000;0.000000;0.000000;2.000000;-333.435760;694.219727;2172.211914;1.263434;0.000000;0.000000;0.000000;0.000000;2.000000;-65.378998;-762.447754;1863.919434;0.660322;0.000000;0.000000;0.000000;0.000000;2.000000;-221.420959;-727.998169;1827.446289;0.758990;0.000000;0.000000;0.000000;0.000000;2.000000;-199.624451;-776.094482;1805.735718;0.748127;0.000000;0.000000;0.000000;0.000000;2.000000;-81.268082;-816.853149;1773.298950;0.691642;0.000000;0.000000;0.000000;0.000000;2.000000;-213.876221;-771.141724;1856.888428;0.744116;0.000000;0.000000;0.000000;0.000000;2.000000;-119.196243;-818.909912;1938.222900;0.669896;0.000000;0.000000;0.000000;0.000000;2.000000;13207400448.000000
0.000000;-150.000000;2000.000000;0.000000;0.000000;0.000000;0.000000;0.000000;2.000000;-10.566330;-326.951599;1955.266846;0.132819;0.000000;0.000000;0.000000;0.000000;2.000000;-14.663513;-470.226807;1926.669434;0.264540;0.000000;0.000000;0.000000;0.000000;2.000000;-32.788315;-689.113770;1891.199341;0.467774;0.000000;0.000000;0.000000;0.000000;2.000000;-3.081619;-651.921143;1875.163574;0.487404;0.000000;0.000000;0.000000;0.000000;2.000000;104.945023;-596.820190;1792.979614;0.688393;0.000000;0.000000;0.000000;0.000000;2.000000;246.659622;-351.646576;1791.934814;0.980419;0.000000;0.000000;0.000000;0.000000;2.000000;187.385117;-124.051285;1757.600464;1.173154;0.000000;0.000000;0.000000;0.000000;2.000000;180.777237;-43.045448;1813.561523;1.675776;0.000000;0.000000;0.000000;0.000000;2.000000;191.098343;37.703773;1888.623291;2.361112;0.000000;0.000000;0.000000;0.000000;0.000000;144.336288;-14.441513;1820.901245;1.390220;0.000000;0.000000;0.000000;0.000000;2.000000;-55.017593;-654.340820;1920.470459;0.382096;0.000000;0.000000;0.000000;0.000000;2.000000;-141.572266;-635.333252;2022.004883;0.203968;0.000000;0.000000;0.000000;0.000000;2.000000;-256.570953;-454.489349;2215.209473;0.476917;0.000000;0.000000;0.000000;0.000000;2.000000;-301.264343;-559.914063;2003.503906;1.210616;0.000000;0.000000;0.000000;0.000000;2.000000;-317.649597;-639.761719;1935.353027;0.859285;0.000000;0.000000;0.000000;0.000000;0.000000;-348.450653;-719.310791;1867.754883;2.735082;0.000000;0.000000;0.000000;0.000000;0.000000;-291.154877;-636.571777;1908.231689;0.743915;0.000000;0.000000;0.000000;0.000000;0.000000;80.423538;-142.910553;1952.959229;0.155856;0.000000;0.000000;0.000000;0.000000;2.000000;177.447647;249.687119;1883.981934;0.646737;0.000000;0.000000;0.000000;0.000000;2.000000;311.163513;614.285034;1937.913818;0.704238;0.000000;0.000000;0.000000;0.000000;2.000000;289.166504;722.928833;1781.170654;0.990270;0.000000;0.000000;0.000000;0.000000;2.000000;-72.521454;-156.392868;2042.418701;0.140544;0.000000;0.000000;0.000000;0.000000;2.000000;-150.529205;230.731461;2151.926514;0.769518;0.000000;0.000000;0.000000;0.000000;2.000000;-200.488754;605.242798;2271.159912;0.772301;0.000000;0.000000;0.000000;0.000000;2.000000;-295.017090;703.507690;2158.880615;1.272983;0.000000;0.000000;0.000000;0.000000;2.000000;-48.473740;-767.968628;1867.892456;0.556101;0.000000;0.000000;0.000000;0.000000;2.000000;-199.100723;-717.645508;1824.363281;0.756735;0.000000;0.000000;0.000000;0.000000;2.000000;-178.996796;-764.990356;1798.980591;0.744049;0.000000;0.000000;0.000000;0.000000;2.000000;-61.063370;-811.452026;1770.520630;0.643857;0.000000;0.000000;0.000000;0.000000;2.000000;-196.897751;-764.288086;1849.475220;0.602826;0.000000;0.000000;0.000000;0.000000;2.000000;-112.029007;-827.770020;1931.904785;0.397654;0.000000;0.000000;0.000000;0.000000;2.000000;13207433216.000000
0.000000;-150.000000;2000.000000;0.000000;0.000000;0.000000;0.000000;0.000000;2.000000;-14.665833;-326.113281;1953.248779;0.137475;0.000000;0.000000;0.000000;0.000000;2.000000;-18.432053;-470.028259;1928.116943;0.119610;0.000000;0.000000;0.000000;0.000000;2.000000;-32.471985;-689.226013;1892.879883;0.050714;0.000000;0.000000;0.000000;0.000000;2.000000;-5.051834;-651.120850;1875.034546;0.063046;0.000000;0.000000;0.000000;0.000000;2.000000;104.093887;-606.452087;1788.161499;0.319701;0.000000;0.000000;0.000000;0.000000;2.000000;265.439880;-373.798218;1792.017700;0.859415;0.000000;0.000000;0.000000;0.000000;2.000000;219.021103;-142.620453;1762.341797;1.094586;0.000000;0.000000;0.000000;0.000000;2.000000;206.667740;-54.309769;1804.574219;0.876854;0.000000;0.000000;0.000000;0.000000;0.000000;213.719040;-1.831137;1901.808838;1.403262;0.000000;0.000000;0.000000;0.000000;0.000000;145.436874;-32.672539;1788.144043;1.109874;0.000000;0.000000;0.000000;0.000000;2.000000;-53.654114;-655.222717;1923.776367;0.108996;0.000000;0.000000;0.000000;0.000000;2.000000;-136.288284;-650.610779;2030.116455;0.535230;0.000000;0.000000;0.000000;0.000000;2.000000;-306.026520;-487.372803;2196.789307;1.840110;0.000000;0.000000;0.000000;0.000000;2.000000;-302.297485;-613.234497;1991.698242;1.616404;0.000000;0.000000;0.000000;0.000000;2.000000;-301.592407;-665.926270;1899.453613;1.397828;0.000000;0.000000;0.000000;0.000000;0.000000;-334.686707;-713.006714;1807.086670;1.850395;0.000000;0.000000;0.000000;0.000000;0.000000;-290.034454;-656.293884;1875.387085;1.134213;0.000000;0.000000;0.000000;0.000000;0.000000;78.897903;-143.402359;1950.395996;0.089464;0.000000;0.000000;0.000000;0.000000;2.000000;158.374191;250.232101;1866.730347;0.761238;0.000000;0.000000;0.000000;0.000000;2.000000;308.056824;604.857300;1941.025635;0.307846;0.000000;0.000000;0.000000;0.000000;2.000000;290.086121;718.854675;1787.635132;0.227757;0.000000;0.000000;0.000000;0.000000;2.000000;-71.145699;-155.949371;2044.730225;0.080678;0.000000;0.000000;0.000000;0.000000;2.000000;-139.522858;236.485703;2140.760498;0.494236;0.000000;0.000000;0.000000;0.000000;2.000000;-174.853073;614.912659;2252.469482;0.981494;0.000000;0.000000;0.000000;0.000000;2.000000;-269.531036;710.936401;2138.424072;0.991776;0.000000;0.000000;0.000000;0.000000;2.000000;-47.381996;-768.434631;1870.310669;0.079719;0.000000;0.000000;0.000000;0.000000;2.000000;-189.082962;-718.452026;1802.991699;0.698886;0.000000;0.000000;0.000000;0.000000;2.000000;-163.381088;-763.836609;1779.141113;0.747935;0.000000;0.000000;0.000000;0.000000;2.000000;-40.972946;-806.342712;1770.062134;0.613607;0.000000;0.000000;0.000000;0.000000;2.000000;-190.090698;-766.434875;1825.507324;0.740060;0.000000;0.000000;0.000000;0.000000;2.000000;-119.660789;-833.056213;1918.374023;0.485601;0.000000;0.000000;0.000000;0.000000;2.000000;13207467008.000000
0.000000;-150.000000;2000.000000;0.000000;0.000000;0.000000;0.000000;0.000000;2.000000;-10.799210;-326.787384;1953.996094;0.121932;0.000000;0.000000;0.000000;0.000000;2.000000;-17.058762;-469.145966;1920.875244;0.226544;0.000000;0.000000;0.000000;0.000000;2.000000;-23.935989;-688.657959;1884.031738;0.375596;0.000000;0.000000;0.000000;0.000000;2.000000;3.399780;-649.754944;1867.693604;0.344166;0.000000;0.000000;0.000000;0.000000;2.000000;116.199005;-604.807190;1785.498413;0.381569;0.000000;0.000000;0.000000;0.000000;2.000000;282.677612;-376.123718;1803.723511;0.639832;0.000000;0.000000;0.000000;0.000000;2.000000;232.578918;-145.639053;1772.675659;0.528329;0.000000;0.000000;0.000000;0.000000;2.000000;228.551025;-69.496315;1835.456543;1.244589;0.000000;0.000000;0.000000;0.000000;0.000000;257.704132;-17.601704;1928.950195;1.649094;0.000000;0.000000;0.000000;0.000000;0.000000;186.066132;-43.362030;1845.943604;2.180628;0.000000;0.000000;0.000000;0.000000;0.000000;-47.462097;-655.317322;1914.028320;0.352441;0.000000;0.000000;0.000000;0.000000;2.000000;-133.835037;-646.106750;2017.231689;0.423218;0.000000;0.000000;0.000000;0.000000;2.000000;-335.154846;-527.476929;2186.965088;1.542064;0.000000;0.000000;0.000000;0.000000;2.000000;-286.204285;-653.788269;1987.745850;1.336942;0.000000;0.000000;0.000000;0.000000;2.000000;-289.796936;-683.377686;1885.661621;0.768355;0.000000;0.000000;0.000000;0.000000;0.000000;-285.693146;-719.093018;1782.822510;1.678789;0.000000;0.000000;0.000000;0.000000;0.000000;-278.170135;-668.711609;1867.502686;0.576714;0.000000;0.000000;0.000000;0.000000;0.000000;79.166306;-142.043564;1950.840332;0.044390;0.000000;0.000000;0.000000;0.000000;2.000000;155.943481;253.181366;1870.093018;0.155352;0.000000;0.000000;0.000000;0.000000;2.000000;305.330994;608.953735;1941.616211;0.151238;0.000000;0.000000;0.000000;0.000000;2.000000;287.155579;723.025391;1788.052979;0.156080;0.000000;0.000000;0.000000;0.000000;2.000000;-71.387726;-157.174698;2044.329346;0.040032;0.000000;0.000000;0.000000;0.000000;2.000000;-130.516953;238.921173;2133.023682;0.369875;0.000000;0.000000;0.000000;0.000000;2.000000;-161.056183;620.600464;2236.230469;0.673057;0.000000;0.000000;0.000000;0.000000;2.000000;-256.772217;716.481018;2122.645020;0.641964;0.000000;0.000000;0.000000;0.000000;2.000000;-35.772293;-768.168274;1860.401367;0.465881;0.000000;0.000000;0.000000;0.000000;2.000000;-181.535706;-721.363831;1799.339478;0.270865;0.000000;0.000000;0.000000;0.000000;2.000000;-157.181168;-767.907104;1776.173218;0.243790;0.000000;0.000000;0.000000;0.000000;2.000000;-35.312080;-810.910645;1761.786133;0.336253;0.000000;0.000000;0.000000;0.000000;2.000000;-181.073318;-768.254700;1824.184204;0.283626;0.000000;0.000000;0.000000;0.000000;2.000000;-104.949112;-830.426147;1915.839111;0.462597;0.000000;0.000000;0.000000;0.000000;2.000000;13207499776.000000
0.000000;-150.000000;2000.000000;0.000000;0.000000;0.000000;0.000000;0.000000;2.000000;-10.256302;-326.810974;1952.354248;0.051179;0.000000;0.000000;0.000000;0.000000;2.000000;-14.133835;-470.199707;1921.972168;0.097561;0.000000;0.000000;0.000000;0.000000;2.000000;-27.774933;-687.302185;1872.033936;0.374934;0.000000;0.000000;0.000000;0.000000;2.000000;1.262054;-648.413818;1858.485840;0.282532;0.000000;0.000000;0.000000;0.000000;2.000000;121.880280;-606.034424;1786.015137;0.172681;0.000000;0.000000;0.000000;0.000000;2.000000;297.530975;-384.657471;1815.067749;0.608014;0.000000;0.000000;0.000000;0.000000;2.000000;254.148407;-151.977875;1786.260742;0.777327;0.000000;0.000000;0.000000;0.000000;2.000000;257.927277;-72.108009;1844.619995;0.913912;0.000000;0.000000;0.000000;0.000000;0.000000;234.252960;-45.777733;1949.907715;1.249596;0.000000;0.000000;0.000000;0.000000;0.000000;165.549042;-58.166840;1765.155762;2.505238;0.000000;0.000000;0.000000;0.000000;2.000000;-50.805077;-654.883911;1903.578613;0.324928;0.000000;0.000000;0.000000;0.000000;2.000000;-140.741287;-659.352173;2004.421875;0.582331;0.000000;0.000000;0.000000;0.000000;2.000000;-360.567657;-534.213989;2145.149902;1.461689;0.000000;0.000000;0.000000;0.000000;2.000000;-310.742737;-663.932373;1947.688965;1.422177;0.000000;0.000000;0.000000;0.000000;2.000000;-289.726044;-709.877930;1853.838867;1.225498;0.000000;0.000000;0.000000;0.000000;0.000000;-241.054092;-768.192139;1775.403076;1.975952;0.000000;0.000000;0.000000;0.000000;0.000000;-265.596954;-697.553345;1838.506714;1.266177;0.000000;0.000000;0.000000;0.000000;0.000000;82.317932;-142.847260;1955.736816;0.173955;0.000000;0.000000;0.000000;0.000000;2.000000;124.531616;253.707153;1854.056396;1.043814;0.000000;0.000000;0.000000;0.000000;2.000000;245.724365;605.158752;1982.482422;2.141628;0.000000;0.000000;0.000000;0.000000;2.000000;260.298401;729.063843;1835.766357;1.630114;0.000000;0.000000;0.000000;0.000000;2.000000;-74.229691;-156.449936;2039.914063;0.156861;0.000000;0.000000;0.000000;0.000000;2.000000;-126.576653;243.131577;2121.193604;0.389462;0.000000;0.000000;0.000000;0.000000;2.000000;-152.959076;626.561096;2222.469238;0.504350;0.000000;0.000000;0.000000;0.000000;2.000000;-240.678528;728.382629;2106.993896;0.751921;0.000000;0.000000;0.000000;0.000000;2.000000;-41.865974;-765.009583;1843.486084;0.540210;0.000000;0.000000;0.000000;0.000000;2.000000;-184.635239;-709.423279;1781.716431;0.636593;0.000000;0.000000;0.000000;0.000000;2.000000;-160.693878;-754.812683;1755.686646;0.726985;0.000000;0.000000;0.000000;0.000000;2.000000;-39.297356;-800.099670;1741.672119;0.685974;0.000000;0.000000;0.000000;0.000000;2.000000;-186.191345;-758.193054;1802.881714;0.713443;0.000000;0.000000;0.000000;0.000000;2.000000;-114.550491;-829.524231;1891.884766;0.764165;0.000000;0.000000;0.000000;0.000000;2.000000;13207533568.000000
0.000000;-150.000000;2000.000000;0.000000;0.000000;0.000000;0.000000;0.000000;2.000000;-9.576172;-328.368164;1953.826904;0.068621;0.000000;0.000000;0.000000;0.000000;2.000000;-14.842422;-472.127106;1921.259521;0.066335;0.000000;0.000000;0.000000;0.000000;2.000000;-26.724899;-690.590698;1870.857910;0.111295;0.000000;0.000000;0.000000;0.000000;2.000000;2.965576;-651.489502;1858.253418;0.107532;0.000000;0.000000;0.000000;0.000000;2.000000;127.105392;-607.835815;1790.887573;0.224854;0.000000;0.000000;0.000000;0.000000;2.000000;309.014771;-391.822906;1834.653442;0.726562;0.000000;0.000000;0.000000;0.000000;2.000000;266.466309;-157.100906;1809.646240;0.821630;0.000000;0.000000;0.000000;0.000000;2.000000;265.696838;-72.083298;1861.488525;0.566768;0.000000;0.000000;0.000000;0.000000;0.000000;225.461197;-48.102821;1962.940674;0.484989;0.000000;0.000000;0.000000;0.000000;0.000000;183.291061;-63.104836;1770.240967;0.583055;0.000000;0.000000;0.000000;0.000000;0.000000;-51.036797;-657.935913;1901.676025;0.109983;0.000000;0.000000;0.000000;0.000000;2.000000;-146.299561;-665.364502;1998.453369;0.309216;0.000000;0.000000;0.000000;0.000000;2.000000;-383.798676;-546.802246;2118.139160;1.153114;0.000000;0.000000;0.000000;0.000000;2.000000;-317.593567;-685.866699;1930.325684;0.878955;0.000000;0.000000;0.000000;0.000000;2.000000;-281.108582;-722.703735;1836.474487;0.709351;0.000000;0.000000;0.000000;0.000000;0.000000;-233.645355;-790.816284;1764.558472;0.798341;0.000000;0.000000;0.000000;0.000000;0.000000;-261.788147;-715.731323;1819.876221;0.802816;0.000000;0.000000;0.000000;0.000000;0.000000;83.173279;-143.104385;1956.112305;0.029568;0.000000;0.000000;0.000000;0.000000;2.000000;114.223633;260.574280;1869.642090;0.607542;0.000000;0.000000;0.000000;0.000000;2.000000;236.342209;600.322510;2031.517334;1.530704;0.000000;0.000000;0.000000;0.000000;2.000000;184.268204;743.241333;1911.535645;3.304164;0.000000;0.000000;0.000000;0.000000;2.000000;-75.001007;-156.218079;2039.575684;0.026660;0.000000;0.000000;0.000000;0.000000;2.000000;-122.503181;246.697968;2119.770020;0.170841;0.000000;0.000000;0.000000;0.000000;2.000000;-145.461060;632.442627;2222.387207;0.290830;0.000000;0.000000;0.000000;0.000000;2.000000;-230.743256;734.007568;2103.293945;0.366261;0.000000;0.000000;0.000000;0.000000;2.000000;-39.842056;-768.800293;1841.748779;0.141451;0.000000;0.000000;0.000000;0.000000;2.000000;-179.014481;-699.425659;1783.163208;0.352790;0.000000;0.000000;0.000000;0.000000;2.000000;-156.714050;-743.445679;1752.908203;0.377195;0.000000;0.000000;0.000000;0.000000;2.000000;-36.792412;-793.760132;1736.343628;0.264038;0.000000;0.000000;0.000000;0.000000;2.000000;-183.548126;-750.218018;1799.357056;0.278047;0.000000;0.000000;0.000000;0.000000;2.000000;-117.230270;-834.284668;1882.383301;0.334472;0.000000;0.000000;0.000000;0.000000;2.000000;13207566336.000000
0.000000;-150.000000;2000.000000;0.000000;0.000000;0.000000;0.000000;0.000000;2.000000;-5.852249;-329.557007;1957.542480;0.159599;0.000000;0.000000;0.000000;0.000000;2.000000;-4.650581;-475.365875;1934.780762;0.510154;0.000000;0.000000;0.000000;0.000000;2.000000;-9.917473;-694.901733;1887.436035;0.710171;0.000000;0.000000;0.000000;0.000000;2.000000;18.670158;-655.101807;1874.361816;0.674277;0.000000;0.000000;0.000000;0.000000;2.000000;142.095932;-618.058350;1801.744751;0.625728;0.000000;0.000000;0.000000;0.000000;2.000000;330.142090;-408.145447;1850.079834;0.912477;0.000000;0.000000;0.000000;0.000000;2.000000;306.204163;-169.812592;1835.243774;1.448512;0.000000;0.000000;0.000000;0.000000;2.000000;307.718201;-84.074142;1885.979492;1.482414;0.000000;0.000000;0.000000;0.000000;0.000000;260.258118;-48.773460;1980.859131;1.158416;0.000000;0.000000;0.000000;0.000000;0.000000;239.136307;-68.462784;1784.672363;1.714255;0.000000;0.000000;0.000000;0.000000;0.000000;-35.305244;-662.526489;1917.725098;0.678784;0.000000;0.000000;0.000000;0.000000;2.000000;-131.192749;-678.852783;2012.888672;0.735979;0.000000;0.000000;0.000000;0.000000;2.000000;-385.727417;-546.990723;2064.931885;1.575597;0.000000;0.000000;0.000000;0.000000;2.000000;-295.996704;-688.255127;1888.705078;1.389414;0.000000;0.000000;0.000000;0.000000;2.000000;-246.923798;-738.977539;1807.906982;1.403566;0.000000;0.000000;0.000000;0.000000;0.000000;-194.560226;-795.893188;1729.827759;1.554579;0.000000;0.000000;0.000000;0.000000;0.000000;-220.471695;-716.387573;1792.067383;1.473951;0.000000;0.000000;0.000000;0.000000;0.000000;83.854996;-142.656464;1957.385254;0.044741;0.000000;0.000000;0.000000;0.000000;2.000000;90.549072;266.042969;1890.207520;0.942022;0.000000;0.000000;0.000000;0.000000;2.000000;181.152725;611.041626;2061.935303;1.891633;0.000000;0.000000;0.000000;0.000000;2.000000;182.183609;751.559326;1928.407471;0.560073;0.000000;0.000000;0.000000;0.000000;2.000000;-75.615746;-156.621979;2038.427734;0.040346;0.000000;0.000000;0.000000;0.000000;2.000000;-104.087250;248.499588;2117.734619;0.550884;0.000000;0.000000;0.000000;0.000000;2.000000;-112.586098;634.983765;2220.671387;0.977085;0.000000;0.000000;0.000000;0.000000;2.000000;-193.184082;740.565796;2101.657715;1.129336;0.000000;0.000000;0.000000;0.000000;2.000000;-20.627647;-773.913452;1859.388184;0.786571;0.000000;0.000000;0.000000;0.000000;2.000000;-151.605148;-702.229858;1786.231812;0.820394;0.000000;0.000000;0.000000;0.000000;2.000000;-125.090927;-744.714478;1757.140381;0.944907;0.000000;0.000000;0.000000;0.000000;2.000000;-3.495598;-793.832764;1754.195190;1.118029;0.000000;0.000000;0.000000;0.000000;2.000000;-157.755280;-753.778442;1799.302246;0.770522;0.000000;0.000000;0.000000;0.000000;2.000000;-102.115654;-841.539551;1886.375244;0.510011;0.000000;0.000000;0.000000;0.000000;2.000000;13207600128.000000
0.000000;-150.000000;2000.000000;0.000000;0.000000;0.000000;0.000000;0.000000;2.000000;-1.660156;-327.865051;1956.915039;0.139282;0.000000;0.000000;0.000000;0.000000;2.000000;3.227531;-472.601318;1936.059326;0.257765;0.000000;0.000000;0.000000;0.000000;2.000000;-4.233154;-690.170959;1889.044922;0.230968;0.000000;0.000000;0.000000;0.000000;2.000000;25.238785;-651.234924;1877.060059;0.246759;0.000000;0.000000;0.000000;0.000000;2.000000;150.748337;-618.110901;1808.828979;0.341269;0.000000;0.000000;0.000000;0.000000;2.000000;341.957947;-417.593658;1868.787842;0.734246;0.000000;0.000000;0.000000;0.000000;2.000000;325.749939;-180.222549;1866.952148;1.180295;0.000000;0.000000;0.000000;0.000000;2.000000;331.469727;-86.151077;1896.543457;0.795828;0.000000;0.000000;0.000000;0.000000;0.000000;298.785645;-67.909866;2000.879639;1.448024;0.000000;0.000000;0.000000;0.000000;0.000000;238.845749;-93.138107;1821.750732;1.359236;0.000000;0.000000;0.000000;0.000000;0.000000;-29.854424;-657.602600;1918.171387;0.224580;0.000000;0.000000;0.000000;0.000000;2.000000;-128.090179;-670.970520;2009.667480;0.276571;0.000000;0.000000;0.000000;0.000000;2.000000;-384.305786;-542.559448;2045.681885;0.604387;0.000000;0.000000;0.000000;0.000000;2.000000;-275.606018;-681.182617;1881.300049;0.696333;0.000000;0.000000;0.000000;0.000000;2.000000;-231.923126;-734.147095;1800.065430;0.537182;0.000000;0.000000;0.000000;0.000000;0.000000;-186.704651;-793.336670;1720.547363;0.379170;0.000000;0.000000;0.000000;0.000000;0.000000;-234.299728;-749.108765;1798.930298;1.104125;0.000000;0.000000;0.000000;0.000000;0.000000;85.306076;-141.720474;1962.533447;0.165712;0.000000;0.000000;0.000000;0.000000;2.000000;71.813354;265.497375;1911.044922;0.855321;0.000000;0.000000;0.000000;0.000000;2.000000;140.569809;603.509033;2098.301514;1.678804;0.000000;0.000000;0.000000;0.000000;2.000000;115.133972;769.924316;2005.605713;3.170377;0.000000;0.000000;0.000000;0.000000;2.000000;-76.924240;-157.466003;2033.785645;0.149423;0.000000;0.000000;0.000000;0.000000;2.000000;-94.931374;244.470566;2113.906006;0.326868;0.000000;0.000000;0.000000;0.000000;2.000000;-97.093987;626.838928;2219.225098;0.535960;0.000000;0.000000;0.000000;0.000000;2.000000;-178.373062;739.005493;2109.332275;0.511294;0.000000;0.000000;0.000000;0.000000;2.000000;-15.272095;-768.330444;1860.913818;0.240643;0.000000;0.000000;0.000000;0.000000;2.000000;-137.810455;-695.625854;1778.020630;0.529750;0.000000;0.000000;0.000000;0.000000;2.000000;-111.001526;-739.306396;1752.132324;0.485258;0.000000;0.000000;0.000000;0.000000;2.000000;7.914474;-791.558777;1758.553101;0.379146;0.000000;0.000000;0.000000;0.000000;2.000000;-146.327026;-746.138367;1791.908447;0.476352;0.000000;0.000000;0.000000;0.000000;2.000000;-99.683334;-832.195618;1884.016113;0.303325;0.000000;0.000000;0.000000;0.000000;2.000000;13207632896.000000
0.000000;-150.000000;2000.000000;0.000000;0.000000;0.000000;0.000000;0.000000;2.000000;-1.864616;-326.414063;1954.480957;0.084077;0.000000;0.000000;0.000000;0.000000;2.000000;4.134682;-470.772247;1935.989502;0.060454;0.000000;0.000000;0.000000;0.000000;2.000000;-9.195129;-686.433350;1886.246826;0.201623;0.000000;0.000000;0.000000;0.000000;2.000000;21.928360;-648.617676;1875.898926;0.129524;0.000000;0.000000;0.000000;0.000000;2.000000;150.366974;-620.582397;1812.402710;0.129078;0.000000;0.000000;0.000000;0.000000;2.000000;341.752258;-424.843872;1881.012207;0.420638;0.000000;0.000000;0.000000;0.000000;2.000000;330.291168;-188.452637;1890.800293;0.758576;0.000000;0.000000;0.000000;0.000000;2.000000;332.876648;-91.385605;1906.368896;0.332072;0.000000;0.000000;0.000000;0.000000;0.000000;297.360321;-59.602180;2005.899170;0.290319;0.000000;0.000000;0.000000;0.000000;0.000000;258.029297;-91.638992;1835.692383;0.703180;0.000000;0.000000;0.000000;0.000000;0.000000;-34.610458;-653.440552;1914.676270;0.213721;0.000000;0.000000;0.000000;0.000000;2.000000;-136.291138;-662.456665;2001.960449;0.417604;0.000000;0.000000;0.000000;0.000000;2.000000;-395.062927;-537.339844;2010.583984;1.097260;0.000000;0.000000;0.000000;0.000000;2.000000;-278.887543;-673.046753;1850.507568;0.947496;0.000000;0.000000;0.000000;0.000000;2.000000;-225.291718;-741.824097;1790.431641;0.414005;0.000000;0.000000;0.000000;0.000000;0.000000;-181.639297;-795.775391;1707.068115;0.432192;0.000000;0.000000;0.000000;0.000000;0.000000;-184.308151;-730.728394;1777.952393;1.694060;0.000000;0.000000;0.000000;0.000000;0.000000;86.106117;-141.996597;1965.454834;0.090007;0.000000;0.000000;0.000000;0.000000;2.000000;64.337166;264.741943;1930.093018;0.605962;0.000000;0.000000;0.000000;0.000000;2.000000;84.713783;598.524902;2132.205078;1.939218;0.000000;0.000000;0.000000;0.000000;2.000000;43.457497;764.345459;2046.142578;2.442415;0.000000;0.000000;0.000000;0.000000;2.000000;-77.645676;-157.217041;2031.150879;0.081175;0.000000;0.000000;0.000000;0.000000;2.000000;-95.282478;243.511337;2108.005859;0.177199;0.000000;0.000000;0.000000;0.000000;2.000000;-99.411911;623.968262;2213.552002;0.200266;0.000000;0.000000;0.000000;0.000000;2.000000;-180.197220;739.308472;2107.927246;0.068726;0.000000;0.000000;0.000000;0.000000;2.000000;-21.873138;-763.484375;1856.885010;0.270073;0.000000;0.000000;0.000000;0.000000;2.000000;-145.469620;-695.667236;1772.884033;0.272911;0.000000;0.000000;0.000000;0.000000;2.000000;-117.877167;-739.156616;1748.085815;0.236133;0.000000;0.000000;0.000000;0.000000;2.000000;1.604683;-788.464111;1755.509277;0.226642;0.000000;0.000000;0.000000;0.000000;2.000000;-152.853699;-745.791138;1787.882446;0.227165;0.000000;0.000000;0.000000;0.000000;2.000000;-104.502403;-828.302246;1881.471191;0.198202;0.000000;0.000000;0.000000;0.000000;2.000000;13207666688.000000
0.000000;-150.000000;2000.000000;0.000000;0.000000;0.000000;0.000000;0.000000;2.000000;-4.167870;-325.965698;1952.444092;0.091951;0.000000;0.000000;0.000000;0.000000;2.000000;2.021492;-470.857941;1937.808350;0.082548;0.000000;0.000000;0.000000;0.000000;2.000000;-13.097244;-686.143555;1886.304932;0.115805;0.000000;0.000000;0.000000;0.000000;2.000000;18.996925;-648.763306;1877.255127;0.095680;0.000000;0.000000;0.000000;0.000000;2.000000;150.040741;-620.201782;1819.331299;0.205572;0.000000;0.000000;0.000000;0.000000;2.000000;342.907135;-428.046814;1894.413086;0.409169;0.000000;0.000000;0.000000;0.000000;2.000000;334.420288;-191.419037;1905.372314;0.456721;0.000000;0.000000;0.000000;0.000000;2.000000;337.057983;-99.130966;1939.435547;1.012609;0.000000;0.000000;0.000000;0.000000;0.000000;313.702728;-61.006111;2040.408447;1.130714;0.000000;0.000000;0.000000;0.000000;0.000000;262.623810;-82.899200;1876.442871;1.240816;0.000000;0.000000;0.000000;0.000000;0.000000;-38.956329;-652.869873;1914.060547;0.130984;0.000000;0.000000;0.000000;0.000000;2.000000;-143.481369;-660.142700;1998.233643;0.249253;0.000000;0.000000;0.000000;0.000000;2.000000;-395.275208;-520.909668;1993.904297;0.692881;0.000000;0.000000;0.000000;0.000000;2.000000;-291.658875;-649.730469;1819.877808;1.200220;0.000000;0.000000;0.000000;0.000000;2.000000;-237.890289;-733.291504;1783.083740;0.500040;0.000000;0.000000;0.000000;0.000000;0.000000;-184.179169;-782.196899;1702.428589;0.431235;0.000000;0.000000;0.000000;0.000000;0.000000;-193.342621;-730.304321;1780.928955;0.281772;0.000000;0.000000;0.000000;0.000000;0.000000;86.494164;-142.877457;1966.064941;0.033724;0.000000;0.000000;0.000000;0.000000;2.000000;59.496635;265.351074;1969.257568;1.167947;0.000000;0.000000;0.000000;0.000000;2.000000;37.852333;607.957764;2156.438965;1.585980;0.000000;0.000000;0.000000;0.000000;2.000000;0.029091;759.671265;2045.949951;1.292603;0.000000;0.000000;0.000000;0.000000;2.000000;-77.995583;-156.422714;2030.600830;0.030409;0.000000;0.000000;0.000000;0.000000;2.000000;-96.737778;246.894135;2093.954834;0.429853;0.000000;0.000000;0.000000;0.000000;2.000000;-95.588127;624.499023;2210.278809;0.149778;0.000000;0.000000;0.000000;0.000000;2.000000;-179.782410;736.551514;2103.582275;0.152774;0.000000;0.000000;0.000000;0.000000;2.000000;-26.014030;-762.866943;1856.040771;0.126389;0.000000;0.000000;0.000000;0.000000;2.000000;-144.396759;-694.072754;1765.369995;0.229519;0.000000;0.000000;0.000000;0.000000;2.000000;-114.256821;-736.273926;1741.229980;0.244780;0.000000;0.000000;0.000000;0.000000;2.000000;5.310661;-783.976074;1755.835571;0.172512;0.000000;0.000000;0.000000;0.000000;2.000000;-151.960480;-744.828491;1778.112183;0.291729;0.000000;0.000000;0.000000;0.000000;2.000000;-109.097672;-829.818970;1872.286133;0.307227;0.000000;0.000000;0.000000;0.000000;2.000000;13207700480.000000
0.000000;-150.000000;2000.000000;0.000000;0.000000;0.000000;0.000000;0.000000;2.000000;1.070999;-324.363892;1948.742188;0.201776;0.000000;0.000000;0.000000;0.000000;2.000000;8.573830;-467.875641;1927.315674;0.388334;0.000000;0.000000;0.000000;0.000000;2.000000;-7.569595;-683.889771;1882.672607;0.213248;0.000000;0.000000;0.000000;0.000000;2.000000;25.763504;-647.603760;1874.581299;0.224839;0.000000;0.000000;0.000000;0.000000;2.000000;160.471252;-631.239380;1821.726929;0.469181;0.000000;0.000000;0.000000;0.000000;2.000000;352.133606;-443.647430;1907.315430;0.678958;0.000000;0.000000;0.000000;0.000000;2.000000;343.646027;-207.530380;1909.282471;0.579013;0.000000;0.000000;0.000000;0.000000;2.000000;339.368286;-119.624466;1952.605957;0.746765;0.000000;0.000000;0.000000;0.000000;0.000000;328.157440;-84.029541;2056.163818;0.958878;0.000000;0.000000;0.000000;0.000000;0.000000;287.242737;-86.299942;1919.439941;1.515592;0.000000;0.000000;0.000000;0.000000;0.000000;-34.461998;-649.241089;1907.294922;0.271488;0.000000;0.000000;0.000000;0.000000;2.000000;-143.635300;-647.735840;1984.931396;0.555138;0.000000;0.000000;0.000000;0.000000;2.000000;-393.853363;-507.705292;1977.186768;0.651572;0.000000;0.000000;0.000000;0.000000;2.000000;-288.840057;-640.235107;1807.901245;0.474296;0.000000;0.000000;0.000000;0.000000;2.000000;-246.008240;-724.272583;1760.372437;0.785818;0.000000;0.000000;0.000000;0.000000;0.000000;-185.156006;-782.495117;1692.446045;0.306233;0.000000;0.000000;0.000000;0.000000;0.000000;-195.671539;-734.722900;1778.259521;0.172832;0.000000;0.000000;0.000000;0.000000;0.000000;88.098793;-141.199219;1971.903076;0.191740;0.000000;0.000000;0.000000;0.000000;2.000000;14.630455;259.926483;1966.940430;1.380990;0.000000;0.000000;0.000000;0.000000;2.000000;28.782639;588.838623;2175.573730;0.870655;0.000000;0.000000;0.000000;0.000000;2.000000;-18.741859;746.870972;2079.713135;1.241937;0.000000;0.000000;0.000000;0.000000;2.000000;-79.442551;-157.936066;2025.336182;0.172904;0.000000;0.000000;0.000000;0.000000;2.000000;-102.807999;244.206314;2086.178467;0.312032;0.000000;0.000000;0.000000;0.000000;2.000000;-92.803909;616.537476;2214.216064;0.284060;0.000000;0.000000;0.000000;0.000000;2.000000;-173.309509;727.344849;2104.344727;0.344244;0.000000;0.000000;0.000000;0.000000;2.000000;-19.993202;-761.165649;1854.406494;0.197342;0.000000;0.000000;0.000000;0.000000;2.000000;-125.190308;-700.162476;1744.821777;0.878250;0.000000;0.000000;0.000000;0.000000;2.000000;-96.530052;-747.166504;1729.973145;0.721922;0.000000;0.000000;0.000000;0.000000;2.000000;17.327530;-799.102539;1761.870728;0.617661;0.000000;0.000000;0.000000;0.000000;2.000000;-137.403198;-747.663452;1764.120117;0.622236;0.000000;0.000000;0.000000;0.000000;2.000000;-108.510521;-819.469971;1872.859131;0.316817;0.000000;0.000000;0.000000;0.000000;2.000000;13207733248.000000
0.000000;-150.000000;2000.000000;0.000000;0.000000;0.000000;0.000000;0.000000;2.000000;1.303734;-325.211548;1950.519775;0.058684;0.000000;0.000000;0.000000;0.000000;2.000000;8.372284;-469.294434;1931.116699;0.120212;0.000000;0.000000;0.000000;0.000000;2.000000;-12.859505;-683.985901;1880.649414;0.167626;0.000000;0.000000;0.000000;0.000000;2.000000;22.093964;-648.650391;1875.010742;0.113636;0.000000;0.000000;0.000000;0.000000;2.000000;159.942383;-633.673828;1829.659668;0.246056;0.000000;0.000000;0.000000;0.000000;2.000000;344.980377;-441.112732;1920.292725;0.444881;0.000000;0.000000;0.000000;0.000000;2.000000;343.893127;-204.584579;1911.372559;0.107138;0.000000;0.000000;0.000000;0.000000;2.000000;340.304169;-119.978714;1961.232178;0.256986;0.000000;0.000000;0.000000;0.000000;0.000000;331.169403;-73.758095;2060.933594;0.346786;0.000000;0.000000;0.000000;0.000000;0.000000;288.201752;-83.762268;1929.838135;0.318012;0.000000;0.000000;0.000000;0.000000;0.000000;-39.793201;-648.901123;1904.787354;0.174636;0.000000;0.000000;0.000000;0.000000;2.000000;-151.798721;-641.352600;1978.342041;0.363410;0.000000;0.000000;0.000000;0.000000;2.000000;-390.790527;-483.649109;1954.184570;0.989118;0.000000;0.000000;0.000000;0.000000;2.000000;-287.469482;-623.843811;1789.490967;0.730584;0.000000;0.000000;0.000000;0.000000;2.000000;-246.390533;-712.572754;1749.051880;0.481906;0.000000;0.000000;0.000000;0.000000;0.000000;-185.071716;-782.436951;1693.305908;0.025626;0.000000;0.000000;0.000000;0.000000;0.000000;-217.872681;-696.978088;1717.193237;2.223728;0.000000;0.000000;0.000000;0.000000;0.000000;89.255623;-142.235229;1974.856445;0.098744;0.000000;0.000000;0.000000;0.000000;2.000000;7.537437;257.669739;1957.098389;0.365168;0.000000;0.000000;0.000000;0.000000;2.000000;26.783081;588.509216;2163.563965;0.360427;0.000000;0.000000;0.000000;0.000000;2.000000;-32.329773;753.970154;2088.196045;0.518499;0.000000;0.000000;0.000000;0.000000;2.000000;-80.485725;-157.001862;2022.673096;0.089039;0.000000;0.000000;0.000000;0.000000;2.000000;-109.989189;245.499161;2083.341064;0.231679;0.000000;0.000000;0.000000;0.000000;2.000000;-103.870064;619.421692;2209.126465;0.370422;0.000000;0.000000;0.000000;0.000000;2.000000;-175.469086;735.430298;2097.965576;0.311403;0.000000;0.000000;0.000000;0.000000;2.000000;-26.499893;-760.291565;1849.974365;0.234409;0.000000;0.000000;0.000000;0.000000;2.000000;-129.240341;-701.469360;1736.499512;0.276611;0.000000;0.000000;0.000000;0.000000;2.000000;-100.116959;-748.785156;1723.236572;0.230876;0.000000;0.000000;0.000000;0.000000;2.000000;13.190063;-800.001465;1758.961304;0.152026;0.000000;0.000000;0.000000;0.000000;2.000000;-141.887024;-748.696472;1756.436646;0.265029;0.000000;0.000000;0.000000;0.000000;2.000000;-115.530251;-818.483398;1867.404297;0.264695;0.000000;0.000000;0.000000;0.000000;2.000000;13207767040.000000
0.000000;-150.000000;2000.000000;0.000000;0.000000;0.000000;0.000000;0.000000;2.000000;4.088181;-325.269135;1950.561768;0.085002;0.000000;0.000000;0.000000;0.000000;2.000000;12.646469;-469.348053;1931.217773;0.130485;0.000000;0.000000;0.000000;0.000000;2.000000;-9.582962;-683.963867;1880.403809;0.100275;0.000000;0.000000;0.000000;0.000000;2.000000;26.385605;-649.344971;1876.900635;0.144669;0.000000;0.000000;0.000000;0.000000;2.000000;166.695587;-635.429810;1839.183350;0.360301;0.000000;0.000000;0.000000;0.000000;2.000000;344.598755;-437.864014;1933.660400;0.419985;0.000000;0.000000;0.000000;0.000000;2.000000;347.448242;-201.464508;1920.024414;0.300917;0.000000;0.000000;0.000000;0.000000;2.000000;341.853333;-112.516418;1961.533203;0.232768;0.000000;0.000000;0.000000;0.000000;0.000000;338.077515;-71.041328;2063.695313;0.241706;0.000000;0.000000;0.000000;0.000000;0.000000;290.768982;-80.583923;1934.925537;0.199124;0.000000;0.000000;0.000000;0.000000;0.000000;-37.333366;-648.197021;1902.585693;0.103011;0.000000;0.000000;0.000000;0.000000;2.000000;-153.823273;-637.612915;1968.520996;0.326605;0.000000;0.000000;0.000000;0.000000;2.000000;-382.957214;-468.727570;1928.225098;0.944521;0.000000;0.000000;0.000000;0.000000;2.000000;-282.263733;-613.424072;1765.648193;0.809808;0.000000;0.000000;0.000000;0.000000;2.000000;-247.323227;-703.864624;1723.153687;0.834318;0.000000;0.000000;0.000000;0.000000;0.000000;-192.407104;-780.793701;1669.995850;0.747442;0.000000;0.000000;0.000000;0.000000;0.000000;-204.068451;-698.090332;1706.095093;0.541601;0.000000;0.000000;0.000000;0.000000;0.000000;90.082596;-141.697311;1978.014404;0.100966;0.000000;0.000000;0.000000;0.000000;2.000000;21.557541;258.808105;1933.592529;0.835973;0.000000;0.000000;0.000000;0.000000;2.000000;26.158905;577.352295;2159.655273;0.361275;0.000000;0.000000;0.000000;0.000000;2.000000;-27.317909;748.731445;2093.658203;0.277018;0.000000;0.000000;0.000000;0.000000;2.000000;-81.231438;-157.486893;2019.825439;0.091045;0.000000;0.000000;0.000000;0.000000;2.000000;-105.966324;244.849045;2084.849609;0.132609;0.000000;0.000000;0.000000;0.000000;2.000000;-106.947731;619.704590;2208.565674;0.095859;0.000000;0.000000;0.000000;0.000000;2.000000;-180.067474;725.767944;2088.673584;0.432497;0.000000;0.000000;0.000000;0.000000;2.000000;-22.735771;-760.195190;1849.228760;0.117141;0.000000;0.000000;0.000000;0.000000;2.000000;-109.816544;-699.936035;1723.916504;0.707828;0.000000;0.000000;0.000000;0.000000;2.000000;-81.304855;-748.618042;1714.803223;0.629169;0.000000;0.000000;0.000000;0.000000;2.000000;25.230957;-803.342407;1763.883789;0.409864;0.000000;0.000000;0.000000;0.000000;2.000000;-126.492599;-746.233276;1743.123535;0.625644;0.000000;0.000000;0.000000;0.000000;2.000000;-115.455795;-814.607910;1857.572510;0.322519;0.000000;0.000000;0.000000;0.000000;2.000000;13207799808.000000
0.000000;-150.000000;2000.000000;0.000000;0.000000;0.000000;0.000000;0.000000;2.000000;0.581207;-326.093262;1948.528564;0.122415;0.000000;0.000000;0.000000;0.000000;2.000000;6.348457;-470.981323;1926.481689;0.238149;0.000000;0.000000;0.000000;0.000000;2.000000;-14.782555;-687.084839;1874.546143;0.249509;0.000000;0.000000;0.000000;0.000000;2.000000;22.035225;-652.672546;1873.636475;0.188684;0.000000;0.000000;0.000000;0.000000;2.000000;164.709045;-635.697693;1842.551025;0.115977;0.000000;0.000000;0.000000;0.000000;2.000000;348.545410;-443.384155;1942.426758;0.328063;0.000000;0.000000;0.000000;0.000000;2.000000;362.654968;-206.530685;1918.165039;0.477507;0.000000;0.000000;0.000000;0.000000;2.000000;348.094696;-112.105011;1944.187988;0.545649;0.000000;0.000000;0.000000;0.000000;0.000000;355.209167;-84.148315;2051.495117;0.733359;0.000000;0.000000;0.000000;0.000000;0.000000;292.579010;-90.965622;1919.994629;0.540818;0.000000;0.000000;0.000000;0.000000;0.000000;-43.891529;-650.625488;1894.581055;0.314550;0.000000;0.000000;0.000000;0.000000;2.000000;-165.462402;-636.498169;1952.115967;0.596159;0.000000;0.000000;0.000000;0.000000;2.000000;-381.395386;-447.969788;1911.250977;0.794855;0.000000;0.000000;0.000000;0.000000;2.000000;-290.062195;-592.110657;1740.317139;1.006477;0.000000;0.000000;0.000000;0.000000;2.000000;-255.799286;-685.556763;1702.086792;0.863195;0.000000;0.000000;0.000000;0.000000;0.000000;-198.444885;-769.123230;1661.389282;0.464831;0.000000;0.000000;0.000000;0.000000;0.000000;-199.402878;-676.150208;1697.799194;0.707731;0.000000;0.000000;0.000000;0.000000;0.000000;90.471230;-142.812637;1976.432373;0.058425;0.000000;0.000000;0.000000;0.000000;2.000000;46.733894;260.582825;1906.851807;1.088140;0.000000;0.000000;0.000000;0.000000;2.000000;30.353745;569.893921;2149.451172;0.394093;0.000000;0.000000;0.000000;0.000000;2.000000;-14.496140;740.085693;2071.112549;0.809055;0.000000;0.000000;0.000000;0.000000;2.000000;-81.581886;-156.481140;2021.251953;0.052683;0.000000;0.000000;0.000000;0.000000;2.000000;-107.909515;249.867386;2078.744873;0.240827;0.000000;0.000000;0.000000;0.000000;2.000000;-108.926346;624.882568;2210.777100;0.176609;0.000000;0.000000;0.000000;0.000000;2.000000;-184.196213;732.225708;2091.493896;0.241691;0.000000;0.000000;0.000000;0.000000;2.000000;-26.569756;-763.841187;1842.516357;0.252926;0.000000;0.000000;0.000000;0.000000;2.000000;-95.170441;-700.435852;1706.210938;0.680149;0.000000;0.000000;0.000000;0.000000;2.000000;-66.297951;-749.898560;1700.481934;0.615037;0.000000;0.000000;0.000000;0.000000;2.000000;32.297844;-807.401001;1763.469238;0.241476;0.000000;0.000000;0.000000;0.000000;2.000000;-115.234573;-746.923035;1722.552246;0.694263;0.000000;0.000000;0.000000;0.000000;2.000000;-121.136665;-817.007568;1837.472900;0.622171;0.000000;0.000000;0.000000;0.000000;2.000000;13207833600.000000
0.000000;-150.000000;2000.000000;0.000000;0.000000;0.000000;0.000000;0.000000;2.000000;-0.590714;-325.690643;1946.702637;0.067343;0.000000;0.000000;0.000000;0.000000;2.000000;3.183220;-469.883911;1919.541992;0.235168;0.000000;0.000000;0.000000;0.000000;2.000000;-18.727226;-685.569702;1865.526367;0.303972;0.000000;0.000000;0.000000;0.000000;2.000000;18.879745;-652.028259;1867.767334;0.204306;0.000000;0.000000;0.000000;0.000000;2.000000;163.024323;-638.795837;1841.510986;0.112205;0.000000;0.000000;0.000000;0.000000;2.000000;346.065735;-447.922577;1946.095215;0.193501;0.000000;0.000000;0.000000;0.000000;2.000000;376.041870;-215.990479;1898.343994;0.784943;0.000000;0.000000;0.000000;0.000000;2.000000;332.647217;-129.373398;1919.182861;1.040322;0.000000;0.000000;0.000000;0.000000;0.000000;340.983185;-93.867035;2024.230713;0.984247;0.000000;0.000000;0.000000;0.000000;0.000000;281.750549;-119.795441;1900.499512;1.112312;0.000000;0.000000;0.000000;0.000000;0.000000;-48.547005;-648.395508;1883.152588;0.382696;0.000000;0.000000;0.000000;0.000000;2.000000;-174.188110;-630.743164;1930.259033;0.739372;0.000000;0.000000;0.000000;0.000000;2.000000;-393.705902;-447.622650;1882.903809;0.943201;0.000000;0.000000;0.000000;0.000000;2.000000;-285.303528;-584.888245;1716.080933;0.785317;0.000000;0.000000;0.000000;0.000000;2.000000;-242.289505;-671.844727;1671.664673;1.098650;0.000000;0.000000;0.000000;0.000000;0.000000;-188.761917;-742.671509;1607.906250;1.844708;0.000000;0.000000;0.000000;0.000000;0.000000;-194.771774;-660.857910;1647.398926;1.613537;0.000000;0.000000;0.000000;0.000000;0.000000;90.649826;-143.242004;1976.718018;0.016655;0.000000;0.000000;0.000000;0.000000;2.000000;60.753067;257.953613;1887.945068;0.722767;0.000000;0.000000;0.000000;0.000000;2.000000;41.003906;571.111023;2125.783203;0.792917;0.000000;0.000000;0.000000;0.000000;2.000000;3.072083;741.142883;2043.207031;1.006839;0.000000;0.000000;0.000000;0.000000;2.000000;-81.742935;-156.093979;2020.994385;0.015018;0.000000;0.000000;0.000000;0.000000;2.000000;-113.284073;251.872910;2064.988281;0.454857;0.000000;0.000000;0.000000;0.000000;2.000000;-114.897400;624.974426;2203.175781;0.294999;0.000000;0.000000;0.000000;0.000000;2.000000;-181.772858;737.801880;2083.758057;0.300268;0.000000;0.000000;0.000000;0.000000;2.000000;-29.643463;-762.073120;1832.437744;0.326056;0.000000;0.000000;0.000000;0.000000;2.000000;-85.782707;-686.885803;1696.272217;0.587423;0.000000;0.000000;0.000000;0.000000;2.000000;-52.756050;-733.485413;1688.815063;0.740572;0.000000;0.000000;0.000000;0.000000;2.000000;41.569977;-792.133728;1757.248291;0.577228;0.000000;0.000000;0.000000;0.000000;2.000000;-104.135574;-736.173889;1704.560791;0.723739;0.000000;0.000000;0.000000;0.000000;2.000000;-118.679649;-819.920166;1809.228027;0.869774;0.000000;0.000000;0.000000;0.000000;2.000000;13207866368.000000
0.000000;-150.000000;2000.000000;0.000000;0.000000;0.000000;0.000000;0.000000;2.000000;-2.765686;-326.595032;1947.958496;0.078995;0.000000;0.000000;0.000000;0.000000;2.000000;-1.054443;-471.355835;1921.335938;0.142975;0.000000;0.000000;0.000000;0.000000;2.000000;-18.977699;-687.585632;1865.404541;0.060224;0.000000;0.000000;0.000000;0.000000;2.000000;18.428841;-653.857178;1870.104736;0.088836;0.000000;0.000000;0.000000;0.000000;2.000000;163.703873;-635.963501;1851.626465;0.311508;0.000000;0.000000;0.000000;0.000000;2.000000;349.947754;-456.570801;1971.920654;0.814106;0.000000;0.000000;0.000000;0.000000;2.000000;363.182373;-230.813553;1893.454102;0.598478;0.000000;0.000000;0.000000;0.000000;2.000000;318.112793;-144.043320;1911.228760;0.654880;0.000000;0.000000;0.000000;0.000000;0.000000;333.895630;-130.855057;2020.833496;1.119018;0.000000;0.000000;0.000000;0.000000;0.000000;279.298523;-125.648483;1892.607422;0.299686;0.000000;0.000000;0.000000;0.000000;0.000000;-50.040447;-650.423767;1881.239990;0.093591;0.000000;0.000000;0.000000;0.000000;2.000000;-178.612579;-631.941284;1920.599121;0.316415;0.000000;0.000000;0.000000;0.000000;2.000000;-406.261841;-457.162720;1875.054688;0.521265;0.000000;0.000000;0.000000;0.000000;2.000000;-292.500732;-580.384705;1700.031616;0.537305;0.000000;0.000000;0.000000;0.000000;2.000000;-241.317200;-654.967346;1642.869507;0.988131;0.000000;0.000000;0.000000;0.000000;0.000000;-185.915192;-698.354736;1558.824585;1.958742;0.000000;0.000000;0.000000;0.000000;2.000000;-179.730530;-639.027344;1637.286865;0.839657;0.000000;0.000000;0.000000;0.000000;2.000000;91.194748;-144.761597;1977.377930;0.051610;0.000000;0.000000;0.000000;0.000000;2.000000;85.545609;254.603561;1871.628418;0.883892;0.000000;0.000000;0.000000;0.000000;2.000000;85.798996;580.113464;2095.141357;1.628026;0.000000;0.000000;0.000000;0.000000;2.000000;72.513351;733.219238;1977.820801;2.832301;0.000000;0.000000;0.000000;0.000000;2.000000;-82.234306;-154.723694;2020.399414;0.046538;0.000000;0.000000;0.000000;0.000000;2.000000;-120.493225;253.627045;2066.508545;0.224125;0.000000;0.000000;0.000000;0.000000;2.000000;-118.375809;624.789917;2212.953369;0.307159;0.000000;0.000000;0.000000;0.000000;2.000000;-185.010101;733.310181;2088.748291;0.220576;0.000000;0.000000;0.000000;0.000000;2.000000;-27.600021;-764.256653;1831.425293;0.093433;0.000000;0.000000;0.000000;0.000000;2.000000;-61.143681;-689.305969;1687.341675;0.778855;0.000000;0.000000;0.000000;0.000000;2.000000;-32.516891;-739.421753;1684.918579;0.634727;0.000000;0.000000;0.000000;0.000000;2.000000;47.716064;-804.593872;1765.125732;0.472637;0.000000;0.000000;0.000000;0.000000;2.000000;-85.404358;-736.229492;1695.134644;0.620542;0.000000;0.000000;0.000000;0.000000;2.000000;-119.580139;-813.857422;1800.446533;0.316909;0.000000;0.000000;0.000000;0.000000;2.000000;13207900160.000000
0.000000;-150.000000;2000.000000;0.000000;0.000000;0.000000;0.000000;0.000000;2.000000;-5.510094;-328.059204;1951.855957;0.152178;0.000000;0.000000;0.000000;0.000000;2.000000;-6.189339;-473.781799;1928.862549;0.287744;0.000000;0.000000;0.000000;0.000000;2.000000;-22.419388;-691.576599;1876.600830;0.377642;0.000000;0.000000;0.000000;0.000000;2.000000;14.899216;-657.637939;1881.687744;0.387127;0.000000;0.000000;0.000000;0.000000;2.000000;161.099792;-643.495239;1864.684082;0.466839;0.000000;0.000000;0.000000;0.000000;2.000000;353.451782;-475.714233;1993.342285;0.883238;0.000000;0.000000;0.000000;0.000000;2.000000;357.129120;-256.359009;1896.263428;0.805748;0.000000;0.000000;0.000000;0.000000;2.000000;300.596771;-175.059433;1906.982666;1.094743;0.000000;0.000000;0.000000;0.000000;0.000000;311.413391;-156.970718;2016.744385;1.059008;0.000000;0.000000;0.000000;0.000000;0.000000;265.175995;-158.958466;1886.336182;1.120593;0.000000;0.000000;0.000000;0.000000;0.000000;-54.009834;-654.067932;1890.862793;0.336572;0.000000;0.000000;0.000000;0.000000;2.000000;-183.948288;-634.925781;1926.266846;0.254415;0.000000;0.000000;0.000000;0.000000;2.000000;-418.704803;-471.566895;1871.251465;0.592365;0.000000;0.000000;0.000000;0.000000;2.000000;-294.264587;-584.738953;1695.958496;0.189752;0.000000;0.000000;0.000000;0.000000;2.000000;-234.584320;-625.184570;1616.564209;1.229943;0.000000;0.000000;0.000000;0.000000;2.000000;-200.306076;-663.720154;1519.563599;1.656988;0.000000;0.000000;0.000000;0.000000;2.000000;-207.909393;-613.121643;1615.622925;1.342246;0.000000;0.000000;0.000000;0.000000;2.000000;91.800354;-147.046524;1978.570068;0.080793;0.000000;0.000000;0.000000;0.000000;2.000000;102.108749;249.736496;1860.556152;0.625886;0.000000;0.000000;0.000000;0.000000;2.000000;120.427124;580.877991;2076.476318;1.200732;0.000000;0.000000;0.000000;0.000000;2.000000;113.206573;731.965210;1955.358154;1.419012;0.000000;0.000000;0.000000;0.000000;2.000000;-82.780426;-152.663269;2019.323975;0.072861;0.000000;0.000000;0.000000;0.000000;2.000000;-133.739334;253.753952;2077.027588;0.516213;0.000000;0.000000;0.000000;0.000000;2.000000;-137.069839;624.547363;2226.778076;0.709590;0.000000;0.000000;0.000000;0.000000;2.000000;-196.200363;739.355591;2103.864258;0.602876;0.000000;0.000000;0.000000;0.000000;2.000000;-30.050400;-769.083984;1843.835938;0.413208;0.000000;0.000000;0.000000;0.000000;2.000000;-70.177917;-692.319458;1701.981323;0.532982;0.000000;0.000000;0.000000;0.000000;2.000000;-39.071144;-740.967041;1697.781250;0.443077;0.000000;0.000000;0.000000;0.000000;2.000000;46.047699;-804.059814;1775.037354;0.307167;0.000000;0.000000;0.000000;0.000000;2.000000;-91.960846;-740.685120;1709.062012;0.489055;0.000000;0.000000;0.000000;0.000000;2.000000;-120.229393;-822.614441;1813.248535;0.473758;0.000000;0.000000;0.000000;0.000000;2.000000;13207932928.000000
0.000000;-150.000000;2000.000000;0.000000;0.000000;0.000000;0.000000;0.000000;2.000000;-6.388916;-327.996765;1952.860596;0.039543;0.000000;0.000000;0.000000;0.000000;2.000000;-7.930511;-473.820374;1932.157959;0.110302;0.000000;0.000000;0.000000;0.000000;2.000000;-24.993004;-691.542419;1881.403076;0.161237;0.000000;0.000000;0.000000;0.000000;2.000000;12.520706;-658.343384;1888.671143;0.219312;0.000000;0.000000;0.000000;0.000000;2.000000;159.778152;-650.272705;1881.974121;0.550956;0.000000;0.000000;0.000000;0.000000;2.000000;352.994873;-481.868164;2007.481201;0.456525;0.000000;0.000000;0.000000;0.000000;2.000000;343.728821;-266.957458;1902.123047;0.534501;0.000000;0.000000;0.000000;0.000000;2.000000;281.683472;-189.345383;1906.104248;0.701900;0.000000;0.000000;0.000000;0.000000;0.000000;300.537537;-179.638718;2015.661133;0.744714;0.000000;0.000000;0.000000;0.000000;0.000000;244.688644;-178.210434;1883.609131;0.835863;0.000000;0.000000;0.000000;0.000000;0.000000;-56.658928;-653.298340;1893.009033;0.103432;0.000000;0.000000;0.000000;0.000000;2.000000;-187.734436;-629.418945;1919.361328;0.284378;0.000000;0.000000;0.000000;0.000000;2.000000;-430.886108;-476.518127;1874.037109;0.397755;0.000000;0.000000;0.000000;0.000000;2.000000;-279.505249;-580.538208;1715.612671;0.737906;0.000000;0.000000;0.000000;0.000000;2.000000;-253.731049;-605.105652;1614.633179;0.823025;0.000000;0.000000;0.000000;0.000000;2.000000;-161.780685;-600.664246;1554.997559;2.425133;0.000000;0.000000;0.000000;0.000000;2.000000;-195.229401;-571.879272;1619.871460;1.283033;0.000000;0.000000;0.000000;0.000000;2.000000;92.211899;-148.276703;1980.995117;0.081386;0.000000;0.000000;0.000000;0.000000;2.000000;130.460037;242.590439;1851.808960;0.903126;0.000000;0.000000;0.000000;0.000000;2.000000;167.962204;585.105408;2045.185547;1.688753;0.000000;0.000000;0.000000;0.000000;2.000000;179.968796;728.581909;1915.953857;2.296321;0.000000;0.000000;0.000000;0.000000;2.000000;-83.151535;-151.553986;2017.137451;0.073382;0.000000;0.000000;0.000000;0.000000;2.000000;-138.310928;249.928543;2096.702393;0.608369;0.000000;0.000000;0.000000;0.000000;2.000000;-155.941681;622.919678;2238.073975;0.652649;0.000000;0.000000;0.000000;0.000000;2.000000;-212.760971;735.899414;2112.806885;0.566275;0.000000;0.000000;0.000000;0.000000;2.000000;-31.937195;-769.164124;1849.103394;0.165594;0.000000;0.000000;0.000000;0.000000;2.000000;-80.060303;-706.405029;1703.212891;0.510492;0.000000;0.000000;0.000000;0.000000;2.000000;-45.441872;-752.676270;1701.863403;0.412558;0.000000;0.000000;0.000000;0.000000;2.000000;45.366882;-803.233887;1781.473999;0.193094;0.000000;0.000000;0.000000;0.000000;2.000000;-97.923813;-755.541748;1714.226929;0.497786;0.000000;0.000000;0.000000;0.000000;2.000000;-118.095207;-831.342651;1824.479980;0.425645;0.000000;0.000000;0.000000;0.000000;2.000000;13207966720.000000
0.000000;-150.000000;2000.000000;0.000000;0.000000;0.000000;0.000000;0.000000;2.000000;-7.303009;-328.403442;1951.347168;0.053688;0.000000;0.000000;0.000000;0.000000;2.000000;-9.274231;-475.182434;1932.884766;0.060568;0.000000;0.000000;0.000000;0.000000;2.000000;-17.655640;-694.760620;1883.558838;0.245533;0.000000;0.000000;0.000000;0.000000;2.000000;18.667709;-660.141846;1891.759521;0.210418;0.000000;0.000000;0.000000;0.000000;2.000000;166.497528;-649.616821;1886.813232;0.245811;0.000000;0.000000;0.000000;0.000000;2.000000;364.366913;-486.434570;2014.835205;0.422936;0.000000;0.000000;0.000000;0.000000;2.000000;340.025146;-277.259216;1898.486084;0.341372;0.000000;0.000000;0.000000;0.000000;2.000000;278.309021;-199.426804;1887.976563;0.621896;0.000000;0.000000;0.000000;0.000000;0.000000;296.862579;-183.392166;1997.347412;0.563808;0.000000;0.000000;0.000000;0.000000;0.000000;246.687561;-182.111557;1869.710205;0.431278;0.000000;0.000000;0.000000;0.000000;0.000000;-51.052895;-657.299255;1893.779541;0.205086;0.000000;0.000000;0.000000;0.000000;2.000000;-185.242905;-640.911133;1912.062012;0.409578;0.000000;0.000000;0.000000;0.000000;2.000000;-419.443726;-486.294250;1831.114136;1.346028;0.000000;0.000000;0.000000;0.000000;2.000000;-241.200226;-572.995178;1689.442017;1.390885;0.000000;0.000000;0.000000;0.000000;2.000000;-202.685669;-544.807129;1593.062988;2.423507;0.000000;0.000000;0.000000;0.000000;2.000000;-170.763794;-525.099243;1489.473511;2.971708;0.000000;0.000000;0.000000;0.000000;2.000000;-178.081833;-539.494812;1583.145508;1.535290;0.000000;0.000000;0.000000;0.000000;2.000000;92.964661;-149.059464;1982.596924;0.057269;0.000000;0.000000;0.000000;0.000000;2.000000;143.758820;237.779984;1840.375000;0.538177;0.000000;0.000000;0.000000;0.000000;2.000000;187.338837;584.689636;2028.158447;0.763442;0.000000;0.000000;0.000000;0.000000;2.000000;217.752655;732.761536;1906.036865;1.162600;0.000000;0.000000;0.000000;0.000000;2.000000;-83.830299;-150.848129;2015.693359;0.051634;0.000000;0.000000;0.000000;0.000000;2.000000;-134.978958;250.845749;2105.730469;0.286071;0.000000;0.000000;0.000000;0.000000;2.000000;-159.706268;628.218079;2239.214844;0.195283;0.000000;0.000000;0.000000;0.000000;2.000000;-223.519073;743.595459;2118.454346;0.425622;0.000000;0.000000;0.000000;0.000000;2.000000;-21.034439;-773.199707;1851.685303;0.352418;0.000000;0.000000;0.000000;0.000000;2.000000;-63.573555;-705.311646;1705.515991;0.493688;0.000000;0.000000;0.000000;0.000000;2.000000;-28.442383;-751.513428;1704.017334;0.508251;0.000000;0.000000;0.000000;0.000000;2.000000;59.663864;-804.563354;1785.967529;0.445235;0.000000;0.000000;0.000000;0.000000;2.000000;-81.614182;-755.127197;1714.071899;0.482825;0.000000;0.000000;0.000000;0.000000;2.000000;-105.999878;-835.234985;1821.121338;0.388926;0.000000;0.000000;0.000000;0.000000;2.000000;13208000512.000000
