posX0;posY0;posZ0;posVel0;rotX0;rotY0;rotZ0;rotVel0;confidence0;posX1;posY1;posZ1;posVel1;rotX1;rotY1;rotZ1;rotVel1;confidence1;posX2;posY2;posZ2;posVel2;rotX2;rotY2;rotZ2;rotVel2;confidence2;posX3;posY3;posZ3;posVel3;rotX3;rotY3;rotZ3;rotVel3;confidence3;posX4;posY4;posZ4;posVel4;rotX4;rotY4;rotZ4;rotVel4;confidence4;posX5;posY5;posZ5;posVel5;rotX5;rotY5;rotZ5;rotVel5;confidence5;posX6;posY6;posZ6;posVel6;rotX6;rotY6;rotZ6;rotVel6;confidence6;posX7;posY7;posZ7;posVel7;rotX7;rotY7;rotZ7;rotVel7;confidence7;posX8;posY8;posZ8;posVel8;rotX8;rotY8;rotZ8;rotVel8;confidence8;posX9;posY9;posZ9;posVel9;rotX9;rotY9;rotZ9;rotVel9;confidence9;posX10;posY10;posZ10;posVel10;rotX10;rotY10;rotZ10;rotVel10;confidence10;posX11;posY11;posZ11;posVel11;rotX11;rotY11;rotZ11;rotVel11;confidence11;posX12;posY12;posZ12;posVel12;rotX12;rotY12;rotZ12;rotVel12;confidence12;posX13;posY13;posZ13;posVel13;rotX13;rotY13;rotZ13;rotVel13;confidence13;posX14;posY14;posZ14;posVel14;rotX14;rotY14;rotZ14;rotVel14;confidence14;posX15;posY15;posZ15;posVel15;rotX15;rotY15;rotZ15;rotVel15;confidence15;posX16;posY16;posZ16;posVel16;rotX16;rotY16;rotZ16;rotVel16;confidence16;posX17;posY17;posZ17;posVel17;rotX17;rotY17;rotZ17;rotVel17;confidence17;posX18;posY18;posZ18;posVel18;rotX18;rotY18;rotZ18;rotVel18;confidence18;posX19;posY19;posZ19;posVel19;rotX19;rotY19;rotZ19;rotVel19;confidence19;posX20;posY20;posZ20;posVel20;rotX20;rotY20;rotZ20;rotVel20;confidence20;posX21;posY21;posZ21;posVel21;rotX21;rotY21;rotZ21;rotVel21;confidence21;posX22;posY22;posZ22;posVel22;rotX22;rotY22;rotZ22;rotVel22;confidence22;posX23;posY23;posZ23;posVel23;rotX23;rotY23;rotZ23;rotVel23;confidence23;posX24;posY24;posZ24;posVel24;rotX24;rotY24;rotZ24;rotVel24;confidence24;posX25;posY25;posZ25;posVel25;rotX25;rotY25;rotZ25;rotVel25;confidence25;posX26;posY26;posZ26;posVel26;rotX26;rotY26;rotZ26;rotVel26;confidence26;posX27;posY27;posZ27;posVel27;rotX27;rotY27;rotZ27;rotVel27;confidence27;posX28;posY28;posZ28;posVel28;rotX28;rotY28;rotZ28;rotVel28;confidence28;posX29;posY29;posZ29;posVel29;rotX29;rotY29;rotZ29;rotVel29;confidence29;posX30;posY30;posZ30;posVel30;rotX30;rotY30;rotZ30;rotVel30;confidence30;posX31;posY31;posZ31;posVel31;rotX31;rotY31;rotZ31;rotVel31;confidence31;TimeStamp
0.000000;-150.000000;2000.000000;0.000000;0.000000;0.000000;0.000000;0.000000;2.000000;7.056305;-334.057617;1972.767090;0.000000;0.000000;0.000000;0.000000;0.000000;2.000000;22.915741;-479.590454;1945.819458;0.000000;0.000000;0.000000;0.000000;0.000000;2.000000;35.766937;-704.260803;1919.388916;0.000000;0.000000;0.000000;0.000000;0.000000;2.000000;11.880646;-665.449646;1896.151611;0.000000;0.000000;0.000000;0.000000;0.000000;2.000000;-78.159027;-604.761292;1793.835327;0.000000;0.000000;0.000000;0.000000;0.000000;2.000000;-121.486023;-321.863892;1758.185669;0.000000;0.000000;0.000000;0.000000;0.000000;2.000000;-173.159561;-92.396118;1815.360596;0.000000;0.000000;0.000000;0.000000;0.000000;2.000000;-183.816376;-97.339493;1915.168823;0.000000;0.000000;0.000000;0.000000;0.000000;2.000000;-181.141327;1.031628;1860.091187;0.000000;0.000000;0.000000;0.000000;0.000000;2.000000;-182.808182;-43.527496;1954.853149;0.000000;0.000000;0.000000;0.000000;0.000000;0.000000;57.005707;-668.561218;1949.882324;0.000000;0.000000;0.000000;0.000000;0.000000;2.000000;144.860809;-643.417786;2052.291016;0.000000;0.000000;0.000000;0.000000;0.000000;2.000000;211.068817;-406.407654;2212.911133;0.000000;0.000000;0.000000;0.000000;0.000000;2.000000;132.968414;-252.918442;2387.349609;0.000000;0.000000;0.000000;0.000000;0.000000;2.000000;92.262695;-221.010574;2482.395508;0.000000;0.000000;0.000000;0.000000;0.000000;0.000000;29.193970;-180.363342;2563.987793;0.000000;0.000000;0.000000;0.000000;0.000000;0.000000;38.140198;-251.470657;2494.756836;0.000000;0.000000;0.000000;0.000000;0.000000;0.000000;-44.069977;-139.310883;1916.336548;0.000000;0.000000;0.000000;0.000000;0.000000;2.000000;44.750092;266.552643;1872.125488;0.000000;0.000000;0.000000;0.000000;0.000000;2.000000;258.386017;593.648621;1789.605103;0.000000;0.000000;0.000000;0.000000;0.000000;2.000000;202.638458;777.935730;1755.574951;0.000000;0.000000;0.000000;0.000000;0.000000;2.000000;39.739838;-159.638870;2075.442871;0.000000;0.000000;0.000000;0.000000;0.000000;2.000000;-56.927124;239.498154;2149.863281;0.000000;0.000000;0.000000;0.000000;0.000000;2.000000;11.775208;636.902832;2137.084473;0.000000;0.000000;0.000000;0.000000;0.000000;2.000000;-91.136017;780.615540;2170.481934;0.000000;0.000000;0.000000;0.000000;0.000000;2.000000;29.848572;-789.303589;1918.459229;0.000000;0.000000;0.000000;0.000000;0.000000;2.000000;-80.648163;-877.919006;2008.252075;0.000000;0.000000;0.000000;0.000000;0.000000;2.000000;-66.775024;-898.429993;1955.344116;0.000000;0.000000;0.000000;0.000000;0.000000;2.000000;-24.861603;-844.928711;1841.827637;0.000000;0.000000;0.000000;0.000000;0.000000;2.000000;-33.549103;-902.435791;1998.442871;0.000000;0.000000;0.000000;0.000000;0.000000;2.000000;93.996490;-865.222290;1966.107910;0.000000;0.000000;0.000000;0.000000;0.000000;2.000000;16612166656.000000
0.000000;-150.000000;2000.000000;0.000000;0.000000;0.000000;0.000000;0.000000;2.000000;6.268524;-334.199524;1974.382202;0.053344;0.000000;0.000000;0.000000;0.000000;2.000000;24.154663;-479.568176;1948.349609;0.083371;0.000000;0.000000;0.000000;0.000000;2.000000;39.997070;-703.984436;1922.614380;0.157633;0.000000;0.000000;0.000000;0.000000;2.000000;16.728485;-665.415405;1898.436768;0.158604;0.000000;0.000000;0.000000;0.000000;2.000000;-72.425446;-607.863037;1793.698364;0.192952;0.000000;0.000000;0.000000;0.000000;2.000000;-123.385712;-324.626038;1777.749268;0.587380;0.000000;0.000000;0.000000;0.000000;2.000000;-175.696823;-90.706589;1810.401123;0.172271;0.000000;0.000000;0.000000;0.000000;2.000000;-189.639374;-90.200363;1909.861328;0.314637;0.000000;0.000000;0.000000;0.000000;2.000000;-178.313461;1.379356;1845.158447;0.449873;0.000000;0.000000;0.000000;0.000000;2.000000;-177.297699;-43.274284;1951.583252;0.189768;0.000000;0.000000;0.000000;0.000000;0.000000;59.683655;-668.113342;1953.883301;0.143089;0.000000;0.000000;0.000000;0.000000;2.000000;141.356445;-643.977905;2061.407959;0.289515;0.000000;0.000000;0.000000;0.000000;2.000000;201.712097;-402.851807;2217.814453;0.329843;0.000000;0.000000;0.000000;0.000000;2.000000;136.998901;-232.811996;2381.858887;0.628220;0.000000;0.000000;0.000000;0.000000;2.000000;92.381317;-211.896042;2478.118408;0.297966;0.000000;0.000000;0.000000;0.000000;0.000000;27.112518;-185.372101;2563.606201;0.160909;0.000000;0.000000;0.000000;0.000000;0.000000;40.098816;-252.711288;2486.993408;0.239768;0.000000;0.000000;0.000000;0.000000;0.000000;-38.740234;-139.330399;1913.802734;0.174640;0.000000;0.000000;0.000000;0.000000;2.000000;56.003052;264.328430;1864.482178;0.407905;0.000000;0.000000;0.000000;0.000000;2.000000;264.800720;596.054871;1789.633423;0.202747;0.000000;0.000000;0.000000;0.000000;2.000000;205.554504;778.172241;1750.869507;0.163968;0.000000;0.000000;0.000000;0.000000;2.000000;34.933777;-159.621246;2077.727783;0.157481;0.000000;0.000000;0.000000;0.000000;2.000000;-58.832458;240.323746;2150.020020;0.061625;0.000000;0.000000;0.000000;0.000000;2.000000;7.827545;637.853760;2138.378174;0.126115;0.000000;0.000000;0.000000;0.000000;2.000000;-93.201447;783.118286;2170.160889;0.096496;0.000000;0.000000;0.000000;0.000000;2.000000;34.866608;-789.022522;1921.507202;0.173944;0.000000;0.000000;0.000000;0.000000;2.000000;-77.884033;-867.556152;2017.472656;0.418556;0.000000;0.000000;0.000000;0.000000;2.000000;-67.035065;-890.551086;1964.921021;0.367072;0.000000;0.000000;0.000000;0.000000;2.000000;-25.600647;-843.449036;1848.526367;0.204187;0.000000;0.000000;0.000000;0.000000;2.000000;-32.767303;-895.275635;2007.077393;0.332750;0.000000;0.000000;0.000000;0.000000;2.000000;95.648621;-867.240906;1969.685547;0.131026;0.000000;0.000000;0.000000;0.000000;2.000000;16612200448.000000
0.000000;-150.000000;2000.000000;0.000000;0.000000;0.000000;0.000000;0.000000;2.000000;4.100952;-334.036194;1972.787842;0.082268;0.000000;0.000000;0.000000;0.000000;2.000000;19.223328;-479.510376;1945.598755;0.172333;0.000000;0.000000;0.000000;0.000000;2.000000;33.531830;-703.841614;1918.230225;0.238429;0.000000;0.000000;0.000000;0.000000;2.000000;9.787659;-665.052368;1894.879272;0.238277;0.000000;0.000000;0.000000;0.000000;2.000000;-78.355164;-605.841614;1790.204590;0.218907;0.000000;0.000000;0.000000;0.000000;2.000000;-127.845612;-322.821350;1767.215210;0.353417;0.000000;0.000000;0.000000;0.000000;2.000000;-180.327377;-93.237732;1822.538330;0.403895;0.000000;0.000000;0.000000;0.000000;2.000000;-188.759781;-92.591187;1922.617798;0.396983;0.000000;0.000000;0.000000;0.000000;2.000000;-185.809601;-1.993141;1855.644409;0.406607;0.000000;0.000000;0.000000;0.000000;2.000000;-175.768723;-46.884857;1963.937988;0.395569;0.000000;0.000000;0.000000;0.000000;0.000000;54.164612;-668.217102;1949.171265;0.221487;0.000000;0.000000;0.000000;0.000000;2.000000;141.876007;-644.404541;2051.909180;0.290605;0.000000;0.000000;0.000000;0.000000;2.000000;209.711334;-407.358765;2211.468262;0.340616;0.000000;0.000000;0.000000;0.000000;2.000000;136.616486;-251.025803;2385.341309;0.566030;0.000000;0.000000;0.000000;0.000000;2.000000;89.853302;-222.813065;2478.679199;0.342405;0.000000;0.000000;0.000000;0.000000;0.000000;27.045410;-185.376556;2561.901367;0.052068;0.000000;0.000000;0.000000;0.000000;0.000000;36.354523;-256.138977;2487.469727;0.155597;0.000000;0.000000;0.000000;0.000000;0.000000;-40.704529;-138.315567;1914.843506;0.074575;0.000000;0.000000;0.000000;0.000000;2.000000;59.737000;264.194946;1867.366455;0.144046;0.000000;0.000000;0.000000;0.000000;2.000000;262.871735;601.732727;1803.703369;0.466752;0.000000;0.000000;0.000000;0.000000;2.000000;192.906158;779.338684;1761.963745;0.514675;0.000000;0.000000;0.000000;0.000000;2.000000;36.705048;-160.536377;2076.789551;0.067244;0.000000;0.000000;0.000000;0.000000;2.000000;-62.414490;236.709366;2156.497559;0.251383;0.000000;0.000000;0.000000;0.000000;2.000000;-1.002991;635.054016;2143.583496;0.324280;0.000000;0.000000;0.000000;0.000000;2.000000;-100.702484;780.411255;2178.960938;0.362420;0.000000;0.000000;0.000000;0.000000;2.000000;28.049194;-788.854736;1916.791992;0.253017;0.000000;0.000000;0.000000;0.000000;2.000000;-50.548676;-893.317749;2021.676392;1.153449;0.000000;0.000000;0.000000;0.000000;2.000000;-46.634064;-909.688721;1965.774780;0.854044;0.000000;0.000000;0.000000;0.000000;2.000000;-36.232666;-846.718018;1849.971436;0.342306;0.000000;0.000000;0.000000;0.000000;2.000000;-4.559387;-911.874512;2000.399170;1.019400;0.000000;0.000000;0.000000;0.000000;2.000000;108.324677;-859.091919;1944.302856;0.900847;0.000000;0.000000;0.000000;0.000000;2.000000;16612233216.000000
0.000000;-150.000000;2000.000000;0.000000;0.000000;0.000000;0.000000;0.000000;2.000000;5.031219;-334.579681;1973.541748;0.038914;0.000000;0.000000;0.000000;0.000000;2.000000;18.054443;-480.988007;1948.376953;0.099337;0.000000;0.000000;0.000000;0.000000;2.000000;30.112518;-706.409302;1924.554565;0.225919;0.000000;0.000000;0.000000;0.000000;2.000000;6.848846;-667.647461;1900.415161;0.200746;0.000000;0.000000;0.000000;0.000000;2.000000;-84.492157;-608.780029;1797.792480;0.301604;0.000000;0.000000;0.000000;0.000000;2.000000;-132.021027;-324.593170;1776.318848;0.300989;0.000000;0.000000;0.000000;0.000000;2.000000;-183.479996;-90.638885;1814.075317;0.278102;0.000000;0.000000;0.000000;0.000000;2.000000;-197.084488;-92.204529;1913.819824;0.358616;0.000000;0.000000;0.000000;0.000000;2.000000;-186.071518;2.103783;1852.594238;0.151349;0.000000;0.000000;0.000000;0.000000;2.000000;-175.867874;-44.149094;1957.204590;0.215099;0.000000;0.000000;0.000000;0.000000;0.000000;51.022614;-670.436646;1955.112915;0.209465;0.000000;0.000000;0.000000;0.000000;2.000000;136.278595;-643.257690;2059.514160;0.281493;0.000000;0.000000;0.000000;0.000000;2.000000;195.277924;-405.096375;2222.207764;0.536584;0.000000;0.000000;0.000000;0.000000;2.000000;133.771027;-239.914368;2393.199951;0.411456;0.000000;0.000000;0.000000;0.000000;2.000000;78.198517;-215.875275;2483.118652;0.422334;0.000000;0.000000;0.000000;0.000000;0.000000;14.160858;-184.342926;2568.188232;0.425360;0.000000;0.000000;0.000000;0.000000;0.000000;27.825165;-254.036743;2488.668213;0.262369;0.000000;0.000000;0.000000;0.000000;0.000000;-39.746368;-138.766647;1914.075317;0.038716;0.000000;0.000000;0.000000;0.000000;2.000000;58.322754;265.470032;1867.380737;0.056352;0.000000;0.000000;0.000000;0.000000;2.000000;256.823456;607.125854;1804.997070;0.242843;0.000000;0.000000;0.000000;0.000000;2.000000;183.396088;782.493286;1757.863159;0.320379;0.000000;0.000000;0.000000;0.000000;2.000000;35.841034;-160.129623;2077.481934;0.034906;0.000000;0.000000;0.000000;0.000000;2.000000;-63.389160;238.483887;2155.513184;0.066619;0.000000;0.000000;0.000000;0.000000;2.000000;-6.364716;638.549316;2145.352783;0.196510;0.000000;0.000000;0.000000;0.000000;2.000000;-115.889618;777.311279;2180.379395;0.460614;0.000000;0.000000;0.000000;0.000000;2.000000;23.706299;-791.577271;1924.423706;0.272054;0.000000;0.000000;0.000000;0.000000;2.000000;-82.709015;-877.517822;2021.981445;1.060405;0.000000;0.000000;0.000000;0.000000;2.000000;-74.713165;-897.173950;1967.441895;0.911071;0.000000;0.000000;0.000000;0.000000;2.000000;-40.552826;-842.393433;1851.678711;0.187817;0.000000;0.000000;0.000000;0.000000;2.000000;-37.898956;-904.011108;2007.270386;1.033875;0.000000;0.000000;0.000000;0.000000;2.000000;88.131256;-871.956299;1964.197266;0.921213;0.000000;0.000000;0.000000;0.000000;2.000000;16612267008.000000
0.000000;-150.000000;2000.000000;0.000000;0.000000;0.000000;0.000000;0.000000;2.000000;0.448517;-334.062042;1976.078369;0.160627;0.000000;0.000000;0.000000;0.000000;2.000000;11.751587;-480.005127;1951.758789;0.220338;0.000000;0.000000;0.000000;0.000000;2.000000;24.483002;-704.038818;1925.963135;0.191301;0.000000;0.000000;0.000000;0.000000;2.000000;1.898895;-665.225220;1901.799316;0.173401;0.000000;0.000000;0.000000;0.000000;2.000000;-84.423737;-603.473938;1797.614624;0.162033;0.000000;0.000000;0.000000;0.000000;2.000000;-128.833588;-321.472717;1763.546143;0.412878;0.000000;0.000000;0.000000;0.000000;2.000000;-183.570892;-92.919495;1818.267944;0.145680;0.000000;0.000000;0.000000;0.000000;2.000000;-196.860962;-92.307938;1917.562378;0.114461;0.000000;0.000000;0.000000;0.000000;2.000000;-189.458542;4.694054;1861.227173;0.293840;0.000000;0.000000;0.000000;0.000000;2.000000;-173.561157;-38.489555;1958.404297;0.190070;0.000000;0.000000;0.000000;0.000000;0.000000;44.517517;-668.561707;1957.247803;0.216631;0.000000;0.000000;0.000000;0.000000;2.000000;125.737213;-644.450012;2064.682129;0.360121;0.000000;0.000000;0.000000;0.000000;2.000000;193.657806;-411.235382;2228.427246;0.271236;0.000000;0.000000;0.000000;0.000000;2.000000;130.001251;-246.707367;2397.510254;0.271134;0.000000;0.000000;0.000000;0.000000;2.000000;75.358643;-221.563202;2487.050293;0.228118;0.000000;0.000000;0.000000;0.000000;0.000000;12.325592;-188.558228;2571.594238;0.174612;0.000000;0.000000;0.000000;0.000000;0.000000;24.581818;-258.068848;2492.627441;0.198839;0.000000;0.000000;0.000000;0.000000;0.000000;-41.387970;-139.097885;1915.339478;0.064034;0.000000;0.000000;0.000000;0.000000;2.000000;55.216156;263.928833;1873.969604;0.227227;0.000000;0.000000;0.000000;0.000000;2.000000;250.549774;605.271301;1812.551025;0.304963;0.000000;0.000000;0.000000;0.000000;2.000000;183.464386;784.997192;1778.112061;0.622657;0.000000;0.000000;0.000000;0.000000;2.000000;37.321320;-159.830902;2076.342285;0.057736;0.000000;0.000000;0.000000;0.000000;2.000000;-58.551056;235.941681;2161.628418;0.250293;0.000000;0.000000;0.000000;0.000000;2.000000;-11.302399;635.301880;2153.138184;0.298291;0.000000;0.000000;0.000000;0.000000;2.000000;-113.665436;777.265320;2192.186523;0.366665;0.000000;0.000000;0.000000;0.000000;2.000000;18.173798;-788.781799;1924.774048;0.189470;0.000000;0.000000;0.000000;0.000000;2.000000;-90.305267;-878.577209;2014.872559;0.319141;0.000000;0.000000;0.000000;0.000000;2.000000;-80.066040;-896.242004;1960.337036;0.272959;0.000000;0.000000;0.000000;0.000000;2.000000;-42.374695;-837.590698;1848.378296;0.186328;0.000000;0.000000;0.000000;0.000000;2.000000;-44.886230;-903.968628;2001.098633;0.284509;0.000000;0.000000;0.000000;0.000000;2.000000;81.670715;-869.350647;1964.139648;0.212599;0.000000;0.000000;0.000000;0.000000;2.000000;16612299776.000000
0.000000;-150.000000;2000.000000;0.000000;0.000000;0.000000;0.000000;0.000000;2.000000;4.832886;-334.010315;1974.615601;0.136785;0.000000;0.000000;0.000000;0.000000;2.000000;17.132080;-479.988464;1949.989990;0.167608;0.000000;0.000000;0.000000;0.000000;2.000000;22.517883;-704.986694;1928.119385;0.090776;0.000000;0.000000;0.000000;0.000000;2.000000;0.308044;-665.925964;1903.887939;0.080415;0.000000;0.000000;0.000000;0.000000;2.000000;-89.391388;-602.711975;1803.258789;0.223646;0.000000;0.000000;0.000000;0.000000;2.000000;-133.696167;-320.069214;1771.783569;0.286102;0.000000;0.000000;0.000000;0.000000;2.000000;-186.762421;-89.382996;1819.990845;0.149908;0.000000;0.000000;0.000000;0.000000;2.000000;-195.690292;-89.153931;1919.884888;0.120977;0.000000;0.000000;0.000000;0.000000;2.000000;-171.955750;10.299553;1872.858643;0.643642;0.000000;0.000000;0.000000;0.000000;2.000000;-172.085602;-29.865837;1956.362793;0.265864;0.000000;0.000000;0.000000;0.000000;0.000000;44.569519;-669.513062;1958.118286;0.038191;0.000000;0.000000;0.000000;0.000000;2.000000;128.335541;-643.087952;2063.220703;0.096992;0.000000;0.000000;0.000000;0.000000;2.000000;189.134918;-410.190857;2230.752930;0.153644;0.000000;0.000000;0.000000;0.000000;2.000000;118.603546;-248.802536;2400.523438;0.354344;0.000000;0.000000;0.000000;0.000000;1.000000;67.416779;-223.379257;2492.146484;0.284372;0.000000;0.000000;0.000000;0.000000;0.000000;5.052948;-190.202850;2577.276855;0.277429;0.000000;0.000000;0.000000;0.000000;0.000000;16.655670;-259.454529;2499.816406;0.319308;0.000000;0.000000;0.000000;0.000000;0.000000;-44.217865;-139.655106;1916.592041;0.093054;0.000000;0.000000;0.000000;0.000000;2.000000;52.047241;264.611267;1882.533691;0.270982;0.000000;0.000000;0.000000;0.000000;2.000000;246.605988;606.205444;1817.318359;0.185170;0.000000;0.000000;0.000000;0.000000;2.000000;180.155670;787.093323;1786.725952;0.280024;0.000000;0.000000;0.000000;0.000000;2.000000;39.873230;-159.328430;2075.212891;0.083911;0.000000;0.000000;0.000000;0.000000;2.000000;-63.197815;234.065674;2165.222168;0.182487;0.000000;0.000000;0.000000;0.000000;2.000000;-16.928467;633.935181;2154.514160;0.176105;0.000000;0.000000;0.000000;0.000000;2.000000;-118.543396;777.010193;2192.352051;0.144633;0.000000;0.000000;0.000000;0.000000;2.000000;13.695648;-789.605530;1928.760254;0.179085;0.000000;0.000000;0.000000;0.000000;2.000000;-86.501709;-885.211731;2022.730591;0.324487;0.000000;0.000000;0.000000;0.000000;2.000000;-77.765503;-902.030884;1967.600342;0.283163;0.000000;0.000000;0.000000;0.000000;2.000000;-47.731110;-840.845825;1854.515503;0.259595;0.000000;0.000000;0.000000;0.000000;2.000000;-40.499237;-908.318665;2006.805908;0.248899;0.000000;0.000000;0.000000;0.000000;2.000000;82.687531;-867.352722;1964.746826;0.068731;0.000000;0.000000;0.000000;0.000000;2.000000;16612333568.000000
0.000000;-150.000000;2000.000000;0.000000;0.000000;0.000000;0.000000;0.000000;2.000000;-0.569183;-333.843933;1975.214966;0.165947;0.000000;0.000000;0.000000;0.000000;2.000000;5.656158;-480.182007;1951.962036;0.355400;0.000000;0.000000;0.000000;0.000000;2.000000;14.030151;-704.498352;1927.997437;0.259480;0.000000;0.000000;0.000000;0.000000;2.000000;-8.428314;-665.546387;1903.999146;0.266886;0.000000;0.000000;0.000000;0.000000;2.000000;-96.016205;-603.404114;1801.229736;0.212496;0.000000;0.000000;0.000000;0.000000;2.000000;-137.982452;-321.746704;1762.833740;0.307131;0.000000;0.000000;0.000000;0.000000;2.000000;-192.334503;-94.914871;1824.120728;0.270740;0.000000;0.000000;0.000000;0.000000;2.000000;-200.601974;-93.899338;1923.900024;0.241773;0.000000;0.000000;0.000000;0.000000;2.000000;-182.955627;6.345528;1876.324219;0.372067;0.000000;0.000000;0.000000;0.000000;2.000000;-183.563568;-35.309250;1960.020996;0.403429;0.000000;0.000000;0.000000;0.000000;0.000000;35.349915;-669.107117;1958.472900;0.281840;0.000000;0.000000;0.000000;0.000000;2.000000;121.239624;-643.660828;2061.792236;0.221585;0.000000;0.000000;0.000000;0.000000;2.000000;188.511841;-423.731628;2242.970459;0.556901;0.000000;0.000000;0.000000;0.000000;2.000000;128.805481;-272.058777;2424.836670;1.072929;0.000000;0.000000;0.000000;0.000000;2.000000;59.062225;-233.640030;2497.517090;0.435799;0.000000;0.000000;0.000000;0.000000;0.000000;-2.631378;-194.422623;2580.297119;0.282971;0.000000;0.000000;0.000000;0.000000;0.000000;11.340698;-265.945618;2498.119873;0.261209;0.000000;0.000000;0.000000;0.000000;0.000000;-43.929993;-138.640686;1916.750854;0.032543;0.000000;0.000000;0.000000;0.000000;2.000000;49.768188;265.887054;1887.413940;0.168921;0.000000;0.000000;0.000000;0.000000;2.000000;244.582642;606.276611;1820.710449;0.120555;0.000000;0.000000;0.000000;0.000000;2.000000;163.162109;781.505310;1795.981812;0.614668;0.000000;0.000000;0.000000;0.000000;2.000000;39.613617;-160.243179;2075.069336;0.029347;0.000000;0.000000;0.000000;0.000000;2.000000;-71.045502;229.797607;2167.441895;0.280911;0.000000;0.000000;0.000000;0.000000;2.000000;-27.841614;629.400818;2159.376465;0.389980;0.000000;0.000000;0.000000;0.000000;2.000000;-131.881226;769.987488;2198.520020;0.497034;0.000000;0.000000;0.000000;0.000000;2.000000;6.277405;-789.082275;1927.744019;0.229058;0.000000;0.000000;0.000000;0.000000;2.000000;-102.701385;-861.767944;2031.465576;0.909578;0.000000;0.000000;0.000000;0.000000;2.000000;-93.804932;-887.510803;1980.031738;0.761495;0.000000;0.000000;0.000000;0.000000;2.000000;-56.646973;-846.990967;1860.225220;0.373583;0.000000;0.000000;0.000000;0.000000;2.000000;-58.156921;-890.058838;2020.998413;0.887974;0.000000;0.000000;0.000000;0.000000;2.000000;68.472961;-864.551331;1977.699951;0.593082;0.000000;0.000000;0.000000;0.000000;2.000000;16612366336.000000
0.000000;-150.000000;2000.000000;0.000000;0.000000;0.000000;0.000000;0.000000;2.000000;-0.215637;-333.110657;1972.874146;0.073341;0.000000;0.000000;0.000000;0.000000;2.000000;5.328522;-478.947723;1948.367310;0.112891;0.000000;0.000000;0.000000;0.000000;2.000000;10.191132;-702.536255;1921.389893;0.233479;0.000000;0.000000;0.000000;0.000000;2.000000;-11.864899;-663.027588;1898.173828;0.213579;0.000000;0.000000;0.000000;0.000000;2.000000;-98.833099;-599.775146;1796.019287;0.205565;0.000000;0.000000;0.000000;0.000000;2.000000;-138.076569;-317.874847;1761.324585;0.123007;0.000000;0.000000;0.000000;0.000000;2.000000;-189.237000;-92.354645;1827.929810;0.163855;0.000000;0.000000;0.000000;0.000000;2.000000;-197.809692;-92.852280;1927.471069;0.137680;0.000000;0.000000;0.000000;0.000000;2.000000;-184.637085;3.737354;1872.094604;0.155241;0.000000;0.000000;0.000000;0.000000;2.000000;-174.874176;-38.934082;1966.867798;0.344503;0.000000;0.000000;0.000000;0.000000;0.000000;32.255157;-667.947021;1952.069824;0.213238;0.000000;0.000000;0.000000;0.000000;2.000000;117.385284;-643.920898;2055.967285;0.206840;0.000000;0.000000;0.000000;0.000000;2.000000;186.919403;-425.618774;2237.243164;0.184568;0.000000;0.000000;0.000000;0.000000;2.000000;140.514984;-267.381897;2416.676270;0.444462;0.000000;0.000000;0.000000;0.000000;2.000000;70.185333;-236.415985;2491.958984;0.377029;0.000000;0.000000;0.000000;0.000000;0.000000;3.554504;-200.972885;2572.260742;0.357270;0.000000;0.000000;0.000000;0.000000;0.000000;53.312439;-222.309540;2490.793457;1.804775;0.000000;0.000000;0.000000;0.000000;0.000000;-42.464142;-137.562149;1916.377319;0.054978;0.000000;0.000000;0.000000;0.000000;2.000000;49.824585;266.526062;1889.291016;0.058702;0.000000;0.000000;0.000000;0.000000;2.000000;243.098969;606.686890;1822.040161;0.060196;0.000000;0.000000;0.000000;0.000000;2.000000;179.262299;789.347046;1803.519897;0.574993;0.000000;0.000000;0.000000;0.000000;2.000000;38.291779;-161.215759;2075.406250;0.049577;0.000000;0.000000;0.000000;0.000000;2.000000;-72.330017;227.157379;2170.779785;0.131554;0.000000;0.000000;0.000000;0.000000;2.000000;-28.703033;625.805054;2160.944824;0.118856;0.000000;0.000000;0.000000;0.000000;2.000000;-130.609039;768.679810;2195.369141;0.107746;0.000000;0.000000;0.000000;0.000000;2.000000;1.219116;-786.806152;1920.081543;0.279931;0.000000;0.000000;0.000000;0.000000;2.000000;-95.598450;-867.266235;2029.399292;0.272756;0.000000;0.000000;0.000000;0.000000;2.000000;-87.559052;-892.380249;1977.655640;0.244689;0.000000;0.000000;0.000000;0.000000;2.000000;-60.424713;-849.631714;1856.256348;0.179998;0.000000;0.000000;0.000000;0.000000;2.000000;-49.702271;-891.945679;2016.508423;0.288740;0.000000;0.000000;0.000000;0.000000;2.000000;71.681488;-856.783936;1966.404419;0.416635;0.000000;0.000000;0.000000;0.000000;2.000000;16612400128.000000
0.000000;-150.000000;2000.000000;0.000000;0.000000;0.000000;0.000000;0.000000;2.000000;-3.742096;-333.685822;1974.333740;0.117788;0.000000;0.000000;0.000000;0.000000;2.000000;-0.902924;-480.108673;1950.954956;0.208939;0.000000;0.000000;0.000000;0.000000;2.000000;4.258362;-704.240967;1924.490601;0.210810;0.000000;0.000000;0.000000;0.000000;2.000000;-17.942688;-664.740112;1901.159058;0.213151;0.000000;0.000000;0.000000;0.000000;2.000000;-105.126740;-600.675781;1799.229858;0.217359;0.000000;0.000000;0.000000;0.000000;2.000000;-144.294678;-318.400665;1762.447510;0.193498;0.000000;0.000000;0.000000;0.000000;2.000000;-194.585602;-94.457138;1836.494995;0.314776;0.000000;0.000000;0.000000;0.000000;2.000000;-197.764587;-84.759491;1936.099854;0.361026;0.000000;0.000000;0.000000;0.000000;2.000000;-182.984497;9.512962;1876.786011;0.232611;0.000000;0.000000;0.000000;0.000000;2.000000;-173.170044;-31.487572;1970.094727;0.253071;0.000000;0.000000;0.000000;0.000000;0.000000;26.369446;-669.464844;1955.110107;0.207404;0.000000;0.000000;0.000000;0.000000;2.000000;111.643005;-644.651001;2059.091553;0.200739;0.000000;0.000000;0.000000;0.000000;2.000000;182.716003;-424.373383;2238.385742;0.138259;0.000000;0.000000;0.000000;0.000000;2.000000;133.905945;-265.659454;2417.472900;0.209842;0.000000;0.000000;0.000000;0.000000;2.000000;64.172241;-236.793243;2494.456787;0.199041;0.000000;0.000000;0.000000;0.000000;0.000000;-3.271576;-202.661041;2574.973633;0.230008;0.000000;0.000000;0.000000;0.000000;0.000000;46.683258;-223.462921;2493.540771;0.221802;0.000000;0.000000;0.000000;0.000000;0.000000;-42.118378;-137.404144;1915.995972;0.016433;0.000000;0.000000;0.000000;0.000000;2.000000;51.173615;267.452820;1890.106567;0.055805;0.000000;0.000000;0.000000;0.000000;2.000000;244.494568;608.572266;1822.788086;0.075136;0.000000;0.000000;0.000000;0.000000;2.000000;168.201538;786.959839;1805.376587;0.349938;0.000000;0.000000;0.000000;0.000000;2.000000;37.979950;-161.358246;2075.750000;0.014816;0.000000;0.000000;0.000000;0.000000;2.000000;-79.517181;225.763016;2171.883301;0.225948;0.000000;0.000000;0.000000;0.000000;2.000000;-34.979889;625.225708;2164.103271;0.215166;0.000000;0.000000;0.000000;0.000000;2.000000;-140.607513;765.834351;2198.644043;0.332615;0.000000;0.000000;0.000000;0.000000;2.000000;-4.609589;-788.708740;1923.412598;0.212945;0.000000;0.000000;0.000000;0.000000;2.000000;-104.928986;-870.545898;2029.036865;0.302026;0.000000;0.000000;0.000000;0.000000;2.000000;-97.193207;-893.921387;1976.301514;0.300603;0.000000;0.000000;0.000000;0.000000;2.000000;-67.703949;-847.248901;1856.600952;0.233980;0.000000;0.000000;0.000000;0.000000;2.000000;-59.588470;-896.141357;2015.500000;0.329191;0.000000;0.000000;0.000000;0.000000;2.000000;63.477417;-862.686401;1967.582520;0.310521;0.000000;0.000000;0.000000;0.000000;2.000000;16612432896.000000
0.000000;-150.000000;2000.000000;0.000000;0.000000;0.000000;0.000000;0.000000;2.000000;0.231537;-333.521179;1972.366821;0.131299;0.000000;0.000000;0.000000;0.000000;2.000000;6.437561;-479.645203;1947.407471;0.241652;0.000000;0.000000;0.000000;0.000000;2.000000;8.261993;-704.259583;1923.904297;0.119744;0.000000;0.000000;0.000000;0.000000;2.000000;-12.792633;-664.679016;1899.615723;0.159111;0.000000;0.000000;0.000000;0.000000;2.000000;-99.556122;-599.014954;1798.251343;0.174441;0.000000;0.000000;0.000000;0.000000;2.000000;-133.271973;-317.036804;1753.632080;0.419625;0.000000;0.000000;0.000000;0.000000;2.000000;-186.865295;-89.615143;1813.811157;0.723424;0.000000;0.000000;0.000000;0.000000;2.000000;-196.950317;-90.186920;1913.471191;0.689059;0.000000;0.000000;0.000000;0.000000;2.000000;-167.989471;10.993198;1873.988403;0.453522;0.000000;0.000000;0.000000;0.000000;2.000000;-164.064636;-8.309200;1937.187866;1.221221;0.000000;0.000000;0.000000;0.000000;2.000000;30.362274;-669.450562;1954.532227;0.119391;0.000000;0.000000;0.000000;0.000000;2.000000;112.892975;-642.777771;2060.330322;0.076060;0.000000;0.000000;0.000000;0.000000;2.000000;180.190277;-418.354431;2236.117432;0.204495;0.000000;0.000000;0.000000;0.000000;2.000000;128.875336;-256.622009;2411.921143;0.347390;0.000000;0.000000;0.000000;0.000000;2.000000;67.895905;-234.658981;2498.130127;0.167178;0.000000;0.000000;0.000000;0.000000;0.000000;-3.933960;-205.102554;2576.707031;0.090751;0.000000;0.000000;0.000000;0.000000;0.000000;64.894867;-207.478699;2491.282471;0.720181;0.000000;0.000000;0.000000;0.000000;0.000000;-41.437256;-137.346909;1915.619385;0.023094;0.000000;0.000000;0.000000;0.000000;2.000000;57.456512;266.323761;1889.046997;0.191491;0.000000;0.000000;0.000000;0.000000;2.000000;251.784454;607.326660;1823.010498;0.218954;0.000000;0.000000;0.000000;0.000000;2.000000;170.819916;781.664673;1790.908936;0.462451;0.000000;0.000000;0.000000;0.000000;2.000000;37.365845;-161.409836;2076.089844;0.020826;0.000000;0.000000;0.000000;0.000000;2.000000;-79.877014;225.721741;2173.281494;0.042742;0.000000;0.000000;0.000000;0.000000;2.000000;-35.360199;625.383789;2166.504150;0.072087;0.000000;0.000000;0.000000;0.000000;2.000000;-141.433899;765.714722;2201.218506;0.080093;0.000000;0.000000;0.000000;0.000000;2.000000;-2.042572;-788.608765;1923.724854;0.076582;0.000000;0.000000;0.000000;0.000000;2.000000;-94.524536;-871.746155;2035.428467;0.363095;0.000000;0.000000;0.000000;0.000000;2.000000;-89.301514;-895.354065;1982.459839;0.299248;0.000000;0.000000;0.000000;0.000000;2.000000;-67.615265;-848.943970;1860.938843;0.137848;0.000000;0.000000;0.000000;0.000000;2.000000;-49.479736;-896.516296;2019.487671;0.321771;0.000000;0.000000;0.000000;0.000000;2.000000;69.999908;-860.882019;1964.426147;0.220980;0.000000;0.000000;0.000000;0.000000;2.000000;16612466688.000000
0.000000;-150.000000;2000.000000;0.000000;0.000000;0.000000;0.000000;0.000000;2.000000;-1.988861;-333.980591;1973.758789;0.078735;0.000000;0.000000;0.000000;0.000000;2.000000;0.669495;-480.751221;1950.791260;0.200586;0.000000;0.000000;0.000000;0.000000;2.000000;5.422577;-705.629456;1927.141357;0.133717;0.000000;0.000000;0.000000;0.000000;2.000000;-15.475403;-666.190979;1902.339966;0.121672;0.000000;0.000000;0.000000;0.000000;2.000000;-97.503906;-602.718628;1795.476807;0.149808;0.000000;0.000000;0.000000;0.000000;2.000000;-131.734741;-319.973877;1753.553711;0.098129;0.000000;0.000000;0.000000;0.000000;2.000000;-184.918762;-90.134537;1805.754272;0.245767;0.000000;0.000000;0.000000;0.000000;2.000000;-197.590790;-94.990021;1905.144775;0.285090;0.000000;0.000000;0.000000;0.000000;2.000000;-163.552002;9.970444;1882.883545;0.295722;0.000000;0.000000;0.000000;0.000000;2.000000;-163.960266;-1.702133;1922.030151;0.489330;0.000000;0.000000;0.000000;0.000000;2.000000;26.433319;-670.572327;1958.369507;0.165878;0.000000;0.000000;0.000000;0.000000;2.000000;107.451782;-644.195740;2065.651367;0.229093;0.000000;0.000000;0.000000;0.000000;2.000000;177.129333;-413.068604;2232.278564;0.213492;0.000000;0.000000;0.000000;0.000000;2.000000;132.656189;-239.599258;2399.004150;0.642183;0.000000;0.000000;0.000000;0.000000;2.000000;122.873108;-228.754745;2506.020996;1.652863;0.000000;0.000000;0.000000;0.000000;0.000000;27.915955;-211.969986;2560.275146;1.079868;0.000000;0.000000;0.000000;0.000000;0.000000;67.265381;-196.318024;2495.439209;0.359353;0.000000;0.000000;0.000000;0.000000;0.000000;-40.680450;-137.448990;1915.086182;0.027562;0.000000;0.000000;0.000000;0.000000;2.000000;60.225952;266.258972;1887.408936;0.095238;0.000000;0.000000;0.000000;0.000000;2.000000;255.658813;608.467834;1827.778687;0.184922;0.000000;0.000000;0.000000;0.000000;2.000000;169.099854;779.794495;1792.536499;0.089295;0.000000;0.000000;0.000000;0.000000;2.000000;36.683350;-161.317795;2076.570557;0.024854;0.000000;0.000000;0.000000;0.000000;2.000000;-85.035187;224.435501;2176.234863;0.179966;0.000000;0.000000;0.000000;0.000000;2.000000;-39.828552;624.608337;2170.369385;0.176338;0.000000;0.000000;0.000000;0.000000;2.000000;-142.745209;766.107300;2210.704590;0.283627;0.000000;0.000000;0.000000;0.000000;2.000000;-4.005219;-790.201111;1926.647949;0.114353;0.000000;0.000000;0.000000;0.000000;2.000000;-94.942535;-872.752563;2040.390625;0.150344;0.000000;0.000000;0.000000;0.000000;2.000000;-91.638031;-896.017639;1987.026611;0.153070;0.000000;0.000000;0.000000;0.000000;2.000000;-72.505157;-848.873840;1865.156738;0.191112;0.000000;0.000000;0.000000;0.000000;2.000000;-50.761139;-898.225830;2022.954224;0.120503;0.000000;0.000000;0.000000;0.000000;2.000000;67.922485;-864.220825;1964.751831;0.116767;0.000000;0.000000;0.000000;0.000000;2.000000;16612500480.000000
0.000000;-150.000000;2000.000000;0.000000;0.000000;0.000000;0.000000;0.000000;2.000000;-2.596191;-333.528870;1973.307983;0.026885;0.000000;0.000000;0.000000;0.000000;2.000000;2.804260;-479.704224;1949.002563;0.090801;0.000000;0.000000;0.000000;0.000000;2.000000;8.005554;-703.915161;1923.544678;0.144908;0.000000;0.000000;0.000000;0.000000;2.000000;-13.034729;-664.406128;1899.191895;0.133208;0.000000;0.000000;0.000000;0.000000;2.000000;-99.038483;-600.460449;1796.225952;0.086400;0.000000;0.000000;0.000000;0.000000;2.000000;-134.313873;-317.981445;1757.486938;0.155885;0.000000;0.000000;0.000000;0.000000;2.000000;-185.446045;-89.287308;1814.307007;0.262779;0.000000;0.000000;0.000000;0.000000;2.000000;-195.402924;-88.543945;1913.917969;0.338879;0.000000;0.000000;0.000000;0.000000;2.000000;-169.584045;9.103855;1864.744141;0.583975;0.000000;0.000000;0.000000;0.000000;2.000000;-154.843567;-7.352734;1937.352295;0.570778;0.000000;0.000000;0.000000;0.000000;2.000000;29.001617;-669.133972;1954.919800;0.138395;0.000000;0.000000;0.000000;0.000000;2.000000;107.173859;-645.114624;2064.489502;0.045995;0.000000;0.000000;0.000000;0.000000;2.000000;178.424286;-417.211975;2233.829346;0.140677;0.000000;0.000000;0.000000;0.000000;2.000000;122.692047;-250.072556;2402.896729;0.456874;0.000000;0.000000;0.000000;0.000000;2.000000;120.906891;-229.778854;2508.744385;0.107167;0.000000;0.000000;0.000000;0.000000;0.000000;27.234375;-210.179581;2563.826416;0.123140;0.000000;0.000000;0.000000;0.000000;0.000000;65.845917;-197.780960;2498.723389;0.117961;0.000000;0.000000;0.000000;0.000000;0.000000;-35.454163;-136.855774;1913.071289;0.171892;0.000000;0.000000;0.000000;0.000000;2.000000;71.244598;264.413635;1884.353516;0.353466;0.000000;0.000000;0.000000;0.000000;2.000000;260.137604;610.413147;1831.254517;0.182915;0.000000;0.000000;0.000000;0.000000;2.000000;164.842072;776.529602;1795.790527;0.191501;0.000000;0.000000;0.000000;0.000000;2.000000;31.970612;-161.852722;2078.387451;0.155002;0.000000;0.000000;0.000000;0.000000;2.000000;-86.596497;224.467636;2176.123291;0.047779;0.000000;0.000000;0.000000;0.000000;2.000000;-42.744263;624.004761;2173.122314;0.123754;0.000000;0.000000;0.000000;0.000000;2.000000;-154.950104;757.468323;2214.450195;0.470427;0.000000;0.000000;0.000000;0.000000;2.000000;-1.200623;-788.331970;1922.394287;0.165621;0.000000;0.000000;0.000000;0.000000;2.000000;-104.640106;-858.141296;2033.460083;0.575452;0.000000;0.000000;0.000000;0.000000;2.000000;-98.880920;-884.895142;1982.105835;0.431997;0.000000;0.000000;0.000000;0.000000;2.000000;-68.292664;-846.910095;1859.663940;0.219583;0.000000;0.000000;0.000000;0.000000;2.000000;-60.987549;-887.001038;2021.019409;0.467147;0.000000;0.000000;0.000000;0.000000;2.000000;63.146149;-863.398071;1970.145020;0.221283;0.000000;0.000000;0.000000;0.000000;2.000000;16612533248.000000
0.000000;-150.000000;2000.000000;0.000000;0.000000;0.000000;0.000000;0.000000;2.000000;-2.651978;-334.111816;1972.754028;0.023855;0.000000;0.000000;0.000000;0.000000;2.000000;1.985931;-480.821777;1948.298828;0.045977;0.000000;0.000000;0.000000;0.000000;2.000000;4.588501;-705.729736;1921.514648;0.129297;0.000000;0.000000;0.000000;0.000000;2.000000;-15.843964;-665.683411;1897.142944;0.109619;0.000000;0.000000;0.000000;0.000000;2.000000;-100.205536;-599.253479;1793.630615;0.091473;0.000000;0.000000;0.000000;0.000000;2.000000;-133.723053;-315.163513;1757.637939;0.085321;0.000000;0.000000;0.000000;0.000000;2.000000;-184.545654;-86.827530;1819.581299;0.174270;0.000000;0.000000;0.000000;0.000000;2.000000;-194.275452;-84.723419;1919.552002;0.204190;0.000000;0.000000;0.000000;0.000000;2.000000;-168.404999;17.303333;1879.169800;0.492275;0.000000;0.000000;0.000000;0.000000;2.000000;-154.961609;-4.178604;1942.839111;0.187615;0.000000;0.000000;0.000000;0.000000;2.000000;25.854401;-671.268127;1953.355591;0.121678;0.000000;0.000000;0.000000;0.000000;2.000000;106.523315;-646.800781;2061.614990;0.100481;0.000000;0.000000;0.000000;0.000000;2.000000;176.083618;-414.300293;2227.162354;0.226158;0.000000;0.000000;0.000000;0.000000;2.000000;103.426758;-251.708115;2395.489258;0.612719;0.000000;0.000000;0.000000;0.000000;1.000000;115.131226;-223.378342;2499.228516;0.379984;0.000000;0.000000;0.000000;0.000000;0.000000;26.622925;-210.730362;2564.693359;0.035373;0.000000;0.000000;0.000000;0.000000;0.000000;63.877563;-196.747208;2496.634033;0.090287;0.000000;0.000000;0.000000;0.000000;0.000000;-35.464630;-136.577606;1912.751343;0.012550;0.000000;0.000000;0.000000;0.000000;2.000000;71.633667;266.225189;1885.596069;0.066019;0.000000;0.000000;0.000000;0.000000;2.000000;259.787476;614.553894;1834.553955;0.157022;0.000000;0.000000;0.000000;0.000000;2.000000;164.882446;782.885620;1805.216797;0.336442;0.000000;0.000000;0.000000;0.000000;2.000000;31.980011;-162.103577;2078.676025;0.011319;0.000000;0.000000;0.000000;0.000000;2.000000;-87.931793;225.556274;2175.749268;0.052171;0.000000;0.000000;0.000000;0.000000;2.000000;-43.731293;626.496033;2173.823975;0.081973;0.000000;0.000000;0.000000;0.000000;2.000000;-155.566864;760.368408;2217.525879;0.126423;0.000000;0.000000;0.000000;0.000000;2.000000;-5.698578;-790.315735;1919.810303;0.164350;0.000000;0.000000;0.000000;0.000000;2.000000;-105.351410;-870.087708;2028.496948;0.383401;0.000000;0.000000;0.000000;0.000000;2.000000;-98.551117;-894.386536;1975.832275;0.336829;0.000000;0.000000;0.000000;0.000000;2.000000;-70.424103;-849.575317;1854.610352;0.180456;0.000000;0.000000;0.000000;0.000000;2.000000;-60.252197;-896.307434;2014.627930;0.334805;0.000000;0.000000;0.000000;0.000000;2.000000;62.736389;-864.380371;1964.221191;0.178110;0.000000;0.000000;0.000000;0.000000;2.000000;16612567040.000000
0.000000;-150.000000;2000.000000;0.000000;0.000000;0.000000;0.000000;0.000000;2.000000;3.051300;-334.271118;1971.997559;0.175642;0.000000;0.000000;0.000000;0.000000;2.000000;7.533844;-481.400208;1948.716675;0.170704;0.000000;0.000000;0.000000;0.000000;2.000000;6.597626;-706.731445;1922.546387;0.075401;0.000000;0.000000;0.000000;0.000000;2.000000;-14.552246;-666.484680;1898.970947;0.072553;0.000000;0.000000;0.000000;0.000000;2.000000;-102.571045;-591.773132;1804.200195;0.401706;0.000000;0.000000;0.000000;0.000000;2.000000;-129.092133;-308.274902;1756.263306;0.256761;0.000000;0.000000;0.000000;0.000000;2.000000;-176.745056;-76.123169;1806.915894;0.559268;0.000000;0.000000;0.000000;0.000000;2.000000;-172.083740;-57.883423;1905.753052;1.143195;0.000000;0.000000;0.000000;0.000000;2.000000;-141.377716;15.429161;1985.937622;3.361557;0.000000;0.000000;0.000000;0.000000;0.000000;-162.971313;9.793423;1918.414673;0.892829;0.000000;0.000000;0.000000;0.000000;2.000000;29.689301;-672.351624;1953.309570;0.121621;0.000000;0.000000;0.000000;0.000000;2.000000;112.087311;-645.305786;2059.898193;0.183462;0.000000;0.000000;0.000000;0.000000;2.000000;184.698334;-410.072876;2220.988770;0.348218;0.000000;0.000000;0.000000;0.000000;2.000000;94.583282;-257.345703;2390.638184;0.352636;0.000000;0.000000;0.000000;0.000000;1.000000;108.537628;-223.387711;2492.560791;0.286173;0.000000;0.000000;0.000000;0.000000;0.000000;25.270599;-207.611374;2564.209229;0.104792;0.000000;0.000000;0.000000;0.000000;0.000000;59.870880;-202.073196;2496.108887;0.204024;0.000000;0.000000;0.000000;0.000000;0.000000;-38.821686;-137.557053;1913.888916;0.112225;0.000000;0.000000;0.000000;0.000000;2.000000;69.005524;265.592407;1885.274414;0.083079;0.000000;0.000000;0.000000;0.000000;2.000000;257.568817;614.553650;1835.448730;0.073007;0.000000;0.000000;0.000000;0.000000;2.000000;158.122040;781.071655;1809.018433;0.243082;0.000000;0.000000;0.000000;0.000000;2.000000;35.007233;-161.220352;2077.650146;0.101200;0.000000;0.000000;0.000000;0.000000;2.000000;-90.020905;225.042664;2176.480225;0.069339;0.000000;0.000000;0.000000;0.000000;2.000000;-49.776184;627.001404;2177.968750;0.224206;0.000000;0.000000;0.000000;0.000000;2.000000;-155.981232;764.038330;2226.714111;0.302207;0.000000;0.000000;0.000000;0.000000;2.000000;-4.639740;-791.335693;1921.594238;0.070547;0.000000;0.000000;0.000000;0.000000;2.000000;-114.016418;-866.175415;2024.677490;0.312677;0.000000;0.000000;0.000000;0.000000;2.000000;-106.272095;-890.288879;1971.961792;0.291734;0.000000;0.000000;0.000000;0.000000;2.000000;-69.865662;-845.863281;1852.601807;0.129925;0.000000;0.000000;0.000000;0.000000;2.000000;-69.935547;-894.995056;2012.482910;0.305314;0.000000;0.000000;0.000000;0.000000;2.000000;57.144623;-870.064575;1968.088501;0.270445;0.000000;0.000000;0.000000;0.000000;2.000000;16612599808.000000
0.000000;-150.000000;2000.000000;0.000000;0.000000;0.000000;0.000000;0.000000;2.000000;3.051270;-334.271149;1971.997559;0.000001;0.000000;0.000000;0.000000;0.000000;2.000000;7.533936;-481.400299;1948.716675;0.000004;0.000000;0.000000;0.000000;0.000000;2.000000;6.597870;-706.731567;1922.546509;0.000009;0.000000;0.000000;0.000000;0.000000;2.000000;-14.551971;-666.484863;1898.970947;0.000010;0.000000;0.000000;0.000000;0.000000;2.000000;-102.570160;-591.773438;1804.199341;0.000038;0.000000;0.000000;0.000000;0.000000;2.000000;-129.090179;-308.275330;1756.260620;0.000099;0.000000;0.000000;0.000000;0.000000;2.000000;-176.742554;-76.122841;1806.910400;0.000179;0.000000;0.000000;0.000000;0.000000;2.000000;-172.081696;-57.881630;1905.747192;0.000191;0.000000;0.000000;0.000000;0.000000;2.000000;-141.375275;15.433186;1985.929688;0.000273;0.000000;0.000000;0.000000;0.000000;0.000000;-162.969177;9.795048;1918.408203;0.000207;0.000000;0.000000;0.000000;0.000000;2.000000;29.689423;-672.351685;1953.309692;0.000005;0.000000;0.000000;0.000000;0.000000;2.000000;112.087250;-645.306030;2059.898682;0.000016;0.000000;0.000000;0.000000;0.000000;2.000000;184.699127;-410.073181;2220.989258;0.000029;0.000000;0.000000;0.000000;0.000000;2.000000;94.584381;-257.345398;2390.638428;0.000035;0.000000;0.000000;0.000000;0.000000;1.000000;108.538727;-223.387360;2492.561035;0.000035;0.000000;0.000000;0.000000;0.000000;0.000000;25.271667;-207.610596;2564.209229;0.000039;0.000000;0.000000;0.000000;0.000000;0.000000;59.872101;-202.072647;2496.109131;0.000040;0.000000;0.000000;0.000000;0.000000;0.000000;-38.821686;-137.557068;1913.888916;0.000000;0.000000;0.000000;0.000000;0.000000;2.000000;69.005524;265.592468;1885.274292;0.000004;0.000000;0.000000;0.000000;0.000000;2.000000;257.569000;614.553711;1835.448608;0.000007;0.000000;0.000000;0.000000;0.000000;2.000000;158.122162;781.071655;1809.018066;0.000011;0.000000;0.000000;0.000000;0.000000;2.000000;35.007233;-161.220337;2077.650146;0.000000;0.000000;0.000000;0.000000;0.000000;2.000000;-90.020966;225.042801;2176.479980;0.000008;0.000000;0.000000;0.000000;0.000000;2.000000;-49.776154;627.001587;2177.968506;0.000009;0.000000;0.000000;0.000000;0.000000;2.000000;-155.981567;764.038452;2226.713623;0.000018;0.000000;0.000000;0.000000;0.000000;2.000000;-4.639435;-791.335938;1921.594482;0.000014;0.000000;0.000000;0.000000;0.000000;2.000000;-114.016479;-866.176514;2024.676880;0.000037;0.000000;0.000000;0.000000;0.000000;2.000000;-106.271606;-890.289917;1971.961304;0.000037;0.000000;0.000000;0.000000;0.000000;2.000000;-69.864502;-845.863892;1852.601685;0.000039;0.000000;0.000000;0.000000;0.000000;2.000000;-69.935333;-894.995850;2012.482422;0.000028;0.000000;0.000000;0.000000;0.000000;2.000000;57.145050;-870.064575;1968.088989;0.000019;0.000000;0.000000;0.000000;0.000000;2.000000;16612633600.000000
0.000000;-150.000000;2000.000000;0.000000;0.000000;0.000000;0.000000;0.000000;2.000000;-2.394440;-334.626953;1971.364746;0.167660;0.000000;0.000000;0.000000;0.000000;2.000000;2.872009;-481.675354;1945.623657;0.170942;0.000000;0.000000;0.000000;0.000000;2.000000;7.342316;-706.948059;1915.056885;0.229787;0.000000;0.000000;0.000000;0.000000;2.000000;-12.394287;-666.404053;1890.522827;0.266104;0.000000;0.000000;0.000000;0.000000;2.000000;-91.074615;-593.764709;1785.887695;0.662610;0.000000;0.000000;0.000000;0.000000;2.000000;-123.052124;-309.237305;1743.620239;0.428512;0.000000;0.000000;0.000000;0.000000;2.000000;-174.915955;-79.171783;1801.820679;0.189449;0.000000;0.000000;0.000000;0.000000;2.000000;-156.106812;-33.935181;1889.972168;1.001740;0.000000;0.000000;0.000000;0.000000;2.000000;-141.076843;16.524658;1990.147217;0.133261;0.000000;0.000000;0.000000;0.000000;0.000000;-181.955078;11.570179;1897.085693;0.872965;0.000000;0.000000;0.000000;0.000000;2.000000;27.351410;-672.833984;1948.372925;0.167348;0.000000;0.000000;0.000000;0.000000;2.000000;106.409821;-648.861633;2058.582031;0.208346;0.000000;0.000000;0.000000;0.000000;2.000000;176.987518;-419.539551;2230.030273;0.463647;0.000000;0.000000;0.000000;0.000000;2.000000;86.620941;-267.311218;2400.825684;0.498207;0.000000;0.000000;0.000000;0.000000;1.000000;101.789581;-225.296951;2499.800781;0.307625;0.000000;0.000000;0.000000;0.000000;0.000000;17.905334;-205.221588;2570.044434;0.295910;0.000000;0.000000;0.000000;0.000000;0.000000;53.312042;-203.393784;2501.548340;0.263168;0.000000;0.000000;0.000000;0.000000;0.000000;-35.762573;-135.975876;1912.569214;0.112543;0.000000;0.000000;0.000000;0.000000;2.000000;73.261200;267.989380;1885.656372;0.149511;0.000000;0.000000;0.000000;0.000000;2.000000;255.751068;621.810242;1840.125854;0.269245;0.000000;0.000000;0.000000;0.000000;2.000000;150.227203;784.035645;1807.807983;0.259991;0.000000;0.000000;0.000000;0.000000;2.000000;32.248688;-162.646179;2078.840332;0.101487;0.000000;0.000000;0.000000;0.000000;2.000000;-93.811066;224.633896;2176.530273;0.116346;0.000000;0.000000;0.000000;0.000000;2.000000;-50.221771;627.173157;2181.311523;0.103056;0.000000;0.000000;0.000000;0.000000;2.000000;-162.195313;762.563354;2222.770020;0.229062;0.000000;0.000000;0.000000;0.000000;2.000000;-2.590942;-791.849609;1911.532593;0.313755;0.000000;0.000000;0.000000;0.000000;2.000000;-113.963562;-856.934143;2019.621460;0.321496;0.000000;0.000000;0.000000;0.000000;2.000000;-106.944000;-884.746460;1968.497437;0.200536;0.000000;0.000000;0.000000;0.000000;2.000000;-69.523285;-849.216064;1846.163086;0.221771;0.000000;0.000000;0.000000;0.000000;2.000000;-70.580170;-887.725647;2009.329590;0.242633;0.000000;0.000000;0.000000;0.000000;2.000000;57.326569;-869.114807;1963.248535;0.150638;0.000000;0.000000;0.000000;0.000000;2.000000;16612666368.000000
0.000000;-150.000000;2000.000000;0.000000;0.000000;0.000000;0.000000;0.000000;2.000000;-2.394012;-334.627197;1971.365112;0.000018;0.000000;0.000000;0.000000;0.000000;2.000000;2.876495;-481.675415;1945.622803;0.000135;0.000000;0.000000;0.000000;0.000000;2.000000;7.358063;-706.948059;1915.055664;0.000467;0.000000;0.000000;0.000000;0.000000;2.000000;-12.379944;-666.404907;1890.521240;0.000428;0.000000;0.000000;0.000000;0.000000;2.000000;-91.060608;-593.770935;1785.882324;0.000481;0.000000;0.000000;0.000000;0.000000;2.000000;-123.048096;-309.246399;1743.601196;0.000636;0.000000;0.000000;0.000000;0.000000;2.000000;-174.918304;-79.174850;1801.773071;0.001413;0.000000;0.000000;0.000000;0.000000;2.000000;-156.108734;-33.919769;1889.915161;0.001748;0.000000;0.000000;0.000000;0.000000;2.000000;-141.064667;16.586971;1990.064575;0.003084;0.000000;0.000000;0.000000;0.000000;0.000000;-181.947388;11.592300;1897.020142;0.002060;0.000000;0.000000;0.000000;0.000000;2.000000;27.364868;-672.833008;1948.372070;0.000400;0.000000;0.000000;0.000000;0.000000;2.000000;106.422058;-648.859070;2058.581787;0.000370;0.000000;0.000000;0.000000;0.000000;2.000000;176.996887;-419.538269;2230.033691;0.000298;0.000000;0.000000;0.000000;0.000000;2.000000;86.626709;-267.314209;2400.831299;0.000254;0.000000;0.000000;0.000000;0.000000;1.000000;101.794067;-225.301224;2499.807129;0.000262;0.000000;0.000000;0.000000;0.000000;0.000000;17.909149;-205.228531;2570.050537;0.000296;0.000000;0.000000;0.000000;0.000000;0.000000;53.316040;-203.398911;2501.554688;0.000269;0.000000;0.000000;0.000000;0.000000;0.000000;-35.762390;-135.976089;1912.568970;0.000011;0.000000;0.000000;0.000000;0.000000;2.000000;73.263306;267.989136;1885.657715;0.000074;0.000000;0.000000;0.000000;0.000000;2.000000;255.755005;621.809692;1840.129883;0.000167;0.000000;0.000000;0.000000;0.000000;2.000000;150.233887;784.039001;1807.821533;0.000458;0.000000;0.000000;0.000000;0.000000;2.000000;32.248535;-162.645981;2078.840576;0.000010;0.000000;0.000000;0.000000;0.000000;2.000000;-93.813324;224.635803;2176.522217;0.000254;0.000000;0.000000;0.000000;0.000000;2.000000;-50.219574;627.174866;2181.299561;0.000363;0.000000;0.000000;0.000000;0.000000;2.000000;-162.194519;762.567871;2222.745605;0.000735;0.000000;0.000000;0.000000;0.000000;2.000000;-2.571075;-791.850098;1911.531006;0.000590;0.000000;0.000000;0.000000;0.000000;2.000000;-113.946259;-856.970276;2019.595825;0.001407;0.000000;0.000000;0.000000;0.000000;2.000000;-106.913574;-884.775146;1968.469604;0.001487;0.000000;0.000000;0.000000;0.000000;2.000000;-69.482208;-849.222473;1846.144897;0.001343;0.000000;0.000000;0.000000;0.000000;2.000000;-70.555054;-887.751709;2009.306641;0.001268;0.000000;0.000000;0.000000;0.000000;2.000000;57.354736;-869.109253;1963.246338;0.000852;0.000000;0.000000;0.000000;0.000000;2.000000;16612700160.000000
0.000000;-150.000000;2000.000000;0.000000;0.000000;0.000000;0.000000;0.000000;2.000000;-2.394012;-334.627197;1971.365112;0.000000;0.000000;0.000000;0.000000;0.000000;2.000000;2.876495;-481.675415;1945.622803;0.000000;0.000000;0.000000;0.000000;0.000000;2.000000;7.358063;-706.948059;1915.055664;0.000000;0.000000;0.000000;0.000000;0.000000;2.000000;-12.379944;-666.404907;1890.521240;0.000000;0.000000;0.000000;0.000000;0.000000;2.000000;-91.060608;-593.770935;1785.882324;0.000000;0.000000;0.000000;0.000000;0.000000;2.000000;-123.048096;-309.246399;1743.601196;0.000000;0.000000;0.000000;0.000000;0.000000;2.000000;-174.918304;-79.174850;1801.773071;0.000000;0.000000;0.000000;0.000000;0.000000;2.000000;-156.108734;-33.919769;1889.915161;0.000000;0.000000;0.000000;0.000000;0.000000;2.000000;-141.064667;16.586971;1990.064575;0.000000;0.000000;0.000000;0.000000;0.000000;0.000000;-181.947388;11.592300;1897.020142;0.000000;0.000000;0.000000;0.000000;0.000000;2.000000;27.364868;-672.833008;1948.372070;0.000000;0.000000;0.000000;0.000000;0.000000;2.000000;106.422058;-648.859070;2058.581787;0.000000;0.000000;0.000000;0.000000;0.000000;2.000000;176.996887;-419.538269;2230.033691;0.000000;0.000000;0.000000;0.000000;0.000000;2.000000;86.626709;-267.314209;2400.831299;0.000000;0.000000;0.000000;0.000000;0.000000;1.000000;101.794067;-225.301224;2499.807129;0.000000;0.000000;0.000000;0.000000;0.000000;0.000000;17.909149;-205.228531;2570.050537;0.000000;0.000000;0.000000;0.000000;0.000000;0.000000;53.316040;-203.398911;2501.554688;0.000000;0.000000;0.000000;0.000000;0.000000;0.000000;-35.762390;-135.976089;1912.568970;0.000000;0.000000;0.000000;0.000000;0.000000;2.000000;73.263306;267.989136;1885.657715;0.000000;0.000000;0.000000;0.000000;0.000000;2.000000;255.755005;621.809692;1840.129883;0.000000;0.000000;0.000000;0.000000;0.000000;2.000000;150.233887;784.039001;1807.821533;0.000000;0.000000;0.000000;0.000000;0.000000;2.000000;32.248535;-162.645981;2078.840576;0.000000;0.000000;0.000000;0.000000;0.000000;2.000000;-93.813324;224.635803;2176.522217;0.000000;0.000000;0.000000;0.000000;0.000000;2.000000;-50.219574;627.174866;2181.299561;0.000000;0.000000;0.000000;0.000000;0.000000;2.000000;-162.194519;762.567871;2222.745605;0.000000;0.000000;0.000000;0.000000;0.000000;2.000000;-2.571075;-791.850098;1911.531006;0.000000;0.000000;0.000000;0.000000;0.000000;2.000000;-113.946259;-856.970276;2019.595825;0.000000;0.000000;0.000000;0.000000;0.000000;2.000000;-106.913574;-884.775146;1968.469604;0.000000;0.000000;0.000000;0.000000;0.000000;2.000000;-69.482208;-849.222473;1846.144897;0.000000;0.000000;0.000000;0.000000;0.000000;2.000000;-70.555054;-887.751709;2009.306641;0.000000;0.000000;0.000000;0.000000;0.000000;2.000000;57.354736;-869.109253;1963.246338;0.000000;0.000000;0.000000;0.000000;0.000000;2.000000;16612732928.000000
0.000000;-150.000000;2000.000000;0.000000;0.000000;0.000000;0.000000;0.000000;2.000000;-2.254364;-334.603760;1971.432251;0.004638;0.000000;0.000000;0.000000;0.000000;2.000000;3.789764;-481.557800;1945.486572;0.027546;0.000000;0.000000;0.000000;0.000000;2.000000;10.387207;-706.713867;1914.762695;0.090325;0.000000;0.000000;0.000000;0.000000;2.000000;-9.688843;-666.343506;1890.238037;0.080098;0.000000;0.000000;0.000000;0.000000;2.000000;-88.701721;-594.551636;1785.309082;0.075461;0.000000;0.000000;0.000000;0.000000;2.000000;-122.350922;-310.534790;1741.312134;0.080424;0.000000;0.000000;0.000000;0.000000;2.000000;-175.061035;-79.587540;1794.886475;0.204203;0.000000;0.000000;0.000000;0.000000;2.000000;-156.441803;-32.115891;1881.873535;0.244087;0.000000;0.000000;0.000000;0.000000;2.000000;-140.004608;23.914759;1978.789673;0.399167;0.000000;0.000000;0.000000;0.000000;0.000000;-178.751892;12.357769;1890.823242;0.207569;0.000000;0.000000;0.000000;0.000000;2.000000;30.032166;-672.447449;1948.124146;0.080090;0.000000;0.000000;0.000000;0.000000;2.000000;110.217560;-648.586609;2057.507568;0.117010;0.000000;0.000000;0.000000;0.000000;2.000000;183.242950;-419.932129;2228.727295;0.189198;0.000000;0.000000;0.000000;0.000000;2.000000;94.357697;-268.577209;2401.003662;0.231871;0.000000;0.000000;0.000000;0.000000;1.000000;108.533356;-227.692245;2500.574707;0.212830;0.000000;0.000000;0.000000;0.000000;0.000000;23.395233;-207.710983;2569.286621;0.179624;0.000000;0.000000;0.000000;0.000000;0.000000;58.685333;-205.378479;2501.620361;0.169359;0.000000;0.000000;0.000000;0.000000;0.000000;-35.740479;-136.033722;1912.570435;0.001825;0.000000;0.000000;0.000000;0.000000;2.000000;73.232574;267.858978;1885.588135;0.004461;0.000000;0.000000;0.000000;0.000000;2.000000;255.666901;621.629944;1840.108398;0.005958;0.000000;0.000000;0.000000;0.000000;2.000000;150.658112;783.881042;1806.490967;0.041592;0.000000;0.000000;0.000000;0.000000;2.000000;32.228760;-162.594009;2078.839111;0.001646;0.000000;0.000000;0.000000;0.000000;2.000000;-94.142731;224.683624;2175.796631;0.023624;0.000000;0.000000;0.000000;0.000000;2.000000;-50.448517;627.139709;2180.171143;0.034089;0.000000;0.000000;0.000000;0.000000;2.000000;-162.865540;761.972290;2222.096924;0.032764;0.000000;0.000000;0.000000;0.000000;2.000000;1.247986;-791.685181;1911.162476;0.113647;0.000000;0.000000;0.000000;0.000000;2.000000;-108.671295;-860.141174;2018.605347;0.184477;0.000000;0.000000;0.000000;0.000000;2.000000;-100.993256;-887.363586;1967.271484;0.194472;0.000000;0.000000;0.000000;0.000000;2.000000;-64.315308;-850.003845;1845.284790;0.156722;0.000000;0.000000;0.000000;0.000000;2.000000;-64.604034;-889.852661;2008.100098;0.190142;0.000000;0.000000;0.000000;0.000000;2.000000;62.854156;-867.981079;1962.285767;0.168547;0.000000;0.000000;0.000000;0.000000;2.000000;16612766720.000000
0.000000;-150.000000;2000.000000;0.000000;0.000000;0.000000;0.000000;0.000000;2.000000;5.742035;-334.208160;1970.415161;0.238829;0.000000;0.000000;0.000000;0.000000;2.000000;18.646393;-480.355713;1943.176147;0.446354;0.000000;0.000000;0.000000;0.000000;2.000000;16.584564;-705.955505;1916.792847;0.194287;0.000000;0.000000;0.000000;0.000000;2.000000;-4.590118;-665.547791;1893.368896;0.178620;0.000000;0.000000;0.000000;0.000000;2.000000;-93.565674;-596.602600;1794.883667;0.323547;0.000000;0.000000;0.000000;0.000000;2.000000;-128.820740;-313.081757;1750.551147;0.342184;0.000000;0.000000;0.000000;0.000000;2.000000;-173.184052;-77.265343;1786.720581;0.257300;0.000000;0.000000;0.000000;0.000000;2.000000;-156.846375;-38.284325;1878.172485;0.213214;0.000000;0.000000;0.000000;0.000000;2.000000;-135.658234;21.769537;1971.582031;0.257037;0.000000;0.000000;0.000000;0.000000;2.000000;-172.145569;8.006958;1891.625732;0.235290;0.000000;0.000000;0.000000;0.000000;2.000000;40.065552;-671.653198;1947.461914;0.298489;0.000000;0.000000;0.000000;0.000000;2.000000;128.861877;-649.101257;2050.118896;0.593679;0.000000;0.000000;0.000000;0.000000;2.000000;191.762390;-422.896820;2228.052246;0.267690;0.000000;0.000000;0.000000;0.000000;2.000000;95.922852;-285.382050;2407.748047;0.537856;0.000000;0.000000;0.000000;0.000000;1.000000;97.454041;-235.818054;2504.226563;0.420714;0.000000;0.000000;0.000000;0.000000;0.000000;17.155212;-202.226959;2573.305664;0.273097;0.000000;0.000000;0.000000;0.000000;0.000000;52.304993;-217.170685;2503.798828;0.401973;0.000000;0.000000;0.000000;0.000000;0.000000;-38.888397;-137.369171;1913.807495;0.107610;0.000000;0.000000;0.000000;0.000000;2.000000;71.040955;266.092316;1889.922363;0.152940;0.000000;0.000000;0.000000;0.000000;2.000000;250.468323;621.603394;1849.282593;0.312049;0.000000;0.000000;0.000000;0.000000;2.000000;148.906067;786.680908;1820.093018;0.414220;0.000000;0.000000;0.000000;0.000000;2.000000;35.067383;-161.389771;2077.723633;0.097037;0.000000;0.000000;0.000000;0.000000;2.000000;-100.056427;221.951172;2176.971191;0.195889;0.000000;0.000000;0.000000;0.000000;2.000000;-55.349335;623.800415;2188.856934;0.311234;0.000000;0.000000;0.000000;0.000000;2.000000;-166.080536;760.114441;2229.812012;0.253378;0.000000;0.000000;0.000000;0.000000;2.000000;4.972992;-790.622803;1915.848755;0.179922;0.000000;0.000000;0.000000;0.000000;2.000000;-95.879791;-861.120483;2030.406738;0.515845;0.000000;0.000000;0.000000;0.000000;2.000000;-92.642700;-887.159302;1978.053101;0.403610;0.000000;0.000000;0.000000;0.000000;2.000000;-66.081726;-847.158325;1854.414551;0.287781;0.000000;0.000000;0.000000;0.000000;2.000000;-53.027222;-890.697083;2015.608398;0.409099;0.000000;0.000000;0.000000;0.000000;2.000000;70.179321;-868.201233;1959.883667;0.228223;0.000000;0.000000;0.000000;0.000000;2.000000;16612800512.000000
0.000000;-150.000000;2000.000000;0.000000;0.000000;0.000000;0.000000;0.000000;2.000000;5.750488;-334.202637;1970.392700;0.000752;0.000000;0.000000;0.000000;0.000000;2.000000;18.735565;-480.332703;1943.105591;0.003540;0.000000;0.000000;0.000000;0.000000;2.000000;16.879456;-705.914368;1916.570679;0.011337;0.000000;0.000000;0.000000;0.000000;2.000000;-4.296387;-665.507690;1893.146973;0.011301;0.000000;0.000000;0.000000;0.000000;2.000000;-93.139709;-596.582153;1794.530640;0.016895;0.000000;0.000000;0.000000;0.000000;2.000000;-128.350098;-313.084839;1750.029541;0.021440;0.000000;0.000000;0.000000;0.000000;2.000000;-172.729248;-77.179138;1785.577148;0.037646;0.000000;0.000000;0.000000;0.000000;2.000000;-156.657867;-38.116386;1877.040161;0.035404;0.000000;0.000000;0.000000;0.000000;2.000000;-135.487946;22.477633;1970.103149;0.050308;0.000000;0.000000;0.000000;0.000000;2.000000;-172.108826;7.890301;1890.595093;0.031673;0.000000;0.000000;0.000000;0.000000;2.000000;40.295380;-671.614807;1947.291504;0.008810;0.000000;0.000000;0.000000;0.000000;2.000000;128.908661;-649.147034;2050.123535;0.002002;0.000000;0.000000;0.000000;0.000000;2.000000;191.488739;-423.120483;2228.391113;0.014942;0.000000;0.000000;0.000000;0.000000;2.000000;95.373199;-285.794434;2408.080566;0.023296;0.000000;0.000000;0.000000;0.000000;1.000000;96.778778;-236.299911;2504.595459;0.027706;0.000000;0.000000;0.000000;0.000000;0.000000;16.402802;-202.776657;2573.616455;0.029977;0.000000;0.000000;0.000000;0.000000;0.000000;51.644318;-217.655502;2504.118164;0.026840;0.000000;0.000000;0.000000;0.000000;0.000000;-38.879242;-137.359558;1913.805786;0.000408;0.000000;0.000000;0.000000;0.000000;2.000000;71.068573;266.098572;1890.012085;0.002871;0.000000;0.000000;0.000000;0.000000;2.000000;250.507050;621.611572;1849.472900;0.005932;0.000000;0.000000;0.000000;0.000000;2.000000;148.969452;786.734619;1820.467896;0.011718;0.000000;0.000000;0.000000;0.000000;2.000000;35.059174;-161.398453;2077.725342;0.000368;0.000000;0.000000;0.000000;0.000000;2.000000;-100.077698;221.922775;2177.014893;0.001718;0.000000;0.000000;0.000000;0.000000;2.000000;-55.388245;623.768921;2188.947266;0.003152;0.000000;0.000000;0.000000;0.000000;2.000000;-166.202393;760.022156;2229.873291;0.005026;0.000000;0.000000;0.000000;0.000000;2.000000;5.333893;-790.589172;1915.555908;0.014221;0.000000;0.000000;0.000000;0.000000;2.000000;-96.176819;-861.781433;2029.096558;0.045691;0.000000;0.000000;0.000000;0.000000;2.000000;-92.497437;-887.603333;1976.665527;0.044681;0.000000;0.000000;0.000000;0.000000;2.000000;-65.136505;-847.047363;1853.383789;0.042814;0.000000;0.000000;0.000000;0.000000;2.000000;-53.147430;-891.196716;2014.492920;0.037480;0.000000;0.000000;0.000000;0.000000;2.000000;70.404694;-868.186707;1959.754883;0.007934;0.000000;0.000000;0.000000;0.000000;2.000000;16612833280.000000
0.000000;-150.000000;2000.000000;0.000000;0.000000;0.000000;0.000000;0.000000;2.000000;1.531799;-333.269531;1973.993286;0.166437;0.000000;0.000000;0.000000;0.000000;2.000000;10.533234;-479.067627;1950.280029;0.324647;0.000000;0.000000;0.000000;0.000000;2.000000;10.582428;-701.775391;1916.425659;0.223038;0.000000;0.000000;0.000000;0.000000;2.000000;-10.097900;-661.045654;1894.067261;0.218294;0.000000;0.000000;0.000000;0.000000;2.000000;-98.814209;-591.740784;1797.491821;0.237495;0.000000;0.000000;0.000000;0.000000;2.000000;-132.841034;-308.081970;1773.121704;0.711733;0.000000;0.000000;0.000000;0.000000;2.000000;-171.346802;-70.605049;1779.188477;0.274345;0.000000;0.000000;0.000000;0.000000;2.000000;-196.288879;-62.736504;1875.617188;1.381319;0.000000;0.000000;0.000000;0.000000;2.000000;-156.959686;40.126724;1854.584229;3.516087;0.000000;0.000000;0.000000;0.000000;2.000000;-173.047058;-2.432732;1911.171875;0.681823;0.000000;0.000000;0.000000;0.000000;2.000000;32.892487;-668.692749;1948.556396;0.238477;0.000000;0.000000;0.000000;0.000000;2.000000;119.245148;-655.011597;2053.321533;0.347641;0.000000;0.000000;0.000000;0.000000;2.000000;173.180328;-432.695129;2235.037109;0.642267;0.000000;0.000000;0.000000;0.000000;2.000000;83.238922;-292.398682;2412.851074;0.432515;0.000000;0.000000;0.000000;0.000000;1.000000;84.900177;-239.388290;2506.446289;0.367314;0.000000;0.000000;0.000000;0.000000;0.000000;7.708069;-202.590698;2575.958496;0.266529;0.000000;0.000000;0.000000;0.000000;0.000000;41.210724;-222.225418;2507.473145;0.351395;0.000000;0.000000;0.000000;0.000000;0.000000;-33.981628;-137.873199;1912.540771;0.150460;0.000000;0.000000;0.000000;0.000000;2.000000;68.134064;264.158813;1890.492310;0.105063;0.000000;0.000000;0.000000;0.000000;2.000000;237.092804;621.584656;1854.554321;0.424493;0.000000;0.000000;0.000000;0.000000;2.000000;138.451813;788.195923;1837.387573;0.591139;0.000000;0.000000;0.000000;0.000000;2.000000;30.642731;-160.935272;2078.865723;0.135676;0.000000;0.000000;0.000000;0.000000;2.000000;-92.795044;223.343491;2175.122070;0.226609;0.000000;0.000000;0.000000;0.000000;2.000000;-65.136993;623.210388;2191.444336;0.298265;0.000000;0.000000;0.000000;0.000000;2.000000;-174.369781;757.250183;2237.112305;0.333223;0.000000;0.000000;0.000000;0.000000;2.000000;-0.362366;-785.723389;1912.328613;0.241392;0.000000;0.000000;0.000000;0.000000;2.000000;-94.491608;-862.975220;2026.216675;0.104872;0.000000;0.000000;0.000000;0.000000;2.000000;-90.769257;-887.668396;1973.783569;0.099462;0.000000;0.000000;0.000000;0.000000;2.000000;-68.709961;-844.471863;1851.515381;0.141594;0.000000;0.000000;0.000000;0.000000;2.000000;-50.721008;-889.682556;2010.321655;0.149670;0.000000;0.000000;0.000000;0.000000;2.000000;69.116913;-859.772949;1953.527222;0.312107;0.000000;0.000000;0.000000;0.000000;2.000000;16612867072.000000
0.000000;-150.000000;2000.000000;0.000000;0.000000;0.000000;0.000000;0.000000;2.000000;-0.620392;-333.899658;1973.797485;0.068697;0.000000;0.000000;0.000000;0.000000;2.000000;7.379883;-480.192627;1949.550049;0.104574;0.000000;0.000000;0.000000;0.000000;2.000000;9.143280;-704.011780;1917.902710;0.092837;0.000000;0.000000;0.000000;0.000000;2.000000;-12.012207;-663.545715;1895.109985;0.101225;0.000000;0.000000;0.000000;0.000000;2.000000;-102.392914;-590.386902;1802.193115;0.184984;0.000000;0.000000;0.000000;0.000000;2.000000;-137.460358;-309.002197;1753.389038;0.619111;0.000000;0.000000;0.000000;0.000000;2.000000;-181.544617;-72.833275;1777.895264;0.320990;0.000000;0.000000;0.000000;0.000000;2.000000;-193.630157;-69.447937;1877.367920;0.226689;0.000000;0.000000;0.000000;0.000000;2.000000;-169.470337;31.995903;1835.138062;0.748011;0.000000;0.000000;0.000000;0.000000;2.000000;-167.041077;-14.636005;1915.421631;0.434864;0.000000;0.000000;0.000000;0.000000;2.000000;31.361359;-670.298950;1949.726196;0.076554;0.000000;0.000000;0.000000;0.000000;2.000000;117.700592;-654.899170;2054.884521;0.067147;0.000000;0.000000;0.000000;0.000000;2.000000;181.818878;-437.323120;2240.627930;0.344322;0.000000;0.000000;0.000000;0.000000;2.000000;75.889740;-307.377441;2418.669434;0.539244;0.000000;0.000000;0.000000;0.000000;1.000000;81.961578;-243.654190;2505.596680;0.160196;0.000000;0.000000;0.000000;0.000000;0.000000;5.687469;-200.195084;2572.850586;0.134696;0.000000;0.000000;0.000000;0.000000;0.000000;38.586761;-226.184769;2506.578613;0.147504;0.000000;0.000000;0.000000;0.000000;0.000000;-35.000549;-137.435608;1912.646484;0.033995;0.000000;0.000000;0.000000;0.000000;2.000000;79.458405;262.523682;1886.536011;0.369460;0.000000;0.000000;0.000000;0.000000;2.000000;237.646149;626.636536;1853.485596;0.158485;0.000000;0.000000;0.000000;0.000000;2.000000;143.719635;797.299500;1863.497192;0.859024;0.000000;0.000000;0.000000;0.000000;2.000000;31.561493;-161.329865;2078.770508;0.030653;0.000000;0.000000;0.000000;0.000000;2.000000;-94.718170;223.510239;2175.350586;0.059321;0.000000;0.000000;0.000000;0.000000;2.000000;-62.984924;624.433228;2192.785156;0.085909;0.000000;0.000000;0.000000;0.000000;2.000000;-178.349518;756.083862;2232.368164;0.192298;0.000000;0.000000;0.000000;0.000000;2.000000;-1.165802;-788.377380;1914.702881;0.111405;0.000000;0.000000;0.000000;0.000000;2.000000;-115.012390;-851.875427;2019.583740;0.740203;0.000000;0.000000;0.000000;0.000000;2.000000;-107.447174;-879.377441;1968.762085;0.588687;0.000000;0.000000;0.000000;0.000000;2.000000;-67.269684;-844.035461;1848.098389;0.113944;0.000000;0.000000;0.000000;0.000000;2.000000;-72.167297;-883.106934;2010.053467;0.684611;0.000000;0.000000;0.000000;0.000000;2.000000;56.157196;-866.369385;1966.888428;0.602665;0.000000;0.000000;0.000000;0.000000;2.000000;16612899840.000000
0.000000;-150.000000;2000.000000;0.000000;0.000000;0.000000;0.000000;0.000000;2.000000;4.802948;-333.085297;1972.407837;0.167420;0.000000;0.000000;0.000000;0.000000;2.000000;17.479004;-478.415649;1947.045654;0.312371;0.000000;0.000000;0.000000;0.000000;2.000000;14.601105;-701.696594;1916.406494;0.180944;0.000000;0.000000;0.000000;0.000000;2.000000;-5.283234;-660.981445;1893.249390;0.220096;0.000000;0.000000;0.000000;0.000000;2.000000;-95.808350;-587.275696;1801.609985;0.216202;0.000000;0.000000;0.000000;0.000000;2.000000;-135.512512;-306.311859;1759.318359;0.201120;0.000000;0.000000;0.000000;0.000000;2.000000;-181.902069;-71.221725;1782.982178;0.158264;0.000000;0.000000;0.000000;0.000000;2.000000;-194.306213;-67.977577;1882.124878;0.148695;0.000000;0.000000;0.000000;0.000000;2.000000;-172.199341;28.307276;1828.978394;0.227297;0.000000;0.000000;0.000000;0.000000;2.000000;-166.839996;-19.207916;1922.567261;0.251108;0.000000;0.000000;0.000000;0.000000;2.000000;37.099518;-668.454468;1948.285767;0.183388;0.000000;0.000000;0.000000;0.000000;2.000000;117.262848;-655.696777;2058.065186;0.097900;0.000000;0.000000;0.000000;0.000000;2.000000;170.490936;-447.281097;2256.002441;0.637352;0.000000;0.000000;0.000000;0.000000;2.000000;62.179779;-319.674072;2433.320313;0.696418;0.000000;0.000000;0.000000;0.000000;2.000000;83.488739;-246.691376;2509.513184;0.153471;0.000000;0.000000;0.000000;0.000000;0.000000;6.742279;-204.143219;2576.279785;0.157871;0.000000;0.000000;0.000000;0.000000;0.000000;38.898773;-226.685547;2510.883301;0.128579;0.000000;0.000000;0.000000;0.000000;0.000000;-34.131897;-137.718201;1912.563843;0.027142;0.000000;0.000000;0.000000;0.000000;2.000000;79.452972;261.353912;1888.568359;0.069394;0.000000;0.000000;0.000000;0.000000;2.000000;236.917450;624.811340;1859.051270;0.174670;0.000000;0.000000;0.000000;0.000000;2.000000;143.355133;795.314697;1859.990601;0.119727;0.000000;0.000000;0.000000;0.000000;2.000000;30.778229;-161.075058;2078.845215;0.024475;0.000000;0.000000;0.000000;0.000000;2.000000;-93.113098;222.051529;2179.984375;0.151404;0.000000;0.000000;0.000000;0.000000;2.000000;-65.701965;622.117798;2197.301758;0.170366;0.000000;0.000000;0.000000;0.000000;2.000000;-176.868530;754.751465;2242.798828;0.314252;0.000000;0.000000;0.000000;0.000000;2.000000;2.466858;-785.575562;1913.419312;0.140975;0.000000;0.000000;0.000000;0.000000;2.000000;-111.094208;-844.212097;2020.635376;0.256597;0.000000;0.000000;0.000000;0.000000;2.000000;-106.696655;-871.156372;1969.339600;0.244893;0.000000;0.000000;0.000000;0.000000;2.000000;-68.508728;-836.188660;1848.342651;0.235197;0.000000;0.000000;0.000000;0.000000;2.000000;-70.511688;-877.520447;2009.294312;0.173884;0.000000;0.000000;0.000000;0.000000;2.000000;56.761993;-867.266724;1962.409180;0.136367;0.000000;0.000000;0.000000;0.000000;2.000000;16612933632.000000
0.000000;-150.000000;2000.000000;0.000000;0.000000;0.000000;0.000000;0.000000;2.000000;5.463196;-333.263702;1974.879395;0.078260;0.000000;0.000000;0.000000;0.000000;2.000000;14.434479;-479.325073;1953.124146;0.209316;0.000000;0.000000;0.000000;0.000000;2.000000;10.492035;-701.974915;1919.556274;0.158230;0.000000;0.000000;0.000000;0.000000;2.000000;-9.185516;-660.897034;1896.964844;0.164454;0.000000;0.000000;0.000000;0.000000;2.000000;-98.721252;-584.631592;1806.661377;0.195391;0.000000;0.000000;0.000000;0.000000;2.000000;-136.338135;-303.820068;1763.117554;0.140926;0.000000;0.000000;0.000000;0.000000;2.000000;-184.905029;-69.342728;1786.413940;0.150515;0.000000;0.000000;0.000000;0.000000;2.000000;-203.541016;-67.052185;1884.516602;0.292489;0.000000;0.000000;0.000000;0.000000;2.000000;-178.536499;22.939350;1822.557007;0.320374;0.000000;0.000000;0.000000;0.000000;2.000000;-173.591217;-28.245529;1929.971069;0.411788;0.000000;0.000000;0.000000;0.000000;2.000000;33.134674;-669.293579;1951.840942;0.164522;0.000000;0.000000;0.000000;0.000000;2.000000;112.588959;-658.739685;2062.224121;0.212314;0.000000;0.000000;0.000000;0.000000;2.000000;165.554047;-450.578033;2260.133301;0.220713;0.000000;0.000000;0.000000;0.000000;2.000000;54.708221;-322.863190;2435.512695;0.256785;0.000000;0.000000;0.000000;0.000000;2.000000;76.269379;-248.697693;2510.351563;0.230094;0.000000;0.000000;0.000000;0.000000;0.000000;0.947021;-203.722321;2576.994629;0.178660;0.000000;0.000000;0.000000;0.000000;0.000000;32.783661;-228.952637;2513.109375;0.210305;0.000000;0.000000;0.000000;0.000000;0.000000;-33.026489;-138.931076;1912.065552;0.052338;0.000000;0.000000;0.000000;0.000000;2.000000;73.488129;261.885681;1891.003906;0.197291;0.000000;0.000000;0.000000;0.000000;2.000000;232.585663;624.267822;1861.554443;0.153579;0.000000;0.000000;0.000000;0.000000;2.000000;140.730743;795.266846;1870.722778;0.337173;0.000000;0.000000;0.000000;0.000000;2.000000;29.781464;-159.981354;2079.294434;0.047194;0.000000;0.000000;0.000000;0.000000;2.000000;-96.591766;221.981003;2180.322266;0.106682;0.000000;0.000000;0.000000;0.000000;2.000000;-71.241974;621.802124;2198.536133;0.173481;0.000000;0.000000;0.000000;0.000000;2.000000;-183.477295;752.718384;2245.754395;0.229480;0.000000;0.000000;0.000000;0.000000;2.000000;-2.031189;-785.677185;1915.463379;0.150810;0.000000;0.000000;0.000000;0.000000;2.000000;-114.927551;-838.928162;2025.922607;0.256365;0.000000;0.000000;0.000000;0.000000;2.000000;-111.625305;-867.590881;1975.539917;0.265079;0.000000;0.000000;0.000000;0.000000;2.000000;-74.563721;-837.257446;1853.072510;0.236736;0.000000;0.000000;0.000000;0.000000;2.000000;-75.041473;-873.189880;2015.182373;0.262419;0.000000;0.000000;0.000000;0.000000;2.000000;51.627899;-866.472595;1966.393677;0.199805;0.000000;0.000000;0.000000;0.000000;2.000000;16612966400.000000
0.000000;-150.000000;2000.000000;0.000000;0.000000;0.000000;0.000000;0.000000;2.000000;0.596405;-332.402588;1974.796875;0.146279;0.000000;0.000000;0.000000;0.000000;2.000000;6.560699;-477.806396;1952.605835;0.237797;0.000000;0.000000;0.000000;0.000000;2.000000;5.088104;-698.515320;1913.916260;0.252808;0.000000;0.000000;0.000000;0.000000;2.000000;-14.703918;-657.307434;1892.248901;0.239643;0.000000;0.000000;0.000000;0.000000;2.000000;-100.230042;-582.799622;1797.892090;0.268844;0.000000;0.000000;0.000000;0.000000;2.000000;-135.167847;-303.529541;1751.658691;0.340972;0.000000;0.000000;0.000000;0.000000;2.000000;-186.938110;-72.356453;1786.081177;0.108031;0.000000;0.000000;0.000000;0.000000;2.000000;-192.178802;-61.433716;1884.725952;0.375153;0.000000;0.000000;0.000000;0.000000;2.000000;-167.951965;16.701221;1960.527710;4.099096;0.000000;0.000000;0.000000;0.000000;2.000000;-181.269226;-19.837151;1918.645752;0.475253;0.000000;0.000000;0.000000;0.000000;2.000000;27.030334;-666.557251;1946.995361;0.244441;0.000000;0.000000;0.000000;0.000000;2.000000;107.765320;-658.467468;2055.809082;0.237655;0.000000;0.000000;0.000000;0.000000;2.000000;167.502258;-454.554626;2254.072021;0.222139;0.000000;0.000000;0.000000;0.000000;2.000000;62.529480;-327.802307;2432.062500;0.292162;0.000000;0.000000;0.000000;0.000000;2.000000;72.609436;-255.622543;2510.419678;0.231796;0.000000;0.000000;0.000000;0.000000;0.000000;0.702148;-205.471710;2576.231689;0.056941;0.000000;0.000000;0.000000;0.000000;0.000000;30.764343;-239.367569;2514.824463;0.318023;0.000000;0.000000;0.000000;0.000000;0.000000;-33.359680;-138.062256;1912.813477;0.035329;0.000000;0.000000;0.000000;0.000000;2.000000;74.058838;260.460175;1893.548096;0.087939;0.000000;0.000000;0.000000;0.000000;2.000000;229.616882;622.131226;1863.030640;0.116724;0.000000;0.000000;0.000000;0.000000;2.000000;132.855225;789.286926;1872.146362;0.295646;0.000000;0.000000;0.000000;0.000000;2.000000;30.081848;-160.764786;2078.619873;0.031859;0.000000;0.000000;0.000000;0.000000;2.000000;-94.932343;219.371811;2179.764893;0.092981;0.000000;0.000000;0.000000;0.000000;2.000000;-72.634430;617.073120;2203.638916;0.209965;0.000000;0.000000;0.000000;0.000000;2.000000;-192.087738;741.573792;2246.979004;0.418339;0.000000;0.000000;0.000000;0.000000;2.000000;-6.521240;-781.795837;1907.759155;0.287797;0.000000;0.000000;0.000000;0.000000;2.000000;-113.437988;-828.271729;2025.722168;0.318475;0.000000;0.000000;0.000000;0.000000;2.000000;-114.292633;-858.011963;1976.202637;0.294905;0.000000;0.000000;0.000000;0.000000;2.000000;-84.168549;-831.909119;1851.577759;0.328322;0.000000;0.000000;0.000000;0.000000;2.000000;-75.686493;-863.982422;2013.431030;0.278016;0.000000;0.000000;0.000000;0.000000;2.000000;47.193909;-862.872559;1956.984131;0.325736;0.000000;0.000000;0.000000;0.000000;2.000000;16613000192.000000
0.000000;-150.000000;2000.000000;0.000000;0.000000;0.000000;0.000000;0.000000;2.000000;0.594025;-332.401733;1974.793091;0.000139;0.000000;0.000000;0.000000;0.000000;2.000000;6.549103;-477.805481;1952.601807;0.000376;0.000000;0.000000;0.000000;0.000000;2.000000;5.040985;-698.512146;1913.902710;0.001499;0.000000;0.000000;0.000000;0.000000;2.000000;-14.744446;-657.300171;1892.237305;0.001305;0.000000;0.000000;0.000000;0.000000;2.000000;-100.254883;-582.764587;1797.888672;0.001315;0.000000;0.000000;0.000000;0.000000;2.000000;-135.115051;-303.479736;1751.689575;0.002407;0.000000;0.000000;0.000000;0.000000;2.000000;-186.817291;-72.293320;1786.121216;0.004336;0.000000;0.000000;0.000000;0.000000;2.000000;-192.038849;-61.308136;1884.760010;0.005832;0.000000;0.000000;0.000000;0.000000;2.000000;-167.689545;16.979214;1960.364624;0.012684;0.000000;0.000000;0.000000;0.000000;2.000000;-180.996735;-19.654079;1918.659180;0.010027;0.000000;0.000000;0.000000;0.000000;2.000000;26.988495;-666.559082;1946.983032;0.001332;0.000000;0.000000;0.000000;0.000000;2.000000;107.743011;-658.481384;2055.782715;0.001136;0.000000;0.000000;0.000000;0.000000;2.000000;167.503754;-454.603821;2254.074219;0.001503;0.000000;0.000000;0.000000;0.000000;2.000000;62.523407;-327.895081;2432.090820;0.002966;0.000000;0.000000;0.000000;0.000000;1.000000;72.598541;-255.729538;2510.461426;0.003521;0.000000;0.000000;0.000000;0.000000;0.000000;0.688538;-205.596680;2576.283691;0.004152;0.000000;0.000000;0.000000;0.000000;0.000000;30.752411;-239.478409;2514.868652;0.003660;0.000000;0.000000;0.000000;0.000000;0.000000;-33.359161;-138.060013;1912.813843;0.000071;0.000000;0.000000;0.000000;0.000000;2.000000;74.063263;260.461243;1893.562988;0.000475;0.000000;0.000000;0.000000;0.000000;2.000000;229.609589;622.138000;1863.063599;0.001051;0.000000;0.000000;0.000000;0.000000;2.000000;132.817108;789.275085;1872.183838;0.001671;0.000000;0.000000;0.000000;0.000000;2.000000;30.081390;-160.766800;2078.619629;0.000063;0.000000;0.000000;0.000000;0.000000;2.000000;-94.918793;219.368378;2179.784180;0.000727;0.000000;0.000000;0.000000;0.000000;2.000000;-72.606628;617.067627;2203.666992;0.001217;0.000000;0.000000;0.000000;0.000000;2.000000;-192.023224;741.589294;2247.046387;0.002886;0.000000;0.000000;0.000000;0.000000;2.000000;-6.581665;-781.790344;1907.742065;0.001924;0.000000;0.000000;0.000000;0.000000;2.000000;-113.550140;-828.152405;2025.702637;0.005033;0.000000;0.000000;0.000000;0.000000;2.000000;-114.415192;-857.910339;1976.194092;0.004866;0.000000;0.000000;0.000000;0.000000;2.000000;-84.251251;-831.873596;1851.565308;0.002773;0.000000;0.000000;0.000000;0.000000;2.000000;-75.819794;-863.892212;2013.431396;0.004912;0.000000;0.000000;0.000000;0.000000;2.000000;47.071381;-862.883667;1957.006714;0.003817;0.000000;0.000000;0.000000;0.000000;2.000000;16613032960.000000
0.000000;-150.000000;2000.000000;0.000000;0.000000;0.000000;0.000000;0.000000;2.000000;-1.003052;-332.411896;1974.670654;0.047402;0.000000;0.000000;0.000000;0.000000;2.000000;4.419067;-477.818604;1952.211792;0.064083;0.000000;0.000000;0.000000;0.000000;2.000000;-2.170532;-699.935425;1923.097900;0.348371;0.000000;0.000000;0.000000;0.000000;2.000000;-21.299988;-659.268311;1899.853027;0.303016;0.000000;0.000000;0.000000;0.000000;2.000000;-105.586395;-588.643799;1801.445679;0.257377;0.000000;0.000000;0.000000;0.000000;2.000000;-144.294342;-310.724243;1750.090454;0.349270;0.000000;0.000000;0.000000;0.000000;2.000000;-203.854828;-83.135963;1794.585693;0.648000;0.000000;0.000000;0.000000;0.000000;2.000000;-218.405396;-73.441269;1892.437134;0.888448;0.000000;0.000000;0.000000;0.000000;2.000000;-189.103119;19.845337;1838.765015;3.654827;0.000000;0.000000;0.000000;0.000000;2.000000;-192.313232;-24.252136;1930.291992;0.499170;0.000000;0.000000;0.000000;0.000000;2.000000;20.790771;-667.066895;1954.565796;0.290203;0.000000;0.000000;0.000000;0.000000;2.000000;107.263916;-652.122498;2058.145264;0.201245;0.000000;0.000000;0.000000;0.000000;2.000000;163.080017;-444.548492;2253.799805;0.325190;0.000000;0.000000;0.000000;0.000000;2.000000;39.775330;-340.574432;2434.823242;0.774917;0.000000;0.000000;0.000000;0.000000;1.000000;52.145996;-261.661835;2506.059570;0.643516;0.000000;0.000000;0.000000;0.000000;0.000000;-16.891449;-210.561798;2574.201416;0.544093;0.000000;0.000000;0.000000;0.000000;0.000000;9.866699;-248.286469;2515.595947;0.671127;0.000000;0.000000;0.000000;0.000000;0.000000;-31.957245;-137.650787;1912.331177;0.045517;0.000000;0.000000;0.000000;0.000000;2.000000;70.017212;262.561462;1897.709961;0.182371;0.000000;0.000000;0.000000;0.000000;2.000000;215.431763;629.345825;1880.181885;0.691484;0.000000;0.000000;0.000000;0.000000;2.000000;95.009460;773.618652;1834.550415;1.645215;0.000000;0.000000;0.000000;0.000000;2.000000;28.817200;-161.135834;2079.054688;0.041044;0.000000;0.000000;0.000000;0.000000;2.000000;-104.563080;214.286606;2187.141357;0.389193;0.000000;0.000000;0.000000;0.000000;2.000000;-92.122650;612.149109;2216.006104;0.698616;0.000000;0.000000;0.000000;0.000000;2.000000;-210.215332;737.232422;2261.457764;0.698806;0.000000;0.000000;0.000000;0.000000;2.000000;-15.622925;-783.143372;1920.649658;0.468073;0.000000;0.000000;0.000000;0.000000;2.000000;-134.986328;-814.642517;2031.442871;0.768831;0.000000;0.000000;0.000000;0.000000;2.000000;-133.399048;-847.940247;1984.250122;0.677855;0.000000;0.000000;0.000000;0.000000;2.000000;-91.088409;-832.995850;1861.319702;0.354069;0.000000;0.000000;0.000000;0.000000;2.000000;-98.581329;-853.210144;2025.151001;0.820923;0.000000;0.000000;0.000000;0.000000;2.000000;28.560913;-863.132507;1980.105469;0.875993;0.000000;0.000000;0.000000;0.000000;2.000000;16613066752.000000
0.000000;-150.000000;2000.000000;0.000000;0.000000;0.000000;0.000000;0.000000;2.000000;-0.752563;-330.838165;1968.871460;0.183537;0.000000;0.000000;0.000000;0.000000;2.000000;3.827637;-475.038055;1942.301636;0.314631;0.000000;0.000000;0.000000;0.000000;2.000000;-2.223572;-693.343750;1895.712036;0.859620;0.000000;0.000000;0.000000;0.000000;2.000000;-20.777740;-651.076172;1875.443726;0.785908;0.000000;0.000000;0.000000;0.000000;2.000000;-103.674744;-579.781372;1777.137695;0.791739;0.000000;0.000000;0.000000;0.000000;2.000000;-142.019562;-299.716797;1747.449463;0.352360;0.000000;0.000000;0.000000;0.000000;2.000000;-193.601410;-73.230637;1801.795288;0.487543;0.000000;0.000000;0.000000;0.000000;2.000000;-207.142334;-74.680122;1899.896729;0.414002;0.000000;0.000000;0.000000;0.000000;2.000000;-186.982605;14.229385;1836.330566;0.197687;0.000000;0.000000;0.000000;0.000000;2.000000;-186.564941;-33.643013;1943.519531;0.525221;0.000000;0.000000;0.000000;0.000000;2.000000;20.007507;-663.229004;1930.033081;0.758162;0.000000;0.000000;0.000000;0.000000;2.000000;97.429504;-659.356567;2040.882324;0.645255;0.000000;0.000000;0.000000;0.000000;2.000000;152.449158;-461.421814;2245.010254;0.665101;0.000000;0.000000;0.000000;0.000000;2.000000;38.980652;-346.851593;2424.895020;0.359284;0.000000;0.000000;0.000000;0.000000;1.000000;51.194336;-267.502960;2495.086914;0.380460;0.000000;0.000000;0.000000;0.000000;0.000000;-8.016449;-211.724518;2568.002930;0.332262;0.000000;0.000000;0.000000;0.000000;0.000000;14.683289;-257.334351;2512.599121;0.325902;0.000000;0.000000;0.000000;0.000000;0.000000;-29.584076;-134.782959;1912.313721;0.113600;0.000000;0.000000;0.000000;0.000000;2.000000;73.411621;263.710388;1900.259155;0.134209;0.000000;0.000000;0.000000;0.000000;2.000000;217.482239;629.435669;1881.635254;0.076749;0.000000;0.000000;0.000000;0.000000;2.000000;104.052368;783.146118;1856.428955;0.778777;0.000000;0.000000;0.000000;0.000000;2.000000;26.677368;-163.721863;2079.070801;0.102435;0.000000;0.000000;0.000000;0.000000;2.000000;-93.166626;215.603851;2183.641602;0.366036;0.000000;0.000000;0.000000;0.000000;2.000000;-89.401489;611.796021;2217.567383;0.096346;0.000000;0.000000;0.000000;0.000000;2.000000;-208.645691;735.893066;2260.110840;0.075199;0.000000;0.000000;0.000000;0.000000;2.000000;-15.608582;-775.768921;1886.430420;1.068263;0.000000;0.000000;0.000000;0.000000;2.000000;-145.987091;-785.974976;1987.493408;1.636152;0.000000;0.000000;0.000000;0.000000;2.000000;-148.300629;-816.179321;1938.537598;1.758525;0.000000;0.000000;0.000000;0.000000;2.000000;-95.399536;-804.528809;1819.930542;1.538649;0.000000;0.000000;0.000000;0.000000;2.000000;-118.521393;-831.055664;1980.772705;1.631438;0.000000;0.000000;0.000000;0.000000;2.000000;5.874817;-866.188110;1942.667236;1.339168;0.000000;0.000000;0.000000;0.000000;2.000000;16613099520.000000
0.000000;-150.000000;2000.000000;0.000000;0.000000;0.000000;0.000000;0.000000;2.000000;-2.604248;-331.915222;1970.661255;0.082607;0.000000;0.000000;0.000000;0.000000;2.000000;-1.389709;-477.197266;1946.234131;0.203626;0.000000;0.000000;0.000000;0.000000;2.000000;-14.879333;-698.590515;1913.140381;0.656029;0.000000;0.000000;0.000000;0.000000;2.000000;-30.328552;-656.825806;1889.048462;0.520501;0.000000;0.000000;0.000000;0.000000;2.000000;-107.545807;-581.078308;1788.529297;0.358104;0.000000;0.000000;0.000000;0.000000;2.000000;-145.316742;-300.463989;1752.342163;0.175992;0.000000;0.000000;0.000000;0.000000;2.000000;-197.162231;-72.481133;1804.629272;0.136489;0.000000;0.000000;0.000000;0.000000;2.000000;-211.909760;-78.467812;1902.813354;0.199793;0.000000;0.000000;0.000000;0.000000;2.000000;-195.767914;15.263651;1844.403320;0.354399;0.000000;0.000000;0.000000;0.000000;2.000000;-189.217499;-34.223045;1948.307861;0.162896;0.000000;0.000000;0.000000;0.000000;2.000000;6.796326;-667.112671;1946.911377;0.644617;0.000000;0.000000;0.000000;0.000000;2.000000;69.598938;-658.772217;2067.077148;1.131146;0.000000;0.000000;0.000000;0.000000;2.000000;118.124390;-460.067139;2273.848145;1.327279;0.000000;0.000000;0.000000;0.000000;2.000000;-13.150330;-340.664368;2439.288086;1.610860;0.000000;0.000000;0.000000;0.000000;1.000000;35.904602;-259.994446;2489.842285;0.527433;0.000000;0.000000;0.000000;0.000000;0.000000;-13.694641;-219.262009;2578.820313;0.424810;0.000000;0.000000;0.000000;0.000000;0.000000;3.629822;-242.583176;2517.620117;0.565359;0.000000;0.000000;0.000000;0.000000;0.000000;-26.934845;-135.254303;1910.959839;0.089141;0.000000;0.000000;0.000000;0.000000;2.000000;72.672058;265.829590;1896.325684;0.134020;0.000000;0.000000;0.000000;0.000000;2.000000;215.264099;634.018921;1879.297607;0.165801;0.000000;0.000000;0.000000;0.000000;2.000000;92.576538;779.062683;1842.460205;0.548462;0.000000;0.000000;0.000000;0.000000;2.000000;24.288391;-163.296860;2080.291504;0.080381;0.000000;0.000000;0.000000;0.000000;2.000000;-100.524323;215.763168;2186.928223;0.238517;0.000000;0.000000;0.000000;0.000000;2.000000;-95.913757;613.653076;2220.862305;0.222861;0.000000;0.000000;0.000000;0.000000;2.000000;-217.135315;736.736023;2263.927246;0.276577;0.000000;0.000000;0.000000;0.000000;2.000000;-31.570770;-781.158997;1908.283447;0.816568;0.000000;0.000000;0.000000;0.000000;2.000000;-159.189270;-787.091309;2014.250244;0.883568;0.000000;0.000000;0.000000;0.000000;2.000000;-158.965271;-825.550903;1971.081299;1.050713;0.000000;0.000000;0.000000;0.000000;2.000000;-109.110535;-829.242493;1850.050171;1.222276;0.000000;0.000000;0.000000;0.000000;2.000000;-127.026794;-829.771790;2014.426636;1.027930;0.000000;0.000000;0.000000;0.000000;2.000000;0.392822;-858.116455;1978.687866;1.104367;0.000000;0.000000;0.000000;0.000000;2.000000;16613133312.000000
