posX0;posY0;posZ0;posVel0;rotX0;rotY0;rotZ0;rotVel0;confidence0;posX1;posY1;posZ1;posVel1;rotX1;rotY1;rotZ1;rotVel1;confidence1;posX2;posY2;posZ2;posVel2;rotX2;rotY2;rotZ2;rotVel2;confidence2;posX3;posY3;posZ3;posVel3;rotX3;rotY3;rotZ3;rotVel3;confidence3;posX4;posY4;posZ4;posVel4;rotX4;rotY4;rotZ4;rotVel4;confidence4;posX5;posY5;posZ5;posVel5;rotX5;rotY5;rotZ5;rotVel5;confidence5;posX6;posY6;posZ6;posVel6;rotX6;rotY6;rotZ6;rotVel6;confidence6;posX7;posY7;posZ7;posVel7;rotX7;rotY7;rotZ7;rotVel7;confidence7;posX8;posY8;posZ8;posVel8;rotX8;rotY8;rotZ8;rotVel8;confidence8;posX9;posY9;posZ9;posVel9;rotX9;rotY9;rotZ9;rotVel9;confidence9;posX10;posY10;posZ10;posVel10;rotX10;rotY10;rotZ10;rotVel10;confidence10;posX11;posY11;posZ11;posVel11;rotX11;rotY11;rotZ11;rotVel11;confidence11;posX12;posY12;posZ12;posVel12;rotX12;rotY12;rotZ12;rotVel12;confidence12;posX13;posY13;posZ13;posVel13;rotX13;rotY13;rotZ13;rotVel13;confidence13;posX14;posY14;posZ14;posVel14;rotX14;rotY14;rotZ14;rotVel14;confidence14;posX15;posY15;posZ15;posVel15;rotX15;rotY15;rotZ15;rotVel15;confidence15;posX16;posY16;posZ16;posVel16;rotX16;rotY16;rotZ16;rotVel16;confidence16;posX17;posY17;posZ17;posVel17;rotX17;rotY17;rotZ17;rotVel17;confidence17;posX18;posY18;posZ18;posVel18;rotX18;rotY18;rotZ18;rotVel18;confidence18;posX19;posY19;posZ19;posVel19;rotX19;rotY19;rotZ19;rotVel19;confidence19;posX20;posY20;posZ20;posVel20;rotX20;rotY20;rotZ20;rotVel20;confidence20;posX21;posY21;posZ21;posVel21;rotX21;rotY21;rotZ21;rotVel21;confidence21;posX22;posY22;posZ22;posVel22;rotX22;rotY22;rotZ22;rotVel22;confidence22;posX23;posY23;posZ23;posVel23;rotX23;rotY23;rotZ23;rotVel23;confidence23;posX24;posY24;posZ24;posVel24;rotX24;rotY24;rotZ24;rotVel24;confidence24;posX25;posY25;posZ25;posVel25;rotX25;rotY25;rotZ25;rotVel25;confidence25;posX26;posY26;posZ26;posVel26;rotX26;rotY26;rotZ26;rotVel26;confidence26;posX27;posY27;posZ27;posVel27;rotX27;rotY27;rotZ27;rotVel27;confidence27;posX28;posY28;posZ28;posVel28;rotX28;rotY28;rotZ28;rotVel28;confidence28;posX29;posY29;posZ29;posVel29;rotX29;rotY29;rotZ29;rotVel29;confidence29;posX30;posY30;posZ30;posVel30;rotX30;rotY30;rotZ30;rotVel30;confidence30;posX31;posY31;posZ31;posVel31;rotX31;rotY31;rotZ31;rotVel31;confidence31;TimeStamp
0.000000;-149.999985;2000.000000;0.000000;0.000000;0.000000;0.000000;0.000000;2.000000;-1.953746;-301.446533;2132.707275;0.000000;0.000000;0.000000;0.000000;0.000000;2.000000;-0.606401;-438.686340;2216.853027;0.000000;0.000000;0.000000;0.000000;0.000000;2.000000;-21.628130;-673.400269;2284.078369;0.000000;0.000000;0.000000;0.000000;0.000000;2.000000;19.641567;-638.808472;2271.386963;0.000000;0.000000;0.000000;0.000000;0.000000;2.000000;178.155838;-642.077148;2241.417480;0.000000;0.000000;0.000000;0.000000;0.000000;2.000000;310.495880;-494.993469;2000.284546;0.000000;0.000000;0.000000;0.000000;0.000000;2.000000;125.237984;-679.937256;1996.815552;0.000000;0.000000;0.000000;0.000000;0.000000;2.000000;52.861111;-739.754578;2051.559082;0.000000;0.000000;0.000000;0.000000;0.000000;2.000000;-0.728331;-821.410278;2124.606445;0.000000;0.000000;0.000000;0.000000;0.000000;2.000000;-19.385197;-732.119019;1998.663330;0.000000;0.000000;0.000000;0.000000;0.000000;2.000000;-55.588253;-629.812073;2276.816895;0.000000;0.000000;0.000000;0.000000;0.000000;2.000000;-201.201782;-602.054626;2269.015625;0.000000;0.000000;0.000000;0.000000;0.000000;2.000000;-265.766754;-304.392792;2178.254395;0.000000;0.000000;0.000000;0.000000;0.000000;2.000000;-200.567795;-225.929276;1933.559814;0.000000;0.000000;0.000000;0.000000;0.000000;2.000000;-207.646637;-200.019943;1819.655640;0.000000;0.000000;0.000000;0.000000;0.000000;2.000000;-189.077423;-103.275726;1887.976685;0.000000;0.000000;0.000000;0.000000;0.000000;2.000000;-129.990356;-179.846497;1801.548340;0.000000;0.000000;0.000000;0.000000;0.000000;2.000000;102.339050;-143.577927;2008.835571;0.000000;0.000000;0.000000;0.000000;0.000000;2.000000;344.413788;-145.176453;1627.277832;0.000000;0.000000;0.000000;0.000000;0.000000;2.000000;286.954559;276.527832;1700.483887;0.000000;0.000000;0.000000;0.000000;0.000000;2.000000;342.801056;410.655090;1546.844971;0.000000;0.000000;0.000000;0.000000;0.000000;2.000000;-92.283630;-155.791046;1992.032593;0.000000;0.000000;0.000000;0.000000;0.000000;2.000000;-208.934738;-125.175095;1557.055664;0.000000;0.000000;0.000000;0.000000;0.000000;2.000000;-211.872345;309.105103;1599.853271;0.000000;0.000000;0.000000;0.000000;0.000000;2.000000;-273.027344;419.490784;1451.781738;0.000000;0.000000;0.000000;0.000000;0.000000;2.000000;-30.958076;-764.533997;2294.518066;0.000000;0.000000;0.000000;0.000000;0.000000;2.000000;5.946320;-811.338135;2123.215576;0.000000;0.000000;0.000000;0.000000;0.000000;2.000000;19.117809;-853.762024;2168.139648;0.000000;0.000000;0.000000;0.000000;0.000000;2.000000;52.301365;-847.577820;2307.193359;0.000000;0.000000;0.000000;0.000000;0.000000;2.000000;-35.760567;-842.643677;2149.499268;0.000000;0.000000;0.000000;0.000000;0.000000;2.000000;-128.473007;-825.661621;2263.459473;0.000000;0.000000;0.000000;0.000000;0.000000;2.000000;19711899648.000000
0.000000;-150.000000;2000.000000;0.000000;0.000000;0.000000;0.000000;0.000000;2.000000;-2.526456;-302.161591;2132.374512;0.029745;0.000000;0.000000;0.000000;0.000000;2.000000;-1.936803;-439.350739;2217.108887;0.046049;0.000000;0.000000;0.000000;0.000000;2.000000;-22.587914;-675.069214;2282.352539;0.078905;0.000000;0.000000;0.000000;0.000000;2.000000;18.685244;-640.252502;2269.898926;0.069685;0.000000;0.000000;0.000000;0.000000;2.000000;177.459579;-642.786194;2239.827148;0.057229;0.000000;0.000000;0.000000;0.000000;2.000000;309.837799;-495.282196;1998.317993;0.063896;0.000000;0.000000;0.000000;0.000000;2.000000;123.596481;-679.813477;1993.703125;0.107451;0.000000;0.000000;0.000000;0.000000;2.000000;52.304939;-737.257568;2052.604492;0.084337;0.000000;0.000000;0.000000;0.000000;2.000000;-1.418727;-821.779663;2122.557617;0.066936;0.000000;0.000000;0.000000;0.000000;2.000000;-18.807558;-722.169434;2002.270020;0.323452;0.000000;0.000000;0.000000;0.000000;2.000000;-56.671223;-631.392944;2275.517090;0.070663;0.000000;0.000000;0.000000;0.000000;2.000000;-202.123856;-601.738281;2267.138672;0.064545;0.000000;0.000000;0.000000;0.000000;2.000000;-263.571655;-305.109558;2169.303711;0.282097;0.000000;0.000000;0.000000;0.000000;2.000000;-206.346390;-223.297440;1923.249268;0.369535;0.000000;0.000000;0.000000;0.000000;2.000000;-206.089645;-198.218475;1808.746338;0.340763;0.000000;0.000000;0.000000;0.000000;2.000000;-192.753433;-101.517975;1878.673218;0.309956;0.000000;0.000000;0.000000;0.000000;2.000000;-131.116486;-173.743958;1794.765991;0.280545;0.000000;0.000000;0.000000;0.000000;2.000000;102.578499;-144.310547;2008.497681;0.025683;0.000000;0.000000;0.000000;0.000000;2.000000;344.561005;-146.027496;1626.015625;0.046674;0.000000;0.000000;0.000000;0.000000;2.000000;286.351379;276.233521;1699.547974;0.035147;0.000000;0.000000;0.000000;0.000000;2.000000;341.232513;410.456848;1545.175293;0.070174;0.000000;0.000000;0.000000;0.000000;2.000000;-92.499550;-155.130432;1992.337158;0.023157;0.000000;0.000000;0.000000;0.000000;2.000000;-209.923126;-126.814285;1556.653687;0.059689;0.000000;0.000000;0.000000;0.000000;2.000000;-212.347809;308.200134;1599.239746;0.036384;0.000000;0.000000;0.000000;0.000000;2.000000;-274.189209;419.938171;1452.056152;0.038907;0.000000;0.000000;0.000000;0.000000;2.000000;-31.796507;-766.453613;2291.999512;0.099970;0.000000;0.000000;0.000000;0.000000;2.000000;7.789303;-820.304199;2123.071289;0.279378;0.000000;0.000000;0.000000;0.000000;2.000000;18.860790;-861.491821;2169.819336;0.241527;0.000000;0.000000;0.000000;0.000000;2.000000;49.106750;-851.197510;2309.536377;0.163767;0.000000;0.000000;0.000000;0.000000;2.000000;-35.365475;-849.647644;2149.491211;0.214084;0.000000;0.000000;0.000000;0.000000;2.000000;-130.299484;-826.272644;2260.770020;0.100951;0.000000;0.000000;0.000000;0.000000;2.000000;19711932416.000000
0.000000;-150.000000;2000.000000;0.000000;0.000000;0.000000;0.000000;0.000000;2.000000;-1.500923;-302.800568;2132.077148;0.035741;0.000000;0.000000;0.000000;0.000000;2.000000;-0.384048;-439.316406;2218.303467;0.056279;0.000000;0.000000;0.000000;0.000000;2.000000;-21.781254;-675.610352;2282.488770;0.028173;0.000000;0.000000;0.000000;0.000000;2.000000;19.656216;-640.805420;2270.209473;0.033310;0.000000;0.000000;0.000000;0.000000;2.000000;178.822144;-644.415222;2241.137695;0.071679;0.000000;0.000000;0.000000;0.000000;2.000000;311.623901;-495.467102;2000.191284;0.074532;0.000000;0.000000;0.000000;0.000000;2.000000;126.137817;-681.247314;1994.807007;0.089607;0.000000;0.000000;0.000000;0.000000;2.000000;49.513348;-737.323242;2048.365479;0.145797;0.000000;0.000000;0.000000;0.000000;2.000000;-14.984465;-820.109253;2111.224609;0.509980;0.000000;0.000000;0.000000;0.000000;2.000000;-17.559273;-724.391479;2010.238403;0.240293;0.000000;0.000000;0.000000;0.000000;2.000000;-55.781422;-631.743408;2275.834473;0.028941;0.000000;0.000000;0.000000;0.000000;2.000000;-201.597198;-603.047424;2266.819092;0.041557;0.000000;0.000000;0.000000;0.000000;2.000000;-263.171295;-305.032532;2171.892090;0.075261;0.000000;0.000000;0.000000;0.000000;2.000000;-206.238235;-223.845978;1925.168945;0.057429;0.000000;0.000000;0.000000;0.000000;2.000000;-204.455383;-198.565109;1810.558716;0.070798;0.000000;0.000000;0.000000;0.000000;2.000000;-197.472488;-101.576355;1881.288940;0.154981;0.000000;0.000000;0.000000;0.000000;2.000000;-130.639206;-173.523804;1797.819336;0.088989;0.000000;0.000000;0.000000;0.000000;2.000000;102.755470;-144.139023;2007.948242;0.017296;0.000000;0.000000;0.000000;0.000000;2.000000;345.316223;-146.465073;1625.097900;0.036377;0.000000;0.000000;0.000000;0.000000;2.000000;287.528564;276.061157;1700.910645;0.051958;0.000000;0.000000;0.000000;0.000000;2.000000;342.381683;410.960205;1546.716675;0.057083;0.000000;0.000000;0.000000;0.000000;2.000000;-92.659119;-155.285110;1992.832642;0.015597;0.000000;0.000000;0.000000;0.000000;2.000000;-208.229553;-127.615967;1555.967285;0.057316;0.000000;0.000000;0.000000;0.000000;2.000000;-207.525314;307.755920;1601.069092;0.148693;0.000000;0.000000;0.000000;0.000000;2.000000;-271.260590;416.997253;1452.470459;0.119802;0.000000;0.000000;0.000000;0.000000;2.000000;-31.271580;-767.138916;2291.703613;0.026211;0.000000;0.000000;0.000000;0.000000;2.000000;0.724571;-819.061951;2120.312012;0.220747;0.000000;0.000000;0.000000;0.000000;2.000000;16.306923;-859.845764;2166.239258;0.134869;0.000000;0.000000;0.000000;0.000000;2.000000;54.238503;-848.412231;2304.184082;0.227506;0.000000;0.000000;0.000000;0.000000;2.000000;-39.553947;-850.335632;2149.128906;0.122359;0.000000;0.000000;0.000000;0.000000;2.000000;-128.874329;-831.239868;2266.002930;0.211237;0.000000;0.000000;0.000000;0.000000;2.000000;19711967232.000000
0.000000;-149.999985;2000.000000;0.000000;0.000000;0.000000;0.000000;0.000000;2.000000;-1.721176;-301.898132;2132.641602;0.033172;0.000000;0.000000;0.000000;0.000000;2.000000;-0.361175;-439.018524;2217.430176;0.028167;0.000000;0.000000;0.000000;0.000000;2.000000;-19.708406;-676.257813;2277.186035;0.174871;0.000000;0.000000;0.000000;0.000000;2.000000;21.370811;-640.922241;2265.623047;0.149470;0.000000;0.000000;0.000000;0.000000;2.000000;180.605637;-649.081909;2239.364014;0.161786;0.000000;0.000000;0.000000;0.000000;2.000000;311.782623;-492.150818;2003.265137;0.138078;0.000000;0.000000;0.000000;0.000000;2.000000;127.471024;-678.542053;1998.277710;0.140320;0.000000;0.000000;0.000000;0.000000;2.000000;49.425465;-738.269287;2045.069702;0.104675;0.000000;0.000000;0.000000;0.000000;2.000000;-32.566437;-813.891846;2094.844727;0.757477;0.000000;0.000000;0.000000;0.000000;2.000000;-15.428484;-723.459900;2006.790771;0.126912;0.000000;0.000000;0.000000;0.000000;2.000000;-54.036701;-632.648132;2271.286621;0.151195;0.000000;0.000000;0.000000;0.000000;2.000000;-199.699173;-604.199280;2262.787598;0.140455;0.000000;0.000000;0.000000;0.000000;2.000000;-263.846191;-306.174377;2171.295898;0.044379;0.000000;0.000000;0.000000;0.000000;2.000000;-203.095840;-224.406982;1926.118042;0.101629;0.000000;0.000000;0.000000;0.000000;2.000000;-200.686615;-201.274460;1811.249756;0.143211;0.000000;0.000000;0.000000;0.000000;2.000000;-193.242233;-103.209290;1880.111328;0.142972;0.000000;0.000000;0.000000;0.000000;2.000000;-128.715347;-174.156158;1798.035278;0.062152;0.000000;0.000000;0.000000;0.000000;2.000000;102.522293;-143.697769;2008.547607;0.023802;0.000000;0.000000;0.000000;0.000000;2.000000;344.235870;-147.456543;1625.994019;0.052444;0.000000;0.000000;0.000000;0.000000;2.000000;286.422638;274.806702;1699.427124;0.068223;0.000000;0.000000;0.000000;0.000000;2.000000;342.895966;409.418152;1546.015137;0.054031;0.000000;0.000000;0.000000;0.000000;2.000000;-92.448860;-155.682968;1992.292480;0.021455;0.000000;0.000000;0.000000;0.000000;2.000000;-209.809357;-125.759338;1556.772949;0.078353;0.000000;0.000000;0.000000;0.000000;2.000000;-208.459305;308.972656;1601.530762;0.048885;0.000000;0.000000;0.000000;0.000000;2.000000;-270.368500;416.291260;1451.161865;0.052917;0.000000;0.000000;0.000000;0.000000;2.000000;-28.381220;-767.879150;2284.709473;0.232054;0.000000;0.000000;0.000000;0.000000;2.000000;4.669506;-818.432861;2113.404297;0.243520;0.000000;0.000000;0.000000;0.000000;2.000000;18.594324;-860.070190;2158.962402;0.232886;0.000000;0.000000;0.000000;0.000000;2.000000;54.817345;-851.238403;2297.328613;0.226981;0.000000;0.000000;0.000000;0.000000;2.000000;-36.690811;-849.007202;2141.240479;0.259291;0.000000;0.000000;0.000000;0.000000;2.000000;-126.996651;-829.163330;2256.938477;0.289518;0.000000;0.000000;0.000000;0.000000;2.000000;19712000000.000000
0.000000;-150.000000;2000.000000;0.000000;0.000000;0.000000;0.000000;0.000000;2.000000;-1.720223;-301.898773;2132.637451;0.000131;0.000000;0.000000;0.000000;0.000000;2.000000;-0.358839;-439.021149;2217.419434;0.000345;0.000000;0.000000;0.000000;0.000000;2.000000;-19.697180;-676.262329;2277.159180;0.000899;0.000000;0.000000;0.000000;0.000000;2.000000;21.380299;-640.924805;2265.598633;0.000803;0.000000;0.000000;0.000000;0.000000;2.000000;180.614578;-649.078613;2239.346191;0.000617;0.000000;0.000000;0.000000;0.000000;2.000000;311.811127;-492.127899;2003.276001;0.001164;0.000000;0.000000;0.000000;0.000000;2.000000;127.497452;-678.511902;1998.250610;0.001477;0.000000;0.000000;0.000000;0.000000;2.000000;49.438797;-738.238525;2045.018677;0.001863;0.000000;0.000000;0.000000;0.000000;2.000000;-32.634964;-813.801331;2094.745850;0.004594;0.000000;0.000000;0.000000;0.000000;2.000000;-15.406570;-723.420166;2006.731445;0.002279;0.000000;0.000000;0.000000;0.000000;2.000000;-54.026714;-632.654053;2271.262695;0.000812;0.000000;0.000000;0.000000;0.000000;2.000000;-199.689651;-604.215393;2262.766113;0.000870;0.000000;0.000000;0.000000;0.000000;2.000000;-263.874664;-306.204895;2171.267090;0.001548;0.000000;0.000000;0.000000;0.000000;2.000000;-203.126022;-224.439392;1926.091431;0.001577;0.000000;0.000000;0.000000;0.000000;2.000000;-200.735718;-201.344208;1811.216675;0.002792;0.000000;0.000000;0.000000;0.000000;2.000000;-193.342102;-103.132019;1879.871338;0.008276;0.000000;0.000000;0.000000;0.000000;2.000000;-128.812180;-174.219696;1797.974854;0.003987;0.000000;0.000000;0.000000;0.000000;2.000000;102.521019;-143.697006;2008.548096;0.000048;0.000000;0.000000;0.000000;0.000000;2.000000;344.230469;-147.448151;1625.998047;0.000328;0.000000;0.000000;0.000000;0.000000;2.000000;286.409729;274.806244;1699.448242;0.000755;0.000000;0.000000;0.000000;0.000000;2.000000;342.855957;409.426117;1546.036865;0.001411;0.000000;0.000000;0.000000;0.000000;2.000000;-92.447723;-155.683701;1992.291992;0.000044;0.000000;0.000000;0.000000;0.000000;2.000000;-209.808731;-125.752060;1556.778442;0.000279;0.000000;0.000000;0.000000;0.000000;2.000000;-208.460663;308.972565;1601.560181;0.000899;0.000000;0.000000;0.000000;0.000000;2.000000;-270.382050;416.309723;1451.212402;0.001693;0.000000;0.000000;0.000000;0.000000;2.000000;-28.366434;-767.883301;2284.676758;0.001103;0.000000;0.000000;0.000000;0.000000;2.000000;4.684390;-818.396606;2113.362061;0.001758;0.000000;0.000000;0.000000;0.000000;2.000000;18.606312;-860.045166;2158.909912;0.001812;0.000000;0.000000;0.000000;0.000000;2.000000;54.827023;-851.248657;2297.277100;0.001630;0.000000;0.000000;0.000000;0.000000;2.000000;-36.677372;-848.975342;2141.189697;0.001875;0.000000;0.000000;0.000000;0.000000;2.000000;-126.983208;-829.155457;2256.889648;0.001564;0.000000;0.000000;0.000000;0.000000;2.000000;19712032768.000000
0.000000;-149.999985;2000.000000;0.000000;0.000000;0.000000;0.000000;0.000000;2.000000;-0.949285;-302.478882;2133.047363;0.030109;0.000000;0.000000;0.000000;0.000000;2.000000;1.227014;-441.404724;2215.923340;0.092781;0.000000;0.000000;0.000000;0.000000;2.000000;-17.177944;-678.443848;2280.107910;0.127809;0.000000;0.000000;0.000000;0.000000;2.000000;23.853052;-643.161743;2267.349854;0.108178;0.000000;0.000000;0.000000;0.000000;2.000000;182.994431;-648.478760;2236.707031;0.103515;0.000000;0.000000;0.000000;0.000000;2.000000;314.502869;-490.490845;2000.062622;0.129255;0.000000;0.000000;0.000000;0.000000;2.000000;131.201569;-679.195313;2002.538330;0.163924;0.000000;0.000000;0.000000;0.000000;2.000000;54.027328;-744.075684;2044.549194;0.213683;0.000000;0.000000;0.000000;0.000000;2.000000;-50.439220;-800.760925;2074.485107;0.860495;0.000000;0.000000;0.000000;0.000000;2.000000;-16.767977;-725.694702;2007.314087;0.077956;0.000000;0.000000;0.000000;0.000000;2.000000;-51.737137;-634.806458;2273.933594;0.118456;0.000000;0.000000;0.000000;0.000000;2.000000;-197.771698;-606.162537;2263.633301;0.082358;0.000000;0.000000;0.000000;0.000000;2.000000;-264.719055;-307.925629;2171.000000;0.055586;0.000000;0.000000;0.000000;0.000000;2.000000;-208.331680;-227.589493;1923.321289;0.192023;0.000000;0.000000;0.000000;0.000000;2.000000;-201.938995;-204.284119;1808.225342;0.125327;0.000000;0.000000;0.000000;0.000000;2.000000;-182.226105;-107.259674;1876.868652;0.351329;0.000000;0.000000;0.000000;0.000000;2.000000;-131.226791;-176.514771;1795.596191;0.117572;0.000000;0.000000;0.000000;0.000000;2.000000;102.901871;-143.519455;2008.161133;0.016407;0.000000;0.000000;0.000000;0.000000;2.000000;345.027985;-149.371140;1624.038574;0.082115;0.000000;0.000000;0.000000;0.000000;2.000000;286.985535;273.427368;1702.861328;0.107016;0.000000;0.000000;0.000000;0.000000;2.000000;341.612335;406.698730;1546.621338;0.087718;0.000000;0.000000;0.000000;0.000000;2.000000;-92.791145;-155.843765;1992.640747;0.014791;0.000000;0.000000;0.000000;0.000000;2.000000;-209.367950;-128.203705;1555.134766;0.085719;0.000000;0.000000;0.000000;0.000000;2.000000;-208.214783;307.615906;1603.958618;0.079460;0.000000;0.000000;0.000000;0.000000;2.000000;-272.604401;415.273987;1453.997803;0.106583;0.000000;0.000000;0.000000;0.000000;2.000000;-25.705233;-770.248779;2289.308105;0.167791;0.000000;0.000000;0.000000;0.000000;2.000000;-4.035243;-825.268433;2116.896484;0.334645;0.000000;0.000000;0.000000;0.000000;2.000000;13.813807;-865.564087;2162.597656;0.235149;0.000000;0.000000;0.000000;0.000000;2.000000;59.790665;-852.338928;2298.204102;0.148375;0.000000;0.000000;0.000000;0.000000;2.000000;-42.955971;-855.737061;2148.533691;0.338725;0.000000;0.000000;0.000000;0.000000;2.000000;-125.401726;-833.872070;2270.238037;0.409158;0.000000;0.000000;0.000000;0.000000;2.000000;19712067584.000000
0.000000;-150.000000;2000.000000;0.000000;0.000000;0.000000;0.000000;0.000000;2.000000;-0.938563;-302.468231;2133.041260;0.000497;0.000000;0.000000;0.000000;0.000000;2.000000;1.250472;-441.393127;2215.899658;0.001077;0.000000;0.000000;0.000000;0.000000;2.000000;-17.096224;-678.439331;2280.018066;0.003709;0.000000;0.000000;0.000000;0.000000;2.000000;23.924541;-643.143921;2267.278564;0.003129;0.000000;0.000000;0.000000;0.000000;2.000000;183.070007;-648.392761;2236.696289;0.003509;0.000000;0.000000;0.000000;0.000000;2.000000;314.625153;-490.248840;2000.207031;0.009375;0.000000;0.000000;0.000000;0.000000;2.000000;131.405609;-679.012939;2002.508179;0.008402;0.000000;0.000000;0.000000;0.000000;2.000000;54.245766;-743.947205;2044.445435;0.008357;0.000000;0.000000;0.000000;0.000000;2.000000;-50.362732;-800.470886;2074.160156;0.013496;0.000000;0.000000;0.000000;0.000000;2.000000;-16.539619;-725.601440;2007.267822;0.007659;0.000000;0.000000;0.000000;0.000000;2.000000;-51.665154;-634.813599;2273.846680;0.003451;0.000000;0.000000;0.000000;0.000000;2.000000;-197.694229;-606.209106;2263.488770;0.005202;0.000000;0.000000;0.000000;0.000000;2.000000;-264.657501;-308.020721;2170.776855;0.007637;0.000000;0.000000;0.000000;0.000000;2.000000;-208.145584;-227.788818;1923.109619;0.010535;0.000000;0.000000;0.000000;0.000000;2.000000;-201.618469;-204.656235;1807.993530;0.016574;0.000000;0.000000;0.000000;0.000000;2.000000;-182.213455;-107.992523;1877.218262;0.024782;0.000000;0.000000;0.000000;0.000000;2.000000;-130.790649;-176.981125;1795.437622;0.020078;0.000000;0.000000;0.000000;0.000000;2.000000;102.894753;-143.509155;2008.164551;0.000396;0.000000;0.000000;0.000000;0.000000;2.000000;345.002625;-149.361435;1624.062622;0.001107;0.000000;0.000000;0.000000;0.000000;2.000000;286.965881;273.426117;1702.805054;0.001819;0.000000;0.000000;0.000000;0.000000;2.000000;341.618317;406.625336;1546.529785;0.003586;0.000000;0.000000;0.000000;0.000000;2.000000;-92.784729;-155.853104;1992.637695;0.000358;0.000000;0.000000;0.000000;0.000000;2.000000;-209.337067;-128.270859;1555.149536;0.002300;0.000000;0.000000;0.000000;0.000000;2.000000;-208.259155;307.533539;1603.875244;0.003824;0.000000;0.000000;0.000000;0.000000;2.000000;-272.627319;415.082550;1453.842041;0.007564;0.000000;0.000000;0.000000;0.000000;2.000000;-25.597324;-770.243652;2289.193359;0.004810;0.000000;0.000000;0.000000;0.000000;2.000000;-3.270330;-824.563782;2116.654785;0.032584;0.000000;0.000000;0.000000;0.000000;2.000000;14.538539;-864.983032;2162.257080;0.030193;0.000000;0.000000;0.000000;0.000000;2.000000;60.068626;-852.151123;2298.042969;0.011357;0.000000;0.000000;0.000000;0.000000;2.000000;-42.209064;-855.243774;2148.058105;0.030933;0.000000;0.000000;0.000000;0.000000;2.000000;-125.072151;-834.036621;2269.584473;0.022895;0.000000;0.000000;0.000000;0.000000;2.000000;19712100352.000000
0.000000;-150.000015;2000.000000;0.000000;0.000000;0.000000;0.000000;0.000000;2.000000;-1.612382;-299.177429;2135.467773;0.126460;0.000000;0.000000;0.000000;0.000000;2.000000;0.830225;-437.714020;2217.657471;0.125094;0.000000;0.000000;0.000000;0.000000;2.000000;-16.532089;-675.267212;2275.993652;0.157325;0.000000;0.000000;0.000000;0.000000;2.000000;24.222120;-639.548950;2264.660156;0.136029;0.000000;0.000000;0.000000;0.000000;2.000000;183.428802;-646.314758;2238.590088;0.086496;0.000000;0.000000;0.000000;0.000000;2.000000;315.280487;-489.749634;2002.938354;0.087062;0.000000;0.000000;0.000000;0.000000;2.000000;129.641846;-674.556641;2007.137817;0.203356;0.000000;0.000000;0.000000;0.000000;2.000000;56.757114;-741.361694;2052.468262;0.268412;0.000000;0.000000;0.000000;0.000000;2.000000;-46.045818;-800.317017;2081.660156;0.264130;0.000000;0.000000;0.000000;0.000000;2.000000;-17.126444;-723.800537;2006.023315;0.069164;0.000000;0.000000;0.000000;0.000000;2.000000;-51.197052;-631.947144;2270.335449;0.139062;0.000000;0.000000;0.000000;0.000000;2.000000;-197.105026;-605.325195;2262.106689;0.053197;0.000000;0.000000;0.000000;0.000000;2.000000;-265.643250;-307.322571;2174.656738;0.124010;0.000000;0.000000;0.000000;0.000000;2.000000;-200.585953;-225.834808;1930.712524;0.332586;0.000000;0.000000;0.000000;0.000000;2.000000;-202.879974;-203.583023;1815.758789;0.242307;0.000000;0.000000;0.000000;0.000000;2.000000;-188.779617;-118.721649;1899.376465;0.777578;0.000000;0.000000;0.000000;0.000000;2.000000;-129.280167;-180.049667;1799.305176;0.157559;0.000000;0.000000;0.000000;0.000000;2.000000;102.317749;-142.712463;2009.242920;0.044544;0.000000;0.000000;0.000000;0.000000;2.000000;343.422394;-148.283218;1626.733765;0.100266;0.000000;0.000000;0.000000;0.000000;2.000000;286.002045;273.345093;1702.163086;0.035428;0.000000;0.000000;0.000000;0.000000;2.000000;340.725342;408.567749;1548.876343;0.096874;0.000000;0.000000;0.000000;0.000000;2.000000;-92.264435;-156.571518;1991.665283;0.040168;0.000000;0.000000;0.000000;0.000000;2.000000;-210.046494;-127.276932;1556.573486;0.057246;0.000000;0.000000;0.000000;0.000000;2.000000;-209.344330;306.879028;1603.637085;0.039351;0.000000;0.000000;0.000000;0.000000;2.000000;-270.064301;415.041809;1453.580078;0.078634;0.000000;0.000000;0.000000;0.000000;2.000000;-24.431522;-766.930237;2282.980469;0.217806;0.000000;0.000000;0.000000;0.000000;2.000000;-2.257965;-815.726196;2109.571533;0.347016;0.000000;0.000000;0.000000;0.000000;2.000000;14.760676;-857.663208;2153.715576;0.343355;0.000000;0.000000;0.000000;0.000000;2.000000;59.744640;-849.884460;2289.436035;0.271798;0.000000;0.000000;0.000000;0.000000;2.000000;-41.561218;-846.749390;2139.703613;0.364135;0.000000;0.000000;0.000000;0.000000;2.000000;-124.258194;-828.449097;2261.062012;0.311990;0.000000;0.000000;0.000000;0.000000;2.000000;19712133120.000000
0.000000;-150.000000;2000.000000;0.000000;0.000000;0.000000;0.000000;0.000000;2.000000;-1.609329;-299.178894;2135.469238;0.000113;0.000000;0.000000;0.000000;0.000000;2.000000;0.836264;-437.716675;2217.660156;0.000217;0.000000;0.000000;0.000000;0.000000;2.000000;-16.506428;-675.273438;2275.998535;0.000820;0.000000;0.000000;0.000000;0.000000;2.000000;24.245270;-639.551331;2264.665527;0.000729;0.000000;0.000000;0.000000;0.000000;2.000000;183.455002;-646.305664;2238.600830;0.000908;0.000000;0.000000;0.000000;0.000000;2.000000;315.294647;-489.750458;2002.931641;0.000479;0.000000;0.000000;0.000000;0.000000;2.000000;129.670578;-674.574890;2007.172607;0.001485;0.000000;0.000000;0.000000;0.000000;2.000000;56.814899;-741.384644;2052.545410;0.003024;0.000000;0.000000;0.000000;0.000000;2.000000;-45.938824;-800.385010;2081.824707;0.006339;0.000000;0.000000;0.000000;0.000000;2.000000;-17.092236;-723.822266;2006.100098;0.002650;0.000000;0.000000;0.000000;0.000000;2.000000;-51.175449;-631.955933;2270.339355;0.000722;0.000000;0.000000;0.000000;0.000000;2.000000;-197.088425;-605.351868;2262.113770;0.000983;0.000000;0.000000;0.000000;0.000000;2.000000;-265.697723;-307.363037;2174.660156;0.002074;0.000000;0.000000;0.000000;0.000000;2.000000;-200.655289;-225.844559;1930.719116;0.002146;0.000000;0.000000;0.000000;0.000000;2.000000;-202.969650;-203.603836;1815.762451;0.002812;0.000000;0.000000;0.000000;0.000000;2.000000;-188.945236;-118.454926;1899.101929;0.012728;0.000000;0.000000;0.000000;0.000000;2.000000;-129.437881;-179.996902;1799.292480;0.005090;0.000000;0.000000;0.000000;0.000000;2.000000;102.318649;-142.709976;2009.243408;0.000082;0.000000;0.000000;0.000000;0.000000;2.000000;343.431091;-148.273102;1626.733398;0.000407;0.000000;0.000000;0.000000;0.000000;2.000000;286.003632;273.359955;1702.156738;0.000496;0.000000;0.000000;0.000000;0.000000;2.000000;340.741028;408.569550;1548.860352;0.000686;0.000000;0.000000;0.000000;0.000000;2.000000;-92.265221;-156.573746;1991.664917;0.000073;0.000000;0.000000;0.000000;0.000000;2.000000;-210.057190;-127.282516;1556.570435;0.000380;0.000000;0.000000;0.000000;0.000000;2.000000;-209.362900;306.878326;1603.632568;0.000584;0.000000;0.000000;0.000000;0.000000;2.000000;-270.099792;415.039764;1453.578735;0.001086;0.000000;0.000000;0.000000;0.000000;2.000000;-24.398060;-766.938110;2282.986084;0.001063;0.000000;0.000000;0.000000;0.000000;2.000000;-2.089127;-815.709961;2109.585938;0.005195;0.000000;0.000000;0.000000;0.000000;2.000000;14.941941;-857.634216;2153.738281;0.005645;0.000000;0.000000;0.000000;0.000000;2.000000;59.846684;-849.821167;2289.484375;0.003950;0.000000;0.000000;0.000000;0.000000;2.000000;-41.382351;-846.768188;2139.696045;0.005494;0.000000;0.000000;0.000000;0.000000;2.000000;-124.161140;-828.542603;2261.012207;0.004385;0.000000;0.000000;0.000000;0.000000;2.000000;19712165888.000000
0.000000;-149.999985;2000.000000;0.000000;0.000000;0.000000;0.000000;0.000000;2.000000;1.146463;-302.424774;2131.418945;0.168792;0.000000;0.000000;0.000000;0.000000;2.000000;4.544916;-439.169495;2216.138184;0.122471;0.000000;0.000000;0.000000;0.000000;2.000000;-14.737462;-676.414063;2273.823242;0.086940;0.000000;0.000000;0.000000;0.000000;2.000000;26.233395;-641.120972;2262.281982;0.099902;0.000000;0.000000;0.000000;0.000000;2.000000;184.794373;-644.358582;2233.052734;0.173209;0.000000;0.000000;0.000000;0.000000;2.000000;325.538757;-491.617432;2000.578125;0.306626;0.000000;0.000000;0.000000;0.000000;2.000000;136.979721;-672.845459;2008.429810;0.218734;0.000000;0.000000;0.000000;0.000000;2.000000;69.661865;-740.800415;2059.913086;0.425701;0.000000;0.000000;0.000000;0.000000;2.000000;-24.901054;-778.571899;1992.906250;2.698210;0.000000;0.000000;0.000000;0.000000;2.000000;-18.254520;-724.503540;1994.444336;0.337011;0.000000;0.000000;0.000000;0.000000;2.000000;-48.961117;-632.782043;2268.583984;0.084558;0.000000;0.000000;0.000000;0.000000;2.000000;-194.989243;-607.047913;2263.742188;0.090532;0.000000;0.000000;0.000000;0.000000;2.000000;-267.255676;-313.230560;2167.076660;0.279014;0.000000;0.000000;0.000000;0.000000;2.000000;-208.900452;-231.916595;1921.746826;0.391041;0.000000;0.000000;0.000000;0.000000;2.000000;-201.149734;-203.366440;1808.587646;0.212713;0.000000;0.000000;0.000000;0.000000;2.000000;-191.605255;-107.637817;1880.007690;0.634938;0.000000;0.000000;0.000000;0.000000;2.000000;-132.128204;-184.549057;1796.927124;0.166379;0.000000;0.000000;0.000000;0.000000;2.000000;102.358292;-142.926682;2007.310913;0.055865;0.000000;0.000000;0.000000;0.000000;2.000000;343.553986;-148.337845;1625.531982;0.034737;0.000000;0.000000;0.000000;0.000000;2.000000;286.280182;272.218079;1703.879150;0.059885;0.000000;0.000000;0.000000;0.000000;2.000000;341.850739;404.642517;1548.832764;0.117214;0.000000;0.000000;0.000000;0.000000;2.000000;-92.300964;-156.378296;1993.407349;0.050371;0.000000;0.000000;0.000000;0.000000;2.000000;-210.139435;-129.275040;1558.780396;0.085499;0.000000;0.000000;0.000000;0.000000;2.000000;-208.852005;304.333862;1605.764526;0.096469;0.000000;0.000000;0.000000;0.000000;2.000000;-270.796722;412.819946;1456.763672;0.113288;0.000000;0.000000;0.000000;0.000000;2.000000;-23.501530;-767.897827;2280.588867;0.078510;0.000000;0.000000;0.000000;0.000000;2.000000;4.717965;-811.680847;2106.960205;0.239389;0.000000;0.000000;0.000000;0.000000;2.000000;20.998650;-854.467224;2150.448486;0.217867;0.000000;0.000000;0.000000;0.000000;2.000000;61.606735;-849.643311;2287.488770;0.076597;0.000000;0.000000;0.000000;0.000000;2.000000;-34.957306;-844.028015;2134.996582;0.241806;0.000000;0.000000;0.000000;0.000000;2.000000;-121.514954;-830.195984;2254.003906;0.220345;0.000000;0.000000;0.000000;0.000000;2.000000;19712200704.000000
0.000000;-150.000015;2000.000000;0.000001;0.000000;0.000000;0.000000;0.000000;2.000000;0.212276;-302.293762;2131.602539;0.029328;0.000000;0.000000;0.000000;0.000000;2.000000;3.095043;-439.216248;2216.080078;0.044305;0.000000;0.000000;0.000000;0.000000;2.000000;-15.678868;-676.507629;2273.830566;0.028872;0.000000;0.000000;0.000000;0.000000;2.000000;25.227953;-641.100159;2262.390137;0.030867;0.000000;0.000000;0.000000;0.000000;2.000000;184.060196;-645.906738;2234.819092;0.075099;0.000000;0.000000;0.000000;0.000000;2.000000;323.826080;-491.356018;2002.914063;0.088754;0.000000;0.000000;0.000000;0.000000;2.000000;134.833069;-672.282715;2007.264648;0.076491;0.000000;0.000000;0.000000;0.000000;2.000000;74.933762;-741.787720;2065.430664;0.234829;0.000000;0.000000;0.000000;0.000000;2.000000;-25.680391;-802.625610;2033.229980;1.433089;0.000000;0.000000;0.000000;0.000000;2.000000;-18.516247;-722.120850;1986.736450;0.246338;0.000000;0.000000;0.000000;0.000000;2.000000;-50.014626;-632.972351;2268.470215;0.032855;0.000000;0.000000;0.000000;0.000000;2.000000;-195.716827;-605.507019;2262.968750;0.057109;0.000000;0.000000;0.000000;0.000000;2.000000;-269.162079;-312.334320;2165.149902;0.087122;0.000000;0.000000;0.000000;0.000000;2.000000;-206.763458;-232.125961;1920.427124;0.076915;0.000000;0.000000;0.000000;0.000000;2.000000;-201.485672;-204.462326;1806.895508;0.062372;0.000000;0.000000;0.000000;0.000000;2.000000;-188.651001;-106.255890;1874.343018;0.199478;0.000000;0.000000;0.000000;0.000000;2.000000;-131.888184;-182.037704;1794.148438;0.114535;0.000000;0.000000;0.000000;0.000000;2.000000;102.297920;-142.825821;2008.137085;0.025467;0.000000;0.000000;0.000000;0.000000;2.000000;341.783600;-149.013351;1625.248291;0.058472;0.000000;0.000000;0.000000;0.000000;2.000000;284.453705;271.529053;1703.834473;0.059590;0.000000;0.000000;0.000000;0.000000;2.000000;339.248566;404.511963;1548.965088;0.079614;0.000000;0.000000;0.000000;0.000000;2.000000;-92.246529;-156.469330;1992.662476;0.022961;0.000000;0.000000;0.000000;0.000000;2.000000;-212.453659;-130.776627;1558.558105;0.084462;0.000000;0.000000;0.000000;0.000000;2.000000;-213.378174;303.094421;1603.436279;0.159870;0.000000;0.000000;0.000000;0.000000;2.000000;-273.091187;414.092590;1455.355347;0.090877;0.000000;0.000000;0.000000;0.000000;2.000000;-24.201984;-768.020752;2280.616455;0.021719;0.000000;0.000000;0.000000;0.000000;2.000000;2.862209;-807.587524;2105.779541;0.141810;0.000000;0.000000;0.000000;0.000000;2.000000;18.395618;-851.852661;2148.051758;0.134264;0.000000;0.000000;0.000000;0.000000;2.000000;59.337162;-851.549072;2285.090576;0.116345;0.000000;0.000000;0.000000;0.000000;2.000000;-37.381493;-839.923218;2133.018311;0.157512;0.000000;0.000000;0.000000;0.000000;2.000000;-123.451881;-827.683838;2252.568604;0.106255;0.000000;0.000000;0.000000;0.000000;2.000000;19712233472.000000
0.000000;-149.999985;2000.000000;0.000001;0.000000;0.000000;0.000000;0.000000;2.000000;-0.156911;-302.424042;2131.758789;0.012864;0.000000;0.000000;0.000000;0.000000;2.000000;2.451718;-439.782806;2215.841797;0.027153;0.000000;0.000000;0.000000;0.000000;2.000000;-17.606823;-677.791992;2271.193359;0.107123;0.000000;0.000000;0.000000;0.000000;2.000000;23.533489;-642.438293;2260.164063;0.094640;0.000000;0.000000;0.000000;0.000000;2.000000;182.748001;-647.872925;2234.010010;0.076247;0.000000;0.000000;0.000000;0.000000;2.000000;324.879730;-493.096863;2003.278076;0.063085;0.000000;0.000000;0.000000;0.000000;2.000000;134.715652;-673.169800;2007.717041;0.030599;0.000000;0.000000;0.000000;0.000000;2.000000;68.686104;-743.201294;2058.327637;0.291893;0.000000;0.000000;0.000000;0.000000;2.000000;-22.094400;-822.508118;2077.309570;1.479767;0.000000;0.000000;0.000000;0.000000;2.000000;-18.723364;-721.180298;1980.171509;0.202490;0.000000;0.000000;0.000000;0.000000;2.000000;-51.752068;-633.990417;2266.221680;0.092116;0.000000;0.000000;0.000000;0.000000;2.000000;-197.443100;-605.554443;2261.406982;0.071057;0.000000;0.000000;0.000000;0.000000;2.000000;-269.023865;-310.418671;2167.144531;0.084503;0.000000;0.000000;0.000000;0.000000;2.000000;-206.622772;-228.639908;1922.656250;0.126349;0.000000;0.000000;0.000000;0.000000;2.000000;-203.076584;-202.946762;1808.475952;0.082599;0.000000;0.000000;0.000000;0.000000;2.000000;-195.521942;-101.953918;1872.744263;0.252159;0.000000;0.000000;0.000000;0.000000;2.000000;-132.392456;-177.974365;1795.697632;0.133599;0.000000;0.000000;0.000000;0.000000;2.000000;102.419250;-143.079453;2008.127930;0.008585;0.000000;0.000000;0.000000;0.000000;2.000000;342.281708;-149.830887;1624.953247;0.030571;0.000000;0.000000;0.000000;0.000000;2.000000;284.963013;271.343628;1702.520508;0.043377;0.000000;0.000000;0.000000;0.000000;2.000000;339.962738;404.468628;1547.558228;0.048167;0.000000;0.000000;0.000000;0.000000;2.000000;-92.355942;-156.240524;1992.670654;0.007744;0.000000;0.000000;0.000000;0.000000;2.000000;-211.810501;-129.956390;1557.926758;0.037189;0.000000;0.000000;0.000000;0.000000;2.000000;-212.561417;304.291443;1603.388428;0.044248;0.000000;0.000000;0.000000;0.000000;2.000000;-272.003784;414.828857;1454.600952;0.046218;0.000000;0.000000;0.000000;0.000000;2.000000;-26.602907;-769.417358;2277.037109;0.138264;0.000000;0.000000;0.000000;0.000000;2.000000;-5.096511;-793.975342;2098.526855;0.529666;0.000000;0.000000;0.000000;0.000000;2.000000;17.514177;-838.969543;2136.735352;0.523990;0.000000;0.000000;0.000000;0.000000;2.000000;65.759445;-843.185913;2271.462402;0.525855;0.000000;0.000000;0.000000;0.000000;2.000000;-40.035751;-832.419556;2125.270020;0.338987;0.000000;0.000000;0.000000;0.000000;2.000000;-120.247429;-837.950562;2249.484619;0.341449;0.000000;0.000000;0.000000;0.000000;2.000000;19712266240.000000
0.000000;-150.000000;2000.000000;0.000000;0.000000;0.000000;0.000000;0.000000;2.000000;-0.155850;-302.428162;2131.765625;0.000246;0.000000;0.000000;0.000000;0.000000;2.000000;2.453136;-439.786377;2215.861328;0.000607;0.000000;0.000000;0.000000;0.000000;2.000000;-17.600807;-677.796387;2271.251709;0.001795;0.000000;0.000000;0.000000;0.000000;2.000000;23.540314;-642.442017;2260.217773;0.001656;0.000000;0.000000;0.000000;0.000000;2.000000;182.762665;-647.879883;2234.074219;0.002021;0.000000;0.000000;0.000000;0.000000;2.000000;324.919434;-493.122559;2003.329102;0.002123;0.000000;0.000000;0.000000;0.000000;2.000000;134.749451;-673.203735;2007.765015;0.002069;0.000000;0.000000;0.000000;0.000000;2.000000;68.701180;-743.246216;2058.344238;0.001532;0.000000;0.000000;0.000000;0.000000;2.000000;-22.210545;-822.491943;2076.979980;0.010676;0.000000;0.000000;0.000000;0.000000;2.000000;-18.689751;-721.209045;1980.169434;0.001351;0.000000;0.000000;0.000000;0.000000;2.000000;-51.748425;-633.994812;2266.272461;0.001559;0.000000;0.000000;0.000000;0.000000;2.000000;-197.445923;-605.563171;2261.455078;0.001494;0.000000;0.000000;0.000000;0.000000;2.000000;-269.041138;-310.431946;2167.148926;0.000678;0.000000;0.000000;0.000000;0.000000;2.000000;-206.639374;-228.692719;1922.636597;0.001793;0.000000;0.000000;0.000000;0.000000;2.000000;-203.090347;-203.044800;1808.441650;0.003197;0.000000;0.000000;0.000000;0.000000;2.000000;-195.571899;-102.155609;1872.885010;0.007659;0.000000;0.000000;0.000000;0.000000;2.000000;-132.401703;-178.077469;1795.658813;0.003374;0.000000;0.000000;0.000000;0.000000;2.000000;102.422997;-143.077850;2008.128662;0.000126;0.000000;0.000000;0.000000;0.000000;2.000000;342.314453;-149.813080;1624.951660;0.001139;0.000000;0.000000;0.000000;0.000000;2.000000;284.964661;271.371094;1702.535278;0.000953;0.000000;0.000000;0.000000;0.000000;2.000000;339.962769;404.534973;1547.594727;0.002311;0.000000;0.000000;0.000000;0.000000;2.000000;-92.359322;-156.242035;1992.669922;0.000115;0.000000;0.000000;0.000000;0.000000;2.000000;-211.808258;-129.968582;1557.905884;0.000741;0.000000;0.000000;0.000000;0.000000;2.000000;-212.569092;304.297119;1603.356079;0.001029;0.000000;0.000000;0.000000;0.000000;2.000000;-272.010254;414.824768;1454.551270;0.001534;0.000000;0.000000;0.000000;0.000000;2.000000;-26.594898;-769.424500;2277.110352;0.002259;0.000000;0.000000;0.000000;0.000000;2.000000;-5.040970;-794.229797;2098.633057;0.008584;0.000000;0.000000;0.000000;0.000000;2.000000;17.568905;-839.168396;2136.911377;0.008275;0.000000;0.000000;0.000000;0.000000;2.000000;65.784500;-843.188293;2271.660645;0.006098;0.000000;0.000000;0.000000;0.000000;2.000000;-39.981548;-832.643799;2125.422363;0.008437;0.000000;0.000000;0.000000;0.000000;2.000000;-120.225014;-838.014343;2249.629883;0.004890;0.000000;0.000000;0.000000;0.000000;2.000000;19712299008.000000
0.000000;-150.000015;2000.000000;0.000000;0.000000;0.000000;0.000000;0.000000;2.000000;-0.155513;-302.428040;2131.766113;0.000017;0.000000;0.000000;0.000000;0.000000;2.000000;2.453761;-439.785858;2215.862793;0.000048;0.000000;0.000000;0.000000;0.000000;2.000000;-17.598593;-677.795776;2271.256104;0.000142;0.000000;0.000000;0.000000;0.000000;2.000000;23.542366;-642.441040;2260.222168;0.000142;0.000000;0.000000;0.000000;0.000000;2.000000;182.765396;-647.878540;2234.081299;0.000221;0.000000;0.000000;0.000000;0.000000;2.000000;324.924469;-493.124115;2003.335205;0.000232;0.000000;0.000000;0.000000;0.000000;2.000000;134.755966;-673.207275;2007.776489;0.000392;0.000000;0.000000;0.000000;0.000000;2.000000;68.713112;-743.252197;2058.359863;0.000590;0.000000;0.000000;0.000000;0.000000;2.000000;-22.206753;-822.494019;2076.973633;0.000221;0.000000;0.000000;0.000000;0.000000;2.000000;-18.687496;-721.219727;1980.206299;0.001104;0.000000;0.000000;0.000000;0.000000;2.000000;-51.746597;-633.994507;2266.276367;0.000124;0.000000;0.000000;0.000000;0.000000;2.000000;-197.444443;-605.563904;2261.457031;0.000073;0.000000;0.000000;0.000000;0.000000;2.000000;-269.039703;-310.433594;2167.146729;0.000089;0.000000;0.000000;0.000000;0.000000;2.000000;-206.635345;-228.698914;1922.632935;0.000237;0.000000;0.000000;0.000000;0.000000;2.000000;-203.083725;-203.055038;1808.437012;0.000375;0.000000;0.000000;0.000000;0.000000;2.000000;-195.566666;-102.171204;1872.889404;0.000489;0.000000;0.000000;0.000000;0.000000;2.000000;-132.393723;-178.090057;1795.654785;0.000443;0.000000;0.000000;0.000000;0.000000;2.000000;102.423088;-143.077454;2008.129028;0.000016;0.000000;0.000000;0.000000;0.000000;2.000000;342.316254;-149.812027;1624.952393;0.000063;0.000000;0.000000;0.000000;0.000000;2.000000;284.963989;271.372375;1702.534912;0.000043;0.000000;0.000000;0.000000;0.000000;2.000000;339.962402;404.537964;1547.595703;0.000091;0.000000;0.000000;0.000000;0.000000;2.000000;-92.359398;-156.242401;1992.669922;0.000011;0.000000;0.000000;0.000000;0.000000;2.000000;-211.806244;-129.971497;1557.904541;0.000109;0.000000;0.000000;0.000000;0.000000;2.000000;-212.570007;304.294983;1603.352539;0.000122;0.000000;0.000000;0.000000;0.000000;2.000000;-272.011322;414.819763;1454.545288;0.000226;0.000000;0.000000;0.000000;0.000000;2.000000;-26.591946;-769.423950;2277.115479;0.000171;0.000000;0.000000;0.000000;0.000000;2.000000;-5.025524;-794.237915;2098.640625;0.000546;0.000000;0.000000;0.000000;0.000000;2.000000;17.586437;-839.172119;2136.922852;0.000611;0.000000;0.000000;0.000000;0.000000;2.000000;65.794823;-843.179443;2271.675293;0.000574;0.000000;0.000000;0.000000;0.000000;2.000000;-39.964054;-832.653687;2125.430420;0.000622;0.000000;0.000000;0.000000;0.000000;2.000000;-120.214180;-838.024292;2249.634033;0.000439;0.000000;0.000000;0.000000;0.000000;2.000000;19712333824.000000
0.000000;-150.000000;2000.000000;0.000000;0.000000;0.000000;0.000000;0.000000;2.000000;-0.284002;-302.088257;2131.763672;0.011086;0.000000;0.000000;0.000000;0.000000;2.000000;1.705188;-437.758789;2218.188721;0.096887;0.000000;0.000000;0.000000;0.000000;2.000000;-17.975275;-676.575378;2268.631348;0.089081;0.000000;0.000000;0.000000;0.000000;2.000000;23.091425;-640.895630;2258.787109;0.065815;0.000000;0.000000;0.000000;0.000000;2.000000;183.262054;-652.248474;2244.138916;0.334997;0.000000;0.000000;0.000000;0.000000;2.000000;323.445007;-501.580994;2010.044189;0.332513;0.000000;0.000000;0.000000;0.000000;2.000000;137.483536;-685.481140;2016.123047;0.460555;0.000000;0.000000;0.000000;0.000000;2.000000;70.026703;-757.050415;2062.207031;0.438984;0.000000;0.000000;0.000000;0.000000;2.000000;-14.613139;-838.208008;2095.426270;0.775106;0.000000;0.000000;0.000000;0.000000;2.000000;-9.143936;-742.659546;1987.656372;0.751408;0.000000;0.000000;0.000000;0.000000;2.000000;-52.201340;-632.876587;2264.108398;0.075722;0.000000;0.000000;0.000000;0.000000;2.000000;-198.445557;-608.215881;2261.400879;0.086523;0.000000;0.000000;0.000000;0.000000;2.000000;-270.453888;-311.776459;2173.074463;0.190439;0.000000;0.000000;0.000000;0.000000;2.000000;-205.970779;-235.735825;1927.633423;0.264228;0.000000;0.000000;0.000000;0.000000;2.000000;-205.485291;-205.860245;1814.571411;0.218510;0.000000;0.000000;0.000000;0.000000;2.000000;-201.282944;-113.924713;1891.262329;0.688092;0.000000;0.000000;0.000000;0.000000;2.000000;-130.663651;-188.096527;1802.136841;0.367657;0.000000;0.000000;0.000000;0.000000;2.000000;102.393288;-143.797668;2007.379761;0.031729;0.000000;0.000000;0.000000;0.000000;2.000000;340.918030;-149.186508;1624.011230;0.054865;0.000000;0.000000;0.000000;0.000000;2.000000;283.462494;270.612000;1705.829956;0.112915;0.000000;0.000000;0.000000;0.000000;2.000000;338.954926;403.259766;1550.992920;0.114958;0.000000;0.000000;0.000000;0.000000;2.000000;-92.332527;-155.592911;1993.345337;0.028608;0.000000;0.000000;0.000000;0.000000;2.000000;-213.301437;-132.202133;1559.438477;0.094379;0.000000;0.000000;0.000000;0.000000;2.000000;-214.125214;301.493958;1604.956665;0.109343;0.000000;0.000000;0.000000;0.000000;2.000000;-273.631622;411.448059;1456.078979;0.123383;0.000000;0.000000;0.000000;0.000000;2.000000;-26.642578;-768.217651;2272.593750;0.142827;0.000000;0.000000;0.000000;0.000000;2.000000;2.238426;-804.535278;2097.389404;0.386462;0.000000;0.000000;0.000000;0.000000;2.000000;23.702703;-846.491089;2139.397461;0.300718;0.000000;0.000000;0.000000;0.000000;2.000000;66.468170;-840.946350;2275.728760;0.142719;0.000000;0.000000;0.000000;0.000000;2.000000;-33.328873;-841.459961;2125.263184;0.336530;0.000000;0.000000;0.000000;0.000000;2.000000;-118.314804;-839.538818;2246.147705;0.129676;0.000000;0.000000;0.000000;0.000000;2.000000;19712366592.000000
0.000000;-150.000015;2000.000000;0.000000;0.000000;0.000000;0.000000;0.000000;2.000000;-0.690495;-302.044617;2131.857666;0.012802;0.000000;0.000000;0.000000;0.000000;2.000000;0.971015;-437.638245;2218.453857;0.024104;0.000000;0.000000;0.000000;0.000000;2.000000;-19.951714;-676.282959;2269.381836;0.065132;0.000000;0.000000;0.000000;0.000000;2.000000;21.320709;-640.777344;2259.724121;0.061244;0.000000;0.000000;0.000000;0.000000;2.000000;181.905609;-649.230225;2247.610840;0.146370;0.000000;0.000000;0.000000;0.000000;2.000000;323.371124;-501.494598;2012.361084;0.070791;0.000000;0.000000;0.000000;0.000000;2.000000;139.741150;-687.590942;2022.661987;0.220712;0.000000;0.000000;0.000000;0.000000;2.000000;72.230324;-760.059692;2067.275391;0.192043;0.000000;0.000000;0.000000;0.000000;2.000000;-17.215967;-840.190430;2088.174561;0.242786;0.000000;0.000000;0.000000;0.000000;2.000000;-8.124336;-743.016602;1990.800659;0.101462;0.000000;0.000000;0.000000;0.000000;2.000000;-53.986874;-632.461975;2264.512939;0.057286;0.000000;0.000000;0.000000;0.000000;2.000000;-200.209625;-607.609375;2261.264404;0.057080;0.000000;0.000000;0.000000;0.000000;2.000000;-270.657349;-311.541290;2170.306152;0.085013;0.000000;0.000000;0.000000;0.000000;2.000000;-206.835556;-234.442490;1924.980713;0.093850;0.000000;0.000000;0.000000;0.000000;2.000000;-199.418839;-207.623138;1811.378296;0.216020;0.000000;0.000000;0.000000;0.000000;2.000000;-200.846939;-106.655640;1875.868652;0.519691;0.000000;0.000000;0.000000;0.000000;2.000000;-133.055481;-184.207077;1800.200195;0.151360;0.000000;0.000000;0.000000;0.000000;2.000000;102.406395;-143.939850;2007.524292;0.006200;0.000000;0.000000;0.000000;0.000000;2.000000;341.218842;-150.674408;1624.278198;0.047037;0.000000;0.000000;0.000000;0.000000;2.000000;284.049896;269.457153;1704.913086;0.048439;0.000000;0.000000;0.000000;0.000000;2.000000;338.898346;402.566528;1550.200562;0.032176;0.000000;0.000000;0.000000;0.000000;2.000000;-92.344353;-155.464737;1993.215088;0.005588;0.000000;0.000000;0.000000;0.000000;2.000000;-212.948120;-132.561432;1559.111816;0.018327;0.000000;0.000000;0.000000;0.000000;2.000000;-213.941254;301.171814;1604.883545;0.011539;0.000000;0.000000;0.000000;0.000000;2.000000;-273.497009;411.693787;1456.409424;0.013221;0.000000;0.000000;0.000000;0.000000;2.000000;-28.991152;-767.895020;2273.520996;0.077683;0.000000;0.000000;0.000000;0.000000;2.000000;2.420586;-805.096985;2098.911133;0.049813;0.000000;0.000000;0.000000;0.000000;2.000000;24.224348;-846.303406;2141.496094;0.066242;0.000000;0.000000;0.000000;0.000000;2.000000;65.440376;-838.841858;2278.234131;0.104663;0.000000;0.000000;0.000000;0.000000;2.000000;-32.747089;-842.460938;2126.724365;0.056893;0.000000;0.000000;0.000000;0.000000;2.000000;-119.040375;-841.151978;2246.714111;0.056680;0.000000;0.000000;0.000000;0.000000;2.000000;19712399360.000000
0.000000;-150.000000;2000.000000;0.000000;0.000000;0.000000;0.000000;0.000000;2.000000;-0.745977;-301.999084;2131.904297;0.002458;0.000000;0.000000;0.000000;0.000000;2.000000;0.841510;-437.421600;2218.764160;0.011489;0.000000;0.000000;0.000000;0.000000;2.000000;-20.591240;-675.818115;2270.613770;0.042044;0.000000;0.000000;0.000000;0.000000;2.000000;20.758780;-640.429565;2260.864502;0.037857;0.000000;0.000000;0.000000;0.000000;2.000000;181.358932;-649.550842;2249.498047;0.057180;0.000000;0.000000;0.000000;0.000000;2.000000;324.553894;-504.315063;2013.745728;0.096429;0.000000;0.000000;0.000000;0.000000;2.000000;139.911240;-689.314575;2025.486694;0.095170;0.000000;0.000000;0.000000;0.000000;2.000000;72.388840;-761.594910;2070.382813;0.099655;0.000000;0.000000;0.000000;0.000000;2.000000;-18.287552;-840.848145;2089.211914;0.046818;0.000000;0.000000;0.000000;0.000000;2.000000;-8.180720;-744.252869;1993.792603;0.092997;0.000000;0.000000;0.000000;0.000000;2.000000;-54.537308;-631.953674;2265.530273;0.036289;0.000000;0.000000;0.000000;0.000000;2.000000;-200.737244;-607.024048;2261.976318;0.030503;0.000000;0.000000;0.000000;0.000000;2.000000;-270.725311;-311.327209;2169.487793;0.024375;0.000000;0.000000;0.000000;0.000000;2.000000;-207.031448;-234.411316;1924.076538;0.026588;0.000000;0.000000;0.000000;0.000000;2.000000;-200.754959;-207.091019;1810.526855;0.048004;0.000000;0.000000;0.000000;0.000000;2.000000;-203.152267;-101.795807;1867.642212;0.282309;0.000000;0.000000;0.000000;0.000000;2.000000;-136.035065;-182.209106;1798.645020;0.112306;0.000000;0.000000;0.000000;0.000000;2.000000;102.406815;-143.974701;2007.522339;0.001003;0.000000;0.000000;0.000000;0.000000;2.000000;341.246429;-150.598404;1624.300415;0.002408;0.000000;0.000000;0.000000;0.000000;2.000000;283.882202;269.469940;1705.085449;0.006917;0.000000;0.000000;0.000000;0.000000;2.000000;338.219299;403.431732;1550.934082;0.037972;0.000000;0.000000;0.000000;0.000000;2.000000;-92.344734;-155.433273;1993.216675;0.000905;0.000000;0.000000;0.000000;0.000000;2.000000;-213.191589;-132.513321;1559.190186;0.007475;0.000000;0.000000;0.000000;0.000000;2.000000;-213.887924;301.225372;1604.843262;0.002460;0.000000;0.000000;0.000000;0.000000;2.000000;-273.326508;411.360382;1456.039551;0.015118;0.000000;0.000000;0.000000;0.000000;2.000000;-29.808210;-767.394287;2275.105713;0.053192;0.000000;0.000000;0.000000;0.000000;2.000000;-1.600781;-802.398499;2099.500488;0.140125;0.000000;0.000000;0.000000;0.000000;2.000000;19.924219;-844.731689;2141.109375;0.131970;0.000000;0.000000;0.000000;0.000000;2.000000;63.174980;-840.343628;2277.348877;0.082103;0.000000;0.000000;0.000000;0.000000;2.000000;-37.152512;-839.473389;2127.209961;0.153521;0.000000;0.000000;0.000000;0.000000;2.000000;-121.729179;-838.328613;2248.414307;0.122169;0.000000;0.000000;0.000000;0.000000;2.000000;19712434176.000000
0.000000;-149.999985;2000.000000;0.000000;0.000000;0.000000;0.000000;0.000000;2.000000;-0.911848;-302.321289;2132.051758;0.011940;0.000000;0.000000;0.000000;0.000000;2.000000;0.508010;-437.751831;2219.405273;0.024248;0.000000;0.000000;0.000000;0.000000;2.000000;-21.532757;-676.084229;2273.216797;0.084864;0.000000;0.000000;0.000000;0.000000;2.000000;19.979309;-640.782104;2263.312988;0.079151;0.000000;0.000000;0.000000;0.000000;2.000000;180.896667;-650.728271;2253.334473;0.123278;0.000000;0.000000;0.000000;0.000000;2.000000;325.938416;-509.526733;2015.570679;0.173733;0.000000;0.000000;0.000000;0.000000;2.000000;140.755569;-694.459473;2029.522583;0.201211;0.000000;0.000000;0.000000;0.000000;2.000000;74.263748;-767.445679;2075.252441;0.239247;0.000000;0.000000;0.000000;0.000000;2.000000;-11.224516;-850.302734;2102.356445;0.539095;0.000000;0.000000;0.000000;0.000000;2.000000;-0.433050;-757.797974;1990.678345;0.485599;0.000000;0.000000;0.000000;0.000000;2.000000;-55.447063;-632.135376;2267.641113;0.070365;0.000000;0.000000;0.000000;0.000000;2.000000;-201.921173;-607.557983;2262.702393;0.045408;0.000000;0.000000;0.000000;0.000000;2.000000;-272.550903;-312.458191;2167.002686;0.100234;0.000000;0.000000;0.000000;0.000000;2.000000;-207.310883;-235.811874;1921.428833;0.091807;0.000000;0.000000;0.000000;0.000000;2.000000;-199.270599;-207.539078;1808.019531;0.089966;0.000000;0.000000;0.000000;0.000000;2.000000;-200.780731;-109.736694;1877.561157;0.394454;0.000000;0.000000;0.000000;0.000000;2.000000;-132.928146;-183.227966;1797.458984;0.106145;0.000000;0.000000;0.000000;0.000000;2.000000;102.577286;-144.014145;2007.612915;0.006013;0.000000;0.000000;0.000000;0.000000;2.000000;341.626404;-150.627609;1623.620850;0.023777;0.000000;0.000000;0.000000;0.000000;2.000000;284.081726;270.091064;1704.798340;0.021752;0.000000;0.000000;0.000000;0.000000;2.000000;338.002533;404.961121;1550.802246;0.047311;0.000000;0.000000;0.000000;0.000000;2.000000;-92.498459;-155.397690;1993.135132;0.005420;0.000000;0.000000;0.000000;0.000000;2.000000;-213.081940;-131.918137;1558.271729;0.033567;0.000000;0.000000;0.000000;0.000000;2.000000;-213.605789;302.491211;1604.603516;0.040249;0.000000;0.000000;0.000000;0.000000;2.000000;-272.933777;412.303223;1455.088379;0.042593;0.000000;0.000000;0.000000;0.000000;2.000000;-30.928589;-767.760864;2278.433594;0.107742;0.000000;0.000000;0.000000;0.000000;2.000000;-3.715075;-810.310547;2104.024902;0.285533;0.000000;0.000000;0.000000;0.000000;2.000000;18.238316;-850.820801;2147.351563;0.271048;0.000000;0.000000;0.000000;0.000000;2.000000;62.434376;-840.426636;2283.215332;0.180469;0.000000;0.000000;0.000000;0.000000;2.000000;-39.039093;-846.307739;2133.592773;0.291132;0.000000;0.000000;0.000000;0.000000;2.000000;-122.971985;-840.141479;2255.396973;0.223402;0.000000;0.000000;0.000000;0.000000;2.000000;19712466944.000000
0.000000;-150.000000;2000.000000;0.000000;0.000000;0.000000;0.000000;0.000000;2.000000;-0.913140;-302.322144;2132.055176;0.000115;0.000000;0.000000;0.000000;0.000000;2.000000;0.505129;-437.751221;2219.415527;0.000326;0.000000;0.000000;0.000000;0.000000;2.000000;-21.546997;-676.082397;2273.244141;0.000943;0.000000;0.000000;0.000000;0.000000;2.000000;19.967323;-640.782227;2263.337891;0.000843;0.000000;0.000000;0.000000;0.000000;2.000000;180.886963;-650.743408;2253.373535;0.001312;0.000000;0.000000;0.000000;0.000000;2.000000;325.976440;-509.573730;2015.614014;0.002270;0.000000;0.000000;0.000000;0.000000;2.000000;140.764221;-694.483276;2029.553589;0.001222;0.000000;0.000000;0.000000;0.000000;2.000000;74.255051;-767.470764;2075.259766;0.000841;0.000000;0.000000;0.000000;0.000000;2.000000;-11.358833;-850.277954;2102.126465;0.008163;0.000000;0.000000;0.000000;0.000000;2.000000;-0.421865;-757.811523;1990.674194;0.000551;0.000000;0.000000;0.000000;0.000000;2.000000;-55.459805;-632.131775;2267.664551;0.000821;0.000000;0.000000;0.000000;0.000000;2.000000;-201.934921;-607.546875;2262.729980;0.001000;0.000000;0.000000;0.000000;0.000000;2.000000;-272.547668;-312.435394;2167.038574;0.001301;0.000000;0.000000;0.000000;0.000000;2.000000;-207.320999;-235.784561;1921.458252;0.001263;0.000000;0.000000;0.000000;0.000000;2.000000;-199.297409;-207.506729;1808.047119;0.001534;0.000000;0.000000;0.000000;0.000000;2.000000;-200.794174;-109.664642;1877.536133;0.002364;0.000000;0.000000;0.000000;0.000000;2.000000;-132.968567;-183.196655;1797.472778;0.001616;0.000000;0.000000;0.000000;0.000000;2.000000;102.578850;-144.014923;2007.612915;0.000053;0.000000;0.000000;0.000000;0.000000;2.000000;341.636963;-150.630447;1623.618652;0.000340;0.000000;0.000000;0.000000;0.000000;2.000000;284.090393;270.095490;1704.790894;0.000374;0.000000;0.000000;0.000000;0.000000;2.000000;338.022522;404.962677;1550.791992;0.000687;0.000000;0.000000;0.000000;0.000000;2.000000;-92.499863;-155.397003;1993.135132;0.000048;0.000000;0.000000;0.000000;0.000000;2.000000;-213.087891;-131.920517;1558.265869;0.000265;0.000000;0.000000;0.000000;0.000000;2.000000;-213.608398;302.495758;1604.592529;0.000371;0.000000;0.000000;0.000000;0.000000;2.000000;-272.939850;412.308990;1455.075684;0.000464;0.000000;0.000000;0.000000;0.000000;2.000000;-30.947041;-767.759583;2278.467041;0.001166;0.000000;0.000000;0.000000;0.000000;2.000000;-3.740700;-810.403931;2104.077637;0.003365;0.000000;0.000000;0.000000;0.000000;2.000000;18.214745;-850.891479;2147.425293;0.003199;0.000000;0.000000;0.000000;0.000000;2.000000;62.417267;-840.424194;2283.283691;0.002152;0.000000;0.000000;0.000000;0.000000;2.000000;-39.064075;-846.385620;2133.666504;0.003361;0.000000;0.000000;0.000000;0.000000;2.000000;-122.992966;-840.153442;2255.472656;0.002424;0.000000;0.000000;0.000000;0.000000;2.000000;19712499712.000000
0.000000;-150.000015;2000.000000;0.000000;0.000000;0.000000;0.000000;0.000000;2.000000;-1.731541;-305.011383;2129.697754;0.111959;0.000000;0.000000;0.000000;0.000000;2.000000;-0.969780;-441.791779;2215.724609;0.172969;0.000000;0.000000;0.000000;0.000000;2.000000;-27.880863;-678.920654;2275.261719;0.220581;0.000000;0.000000;0.000000;0.000000;2.000000;14.473648;-644.463440;2265.140137;0.209173;0.000000;0.000000;0.000000;0.000000;2.000000;175.978302;-647.916870;2253.572754;0.172968;0.000000;0.000000;0.000000;0.000000;2.000000;337.680939;-538.371704;2008.891113;0.970591;0.000000;0.000000;0.000000;0.000000;2.000000;138.378998;-708.268127;2030.362427;0.427644;0.000000;0.000000;0.000000;0.000000;2.000000;72.062248;-781.346558;2076.870117;0.431518;0.000000;0.000000;0.000000;0.000000;2.000000;-18.045139;-855.690063;2113.474609;0.434571;0.000000;0.000000;0.000000;0.000000;2.000000;-1.468506;-768.225952;2018.464722;0.906259;0.000000;0.000000;0.000000;0.000000;2.000000;-61.056564;-634.470093;2268.008789;0.185405;0.000000;0.000000;0.000000;0.000000;2.000000;-206.869614;-605.958435;2256.858154;0.239038;0.000000;0.000000;0.000000;0.000000;2.000000;-275.648102;-309.689697;2160.653809;0.232248;0.000000;0.000000;0.000000;0.000000;2.000000;-204.374435;-229.970444;1916.992065;0.241133;0.000000;0.000000;0.000000;0.000000;2.000000;-200.330826;-205.104630;1802.262573;0.193730;0.000000;0.000000;0.000000;0.000000;2.000000;-194.247559;-100.269775;1861.013550;0.613485;0.000000;0.000000;0.000000;0.000000;2.000000;-136.896194;-184.155869;1786.985840;0.342997;0.000000;0.000000;0.000000;0.000000;2.000000;102.807632;-144.217560;2008.283569;0.022492;0.000000;0.000000;0.000000;0.000000;2.000000;343.640137;-151.968307;1624.032227;0.074588;0.000000;0.000000;0.000000;0.000000;2.000000;281.637848;269.898376;1701.930176;0.115151;0.000000;0.000000;0.000000;0.000000;2.000000;338.463898;404.120483;1547.651123;0.100148;0.000000;0.000000;0.000000;0.000000;2.000000;-92.706169;-155.214310;1992.530396;0.020281;0.000000;0.000000;0.000000;0.000000;2.000000;-214.462692;-132.115753;1556.745361;0.062841;0.000000;0.000000;0.000000;0.000000;2.000000;-216.066040;303.443481;1603.039551;0.093316;0.000000;0.000000;0.000000;0.000000;2.000000;-278.879181;414.041260;1454.869019;0.188911;0.000000;0.000000;0.000000;0.000000;2.000000;-38.901615;-770.511658;2282.631836;0.286597;0.000000;0.000000;0.000000;0.000000;2.000000;-4.258204;-829.896362;2114.063232;0.668561;0.000000;0.000000;0.000000;0.000000;2.000000;15.053333;-866.465332;2162.135254;0.660846;0.000000;0.000000;0.000000;0.000000;2.000000;53.180935;-843.690918;2298.720215;0.557952;0.000000;0.000000;0.000000;0.000000;2.000000;-41.592674;-862.588013;2145.258057;0.612845;0.000000;0.000000;0.000000;0.000000;2.000000;-131.191498;-843.844116;2262.110352;0.341055;0.000000;0.000000;0.000000;0.000000;2.000000;19712532480.000000
0.000000;-150.000015;2000.000000;0.000000;0.000000;0.000000;0.000000;0.000000;2.000000;-1.598264;-305.112488;2130.097656;0.012451;0.000000;0.000000;0.000000;0.000000;2.000000;-0.798844;-441.706299;2216.917969;0.034713;0.000000;0.000000;0.000000;0.000000;2.000000;-28.430511;-678.405823;2279.435059;0.121805;0.000000;0.000000;0.000000;0.000000;2.000000;14.086238;-644.174561;2268.740723;0.104345;0.000000;0.000000;0.000000;0.000000;2.000000;175.749283;-648.485229;2255.992188;0.071686;0.000000;0.000000;0.000000;0.000000;2.000000;335.648895;-545.703125;2006.575806;0.228410;0.000000;0.000000;0.000000;0.000000;2.000000;135.506195;-714.311157;2034.667236;0.228524;0.000000;0.000000;0.000000;0.000000;2.000000;71.062904;-787.786011;2083.545898;0.267953;0.000000;0.000000;0.000000;0.000000;2.000000;-20.465221;-861.441528;2118.661621;0.233061;0.000000;0.000000;0.000000;0.000000;2.000000;-0.418018;-778.295776;2014.929077;0.308021;0.000000;0.000000;0.000000;0.000000;2.000000;-61.519474;-633.844421;2271.766602;0.110224;0.000000;0.000000;0.000000;0.000000;2.000000;-207.436554;-604.424683;2261.059326;0.129486;0.000000;0.000000;0.000000;0.000000;2.000000;-275.595459;-308.762756;2160.884277;0.027476;0.000000;0.000000;0.000000;0.000000;2.000000;-206.421890;-230.254044;1915.748901;0.069280;0.000000;0.000000;0.000000;0.000000;2.000000;-205.022934;-205.308075;1800.775879;0.141493;0.000000;0.000000;0.000000;0.000000;2.000000;-201.547379;-108.520935;1872.518433;0.457518;0.000000;0.000000;0.000000;0.000000;2.000000;-136.913666;-184.126801;1785.875000;0.031921;0.000000;0.000000;0.000000;0.000000;2.000000;102.984619;-144.190735;2008.191528;0.005781;0.000000;0.000000;0.000000;0.000000;2.000000;343.790894;-152.627274;1623.055908;0.034108;0.000000;0.000000;0.000000;0.000000;2.000000;282.391327;269.802063;1702.349487;0.024921;0.000000;0.000000;0.000000;0.000000;2.000000;338.930634;405.328613;1548.624634;0.046537;0.000000;0.000000;0.000000;0.000000;2.000000;-92.865753;-155.238495;1992.613403;0.005213;0.000000;0.000000;0.000000;0.000000;2.000000;-214.353394;-134.125153;1555.876465;0.062958;0.000000;0.000000;0.000000;0.000000;2.000000;-215.984116;302.189941;1601.888916;0.048930;0.000000;0.000000;0.000000;0.000000;2.000000;-278.302826;414.501282;1454.375122;0.025492;0.000000;0.000000;0.000000;0.000000;2.000000;-39.787228;-770.012329;2287.934082;0.155068;0.000000;0.000000;0.000000;0.000000;2.000000;-9.701107;-844.731079;2124.338867;0.541387;0.000000;0.000000;0.000000;0.000000;2.000000;7.327847;-878.678101;2175.250977;0.560534;0.000000;0.000000;0.000000;0.000000;2.000000;47.421120;-847.801636;2309.917480;0.380453;0.000000;0.000000;0.000000;0.000000;2.000000;-49.085205;-872.362244;2157.991211;0.508806;0.000000;0.000000;0.000000;0.000000;2.000000;-136.981247;-838.531982;2273.040527;0.386643;0.000000;0.000000;0.000000;0.000000;2.000000;19712567296.000000
0.000000;-149.999985;2000.000000;0.000001;0.000000;0.000000;0.000000;0.000000;2.000000;-1.484947;-309.307251;2126.089844;0.177085;0.000000;0.000000;0.000000;0.000000;2.000000;-1.450117;-443.676819;2217.345459;0.064665;0.000000;0.000000;0.000000;0.000000;2.000000;-28.606058;-681.455200;2279.431641;0.093214;0.000000;0.000000;0.000000;0.000000;2.000000;13.997473;-646.831055;2269.334473;0.083114;0.000000;0.000000;0.000000;0.000000;2.000000;176.560669;-648.722290;2260.787598;0.148601;0.000000;0.000000;0.000000;0.000000;2.000000;335.286102;-551.031616;2007.206421;0.164121;0.000000;0.000000;0.000000;0.000000;2.000000;133.185532;-718.770142;2035.265259;0.154485;0.000000;0.000000;0.000000;0.000000;2.000000;69.517242;-793.275513;2084.468262;0.176302;0.000000;0.000000;0.000000;0.000000;2.000000;-13.238632;-873.824890;2126.964844;0.505630;0.000000;0.000000;0.000000;0.000000;2.000000;-5.097458;-787.591125;2029.246216;0.540153;0.000000;0.000000;0.000000;0.000000;2.000000;-61.973705;-636.929138;2271.321289;0.096119;0.000000;0.000000;0.000000;0.000000;2.000000;-207.677628;-604.880981;2258.137207;0.090556;0.000000;0.000000;0.000000;0.000000;2.000000;-274.919067;-305.838593;2163.925781;0.130403;0.000000;0.000000;0.000000;0.000000;2.000000;-204.717728;-227.812012;1917.898682;0.112084;0.000000;0.000000;0.000000;0.000000;2.000000;-205.398361;-204.155869;1802.220093;0.057534;0.000000;0.000000;0.000000;0.000000;2.000000;-207.545471;-103.842896;1869.769653;0.246828;0.000000;0.000000;0.000000;0.000000;2.000000;-137.222168;-179.239487;1786.971558;0.153147;0.000000;0.000000;0.000000;0.000000;2.000000;103.291931;-143.991302;2008.808105;0.021887;0.000000;0.000000;0.000000;0.000000;2.000000;345.190063;-151.905411;1622.439819;0.051595;0.000000;0.000000;0.000000;0.000000;2.000000;283.096283;271.631409;1703.722412;0.073041;0.000000;0.000000;0.000000;0.000000;2.000000;338.985687;405.810913;1547.551025;0.035957;0.000000;0.000000;0.000000;0.000000;2.000000;-93.142883;-155.418289;1992.057251;0.019741;0.000000;0.000000;0.000000;0.000000;2.000000;-216.844315;-133.757843;1554.291016;0.090803;0.000000;0.000000;0.000000;0.000000;2.000000;-214.967865;303.953613;1601.897461;0.062119;0.000000;0.000000;0.000000;0.000000;2.000000;-278.558655;414.884277;1452.965454;0.045258;0.000000;0.000000;0.000000;0.000000;2.000000;-39.560799;-773.464783;2287.700439;0.105827;0.000000;0.000000;0.000000;0.000000;2.000000;-11.709394;-843.551514;2120.966309;0.125080;0.000000;0.000000;0.000000;0.000000;2.000000;9.631420;-877.338257;2170.626953;0.162871;0.000000;0.000000;0.000000;0.000000;2.000000;53.535095;-846.186279;2304.586670;0.252408;0.000000;0.000000;0.000000;0.000000;2.000000;-47.951023;-874.309082;2155.781738;0.096304;0.000000;0.000000;0.000000;0.000000;2.000000;-133.143204;-848.012573;2275.425781;0.320510;0.000000;0.000000;0.000000;0.000000;2.000000;19712600064.000000
0.000000;-150.000000;2000.000000;0.000000;0.000000;0.000000;0.000000;0.000000;2.000000;-0.999915;-309.347778;2125.544434;0.022309;0.000000;0.000000;0.000000;0.000000;2.000000;-0.718361;-443.316071;2216.949951;0.027669;0.000000;0.000000;0.000000;0.000000;2.000000;-27.694836;-680.593201;2279.533203;0.038405;0.000000;0.000000;0.000000;0.000000;2.000000;14.814613;-646.098267;2269.072754;0.034435;0.000000;0.000000;0.000000;0.000000;2.000000;177.024216;-649.682434;2259.171875;0.059076;0.000000;0.000000;0.000000;0.000000;2.000000;341.124634;-553.996216;2008.862793;0.206126;0.000000;0.000000;0.000000;0.000000;2.000000;137.259262;-720.362183;2026.674438;0.294193;0.000000;0.000000;0.000000;0.000000;2.000000;80.163162;-801.226746;2073.471924;0.526353;0.000000;0.000000;0.000000;0.000000;2.000000;-16.344109;-872.156921;2100.893311;0.802880;0.000000;0.000000;0.000000;0.000000;2.000000;-3.417522;-791.474487;2042.386597;0.421289;0.000000;0.000000;0.000000;0.000000;2.000000;-61.009834;-636.101074;2271.614990;0.039802;0.000000;0.000000;0.000000;0.000000;2.000000;-206.652176;-604.797424;2258.549316;0.033823;0.000000;0.000000;0.000000;0.000000;2.000000;-272.263916;-306.449799;2162.660645;0.091675;0.000000;0.000000;0.000000;0.000000;2.000000;-202.851303;-229.839462;1916.406860;0.095631;0.000000;0.000000;0.000000;0.000000;2.000000;-205.143250;-203.867325;1801.431152;0.026792;0.000000;0.000000;0.000000;0.000000;2.000000;-186.573868;-112.719940;1878.457642;0.743835;0.000000;0.000000;0.000000;0.000000;2.000000;-136.685532;-180.072388;1783.520508;0.109572;0.000000;0.000000;0.000000;0.000000;2.000000;103.195908;-144.196487;2008.187988;0.020148;0.000000;0.000000;0.000000;0.000000;2.000000;343.869873;-150.984238;1621.851807;0.052302;0.000000;0.000000;0.000000;0.000000;2.000000;282.163391;272.079712;1702.337280;0.052769;0.000000;0.000000;0.000000;0.000000;2.000000;338.080292;404.992554;1545.537109;0.071864;0.000000;0.000000;0.000000;0.000000;2.000000;-93.056297;-155.233276;1992.616577;0.018172;0.000000;0.000000;0.000000;0.000000;2.000000;-215.697281;-133.472153;1555.277588;0.046987;0.000000;0.000000;0.000000;0.000000;2.000000;-213.962219;304.025391;1598.457764;0.109388;0.000000;0.000000;0.000000;0.000000;2.000000;-273.153320;415.397827;1448.439209;0.215723;0.000000;0.000000;0.000000;0.000000;2.000000;-38.698673;-772.433716;2288.021973;0.042173;0.000000;0.000000;0.000000;0.000000;2.000000;-10.740366;-845.271545;2122.796875;0.082163;0.000000;0.000000;0.000000;0.000000;2.000000;8.680063;-879.105164;2173.085449;0.096848;0.000000;0.000000;0.000000;0.000000;2.000000;51.513237;-847.888428;2307.140137;0.112151;0.000000;0.000000;0.000000;0.000000;2.000000;-48.451954;-874.347717;2157.343506;0.050067;0.000000;0.000000;0.000000;0.000000;2.000000;-134.378433;-843.861816;2275.171387;0.132389;0.000000;0.000000;0.000000;0.000000;2.000000;19712632832.000000
0.000000;-150.000015;2000.000000;0.000000;0.000000;0.000000;0.000000;0.000000;2.000000;-0.326301;-311.052490;2123.470703;0.079495;0.000000;0.000000;0.000000;0.000000;2.000000;0.112344;-444.256805;2216.085205;0.043775;0.000000;0.000000;0.000000;0.000000;2.000000;-28.424402;-681.542908;2278.283203;0.049721;0.000000;0.000000;0.000000;0.000000;2.000000;14.310215;-647.385254;2267.533447;0.059423;0.000000;0.000000;0.000000;0.000000;2.000000;176.127136;-651.024658;2251.931641;0.213064;0.000000;0.000000;0.000000;0.000000;2.000000;348.564697;-555.726501;2006.998047;0.225843;0.000000;0.000000;0.000000;0.000000;2.000000;141.373749;-717.895508;2026.439453;0.137953;0.000000;0.000000;0.000000;0.000000;2.000000;86.226059;-804.542480;2064.499023;0.325294;0.000000;0.000000;0.000000;0.000000;2.000000;-7.558804;-881.813110;2082.962402;0.637056;0.000000;0.000000;0.000000;0.000000;2.000000;-1.337092;-791.477295;2048.269287;0.179220;0.000000;0.000000;0.000000;0.000000;2.000000;-61.423214;-636.719299;2270.781738;0.032079;0.000000;0.000000;0.000000;0.000000;2.000000;-207.579895;-607.386292;2258.298584;0.079316;0.000000;0.000000;0.000000;0.000000;2.000000;-272.862701;-307.808899;2165.700439;0.097174;0.000000;0.000000;0.000000;0.000000;2.000000;-206.925278;-229.675476;1918.869263;0.136809;0.000000;0.000000;0.000000;0.000000;2.000000;-204.824265;-203.307053;1803.937744;0.074339;0.000000;0.000000;0.000000;0.000000;2.000000;-190.648605;-98.963470;1863.161621;0.602358;0.000000;0.000000;0.000000;0.000000;2.000000;-137.346207;-179.205078;1788.482666;0.145925;0.000000;0.000000;0.000000;0.000000;2.000000;103.276459;-144.308258;2007.697021;0.014646;0.000000;0.000000;0.000000;0.000000;2.000000;343.461212;-152.231781;1620.889893;0.046745;0.000000;0.000000;0.000000;0.000000;2.000000;282.900330;271.415161;1699.993042;0.073116;0.000000;0.000000;0.000000;0.000000;2.000000;339.494904;406.436157;1545.147705;0.059120;0.000000;0.000000;0.000000;0.000000;2.000000;-93.128937;-155.132507;1993.059082;0.013201;0.000000;0.000000;0.000000;0.000000;2.000000;-215.808365;-133.738922;1555.546753;0.011343;0.000000;0.000000;0.000000;0.000000;2.000000;-214.064713;303.810425;1599.762329;0.038090;0.000000;0.000000;0.000000;0.000000;2.000000;-276.232330;414.934448;1450.676514;0.110126;0.000000;0.000000;0.000000;0.000000;2.000000;-40.172642;-773.337830;2286.623047;0.063884;0.000000;0.000000;0.000000;0.000000;2.000000;-13.851452;-852.242004;2123.862305;0.221370;0.000000;0.000000;0.000000;0.000000;2.000000;4.842052;-884.817078;2175.272949;0.207402;0.000000;0.000000;0.000000;0.000000;2.000000;48.399265;-850.102966;2308.284668;0.114570;0.000000;0.000000;0.000000;0.000000;2.000000;-52.196003;-879.331421;2159.349365;0.188080;0.000000;0.000000;0.000000;0.000000;2.000000;-137.432892;-843.062866;2276.101563;0.094537;0.000000;0.000000;0.000000;0.000000;2.000000;19712667648.000000
0.000000;-149.999985;2000.000000;0.000001;0.000000;0.000000;0.000000;0.000000;2.000000;-0.460312;-311.051300;2122.532471;0.028923;0.000000;0.000000;0.000000;0.000000;2.000000;-0.271326;-443.282959;2215.742188;0.033614;0.000000;0.000000;0.000000;0.000000;2.000000;-27.985111;-679.729858;2278.751465;0.058697;0.000000;0.000000;0.000000;0.000000;2.000000;14.518388;-645.601379;2267.806152;0.055437;0.000000;0.000000;0.000000;0.000000;2.000000;175.750565;-648.569702;2250.824707;0.082983;0.000000;0.000000;0.000000;0.000000;2.000000;349.490082;-559.922852;2005.446167;0.139429;0.000000;0.000000;0.000000;0.000000;2.000000;141.990509;-719.629517;2030.978760;0.149482;0.000000;0.000000;0.000000;0.000000;2.000000;86.654495;-806.233032;2067.963867;0.118378;0.000000;0.000000;0.000000;0.000000;2.000000;-16.541157;-862.481567;2033.189697;1.652383;0.000000;0.000000;0.000000;0.000000;2.000000;-4.780437;-794.468506;2054.042236;0.224529;0.000000;0.000000;0.000000;0.000000;2.000000;-61.022091;-635.146179;2271.168457;0.050930;0.000000;0.000000;0.000000;0.000000;2.000000;-207.060852;-607.476135;2258.539551;0.017678;0.000000;0.000000;0.000000;0.000000;2.000000;-278.160889;-308.954407;2170.014160;0.211413;0.000000;0.000000;0.000000;0.000000;2.000000;-203.952057;-231.108139;1926.271240;0.247328;0.000000;0.000000;0.000000;0.000000;2.000000;-205.798386;-206.394043;1811.307251;0.245639;0.000000;0.000000;0.000000;0.000000;2.000000;-192.338272;-110.878601;1883.485596;0.720815;0.000000;0.000000;0.000000;0.000000;2.000000;-133.485748;-183.639465;1794.933594;0.266363;0.000000;0.000000;0.000000;0.000000;2.000000;102.967880;-144.289154;2007.892944;0.011170;0.000000;0.000000;0.000000;0.000000;2.000000;344.027496;-150.905853;1623.115234;0.080920;0.000000;0.000000;0.000000;0.000000;2.000000;283.170502;271.704895;1700.802612;0.027506;0.000000;0.000000;0.000000;0.000000;2.000000;337.711243;406.850830;1546.152344;0.063742;0.000000;0.000000;0.000000;0.000000;2.000000;-92.850670;-155.149689;1992.882690;0.010068;0.000000;0.000000;0.000000;0.000000;2.000000;-215.899231;-132.519608;1556.865845;0.054889;0.000000;0.000000;0.000000;0.000000;2.000000;-215.164780;303.940125;1599.577515;0.034271;0.000000;0.000000;0.000000;0.000000;2.000000;-278.592712;416.110107;1452.543457;0.098601;0.000000;0.000000;0.000000;0.000000;2.000000;-39.447052;-771.263245;2287.451172;0.071675;0.000000;0.000000;0.000000;0.000000;2.000000;-16.157791;-854.853149;2127.162109;0.146440;0.000000;0.000000;0.000000;0.000000;2.000000;1.173759;-886.770020;2179.237305;0.175274;0.000000;0.000000;0.000000;0.000000;2.000000;45.825920;-850.625977;2311.061035;0.116623;0.000000;0.000000;0.000000;0.000000;2.000000;-55.438026;-879.490173;2163.136230;0.152210;0.000000;0.000000;0.000000;0.000000;2.000000;-139.050018;-837.217773;2278.501709;0.199046;0.000000;0.000000;0.000000;0.000000;2.000000;19712700416.000000
0.000000;-150.000000;2000.000000;0.000000;0.000000;0.000000;0.000000;0.000000;2.000000;-0.664520;-312.613861;2122.293457;0.048641;0.000000;0.000000;0.000000;0.000000;2.000000;-0.743856;-445.332489;2216.341797;0.066745;0.000000;0.000000;0.000000;0.000000;2.000000;-30.137632;-682.767456;2280.127930;0.121132;0.000000;0.000000;0.000000;0.000000;2.000000;12.813574;-648.768311;2268.986328;0.115519;0.000000;0.000000;0.000000;0.000000;2.000000;174.875137;-655.626282;2252.575684;0.223483;0.000000;0.000000;0.000000;0.000000;2.000000;351.598419;-571.718445;2005.479858;0.365679;0.000000;0.000000;0.000000;0.000000;2.000000;143.695770;-734.200806;2024.093262;0.494574;0.000000;0.000000;0.000000;0.000000;2.000000;85.110237;-815.270996;2069.435059;0.283393;0.000000;0.000000;0.000000;0.000000;2.000000;-8.545691;-849.408875;1996.979492;1.199928;0.000000;0.000000;0.000000;0.000000;2.000000;-5.549559;-798.949951;2065.628906;0.379850;0.000000;0.000000;0.000000;0.000000;2.000000;-63.057022;-637.723267;2272.495117;0.108079;0.000000;0.000000;0.000000;0.000000;2.000000;-209.521866;-608.019287;2259.794434;0.085918;0.000000;0.000000;0.000000;0.000000;2.000000;-273.268463;-308.196381;2164.063477;0.236233;0.000000;0.000000;0.000000;0.000000;2.000000;-206.903961;-230.383560;1916.487061;0.312666;0.000000;0.000000;0.000000;0.000000;2.000000;-204.852676;-205.352890;1800.939209;0.319306;0.000000;0.000000;0.000000;0.000000;2.000000;-199.215073;-109.725464;1875.076172;0.333381;0.000000;0.000000;0.000000;0.000000;2.000000;-133.639008;-179.581085;1787.323975;0.263231;0.000000;0.000000;0.000000;0.000000;2.000000;103.494148;-144.169235;2008.315552;0.020920;0.000000;0.000000;0.000000;0.000000;2.000000;342.887482;-153.029892;1619.634521;0.129211;0.000000;0.000000;0.000000;0.000000;2.000000;282.257935;271.029602;1702.666138;0.066592;0.000000;0.000000;0.000000;0.000000;2.000000;336.213196;404.092407;1544.449951;0.108975;0.000000;0.000000;0.000000;0.000000;2.000000;-93.325233;-155.257858;1992.501465;0.018868;0.000000;0.000000;0.000000;0.000000;2.000000;-217.662003;-133.824875;1554.217285;0.104947;0.000000;0.000000;0.000000;0.000000;2.000000;-211.995819;304.632751;1600.545898;0.103309;0.000000;0.000000;0.000000;0.000000;2.000000;-277.564209;413.929565;1450.890015;0.089216;0.000000;0.000000;0.000000;0.000000;2.000000;-42.284199;-774.703369;2289.044434;0.144508;0.000000;0.000000;0.000000;0.000000;2.000000;-24.253643;-856.711792;2126.149170;0.255371;0.000000;0.000000;0.000000;0.000000;2.000000;-3.721939;-888.848816;2177.340820;0.172325;0.000000;0.000000;0.000000;0.000000;2.000000;46.285336;-852.644775;2308.078125;0.110810;0.000000;0.000000;0.000000;0.000000;2.000000;-61.474308;-882.741333;2163.815674;0.210258;0.000000;0.000000;0.000000;0.000000;2.000000;-141.157364;-843.299438;2283.913086;0.256621;0.000000;0.000000;0.000000;0.000000;2.000000;19712733184.000000
0.000000;-150.000000;2000.000000;0.000000;0.000000;0.000000;0.000000;0.000000;2.000000;-0.013372;-312.223877;2122.192871;0.023365;0.000000;0.000000;0.000000;0.000000;2.000000;0.335357;-444.140472;2216.851563;0.051479;0.000000;0.000000;0.000000;0.000000;2.000000;-29.045563;-681.319702;2279.828613;0.056091;0.000000;0.000000;0.000000;0.000000;2.000000;13.831161;-647.365967;2268.776123;0.053264;0.000000;0.000000;0.000000;0.000000;2.000000;175.638718;-654.569580;2252.986328;0.041713;0.000000;0.000000;0.000000;0.000000;2.000000;351.333771;-572.813904;2005.173462;0.035641;0.000000;0.000000;0.000000;0.000000;2.000000;145.687302;-737.049561;2026.393433;0.127198;0.000000;0.000000;0.000000;0.000000;2.000000;84.722290;-815.686707;2072.391113;0.091865;0.000000;0.000000;0.000000;0.000000;2.000000;-7.328293;-849.650879;1998.201416;0.053154;0.000000;0.000000;0.000000;0.000000;2.000000;-2.618357;-800.361816;2070.404053;0.176336;0.000000;0.000000;0.000000;0.000000;2.000000;-61.893288;-636.322876;2272.371094;0.055696;0.000000;0.000000;0.000000;0.000000;2.000000;-208.573029;-609.244751;2259.525879;0.048003;0.000000;0.000000;0.000000;0.000000;2.000000;-274.638214;-308.596954;2170.137939;0.190425;0.000000;0.000000;0.000000;0.000000;2.000000;-207.615585;-235.017410;1921.976074;0.220294;0.000000;0.000000;0.000000;0.000000;2.000000;-204.404526;-207.597305;1807.221313;0.204042;0.000000;0.000000;0.000000;0.000000;2.000000;-195.361801;-112.033356;1880.737793;0.220547;0.000000;0.000000;0.000000;0.000000;2.000000;-131.824677;-184.846649;1794.398438;0.274770;0.000000;0.000000;0.000000;0.000000;2.000000;103.329285;-144.061035;2007.895996;0.014148;0.000000;0.000000;0.000000;0.000000;2.000000;342.172485;-152.440430;1619.848877;0.029026;0.000000;0.000000;0.000000;0.000000;2.000000;281.571808;270.892334;1702.406982;0.022771;0.000000;0.000000;0.000000;0.000000;2.000000;337.677490;404.571228;1545.996826;0.066625;0.000000;0.000000;0.000000;0.000000;2.000000;-93.176567;-155.355438;1992.879883;0.012760;0.000000;0.000000;0.000000;0.000000;2.000000;-217.789871;-133.386642;1555.571289;0.043606;0.000000;0.000000;0.000000;0.000000;2.000000;-213.349915;304.329163;1601.356079;0.049039;0.000000;0.000000;0.000000;0.000000;2.000000;-274.585510;413.364868;1450.155273;0.095200;0.000000;0.000000;0.000000;0.000000;2.000000;-41.198082;-773.108765;2288.461426;0.061509;0.000000;0.000000;0.000000;0.000000;2.000000;-20.992096;-869.196655;2134.120605;0.462876;0.000000;0.000000;0.000000;0.000000;2.000000;-7.094438;-898.806824;2188.802246;0.474644;0.000000;0.000000;0.000000;0.000000;2.000000;37.674316;-857.048096;2319.489258;0.456493;0.000000;0.000000;0.000000;0.000000;2.000000;-62.868935;-888.452942;2170.787109;0.278310;0.000000;0.000000;0.000000;0.000000;2.000000;-145.647827;-832.225037;2281.388672;0.372739;0.000000;0.000000;0.000000;0.000000;2.000000;19712765952.000000
0.000000;-150.000000;2000.000000;0.000000;0.000000;0.000000;0.000000;0.000000;2.000000;-0.075829;-312.081848;2122.236328;0.004628;0.000000;0.000000;0.000000;0.000000;2.000000;0.230006;-443.927063;2216.875000;0.006869;0.000000;0.000000;0.000000;0.000000;2.000000;-29.126505;-680.989380;2279.887207;0.009912;0.000000;0.000000;0.000000;0.000000;2.000000;13.730553;-647.048706;2268.838867;0.009728;0.000000;0.000000;0.000000;0.000000;2.000000;175.451721;-654.989136;2253.239258;0.015061;0.000000;0.000000;0.000000;0.000000;2.000000;351.568176;-577.939880;2004.391357;0.149086;0.000000;0.000000;0.000000;0.000000;2.000000;143.798767;-738.874023;2028.604980;0.098607;0.000000;0.000000;0.000000;0.000000;2.000000;83.872971;-818.336243;2074.437500;0.099203;0.000000;0.000000;0.000000;0.000000;2.000000;-10.639769;-850.309387;2002.583130;0.158882;0.000000;0.000000;0.000000;0.000000;2.000000;0.839699;-803.814941;2083.539551;0.402548;0.000000;0.000000;0.000000;0.000000;2.000000;-61.963322;-636.017517;2272.412842;0.009078;0.000000;0.000000;0.000000;0.000000;2.000000;-208.543396;-608.890442;2259.286133;0.012317;0.000000;0.000000;0.000000;0.000000;2.000000;-274.299133;-308.493591;2169.321777;0.025558;0.000000;0.000000;0.000000;0.000000;2.000000;-207.266144;-234.117767;1921.524292;0.030608;0.000000;0.000000;0.000000;0.000000;2.000000;-206.307602;-205.298569;1807.124146;0.085761;0.000000;0.000000;0.000000;0.000000;2.000000;-199.194595;-101.533966;1868.676392;0.472311;0.000000;0.000000;0.000000;0.000000;2.000000;-134.989624;-182.443253;1793.226563;0.119004;0.000000;0.000000;0.000000;0.000000;2.000000;103.283829;-144.077591;2007.917114;0.001516;0.000000;0.000000;0.000000;0.000000;2.000000;342.352264;-153.819809;1620.270752;0.041751;0.000000;0.000000;0.000000;0.000000;2.000000;281.721924;269.308197;1702.870483;0.047604;0.000000;0.000000;0.000000;0.000000;2.000000;336.184113;404.066803;1546.931641;0.052637;0.000000;0.000000;0.000000;0.000000;2.000000;-93.135559;-155.340485;1992.860962;0.001366;0.000000;0.000000;0.000000;0.000000;2.000000;-217.298859;-134.213348;1555.586426;0.027621;0.000000;0.000000;0.000000;0.000000;2.000000;-213.202728;303.126129;1603.147217;0.062117;0.000000;0.000000;0.000000;0.000000;2.000000;-275.877869;412.887970;1453.175903;0.095356;0.000000;0.000000;0.000000;0.000000;2.000000;-41.265839;-772.737793;2288.540283;0.011066;0.000000;0.000000;0.000000;0.000000;2.000000;-25.903988;-866.912415;2132.563965;0.161887;0.000000;0.000000;0.000000;0.000000;2.000000;-4.956914;-895.112427;2185.690918;0.151708;0.000000;0.000000;0.000000;0.000000;2.000000;46.854847;-849.454468;2312.340332;0.399079;0.000000;0.000000;0.000000;0.000000;2.000000;-62.710052;-889.655029;2172.489258;0.060026;0.000000;0.000000;0.000000;0.000000;2.000000;-140.399551;-840.654541;2289.923340;0.376079;0.000000;0.000000;0.000000;0.000000;2.000000;19712800768.000000
0.000000;-150.000015;2000.000000;0.000000;0.000000;0.000000;0.000000;0.000000;2.000000;-0.355931;-313.089539;2121.763672;0.035026;0.000000;0.000000;0.000000;0.000000;2.000000;-0.148639;-446.460083;2214.971436;0.097385;0.000000;0.000000;0.000000;0.000000;2.000000;-32.108429;-684.038818;2277.263672;0.152813;0.000000;0.000000;0.000000;0.000000;2.000000;11.206623;-650.481873;2266.104736;0.154506;0.000000;0.000000;0.000000;0.000000;2.000000;173.482605;-657.578247;2251.521484;0.112260;0.000000;0.000000;0.000000;0.000000;2.000000;352.173096;-583.322510;2002.635254;0.173769;0.000000;0.000000;0.000000;0.000000;2.000000;141.189270;-740.702637;2029.663696;0.102469;0.000000;0.000000;0.000000;0.000000;2.000000;81.403992;-821.938477;2073.187500;0.138627;0.000000;0.000000;0.000000;0.000000;2.000000;-14.712130;-854.281738;2003.105347;0.174342;0.000000;0.000000;0.000000;0.000000;2.000000;0.209216;-807.240479;2087.839355;0.168870;0.000000;0.000000;0.000000;0.000000;2.000000;-64.522934;-638.525330;2270.145020;0.129417;0.000000;0.000000;0.000000;0.000000;2.000000;-211.768692;-611.259766;2260.947266;0.132235;0.000000;0.000000;0.000000;0.000000;2.000000;-274.121307;-309.621399;2169.781494;0.037562;0.000000;0.000000;0.000000;0.000000;2.000000;-210.772659;-234.847488;1920.396729;0.114592;0.000000;0.000000;0.000000;0.000000;2.000000;-208.741837;-208.083038;1805.200806;0.127218;0.000000;0.000000;0.000000;0.000000;2.000000;-210.487259;-113.531921;1880.954834;0.627086;0.000000;0.000000;0.000000;0.000000;2.000000;-138.684769;-181.772217;1792.558350;0.116411;0.000000;0.000000;0.000000;0.000000;2.000000;103.543167;-144.175415;2008.104126;0.010204;0.000000;0.000000;0.000000;0.000000;2.000000;343.144562;-155.046677;1619.438477;0.051299;0.000000;0.000000;0.000000;0.000000;2.000000;281.645355;269.096069;1702.104248;0.024375;0.000000;0.000000;0.000000;0.000000;2.000000;338.264648;402.823120;1545.297119;0.089219;0.000000;0.000000;0.000000;0.000000;2.000000;-93.369415;-155.252335;1992.692139;0.009204;0.000000;0.000000;0.000000;0.000000;2.000000;-217.824005;-136.335526;1554.180664;0.079320;0.000000;0.000000;0.000000;0.000000;2.000000;-212.634171;302.004028;1602.901123;0.039116;0.000000;0.000000;0.000000;0.000000;2.000000;-278.056610;410.157593;1452.275024;0.110090;0.000000;0.000000;0.000000;0.000000;2.000000;-45.341393;-775.907776;2285.602295;0.181293;0.000000;0.000000;0.000000;0.000000;2.000000;-40.389114;-868.317322;2127.356445;0.471702;0.000000;0.000000;0.000000;0.000000;2.000000;-13.951174;-896.348267;2178.275146;0.357743;0.000000;0.000000;0.000000;0.000000;2.000000;47.220146;-850.002625;2300.857910;0.350992;0.000000;0.000000;0.000000;0.000000;2.000000;-72.927719;-892.718872;2170.130127;0.333401;0.000000;0.000000;0.000000;0.000000;2.000000;-141.943649;-847.333618;2294.705566;0.255080;0.000000;0.000000;0.000000;0.000000;2.000000;19712833536.000000
0.000000;-150.000000;2000.000000;0.000000;0.000000;0.000000;0.000000;0.000000;2.000000;0.531152;-314.084473;2121.033691;0.046380;0.000000;0.000000;0.000000;0.000000;2.000000;1.144086;-446.404968;2216.224609;0.054971;0.000000;0.000000;0.000000;0.000000;2.000000;-31.340248;-684.293945;2278.826172;0.053702;0.000000;0.000000;0.000000;0.000000;2.000000;12.130111;-650.719971;2267.821045;0.059921;0.000000;0.000000;0.000000;0.000000;2.000000;174.774811;-659.019043;2254.794678;0.116045;0.000000;0.000000;0.000000;0.000000;2.000000;350.148834;-592.409302;2000.723755;0.290031;0.000000;0.000000;0.000000;0.000000;2.000000;139.773743;-750.995605;2029.996582;0.317236;0.000000;0.000000;0.000000;0.000000;2.000000;80.486847;-827.949585;2081.709961;0.319499;0.000000;0.000000;0.000000;0.000000;2.000000;-14.778541;-855.637878;2008.169312;0.159998;0.000000;0.000000;0.000000;0.000000;2.000000;-1.277343;-811.705566;2095.338135;0.270177;0.000000;0.000000;0.000000;0.000000;2.000000;-63.747780;-638.690552;2271.456299;0.046759;0.000000;0.000000;0.000000;0.000000;2.000000;-211.438049;-612.495483;2261.895020;0.048585;0.000000;0.000000;0.000000;0.000000;2.000000;-273.460602;-310.788055;2168.725830;0.052077;0.000000;0.000000;0.000000;0.000000;2.000000;-207.549347;-237.118881;1919.160278;0.126115;0.000000;0.000000;0.000000;0.000000;2.000000;-207.223358;-206.809570;1804.609131;0.063117;0.000000;0.000000;0.000000;0.000000;2.000000;-202.803452;-107.073364;1873.655640;0.378753;0.000000;0.000000;0.000000;0.000000;2.000000;-130.626205;-183.682617;1792.700439;0.252781;0.000000;0.000000;0.000000;0.000000;2.000000;103.722237;-143.810883;2007.935303;0.013423;0.000000;0.000000;0.000000;0.000000;2.000000;343.437866;-157.753860;1618.477051;0.088128;0.000000;0.000000;0.000000;0.000000;2.000000;281.382843;266.910645;1702.173584;0.067207;0.000000;0.000000;0.000000;0.000000;2.000000;336.700439;401.270691;1544.921631;0.068224;0.000000;0.000000;0.000000;0.000000;2.000000;-93.530899;-155.581009;1992.844360;0.012103;0.000000;0.000000;0.000000;0.000000;2.000000;-218.470459;-137.967926;1553.566284;0.056767;0.000000;0.000000;0.000000;0.000000;2.000000;-213.197372;301.071533;1603.125977;0.033946;0.000000;0.000000;0.000000;0.000000;2.000000;-277.639221;408.570496;1451.154541;0.060642;0.000000;0.000000;0.000000;0.000000;2.000000;-44.695705;-776.306519;2287.251953;0.055415;0.000000;0.000000;0.000000;0.000000;2.000000;-33.954391;-870.903320;2130.209473;0.228847;0.000000;0.000000;0.000000;0.000000;2.000000;-10.431856;-898.822083;2182.738037;0.189167;0.000000;0.000000;0.000000;0.000000;2.000000;45.821568;-851.985046;2307.770996;0.223585;0.000000;0.000000;0.000000;0.000000;2.000000;-68.985237;-894.231873;2171.741211;0.137931;0.000000;0.000000;0.000000;0.000000;2.000000;-143.096329;-846.001770;2292.586426;0.084094;0.000000;0.000000;0.000000;0.000000;2.000000;19712866304.000000
