posX0;posY0;posZ0;posVel0;rotX0;rotY0;rotZ0;rotVel0;confidence0;posX1;posY1;posZ1;posVel1;rotX1;rotY1;rotZ1;rotVel1;confidence1;posX2;posY2;posZ2;posVel2;rotX2;rotY2;rotZ2;rotVel2;confidence2;posX3;posY3;posZ3;posVel3;rotX3;rotY3;rotZ3;rotVel3;confidence3;posX4;posY4;posZ4;posVel4;rotX4;rotY4;rotZ4;rotVel4;confidence4;posX5;posY5;posZ5;posVel5;rotX5;rotY5;rotZ5;rotVel5;confidence5;posX6;posY6;posZ6;posVel6;rotX6;rotY6;rotZ6;rotVel6;confidence6;posX7;posY7;posZ7;posVel7;rotX7;rotY7;rotZ7;rotVel7;confidence7;posX8;posY8;posZ8;posVel8;rotX8;rotY8;rotZ8;rotVel8;confidence8;posX9;posY9;posZ9;posVel9;rotX9;rotY9;rotZ9;rotVel9;confidence9;posX10;posY10;posZ10;posVel10;rotX10;rotY10;rotZ10;rotVel10;confidence10;posX11;posY11;posZ11;posVel11;rotX11;rotY11;rotZ11;rotVel11;confidence11;posX12;posY12;posZ12;posVel12;rotX12;rotY12;rotZ12;rotVel12;confidence12;posX13;posY13;posZ13;posVel13;rotX13;rotY13;rotZ13;rotVel13;confidence13;posX14;posY14;posZ14;posVel14;rotX14;rotY14;rotZ14;rotVel14;confidence14;posX15;posY15;posZ15;posVel15;rotX15;rotY15;rotZ15;rotVel15;confidence15;posX16;posY16;posZ16;posVel16;rotX16;rotY16;rotZ16;rotVel16;confidence16;posX17;posY17;posZ17;posVel17;rotX17;rotY17;rotZ17;rotVel17;confidence17;posX18;posY18;posZ18;posVel18;rotX18;rotY18;rotZ18;rotVel18;confidence18;posX19;posY19;posZ19;posVel19;rotX19;rotY19;rotZ19;rotVel19;confidence19;posX20;posY20;posZ20;posVel20;rotX20;rotY20;rotZ20;rotVel20;confidence20;posX21;posY21;posZ21;posVel21;rotX21;rotY21;rotZ21;rotVel21;confidence21;posX22;posY22;posZ22;posVel22;rotX22;rotY22;rotZ22;rotVel22;confidence22;posX23;posY23;posZ23;posVel23;rotX23;rotY23;rotZ23;rotVel23;confidence23;posX24;posY24;posZ24;posVel24;rotX24;rotY24;rotZ24;rotVel24;confidence24;posX25;posY25;posZ25;posVel25;rotX25;rotY25;rotZ25;rotVel25;confidence25;posX26;posY26;posZ26;posVel26;rotX26;rotY26;rotZ26;rotVel26;confidence26;posX27;posY27;posZ27;posVel27;rotX27;rotY27;rotZ27;rotVel27;confidence27;posX28;posY28;posZ28;posVel28;rotX28;rotY28;rotZ28;rotVel28;confidence28;posX29;posY29;posZ29;posVel29;rotX29;rotY29;rotZ29;rotVel29;confidence29;posX30;posY30;posZ30;posVel30;rotX30;rotY30;rotZ30;rotVel30;confidence30;posX31;posY31;posZ31;posVel31;rotX31;rotY31;rotZ31;rotVel31;confidence31;TimeStamp
0.000000;-150.000000;2000.000000;0.000000;0.000000;0.000000;0.000000;0.000000;2.000000;-167.371872;-195.229614;2008.914917;0.000000;0.000000;0.000000;0.000000;0.000000;2.000000;-300.259094;-235.235352;2010.570068;0.000000;0.000000;0.000000;0.000000;0.000000;2.000000;-510.353821;-241.932800;2031.717651;0.000000;0.000000;0.000000;0.000000;0.000000;2.000000;-472.490173;-252.674500;2058.659424;0.000000;0.000000;0.000000;0.000000;0.000000;2.000000;-443.537476;-317.751343;2178.145996;0.000000;0.000000;0.000000;0.000000;0.000000;2.000000;-397.498901;-197.168396;2414.049316;0.000000;0.000000;0.000000;0.000000;0.000000;2.000000;-176.276505;-238.151550;2431.913574;0.000000;0.000000;0.000000;0.000000;0.000000;1.000000;-119.296219;-302.943115;2395.372314;0.000000;0.000000;0.000000;0.000000;0.000000;1.000000;-192.445145;-371.819519;2364.371582;0.000000;0.000000;0.000000;0.000000;0.000000;1.000000;-169.172104;-377.396179;2463.260254;0.000000;0.000000;0.000000;0.000000;0.000000;1.000000;-478.757141;-227.139465;1998.684082;0.000000;0.000000;0.000000;0.000000;0.000000;2.000000;-480.534851;-179.916626;1879.757568;0.000000;0.000000;0.000000;0.000000;0.000000;2.000000;-500.334351;-291.185242;1630.158936;0.000000;0.000000;0.000000;0.000000;0.000000;2.000000;-473.237671;-506.015808;1703.299316;0.000000;0.000000;0.000000;0.000000;0.000000;1.000000;-436.664368;-499.150848;1797.076416;0.000000;0.000000;0.000000;0.000000;0.000000;1.000000;-421.225098;-556.674683;1712.611816;0.000000;0.000000;0.000000;0.000000;0.000000;1.000000;-377.594360;-431.834229;1749.460449;0.000000;0.000000;0.000000;0.000000;0.000000;1.000000;21.337524;-218.729736;2051.899902;0.000000;0.000000;0.000000;0.000000;0.000000;2.000000;406.105591;-182.771057;2002.720093;0.000000;0.000000;0.000000;0.000000;0.000000;2.000000;759.171204;-67.788879;2029.765869;0.000000;0.000000;0.000000;0.000000;0.000000;1.000000;896.145813;-120.411194;1921.593506;0.000000;0.000000;0.000000;0.000000;0.000000;1.000000;-19.240982;-88.023376;1953.199463;0.000000;0.000000;0.000000;0.000000;0.000000;2.000000;359.237823;-37.713806;1878.003662;0.000000;0.000000;0.000000;0.000000;0.000000;1.000000;704.913940;95.393005;1943.804688;0.000000;0.000000;0.000000;0.000000;0.000000;1.000000;843.092163;51.773315;1859.334473;0.000000;0.000000;0.000000;0.000000;0.000000;1.000000;-588.461243;-256.427917;2034.467407;0.000000;0.000000;0.000000;0.000000;0.000000;2.000000;-548.160095;-397.325317;1979.936157;0.000000;0.000000;0.000000;0.000000;0.000000;2.000000;-597.628601;-392.543335;2002.219116;0.000000;0.000000;0.000000;0.000000;0.000000;2.000000;-648.637695;-319.410034;2087.467773;0.000000;0.000000;0.000000;0.000000;0.000000;2.000000;-586.237610;-374.783081;1955.923828;0.000000;0.000000;0.000000;0.000000;0.000000;2.000000;-629.543152;-255.894409;1940.268311;0.000000;0.000000;0.000000;0.000000;0.000000;2.000000;7315233280.000000
0.000000;-150.000000;2000.000000;0.000000;0.000000;0.000000;0.000000;0.000000;2.000000;-163.466888;-193.218872;2004.493042;0.187277;0.000000;0.000000;0.000000;0.000000;2.000000;-293.451843;-230.486511;2004.446899;0.309923;0.000000;0.000000;0.000000;0.000000;2.000000;-498.253937;-238.651855;2023.340576;0.453066;0.000000;0.000000;0.000000;0.000000;2.000000;-461.505219;-248.078491;2050.176270;0.439315;0.000000;0.000000;0.000000;0.000000;2.000000;-432.515106;-314.425293;2164.746094;0.530851;0.000000;0.000000;0.000000;0.000000;2.000000;-384.601349;-206.894958;2398.804199;0.667424;0.000000;0.000000;0.000000;0.000000;2.000000;-170.158478;-246.453613;2427.144775;0.341407;0.000000;0.000000;0.000000;0.000000;1.000000;-110.218925;-304.800232;2390.573730;0.313528;0.000000;0.000000;0.000000;0.000000;1.000000;-187.142181;-366.749268;2363.370605;0.222500;0.000000;0.000000;0.000000;0.000000;1.000000;-164.783081;-378.913696;2464.242188;0.142627;0.000000;0.000000;0.000000;0.000000;1.000000;-467.318817;-224.714478;1991.090332;0.418932;0.000000;0.000000;0.000000;0.000000;2.000000;-474.455292;-174.854248;1877.034058;0.251411;0.000000;0.000000;0.000000;0.000000;2.000000;-497.973297;-277.827271;1631.866943;0.410821;0.000000;0.000000;0.000000;0.000000;2.000000;-468.724640;-484.756470;1708.747314;0.673243;0.000000;0.000000;0.000000;0.000000;1.000000;-427.922089;-497.489868;1797.265503;0.267448;0.000000;0.000000;0.000000;0.000000;1.000000;-420.170929;-553.087769;1713.668213;0.116737;0.000000;0.000000;0.000000;0.000000;1.000000;-370.937592;-425.458496;1749.096191;0.277185;0.000000;0.000000;0.000000;0.000000;1.000000;18.854668;-215.828125;2052.767578;0.117675;0.000000;0.000000;0.000000;0.000000;2.000000;392.513733;-182.324341;1995.189453;0.467099;0.000000;0.000000;0.000000;0.000000;2.000000;733.573364;-60.799011;2017.223877;0.881904;0.000000;0.000000;0.000000;0.000000;1.000000;868.353943;-111.299133;1913.155151;0.914678;0.000000;0.000000;0.000000;0.000000;1.000000;-17.002083;-90.639832;1952.417236;0.106110;0.000000;0.000000;0.000000;0.000000;2.000000;353.870117;-60.177734;1879.789063;0.696071;0.000000;0.000000;0.000000;0.000000;2.000000;681.035400;86.945313;1955.128906;0.833685;0.000000;0.000000;0.000000;0.000000;1.000000;821.539856;48.207520;1881.225098;0.929266;0.000000;0.000000;0.000000;0.000000;1.000000;-574.226746;-253.502991;2025.675171;0.510357;0.000000;0.000000;0.000000;0.000000;2.000000;-545.371704;-396.262604;1980.992310;0.095115;0.000000;0.000000;0.000000;0.000000;2.000000;-593.407837;-386.521301;2001.331177;0.222575;0.000000;0.000000;0.000000;0.000000;2.000000;-638.593384;-306.944946;2079.251465;0.540677;0.000000;0.000000;0.000000;0.000000;2.000000;-580.125793;-372.726257;1955.610229;0.193998;0.000000;0.000000;0.000000;0.000000;2.000000;-612.426208;-254.905884;1933.130371;0.558051;0.000000;0.000000;0.000000;0.000000;2.000000;7315266560.000000
0.000000;-150.000000;2000.000000;0.000000;0.000000;0.000000;0.000000;0.000000;2.000000;-163.655075;-193.246216;2005.023193;0.016924;0.000000;0.000000;0.000000;0.000000;2.000000;-293.716614;-230.836121;2004.831055;0.017518;0.000000;0.000000;0.000000;0.000000;2.000000;-498.613586;-240.189392;2024.816528;0.064947;0.000000;0.000000;0.000000;0.000000;2.000000;-461.622192;-249.948669;2051.294434;0.065568;0.000000;0.000000;0.000000;0.000000;2.000000;-431.859436;-314.820801;2166.701172;0.063091;0.000000;0.000000;0.000000;0.000000;2.000000;-361.703247;-202.302063;2393.029785;0.722881;0.000000;0.000000;0.000000;0.000000;2.000000;-148.030960;-253.470337;2407.041016;0.922737;0.000000;0.000000;0.000000;0.000000;1.000000;-96.629395;-326.082581;2386.065918;0.770740;0.000000;0.000000;0.000000;0.000000;1.000000;-187.564072;-366.898987;2361.877441;0.046840;0.000000;0.000000;0.000000;0.000000;1.000000;-164.636978;-377.844574;2464.267578;0.032433;0.000000;0.000000;0.000000;0.000000;1.000000;-467.892090;-225.539429;1992.596313;0.054396;0.000000;0.000000;0.000000;0.000000;2.000000;-473.912842;-176.617554;1877.906738;0.061324;0.000000;0.000000;0.000000;0.000000;2.000000;-495.434021;-278.277710;1631.660400;0.077740;0.000000;0.000000;0.000000;0.000000;2.000000;-472.822815;-486.352264;1708.465454;0.132420;0.000000;0.000000;0.000000;0.000000;1.000000;-429.754456;-497.239563;1796.285400;0.062892;0.000000;0.000000;0.000000;0.000000;1.000000;-421.854675;-554.932739;1713.985596;0.075657;0.000000;0.000000;0.000000;0.000000;1.000000;-375.767822;-425.804779;1749.025146;0.145527;0.000000;0.000000;0.000000;0.000000;1.000000;19.249779;-216.867676;2051.472656;0.051290;0.000000;0.000000;0.000000;0.000000;2.000000;393.721191;-183.658508;1996.025391;0.059619;0.000000;0.000000;0.000000;0.000000;2.000000;735.590576;-63.945068;2022.231445;0.187753;0.000000;0.000000;0.000000;0.000000;1.000000;868.970398;-114.173035;1915.885742;0.120550;0.000000;0.000000;0.000000;0.000000;1.000000;-17.358368;-89.702454;1953.584961;0.046251;0.000000;0.000000;0.000000;0.000000;2.000000;354.353821;-60.392090;1882.406250;0.080232;0.000000;0.000000;0.000000;0.000000;2.000000;680.931580;84.678040;1965.975586;0.332981;0.000000;0.000000;0.000000;0.000000;1.000000;821.646667;46.949951;1891.516724;0.311560;0.000000;0.000000;0.000000;0.000000;1.000000;-574.602173;-255.410706;2027.342163;0.076956;0.000000;0.000000;0.000000;0.000000;2.000000;-550.868774;-396.422760;1974.259399;0.261220;0.000000;0.000000;0.000000;0.000000;2.000000;-598.926147;-385.856049;1994.300537;0.269302;0.000000;0.000000;0.000000;0.000000;2.000000;-642.385498;-309.267822;2076.312988;0.160161;0.000000;0.000000;0.000000;0.000000;2.000000;-584.084717;-369.829834;1949.736572;0.229946;0.000000;0.000000;0.000000;0.000000;2.000000;-610.897522;-249.398560;1934.087769;0.174134;0.000000;0.000000;0.000000;0.000000;2.000000;7315299840.000000
0.000000;-150.000000;2000.000000;0.000000;0.000000;0.000000;0.000000;0.000000;2.000000;-160.646881;-194.191956;1995.476807;0.302095;0.000000;0.000000;0.000000;0.000000;2.000000;-288.992615;-229.789429;1991.536011;0.425124;0.000000;0.000000;0.000000;0.000000;2.000000;-489.992645;-245.605347;2013.653687;0.453977;0.000000;0.000000;0.000000;0.000000;2.000000;-452.990387;-253.600403;2039.418945;0.454581;0.000000;0.000000;0.000000;0.000000;2.000000;-419.989716;-318.232971;2151.535645;0.587689;0.000000;0.000000;0.000000;0.000000;2.000000;-353.779633;-217.780518;2379.962402;0.653587;0.000000;0.000000;0.000000;0.000000;2.000000;-143.159851;-265.948547;2396.466309;0.512809;0.000000;0.000000;0.000000;0.000000;1.000000;-87.668716;-334.905640;2380.379883;0.414697;0.000000;0.000000;0.000000;0.000000;1.000000;-178.923340;-371.868896;2358.082031;0.320498;0.000000;0.000000;0.000000;0.000000;1.000000;-157.502472;-384.247223;2459.988281;0.315444;0.000000;0.000000;0.000000;0.000000;1.000000;-460.621185;-230.601746;1981.404175;0.428917;0.000000;0.000000;0.000000;0.000000;2.000000;-473.349274;-180.421387;1869.979492;0.264744;0.000000;0.000000;0.000000;0.000000;2.000000;-505.065460;-294.413147;1635.034424;0.573675;0.000000;0.000000;0.000000;0.000000;2.000000;-463.775970;-491.876465;1721.364990;0.501686;0.000000;0.000000;0.000000;0.000000;1.000000;-408.774689;-507.485779;1799.555664;0.708415;0.000000;0.000000;0.000000;0.000000;1.000000;-413.439423;-556.612793;1713.469727;0.258318;0.000000;0.000000;0.000000;0.000000;1.000000;-364.159058;-429.857452;1744.602051;0.392644;0.000000;0.000000;0.000000;0.000000;1.000000;15.639244;-212.550415;2055.674561;0.211045;0.000000;0.000000;0.000000;0.000000;2.000000;380.035889;-202.227783;1972.040283;0.999924;0.000000;0.000000;0.000000;0.000000;2.000000;711.432617;-69.666748;1991.230347;1.193409;0.000000;0.000000;0.000000;0.000000;1.000000;844.724243;-123.409485;1891.341797;1.073181;0.000000;0.000000;0.000000;0.000000;1.000000;-14.102600;-93.595520;1949.795898;0.190309;0.000000;0.000000;0.000000;0.000000;2.000000;351.044922;-101.258728;1871.095215;1.278005;0.000000;0.000000;0.000000;0.000000;2.000000;656.977051;67.125183;1963.393921;0.895709;0.000000;0.000000;0.000000;0.000000;1.000000;800.199951;29.820557;1899.943604;0.862746;0.000000;0.000000;0.000000;0.000000;1.000000;-564.192383;-263.096680;2017.203369;0.493953;0.000000;0.000000;0.000000;0.000000;2.000000;-543.093506;-404.431183;1971.196777;0.347792;0.000000;0.000000;0.000000;0.000000;2.000000;-589.513428;-392.923248;1992.344238;0.358532;0.000000;0.000000;0.000000;0.000000;2.000000;-628.817261;-313.409729;2070.830566;0.456997;0.000000;0.000000;0.000000;0.000000;2.000000;-576.772583;-379.450012;1947.154785;0.371286;0.000000;0.000000;0.000000;0.000000;2.000000;-603.766968;-261.799866;1926.829346;0.482009;0.000000;0.000000;0.000000;0.000000;2.000000;7315333120.000000
0.000000;-150.000000;2000.000000;0.000000;0.000000;0.000000;0.000000;0.000000;2.000000;-179.192230;-199.269470;2011.873535;0.747805;0.000000;0.000000;0.000000;0.000000;2.000000;-321.442749;-242.999390;2015.894531;1.262767;0.000000;0.000000;0.000000;0.000000;2.000000;-546.869690;-249.237793;2038.223633;1.836632;0.000000;0.000000;0.000000;0.000000;2.000000;-506.334320;-259.052612;2067.856689;1.796165;0.000000;0.000000;0.000000;0.000000;2.000000;-475.787811;-317.496338;2201.708496;2.220700;0.000000;0.000000;0.000000;0.000000;2.000000;-397.546783;-186.130066;2446.296875;2.531452;0.000000;0.000000;0.000000;0.000000;2.000000;-164.101624;-250.272766;2446.365234;1.667257;0.000000;0.000000;0.000000;0.000000;1.000000;-116.483986;-318.237671;2389.656982;1.022647;0.000000;0.000000;0.000000;0.000000;1.000000;-205.597839;-375.656189;2351.147949;0.823273;0.000000;0.000000;0.000000;0.000000;1.000000;-182.512543;-400.478119;2461.733887;0.883826;0.000000;0.000000;0.000000;0.000000;1.000000;-512.881592;-235.338379;2002.061035;1.668859;0.000000;0.000000;0.000000;0.000000;2.000000;-513.512573;-179.754395;1876.548096;1.204497;0.000000;0.000000;0.000000;0.000000;2.000000;-502.425568;-304.676514;1610.744141;0.784250;0.000000;0.000000;0.000000;0.000000;2.000000;-454.453522;-533.966797;1683.054688;1.706708;0.000000;0.000000;0.000000;0.000000;1.000000;-449.998627;-515.020020;1789.512695;1.275254;0.000000;0.000000;0.000000;0.000000;1.000000;-418.419586;-561.499573;1693.945801;0.613554;0.000000;0.000000;0.000000;0.000000;1.000000;-386.412750;-433.059814;1744.934082;0.665405;0.000000;0.000000;0.000000;0.000000;1.000000;23.265160;-220.167908;2059.947754;0.343125;0.000000;0.000000;0.000000;0.000000;2.000000;438.347839;-231.667480;2013.132690;2.283745;0.000000;0.000000;0.000000;0.000000;2.000000;836.069702;-213.300232;1982.047974;5.634247;0.000000;0.000000;0.000000;0.000000;2.000000;1014.711060;-265.906616;1922.398560;6.628092;0.000000;0.000000;0.000000;0.000000;2.000000;-20.979218;-86.726501;1945.942383;0.309412;0.000000;0.000000;0.000000;0.000000;2.000000;389.790985;-121.202881;1880.207275;1.317480;0.000000;0.000000;0.000000;0.000000;2.000000;735.525452;67.466309;1968.133179;2.328716;0.000000;0.000000;0.000000;0.000000;1.000000;914.127380;57.169922;1949.058472;3.759535;0.000000;0.000000;0.000000;0.000000;1.000000;-630.641907;-264.723145;2041.775269;2.097118;0.000000;0.000000;0.000000;0.000000;2.000000;-563.026123;-401.574982;1972.259155;0.596716;0.000000;0.000000;0.000000;0.000000;2.000000;-618.359436;-405.575928;1990.578369;0.933605;0.000000;0.000000;0.000000;0.000000;2.000000;-691.187683;-345.723938;2083.442871;2.111970;0.000000;0.000000;0.000000;0.000000;2.000000;-603.961060;-379.329407;1944.947998;0.807237;0.000000;0.000000;0.000000;0.000000;2.000000;-664.504944;-256.947998;1937.155884;1.828845;0.000000;0.000000;0.000000;0.000000;2.000000;7315366912.000000
0.000000;-150.000000;2000.000000;0.000000;0.000000;0.000000;0.000000;0.000000;2.000000;-174.912506;-193.292114;2007.509399;0.256890;0.000000;0.000000;0.000000;0.000000;2.000000;-313.950348;-231.420166;2008.986694;0.463494;0.000000;0.000000;0.000000;0.000000;2.000000;-531.972168;-237.539551;2033.380127;0.587472;0.000000;0.000000;0.000000;0.000000;2.000000;-492.353729;-247.338074;2061.476563;0.580631;0.000000;0.000000;0.000000;0.000000;2.000000;-463.168671;-311.179260;2187.789795;0.595588;0.000000;0.000000;0.000000;0.000000;2.000000;-405.561218;-188.753113;2432.185303;0.493967;0.000000;0.000000;0.000000;0.000000;2.000000;-177.927490;-241.949585;2450.200684;0.498418;0.000000;0.000000;0.000000;0.000000;1.000000;-123.497162;-301.866638;2396.140625;0.569514;0.000000;0.000000;0.000000;0.000000;1.000000;-201.567108;-366.597046;2355.566406;0.326181;0.000000;0.000000;0.000000;0.000000;1.000000;-181.375183;-388.753235;2462.625977;0.354977;0.000000;0.000000;0.000000;0.000000;1.000000;-499.503021;-223.767334;1998.063232;0.544905;0.000000;0.000000;0.000000;0.000000;2.000000;-511.642670;-174.280945;1875.274170;0.177965;0.000000;0.000000;0.000000;0.000000;2.000000;-519.496582;-301.051575;1620.550781;0.601510;0.000000;0.000000;0.000000;0.000000;2.000000;-469.581879;-515.941406;1708.317505;1.037417;0.000000;0.000000;0.000000;0.000000;1.000000;-432.534637;-512.739624;1806.307861;0.731267;0.000000;0.000000;0.000000;0.000000;1.000000;-422.704681;-553.989258;1707.670776;0.487429;0.000000;0.000000;0.000000;0.000000;1.000000;-384.596191;-423.789459;1747.289185;0.292542;0.000000;0.000000;0.000000;0.000000;1.000000;19.640701;-219.398254;2057.395020;0.135201;0.000000;0.000000;0.000000;0.000000;2.000000;414.930511;-189.052185;1976.155518;1.835577;0.000000;0.000000;0.000000;0.000000;2.000000;786.814453;-83.135254;1967.971069;4.203206;0.000000;0.000000;0.000000;0.000000;1.000000;914.486694;-160.207520;1851.251221;4.871049;0.000000;0.000000;0.000000;0.000000;1.000000;-17.710884;-87.420654;1948.244385;0.121919;0.000000;0.000000;0.000000;0.000000;2.000000;379.583252;-131.365295;1887.839600;0.489816;0.000000;0.000000;0.000000;0.000000;2.000000;714.133789;43.000427;1989.914673;1.175574;0.000000;0.000000;0.000000;0.000000;1.000000;871.821777;-3.017822;1931.816406;2.270493;0.000000;0.000000;0.000000;0.000000;1.000000;-613.060913;-252.521301;2037.728760;0.654435;0.000000;0.000000;0.000000;0.000000;2.000000;-559.833740;-392.884399;1975.672119;0.296497;0.000000;0.000000;0.000000;0.000000;2.000000;-612.068726;-392.454468;1997.415039;0.483098;0.000000;0.000000;0.000000;0.000000;2.000000;-672.526001;-324.531860;2087.715576;0.858144;0.000000;0.000000;0.000000;0.000000;2.000000;-600.168945;-370.954285;1950.622559;0.324635;0.000000;0.000000;0.000000;0.000000;2.000000;-652.925659;-250.052673;1938.721191;0.407676;0.000000;0.000000;0.000000;0.000000;2.000000;7315400192.000000
0.000000;-150.000000;2000.000000;0.000000;0.000000;0.000000;0.000000;0.000000;2.000000;-174.912903;-193.281799;2007.511841;0.000319;0.000000;0.000000;0.000000;0.000000;2.000000;-313.951508;-231.401001;2008.991333;0.000594;0.000000;0.000000;0.000000;0.000000;2.000000;-531.971130;-237.498413;2033.387939;0.001259;0.000000;0.000000;0.000000;0.000000;2.000000;-492.353760;-247.303589;2061.482422;0.001051;0.000000;0.000000;0.000000;0.000000;2.000000;-463.170776;-311.160889;2187.786133;0.000566;0.000000;0.000000;0.000000;0.000000;2.000000;-405.515564;-188.774658;2432.186768;0.001518;0.000000;0.000000;0.000000;0.000000;2.000000;-177.891815;-242.010193;2450.180176;0.002201;0.000000;0.000000;0.000000;0.000000;1.000000;-123.475883;-301.929993;2396.110352;0.002205;0.000000;0.000000;0.000000;0.000000;1.000000;-201.558716;-366.642456;2355.535645;0.001667;0.000000;0.000000;0.000000;0.000000;1.000000;-181.362885;-388.812866;2462.590332;0.002120;0.000000;0.000000;0.000000;0.000000;1.000000;-499.501465;-223.726868;1998.072021;0.001245;0.000000;0.000000;0.000000;0.000000;2.000000;-511.641663;-174.226929;1875.290161;0.001693;0.000000;0.000000;0.000000;0.000000;2.000000;-519.507629;-300.977356;1620.560547;0.002274;0.000000;0.000000;0.000000;0.000000;2.000000;-469.612183;-515.861572;1708.344727;0.002693;0.000000;0.000000;0.000000;0.000000;1.000000;-432.567383;-512.655273;1806.334473;0.002834;0.000000;0.000000;0.000000;0.000000;1.000000;-422.738342;-553.913086;1707.702148;0.002674;0.000000;0.000000;0.000000;0.000000;1.000000;-384.620789;-423.714569;1747.310791;0.002456;0.000000;0.000000;0.000000;0.000000;1.000000;19.637772;-219.400635;2057.391113;0.000163;0.000000;0.000000;0.000000;0.000000;2.000000;414.904999;-189.082581;1976.053589;0.003287;0.000000;0.000000;0.000000;0.000000;2.000000;786.778442;-83.145203;1967.856567;0.003619;0.000000;0.000000;0.000000;0.000000;1.000000;914.427368;-160.157654;1851.075073;0.005783;0.000000;0.000000;0.000000;0.000000;1.000000;-17.708252;-87.418396;1948.247681;0.000144;0.000000;0.000000;0.000000;0.000000;2.000000;379.572479;-131.408447;1887.817871;0.001487;0.000000;0.000000;0.000000;0.000000;2.000000;714.180603;42.863098;1989.847900;0.004799;0.000000;0.000000;0.000000;0.000000;1.000000;871.841675;-3.202087;1931.719971;0.006278;0.000000;0.000000;0.000000;0.000000;1.000000;-613.060547;-252.471436;2037.736694;0.001517;0.000000;0.000000;0.000000;0.000000;2.000000;-559.875854;-392.816620;1975.608032;0.003075;0.000000;0.000000;0.000000;0.000000;2.000000;-612.096436;-392.391815;1997.383911;0.002261;0.000000;0.000000;0.000000;0.000000;2.000000;-672.494446;-324.493958;2087.740723;0.001663;0.000000;0.000000;0.000000;0.000000;2.000000;-600.226135;-370.879150;1950.590332;0.002998;0.000000;0.000000;0.000000;0.000000;2.000000;-652.987732;-249.974670;1938.756104;0.003174;0.000000;0.000000;0.000000;0.000000;2.000000;7315433472.000000
0.000000;-150.000000;2000.000000;0.000000;0.000000;0.000000;0.000000;0.000000;2.000000;-178.683136;-197.281372;2011.042358;0.196294;0.000000;0.000000;0.000000;0.000000;2.000000;-320.806549;-238.392456;2015.861206;0.359407;0.000000;0.000000;0.000000;0.000000;2.000000;-544.763550;-245.806885;2039.543701;0.494261;0.000000;0.000000;0.000000;0.000000;2.000000;-504.212555;-254.719482;2068.938477;0.476259;0.000000;0.000000;0.000000;0.000000;2.000000;-473.084625;-316.690552;2200.099609;0.503234;0.000000;0.000000;0.000000;0.000000;2.000000;-415.441010;-187.468445;2449.574707;0.602882;0.000000;0.000000;0.000000;0.000000;2.000000;-178.695740;-228.101013;2465.295898;0.617703;0.000000;0.000000;0.000000;0.000000;1.000000;-129.820923;-293.822876;2408.025879;0.473164;0.000000;0.000000;0.000000;0.000000;1.000000;-200.382111;-367.522949;2361.482422;0.184065;0.000000;0.000000;0.000000;0.000000;1.000000;-184.098938;-381.011292;2465.285156;0.261285;0.000000;0.000000;0.000000;0.000000;1.000000;-511.286774;-232.416748;2003.128906;0.465483;0.000000;0.000000;0.000000;0.000000;2.000000;-514.105774;-178.339539;1877.838989;0.163153;0.000000;0.000000;0.000000;0.000000;2.000000;-508.825348;-305.872498;1614.954346;0.391206;0.000000;0.000000;0.000000;0.000000;2.000000;-456.738007;-535.210571;1679.092773;1.122610;0.000000;0.000000;0.000000;0.000000;1.000000;-455.627472;-517.971680;1785.304443;0.951293;0.000000;0.000000;0.000000;0.000000;1.000000;-415.642914;-562.985901;1692.966919;0.561978;0.000000;0.000000;0.000000;0.000000;1.000000;-388.234314;-434.911133;1747.355103;0.353525;0.000000;0.000000;0.000000;0.000000;1.000000;22.015228;-218.963501;2060.952393;0.129333;0.000000;0.000000;0.000000;0.000000;2.000000;433.218109;-213.371582;2001.633911;1.194266;0.000000;0.000000;0.000000;0.000000;2.000000;826.420532;-186.358643;1953.258911;3.351082;0.000000;0.000000;0.000000;0.000000;2.000000;999.070557;-259.865540;1902.333374;4.221037;0.000000;0.000000;0.000000;0.000000;2.000000;-19.852104;-87.812500;1945.036621;0.116617;0.000000;0.000000;0.000000;0.000000;2.000000;388.348419;-146.043762;1897.625732;0.591423;0.000000;0.000000;0.000000;0.000000;2.000000;733.239075;39.353638;1985.324829;0.597949;0.000000;0.000000;0.000000;0.000000;1.000000;910.320068;19.457886;1969.577637;1.759100;0.000000;0.000000;0.000000;0.000000;1.000000;-627.921082;-261.740112;2043.870483;0.557606;0.000000;0.000000;0.000000;0.000000;2.000000;-563.404602;-401.979797;1980.749146;0.333042;0.000000;0.000000;0.000000;0.000000;2.000000;-618.642761;-403.944000;1998.625732;0.400722;0.000000;0.000000;0.000000;0.000000;2.000000;-690.340515;-339.145630;2087.912354;0.693833;0.000000;0.000000;0.000000;0.000000;2.000000;-603.356750;-380.004578;1952.389404;0.294886;0.000000;0.000000;0.000000;0.000000;2.000000;-660.586182;-257.343567;1939.332275;0.318522;0.000000;0.000000;0.000000;0.000000;2.000000;7315466752.000000
0.000000;-150.000000;2000.000000;0.000000;0.000000;0.000000;0.000000;0.000000;2.000000;-170.513412;-186.667114;1999.211548;0.536991;0.000000;0.000000;0.000000;0.000000;2.000000;-307.076965;-214.810974;1999.822754;0.951068;0.000000;0.000000;0.000000;0.000000;2.000000;-516.858337;-227.585266;2029.440430;1.046435;0.000000;0.000000;0.000000;0.000000;2.000000;-477.494568;-235.644653;2055.549316;1.065318;0.000000;0.000000;0.000000;0.000000;2.000000;-438.548157;-303.169434;2171.542969;1.406517;0.000000;0.000000;0.000000;0.000000;2.000000;-383.741089;-195.227051;2413.059082;1.471580;0.000000;0.000000;0.000000;0.000000;2.000000;-162.464706;-224.785583;2452.767334;0.624106;0.000000;0.000000;0.000000;0.000000;1.000000;-108.503220;-283.378967;2402.598389;0.731705;0.000000;0.000000;0.000000;0.000000;1.000000;-180.255692;-349.992859;2362.935059;0.803182;0.000000;0.000000;0.000000;0.000000;1.000000;-167.725388;-366.962402;2464.482910;0.648724;0.000000;0.000000;0.000000;0.000000;1.000000;-486.898743;-213.412842;1994.347046;0.965776;0.000000;0.000000;0.000000;0.000000;2.000000;-501.096985;-165.439392;1875.913574;0.553529;0.000000;0.000000;0.000000;0.000000;2.000000;-513.503296;-292.125183;1631.844238;0.669297;0.000000;0.000000;0.000000;0.000000;2.000000;-457.099609;-500.236877;1710.785645;1.418234;0.000000;0.000000;0.000000;0.000000;1.000000;-417.699524;-511.308502;1803.516113;1.279989;0.000000;0.000000;0.000000;0.000000;1.000000;-406.605896;-547.094849;1706.677979;0.686641;0.000000;0.000000;0.000000;0.000000;1.000000;-370.184265;-417.461121;1747.180908;0.754403;0.000000;0.000000;0.000000;0.000000;1.000000;13.226471;-212.836670;2061.828613;0.322997;0.000000;0.000000;0.000000;0.000000;2.000000;397.820068;-180.540405;1996.869141;1.457753;0.000000;0.000000;0.000000;0.000000;2.000000;761.677063;-96.908997;1974.160889;3.376881;0.000000;0.000000;0.000000;0.000000;1.000000;883.092468;-183.589966;1867.918823;4.297321;0.000000;0.000000;0.000000;0.000000;1.000000;-11.926895;-93.337341;1944.246338;0.291261;0.000000;0.000000;0.000000;0.000000;2.000000;373.464172;-137.101990;1895.216797;0.526741;0.000000;0.000000;0.000000;0.000000;2.000000;698.917664;34.031128;1982.704590;1.046585;0.000000;0.000000;0.000000;0.000000;1.000000;851.876038;-16.150818;1932.912842;2.332937;0.000000;0.000000;0.000000;0.000000;1.000000;-594.603149;-244.641174;2035.942261;1.150223;0.000000;0.000000;0.000000;0.000000;2.000000;-542.493774;-382.328705;1981.124634;0.862317;0.000000;0.000000;0.000000;0.000000;2.000000;-593.839966;-380.806335;1999.978882;1.020025;0.000000;0.000000;0.000000;0.000000;2.000000;-655.034546;-312.456116;2083.305176;1.337078;0.000000;0.000000;0.000000;0.000000;2.000000;-580.156616;-361.173767;1954.813354;0.900802;0.000000;0.000000;0.000000;0.000000;2.000000;-629.057007;-243.900085;1938.615479;1.030141;0.000000;0.000000;0.000000;0.000000;2.000000;7315500032.000000
0.000000;-150.000000;2000.000000;0.000000;0.000000;0.000000;0.000000;0.000000;2.000000;-170.380615;-186.053467;1999.310181;0.019097;0.000000;0.000000;0.000000;0.000000;2.000000;-306.735138;-214.194763;1999.487427;0.023449;0.000000;0.000000;0.000000;0.000000;2.000000;-516.307129;-228.076599;2027.809570;0.053793;0.000000;0.000000;0.000000;0.000000;2.000000;-477.110840;-236.130188;2054.041748;0.048968;0.000000;0.000000;0.000000;0.000000;2.000000;-436.901123;-304.452209;2168.882813;0.101608;0.000000;0.000000;0.000000;0.000000;2.000000;-372.631409;-197.289368;2407.953369;0.372580;0.000000;0.000000;0.000000;0.000000;2.000000;-151.007629;-228.629944;2442.044434;0.485464;0.000000;0.000000;0.000000;0.000000;1.000000;-99.291451;-290.733582;2394.041260;0.437684;0.000000;0.000000;0.000000;0.000000;1.000000;-177.199615;-352.672852;2359.115234;0.167605;0.000000;0.000000;0.000000;0.000000;1.000000;-164.289948;-368.575867;2461.989258;0.136459;0.000000;0.000000;0.000000;0.000000;1.000000;-486.262085;-213.552246;1993.032959;0.044075;0.000000;0.000000;0.000000;0.000000;2.000000;-499.322937;-164.782104;1875.001099;0.063114;0.000000;0.000000;0.000000;0.000000;2.000000;-505.531738;-286.393982;1628.585205;0.310840;0.000000;0.000000;0.000000;0.000000;2.000000;-450.875061;-493.752045;1709.719971;0.271987;0.000000;0.000000;0.000000;0.000000;1.000000;-415.320862;-506.378418;1803.634766;0.164519;0.000000;0.000000;0.000000;0.000000;1.000000;-401.388000;-541.773682;1707.185181;0.224454;0.000000;0.000000;0.000000;0.000000;1.000000;-363.609253;-413.471161;1750.013672;0.246275;0.000000;0.000000;0.000000;0.000000;1.000000;13.081078;-212.995239;2061.507324;0.011619;0.000000;0.000000;0.000000;0.000000;2.000000;397.356506;-192.349915;1993.478882;0.369449;0.000000;0.000000;0.000000;0.000000;2.000000;765.142151;-150.637939;1943.663330;1.859320;0.000000;0.000000;0.000000;0.000000;2.000000;868.072632;-254.026123;1833.392700;2.399881;0.000000;0.000000;0.000000;0.000000;1.000000;-11.795784;-93.194397;1944.536377;0.010484;0.000000;0.000000;0.000000;0.000000;2.000000;372.788544;-137.764832;1894.521362;0.035292;0.000000;0.000000;0.000000;0.000000;2.000000;699.891235;29.663452;1980.599365;0.148598;0.000000;0.000000;0.000000;0.000000;1.000000;851.158997;-22.832458;1928.908447;0.235055;0.000000;0.000000;0.000000;0.000000;1.000000;-593.894958;-245.493591;2033.753540;0.073717;0.000000;0.000000;0.000000;0.000000;2.000000;-545.600220;-382.737183;1975.127808;0.203305;0.000000;0.000000;0.000000;0.000000;2.000000;-595.672791;-381.205597;1996.939819;0.107312;0.000000;0.000000;0.000000;0.000000;2.000000;-651.574158;-313.367371;2084.045410;0.109799;0.000000;0.000000;0.000000;0.000000;2.000000;-584.616089;-361.326904;1951.251221;0.171561;0.000000;0.000000;0.000000;0.000000;2.000000;-633.935852;-243.982056;1938.764160;0.146689;0.000000;0.000000;0.000000;0.000000;2.000000;7315533312.000000
0.000000;-150.000000;2000.000000;0.000000;0.000000;0.000000;0.000000;0.000000;2.000000;-177.362762;-193.962769;2006.346924;0.381058;0.000000;0.000000;0.000000;0.000000;2.000000;-318.978912;-229.933411;2010.493164;0.684372;0.000000;0.000000;0.000000;0.000000;2.000000;-539.940247;-238.791138;2035.083496;0.809758;0.000000;0.000000;0.000000;0.000000;2.000000;-499.680328;-247.258118;2063.907715;0.812160;0.000000;0.000000;0.000000;0.000000;2.000000;-466.658478;-311.490906;2191.374023;1.140600;0.000000;0.000000;0.000000;0.000000;2.000000;-372.546692;-202.004822;2435.021973;0.825613;0.000000;0.000000;0.000000;0.000000;2.000000;-141.267029;-254.319153;2451.604736;0.874091;0.000000;0.000000;0.000000;0.000000;1.000000;-93.971077;-311.772766;2386.788330;0.687542;0.000000;0.000000;0.000000;0.000000;1.000000;-188.524139;-359.745972;2354.824463;0.421407;0.000000;0.000000;0.000000;0.000000;1.000000;-183.051483;-392.249817;2464.424316;0.910601;0.000000;0.000000;0.000000;0.000000;1.000000;-507.172455;-225.393799;1998.926147;0.743467;0.000000;0.000000;0.000000;0.000000;2.000000;-515.490234;-172.379944;1875.290283;0.536838;0.000000;0.000000;0.000000;0.000000;2.000000;-511.858185;-303.869141;1618.444702;0.636165;0.000000;0.000000;0.000000;0.000000;2.000000;-461.025360;-529.941040;1683.629883;1.374799;0.000000;0.000000;0.000000;0.000000;1.000000;-445.800018;-512.504822;1787.335449;1.054760;0.000000;0.000000;0.000000;0.000000;1.000000;-415.410248;-562.781799;1695.699951;0.833733;0.000000;0.000000;0.000000;0.000000;1.000000;-380.704742;-434.521301;1742.577881;0.844910;0.000000;0.000000;0.000000;0.000000;1.000000;18.758820;-216.614868;2062.794434;0.205989;0.000000;0.000000;0.000000;0.000000;2.000000;424.948883;-222.342773;2005.249390;1.274639;0.000000;0.000000;0.000000;0.000000;2.000000;813.872498;-202.204468;1959.635864;2.185236;0.000000;0.000000;0.000000;0.000000;2.000000;988.379578;-261.243713;1905.561523;4.221107;0.000000;0.000000;0.000000;0.000000;2.000000;-16.915657;-89.930420;1943.375366;0.185751;0.000000;0.000000;0.000000;0.000000;2.000000;386.075317;-148.936768;1897.669067;0.530124;0.000000;0.000000;0.000000;0.000000;2.000000;729.148071;33.435730;1975.392090;0.900093;0.000000;0.000000;0.000000;0.000000;1.000000;904.618164;19.667297;1960.407471;2.259867;0.000000;0.000000;0.000000;0.000000;1.000000;-621.916260;-255.101990;2039.824707;0.908612;0.000000;0.000000;0.000000;0.000000;2.000000;-559.509338;-393.313843;1975.610718;0.525251;0.000000;0.000000;0.000000;0.000000;2.000000;-612.101013;-396.443481;1998.301880;0.674534;0.000000;0.000000;0.000000;0.000000;2.000000;-676.637634;-332.102478;2090.904297;0.962583;0.000000;0.000000;0.000000;0.000000;2.000000;-602.088928;-373.723633;1950.817749;0.643876;0.000000;0.000000;0.000000;0.000000;2.000000;-663.660522;-254.889221;1939.962158;0.952082;0.000000;0.000000;0.000000;0.000000;2.000000;7315566592.000000
0.000000;-150.000000;2000.000000;0.000000;0.000000;0.000000;0.000000;0.000000;2.000000;-175.008469;-188.285217;2005.709961;0.185674;0.000000;0.000000;0.000000;0.000000;2.000000;-314.379822;-221.551636;2006.989258;0.305964;0.000000;0.000000;0.000000;0.000000;2.000000;-530.873535;-230.647644;2031.955933;0.378061;0.000000;0.000000;0.000000;0.000000;2.000000;-491.276428;-239.281982;2059.928223;0.368111;0.000000;0.000000;0.000000;0.000000;2.000000;-456.965271;-305.701782;2182.556641;0.430452;0.000000;0.000000;0.000000;0.000000;2.000000;-384.104553;-192.742554;2425.478516;0.529436;0.000000;0.000000;0.000000;0.000000;2.000000;-157.739761;-242.942993;2448.644043;0.608081;0.000000;0.000000;0.000000;0.000000;1.000000;-106.557602;-297.537903;2387.334473;0.571190;0.000000;0.000000;0.000000;0.000000;1.000000;-191.118881;-355.713989;2351.980713;0.167507;0.000000;0.000000;0.000000;0.000000;1.000000;-179.589127;-383.375610;2464.543945;0.286252;0.000000;0.000000;0.000000;0.000000;1.000000;-498.916931;-217.053650;1996.534912;0.359862;0.000000;0.000000;0.000000;0.000000;2.000000;-508.575867;-169.846375;1873.510498;0.227643;0.000000;0.000000;0.000000;0.000000;2.000000;-509.348450;-301.299805;1623.025146;0.174901;0.000000;0.000000;0.000000;0.000000;2.000000;-463.916565;-517.467651;1706.022705;0.775091;0.000000;0.000000;0.000000;0.000000;1.000000;-429.660217;-504.273193;1803.504150;0.729667;0.000000;0.000000;0.000000;0.000000;1.000000;-419.900574;-553.848755;1709.519165;0.512523;0.000000;0.000000;0.000000;0.000000;1.000000;-377.847107;-425.855591;1745.101318;0.284472;0.000000;0.000000;0.000000;0.000000;1.000000;16.910179;-218.603760;2058.305176;0.157650;0.000000;0.000000;0.000000;0.000000;2.000000;408.503479;-186.718750;1972.250854;1.540510;0.000000;0.000000;0.000000;0.000000;2.000000;782.280029;-106.094177;1933.004517;3.143509;0.000000;0.000000;0.000000;0.000000;1.000000;893.903503;-198.798157;1813.127686;4.392490;0.000000;0.000000;0.000000;0.000000;1.000000;-15.248657;-88.136963;1947.423706;0.142164;0.000000;0.000000;0.000000;0.000000;2.000000;379.760925;-143.858337;1899.654419;0.250687;0.000000;0.000000;0.000000;0.000000;2.000000;714.526611;28.410583;1995.204346;0.755137;0.000000;0.000000;0.000000;0.000000;1.000000;870.021606;-23.855347;1939.742188;1.782283;0.000000;0.000000;0.000000;0.000000;1.000000;-611.205688;-246.735352;2036.762939;0.418620;0.000000;0.000000;0.000000;0.000000;2.000000;-560.685181;-385.663513;1971.884888;0.258120;0.000000;0.000000;0.000000;0.000000;2.000000;-610.052429;-386.396149;1998.801880;0.308481;0.000000;0.000000;0.000000;0.000000;2.000000;-662.539856;-319.143311;2093.372559;0.580153;0.000000;0.000000;0.000000;0.000000;2.000000;-603.810242;-365.502319;1951.014526;0.252460;0.000000;0.000000;0.000000;0.000000;2.000000;-660.920654;-247.173584;1943.027588;0.262701;0.000000;0.000000;0.000000;0.000000;2.000000;7315599872.000000
0.000000;-150.000000;2000.000000;0.000000;0.000000;0.000000;0.000000;0.000000;2.000000;-171.371185;-194.647095;1997.433716;0.332163;0.000000;0.000000;0.000000;0.000000;2.000000;-308.100891;-231.270325;1994.007202;0.522536;0.000000;0.000000;0.000000;0.000000;2.000000;-521.342041;-243.022888;2023.037598;0.540475;0.000000;0.000000;0.000000;0.000000;2.000000;-481.536896;-253.345764;2049.050781;0.609144;0.000000;0.000000;0.000000;0.000000;2.000000;-444.520966;-321.732117;2167.763916;0.754594;0.000000;0.000000;0.000000;0.000000;2.000000;-382.814728;-203.693909;2407.595947;0.631283;0.000000;0.000000;0.000000;0.000000;2.000000;-156.669250;-241.873474;2428.009277;0.621700;0.000000;0.000000;0.000000;0.000000;1.000000;-100.834465;-304.617615;2382.360596;0.311713;0.000000;0.000000;0.000000;0.000000;1.000000;-180.987213;-366.119995;2346.308105;0.468513;0.000000;0.000000;0.000000;0.000000;1.000000;-169.006958;-382.742004;2454.098633;0.447190;0.000000;0.000000;0.000000;0.000000;1.000000;-490.655243;-226.947937;1988.360474;0.458638;0.000000;0.000000;0.000000;0.000000;2.000000;-501.577423;-178.845276;1867.481934;0.387494;0.000000;0.000000;0.000000;0.000000;2.000000;-502.437653;-304.604126;1617.844971;0.277862;0.000000;0.000000;0.000000;0.000000;2.000000;-452.927216;-517.159546;1699.916870;0.377868;0.000000;0.000000;0.000000;0.000000;1.000000;-417.557526;-512.858887;1796.480713;0.493299;0.000000;0.000000;0.000000;0.000000;1.000000;-410.324371;-559.402100;1702.147461;0.399634;0.000000;0.000000;0.000000;0.000000;1.000000;-366.218903;-432.964020;1740.286499;0.434325;0.000000;0.000000;0.000000;0.000000;1.000000;17.923897;-221.794922;2052.135010;0.210941;0.000000;0.000000;0.000000;0.000000;2.000000;405.447784;-197.886108;1967.266724;0.378759;0.000000;0.000000;0.000000;0.000000;2.000000;771.905151;-98.251770;1960.625977;0.917371;0.000000;0.000000;0.000000;0.000000;1.000000;894.089355;-163.700745;1836.627686;1.269194;0.000000;0.000000;0.000000;0.000000;1.000000;-16.162758;-85.259338;1952.987549;0.190213;0.000000;0.000000;0.000000;0.000000;2.000000;371.222321;-42.109558;1877.620361;3.138726;0.000000;0.000000;0.000000;0.000000;1.000000;711.910278;106.098694;1973.949585;2.421445;0.000000;0.000000;0.000000;0.000000;1.000000;856.553589;68.681946;1890.541016;3.175058;0.000000;0.000000;0.000000;0.000000;1.000000;-600.535828;-259.594177;2028.509399;0.559989;0.000000;0.000000;0.000000;0.000000;2.000000;-551.362610;-395.645752;1961.283569;0.519531;0.000000;0.000000;0.000000;0.000000;2.000000;-601.574158;-395.851166;1985.080811;0.561783;0.000000;0.000000;0.000000;0.000000;2.000000;-656.562561;-331.693726;2078.347412;0.615066;0.000000;0.000000;0.000000;0.000000;2.000000;-592.093506;-373.449951;1939.229492;0.553516;0.000000;0.000000;0.000000;0.000000;2.000000;-644.311401;-254.466003;1933.379150;0.617368;0.000000;0.000000;0.000000;0.000000;2.000000;7315633152.000000
0.000000;-150.000000;2000.000000;0.000000;0.000000;0.000000;0.000000;0.000000;2.000000;-169.818451;-196.520752;2001.605469;0.145120;0.000000;0.000000;0.000000;0.000000;2.000000;-305.496094;-234.029419;2002.452026;0.278188;0.000000;0.000000;0.000000;0.000000;2.000000;-517.518921;-245.193970;2031.379517;0.283341;0.000000;0.000000;0.000000;0.000000;2.000000;-477.962738;-254.584656;2057.598389;0.280867;0.000000;0.000000;0.000000;0.000000;2.000000;-443.348541;-316.352600;2179.636230;0.393235;0.000000;0.000000;0.000000;0.000000;2.000000;-335.336975;-205.580811;2404.252441;1.431272;0.000000;0.000000;0.000000;0.000000;2.000000;-113.814903;-261.950317;2416.625977;1.462559;0.000000;0.000000;0.000000;0.000000;1.000000;-76.607445;-342.279846;2382.054688;1.345632;0.000000;0.000000;0.000000;0.000000;1.000000;-177.241791;-360.870483;2352.041748;0.259286;0.000000;0.000000;0.000000;0.000000;1.000000;-170.553925;-382.731659;2462.616211;0.260124;0.000000;0.000000;0.000000;0.000000;1.000000;-486.990326;-230.228638;1996.467773;0.284939;0.000000;0.000000;0.000000;0.000000;2.000000;-500.046417;-179.028809;1877.911377;0.316791;0.000000;0.000000;0.000000;0.000000;2.000000;-500.817780;-312.904907;1634.380615;0.558081;0.000000;0.000000;0.000000;0.000000;2.000000;-459.516632;-525.602539;1716.792725;0.600585;0.000000;0.000000;0.000000;0.000000;1.000000;-422.571075;-517.067444;1811.838501;0.501640;0.000000;0.000000;0.000000;0.000000;1.000000;-418.218475;-561.821350;1717.144775;0.514418;0.000000;0.000000;0.000000;0.000000;1.000000;-369.277222;-437.464508;1745.576660;0.228036;0.000000;0.000000;0.000000;0.000000;1.000000;19.482155;-219.251221;2054.071533;0.106866;0.000000;0.000000;0.000000;0.000000;2.000000;406.906219;-187.575500;1983.215332;0.572330;0.000000;0.000000;0.000000;0.000000;2.000000;768.630432;-79.186523;1983.737183;0.905607;0.000000;0.000000;0.000000;0.000000;1.000000;898.912292;-141.565430;1868.310303;1.170341;0.000000;0.000000;0.000000;0.000000;1.000000;-17.567924;-87.553162;1951.241211;0.096369;0.000000;0.000000;0.000000;0.000000;2.000000;369.229767;-53.978271;1880.207153;0.369882;0.000000;0.000000;0.000000;0.000000;2.000000;701.262024;109.141846;1973.775879;0.332810;0.000000;0.000000;0.000000;0.000000;1.000000;851.221191;77.227417;1900.062744;0.416492;0.000000;0.000000;0.000000;0.000000;1.000000;-596.231934;-261.632996;2037.220581;0.298317;0.000000;0.000000;0.000000;0.000000;2.000000;-554.304016;-401.287018;1974.837036;0.449891;0.000000;0.000000;0.000000;0.000000;2.000000;-603.246399;-398.770325;2000.334839;0.469369;0.000000;0.000000;0.000000;0.000000;2.000000;-652.210388;-329.141052;2092.038574;0.438440;0.000000;0.000000;0.000000;0.000000;2.000000;-594.900330;-378.870789;1953.460449;0.465293;0.000000;0.000000;0.000000;0.000000;2.000000;-643.219299;-259.279907;1944.205566;0.357531;0.000000;0.000000;0.000000;0.000000;2.000000;7315666432.000000
0.000000;-150.000000;2000.000000;0.000000;0.000000;0.000000;0.000000;0.000000;2.000000;-167.775146;-193.118774;2004.667847;0.148338;0.000000;0.000000;0.000000;0.000000;2.000000;-301.332397;-229.927063;2005.051636;0.189310;0.000000;0.000000;0.000000;0.000000;2.000000;-510.304138;-237.205078;2032.406860;0.320001;0.000000;0.000000;0.000000;0.000000;2.000000;-471.692322;-247.743958;2058.188965;0.275169;0.000000;0.000000;0.000000;0.000000;2.000000;-440.013306;-313.731506;2176.182129;0.161883;0.000000;0.000000;0.000000;0.000000;2.000000;-368.005524;-199.046143;2407.937988;0.991919;0.000000;0.000000;0.000000;0.000000;2.000000;-150.075958;-255.926331;2412.959229;1.093172;0.000000;0.000000;0.000000;0.000000;1.000000;-84.722801;-318.030884;2388.055420;0.777272;0.000000;0.000000;0.000000;0.000000;1.000000;-177.505249;-356.690979;2357.846191;0.211809;0.000000;0.000000;0.000000;0.000000;1.000000;-171.061768;-380.566864;2466.464600;0.131528;0.000000;0.000000;0.000000;0.000000;1.000000;-479.806030;-222.423645;1998.473877;0.319488;0.000000;0.000000;0.000000;0.000000;2.000000;-492.799072;-175.120178;1880.529053;0.255689;0.000000;0.000000;0.000000;0.000000;2.000000;-511.829468;-292.230591;1634.107422;0.693229;0.000000;0.000000;0.000000;0.000000;2.000000;-474.453186;-498.518402;1724.081543;0.940371;0.000000;0.000000;0.000000;0.000000;1.000000;-422.527771;-509.798187;1809.630127;0.224829;0.000000;0.000000;0.000000;0.000000;1.000000;-420.283447;-559.131531;1719.053101;0.115150;0.000000;0.000000;0.000000;0.000000;1.000000;-367.444824;-431.462830;1748.215576;0.201452;0.000000;0.000000;0.000000;0.000000;1.000000;19.251228;-219.313599;2051.664307;0.071587;0.000000;0.000000;0.000000;0.000000;2.000000;400.967773;-181.306580;1987.968628;0.291693;0.000000;0.000000;0.000000;0.000000;2.000000;754.969238;-68.680054;1998.192383;0.665652;0.000000;0.000000;0.000000;0.000000;1.000000;884.265747;-122.140076;1881.845215;0.823860;0.000000;0.000000;0.000000;0.000000;1.000000;-17.359688;-87.496826;1953.411865;0.064552;0.000000;0.000000;0.000000;0.000000;2.000000;363.335144;-64.168579;1879.851685;0.348537;0.000000;0.000000;0.000000;0.000000;2.000000;693.578186;88.164490;1973.453857;0.661182;0.000000;0.000000;0.000000;0.000000;1.000000;839.998840;53.194336;1900.191162;0.784933;0.000000;0.000000;0.000000;0.000000;1.000000;-588.108032;-251.906982;2037.504639;0.375110;0.000000;0.000000;0.000000;0.000000;2.000000;-547.564819;-389.201019;1975.311035;0.409743;0.000000;0.000000;0.000000;0.000000;2.000000;-597.554443;-385.306549;1996.327026;0.448538;0.000000;0.000000;0.000000;0.000000;2.000000;-650.360352;-317.362122;2084.405273;0.418958;0.000000;0.000000;0.000000;0.000000;2.000000;-584.606567;-364.769348;1951.721436;0.519214;0.000000;0.000000;0.000000;0.000000;2.000000;-626.209290;-244.849548;1942.521729;0.661987;0.000000;0.000000;0.000000;0.000000;2.000000;7315700224.000000
0.000000;-150.000000;2000.000000;0.000000;0.000000;0.000000;0.000000;0.000000;2.000000;-167.023499;-193.787659;2005.056274;0.032408;0.000000;0.000000;0.000000;0.000000;2.000000;-300.023071;-230.955811;2006.017212;0.057838;0.000000;0.000000;0.000000;0.000000;2.000000;-508.230286;-238.880188;2033.881470;0.091542;0.000000;0.000000;0.000000;0.000000;2.000000;-469.632202;-249.145752;2059.516357;0.084835;0.000000;0.000000;0.000000;0.000000;2.000000;-437.462219;-312.999939;2178.033203;0.097226;0.000000;0.000000;0.000000;0.000000;2.000000;-349.896820;-202.332275;2405.361816;0.558410;0.000000;0.000000;0.000000;0.000000;2.000000;-134.791046;-266.822632;2403.450195;0.632282;0.000000;0.000000;0.000000;0.000000;1.000000;-75.129677;-335.578613;2383.298584;0.617690;0.000000;0.000000;0.000000;0.000000;1.000000;-173.733978;-359.147095;2357.454834;0.135743;0.000000;0.000000;0.000000;0.000000;1.000000;-168.960968;-382.921326;2465.659668;0.097851;0.000000;0.000000;0.000000;0.000000;1.000000;-477.975708;-224.160889;1999.917847;0.087363;0.000000;0.000000;0.000000;0.000000;2.000000;-491.110535;-178.332336;1881.843506;0.115975;0.000000;0.000000;0.000000;0.000000;2.000000;-505.297729;-298.849915;1637.708008;0.299643;0.000000;0.000000;0.000000;0.000000;2.000000;-469.710083;-505.025146;1726.833862;0.255691;0.000000;0.000000;0.000000;0.000000;1.000000;-418.380798;-513.410095;1812.699707;0.189245;0.000000;0.000000;0.000000;0.000000;1.000000;-417.738525;-559.952026;1720.998291;0.099357;0.000000;0.000000;0.000000;0.000000;1.000000;-366.168121;-433.373993;1749.282593;0.076141;0.000000;0.000000;0.000000;0.000000;1.000000;19.614296;-218.850525;2051.667480;0.017682;0.000000;0.000000;0.000000;0.000000;2.000000;400.310364;-183.137878;1988.036499;0.058501;0.000000;0.000000;0.000000;0.000000;2.000000;752.005188;-67.581604;2001.861938;0.145533;0.000000;0.000000;0.000000;0.000000;1.000000;885.070313;-116.238220;1888.595947;0.270519;0.000000;0.000000;0.000000;0.000000;1.000000;-17.687080;-87.914429;1953.409302;0.015945;0.000000;0.000000;0.000000;0.000000;2.000000;357.595825;-29.401672;1878.112793;1.060106;0.000000;0.000000;0.000000;0.000000;1.000000;688.895081;122.660828;1963.283081;1.089786;0.000000;0.000000;0.000000;0.000000;1.000000;833.244873;94.529968;1884.390625;1.345103;0.000000;0.000000;0.000000;0.000000;1.000000;-585.718933;-253.803772;2039.230225;0.105311;0.000000;0.000000;0.000000;0.000000;2.000000;-546.453430;-390.468903;1976.076172;0.055635;0.000000;0.000000;0.000000;0.000000;2.000000;-596.523376;-386.095520;1996.349487;0.039017;0.000000;0.000000;0.000000;0.000000;2.000000;-649.424744;-318.686768;2084.238281;0.048988;0.000000;0.000000;0.000000;0.000000;2.000000;-582.659790;-365.262939;1952.342773;0.063170;0.000000;0.000000;0.000000;0.000000;2.000000;-622.195740;-245.001038;1944.105225;0.129726;0.000000;0.000000;0.000000;0.000000;2.000000;7315733504.000000
0.000000;-150.000000;2000.000000;0.000000;0.000000;0.000000;0.000000;0.000000;2.000000;-166.839035;-192.594910;2004.853027;0.036777;0.000000;0.000000;0.000000;0.000000;2.000000;-299.564453;-229.320190;2004.899048;0.061108;0.000000;0.000000;0.000000;0.000000;2.000000;-507.585022;-237.007385;2029.618164;0.141256;0.000000;0.000000;0.000000;0.000000;2.000000;-469.488708;-247.481445;2055.670654;0.125987;0.000000;0.000000;0.000000;0.000000;2.000000;-437.954529;-313.126770;2172.921387;0.154358;0.000000;0.000000;0.000000;0.000000;2.000000;-365.077576;-203.272583;2404.901367;0.457236;0.000000;0.000000;0.000000;0.000000;2.000000;-148.251114;-259.019531;2410.388184;0.511875;0.000000;0.000000;0.000000;0.000000;1.000000;-83.089005;-321.917542;2389.361328;0.508810;0.000000;0.000000;0.000000;0.000000;1.000000;-177.144943;-355.250366;2358.906738;0.161611;0.000000;0.000000;0.000000;0.000000;1.000000;-171.755356;-380.612366;2467.075195;0.116931;0.000000;0.000000;0.000000;0.000000;1.000000;-476.899963;-222.168640;1996.286377;0.128590;0.000000;0.000000;0.000000;0.000000;1.000000;-479.873962;-169.573486;1880.749878;0.429355;0.000000;0.000000;0.000000;0.000000;1.000000;-450.271912;-244.305847;1621.035278;2.381370;0.000000;0.000000;0.000000;0.000000;1.000000;-428.604065;-462.296692;1679.684937;2.276218;0.000000;0.000000;0.000000;0.000000;1.000000;-418.035583;-489.050964;1775.571289;1.334353;0.000000;0.000000;0.000000;0.000000;1.000000;-387.889709;-533.053589;1687.983154;1.562638;0.000000;0.000000;0.000000;0.000000;1.000000;-340.922668;-412.654663;1750.810303;0.982419;0.000000;0.000000;0.000000;0.000000;1.000000;19.093590;-218.940063;2051.320557;0.018992;0.000000;0.000000;0.000000;0.000000;2.000000;399.214844;-191.657166;1986.681274;0.261289;0.000000;0.000000;0.000000;0.000000;2.000000;762.853577;-138.736572;1948.818237;2.686633;0.000000;0.000000;0.000000;0.000000;2.000000;868.911682;-215.725647;1824.144287;3.594843;0.000000;0.000000;0.000000;0.000000;1.000000;-17.217529;-87.833740;1953.722046;0.017125;0.000000;0.000000;0.000000;0.000000;2.000000;358.697632;-38.042786;1880.907471;0.274892;0.000000;0.000000;0.000000;0.000000;2.000000;690.730469;110.741272;1964.400757;0.363934;0.000000;0.000000;0.000000;0.000000;1.000000;834.913452;76.636475;1888.606201;0.554656;0.000000;0.000000;0.000000;0.000000;1.000000;-584.953003;-251.776672;2033.733765;0.177530;0.000000;0.000000;0.000000;0.000000;2.000000;-546.908997;-388.824280;1971.742065;0.139963;0.000000;0.000000;0.000000;0.000000;2.000000;-597.131958;-383.585541;1991.001587;0.178452;0.000000;0.000000;0.000000;0.000000;2.000000;-650.396240;-315.312866;2077.514648;0.227919;0.000000;0.000000;0.000000;0.000000;2.000000;-582.132629;-363.134827;1947.352417;0.163784;0.000000;0.000000;0.000000;0.000000;2.000000;-619.374878;-242.581970;1938.187866;0.209959;0.000000;0.000000;0.000000;0.000000;2.000000;7315766784.000000
0.000000;-150.000000;2000.000000;0.000000;0.000000;0.000000;0.000000;0.000000;2.000000;-163.797668;-190.976807;2004.984131;0.103591;0.000000;0.000000;0.000000;0.000000;2.000000;-293.889740;-227.196716;2004.176636;0.183351;0.000000;0.000000;0.000000;0.000000;2.000000;-498.291229;-235.464294;2024.347290;0.324377;0.000000;0.000000;0.000000;0.000000;2.000000;-461.414215;-245.349854;2050.730957;0.291546;0.000000;0.000000;0.000000;0.000000;2.000000;-432.253571;-310.781616;2165.571045;0.288255;0.000000;0.000000;0.000000;0.000000;2.000000;-328.132782;-220.520203;2387.992432;1.326312;0.000000;0.000000;0.000000;0.000000;2.000000;-121.079834;-293.694946;2387.638672;1.489792;0.000000;0.000000;0.000000;0.000000;1.000000;-69.384247;-368.280518;2396.413086;1.468080;0.000000;0.000000;0.000000;0.000000;1.000000;-166.490021;-353.931824;2367.575195;0.414629;0.000000;0.000000;0.000000;0.000000;1.000000;-175.427429;-378.873627;2473.142090;0.219401;0.000000;0.000000;0.000000;0.000000;1.000000;-467.609100;-221.050415;1992.155151;0.307369;0.000000;0.000000;0.000000;0.000000;2.000000;-474.806366;-172.385071;1877.767822;0.195839;0.000000;0.000000;0.000000;0.000000;2.000000;-500.496490;-287.403564;1638.633545;2.057716;0.000000;0.000000;0.000000;0.000000;2.000000;-470.364777;-495.686218;1710.499268;1.854319;0.000000;0.000000;0.000000;0.000000;1.000000;-425.241608;-497.334961;1797.665771;0.741352;0.000000;0.000000;0.000000;0.000000;1.000000;-418.870636;-548.401855;1711.269043;1.252547;0.000000;0.000000;0.000000;0.000000;1.000000;-362.527649;-432.404266;1742.249023;0.916401;0.000000;0.000000;0.000000;0.000000;1.000000;18.282997;-216.816040;2051.524414;0.068587;0.000000;0.000000;0.000000;0.000000;2.000000;391.572632;-180.443115;1996.673218;0.506377;0.000000;0.000000;0.000000;0.000000;2.000000;743.562012;-95.144592;1989.303345;1.879259;0.000000;0.000000;0.000000;0.000000;1.000000;860.434204;-164.007019;1875.015869;2.194662;0.000000;0.000000;0.000000;0.000000;1.000000;-16.486588;-89.749023;1953.538086;0.061847;0.000000;0.000000;0.000000;0.000000;2.000000;354.688660;-77.288574;1879.772095;1.185888;0.000000;0.000000;0.000000;0.000000;2.000000;677.284668;70.609375;1969.550049;1.281146;0.000000;0.000000;0.000000;0.000000;1.000000;820.775635;33.459961;1901.261719;1.417127;0.000000;0.000000;0.000000;0.000000;1.000000;-574.160767;-250.259827;2026.969727;0.385419;0.000000;0.000000;0.000000;0.000000;2.000000;-547.670410;-393.760315;1983.914063;0.395337;0.000000;0.000000;0.000000;0.000000;2.000000;-596.032593;-382.656982;2002.525146;0.348950;0.000000;0.000000;0.000000;0.000000;2.000000;-641.650024;-301.638611;2078.436035;0.488529;0.000000;0.000000;0.000000;0.000000;2.000000;-580.844360;-369.457581;1957.295898;0.356180;0.000000;0.000000;0.000000;0.000000;2.000000;-609.140381;-251.082275;1933.295654;0.425935;0.000000;0.000000;0.000000;0.000000;2.000000;7315800064.000000
0.000000;-150.000000;2000.000000;0.000000;0.000000;0.000000;0.000000;0.000000;2.000000;-161.104828;-191.750916;1999.531372;0.184210;0.000000;0.000000;0.000000;0.000000;2.000000;-289.451050;-226.741089;1997.200684;0.248825;0.000000;0.000000;0.000000;0.000000;2.000000;-490.327576;-240.886414;2018.797607;0.334086;0.000000;0.000000;0.000000;0.000000;2.000000;-453.502197;-249.418335;2044.522949;0.325979;0.000000;0.000000;0.000000;0.000000;2.000000;-419.355286;-312.952087;2156.687500;0.475096;0.000000;0.000000;0.000000;0.000000;2.000000;-294.125183;-241.946411;2370.534668;1.316768;0.000000;0.000000;0.000000;0.000000;2.000000;-98.557434;-333.104553;2354.505615;1.688631;0.000000;0.000000;0.000000;0.000000;1.000000;-56.327179;-389.205566;2410.526367;0.853878;0.000000;0.000000;0.000000;0.000000;1.000000;-143.604004;-364.080688;2366.799316;0.752626;0.000000;0.000000;0.000000;0.000000;1.000000;-161.087036;-377.712921;2465.815186;0.485142;0.000000;0.000000;0.000000;0.000000;1.000000;-460.805359;-225.907288;1986.773315;0.298739;0.000000;0.000000;0.000000;0.000000;2.000000;-471.907532;-175.680054;1875.397461;0.149876;0.000000;0.000000;0.000000;0.000000;2.000000;-505.829224;-291.819824;1642.257568;0.234827;0.000000;0.000000;0.000000;0.000000;2.000000;-477.151855;-491.349884;1728.115479;0.582033;0.000000;0.000000;0.000000;0.000000;1.000000;-419.047668;-507.993683;1803.624023;0.411422;0.000000;0.000000;0.000000;0.000000;1.000000;-421.614624;-559.048645;1718.750488;0.399601;0.000000;0.000000;0.000000;0.000000;1.000000;-360.588470;-441.475342;1739.553345;0.290258;0.000000;0.000000;0.000000;0.000000;1.000000;16.063934;-212.606812;2055.294922;0.182426;0.000000;0.000000;0.000000;0.000000;2.000000;381.529907;-196.219849;1980.222412;0.748427;0.000000;0.000000;0.000000;0.000000;2.000000;720.947388;-85.971802;1985.256348;0.743312;0.000000;0.000000;0.000000;0.000000;1.000000;845.280762;-149.365601;1880.071167;0.651118;0.000000;0.000000;0.000000;0.000000;1.000000;-14.485550;-93.544678;1950.138184;0.164499;0.000000;0.000000;0.000000;0.000000;2.000000;351.705902;-97.091980;1878.997314;0.602216;0.000000;0.000000;0.000000;0.000000;2.000000;664.239502;59.795715;1967.243164;0.513843;0.000000;0.000000;0.000000;0.000000;1.000000;805.577271;19.860596;1901.805786;0.613032;0.000000;0.000000;0.000000;0.000000;1.000000;-564.579041;-257.704712;2022.065674;0.393257;0.000000;0.000000;0.000000;0.000000;2.000000;-540.986145;-400.985107;1984.860474;0.297116;0.000000;0.000000;0.000000;0.000000;2.000000;-588.308716;-388.619690;2003.136108;0.293773;0.000000;0.000000;0.000000;0.000000;2.000000;-631.409424;-305.326721;2075.178711;0.341389;0.000000;0.000000;0.000000;0.000000;2.000000;-573.520691;-377.549957;1957.995850;0.328628;0.000000;0.000000;0.000000;0.000000;2.000000;-599.819702;-261.484253;1930.141113;0.430252;0.000000;0.000000;0.000000;0.000000;2.000000;7315833344.000000
0.000000;-150.000000;2000.000000;0.000000;0.000000;0.000000;0.000000;0.000000;2.000000;-161.900543;-188.814697;2000.789673;0.098921;0.000000;0.000000;0.000000;0.000000;2.000000;-290.935272;-221.425781;1999.243530;0.176821;0.000000;0.000000;0.000000;0.000000;2.000000;-491.881348;-233.308533;2022.228027;0.254268;0.000000;0.000000;0.000000;0.000000;2.000000;-454.956421;-242.833557;2047.488403;0.221355;0.000000;0.000000;0.000000;0.000000;2.000000;-421.511902;-311.969421;2156.568848;0.071301;0.000000;0.000000;0.000000;0.000000;2.000000;-317.034241;-231.822266;2378.302734;0.787962;0.000000;0.000000;0.000000;0.000000;2.000000;-117.172302;-313.657593;2363.916504;0.856904;0.000000;0.000000;0.000000;0.000000;1.000000;-57.559265;-369.676086;2401.109619;0.652530;0.000000;0.000000;0.000000;0.000000;1.000000;-151.190094;-355.699158;2366.380371;0.339921;0.000000;0.000000;0.000000;0.000000;1.000000;-164.754669;-374.686188;2470.958984;0.210490;0.000000;0.000000;0.000000;0.000000;1.000000;-462.405090;-218.099731;1990.244751;0.261207;0.000000;0.000000;0.000000;0.000000;2.000000;-472.271973;-168.827759;1878.276611;0.223603;0.000000;0.000000;0.000000;0.000000;2.000000;-496.932129;-280.299988;1641.609863;0.437800;0.000000;0.000000;0.000000;0.000000;2.000000;-468.063293;-479.020264;1729.468994;0.462051;0.000000;0.000000;0.000000;0.000000;1.000000;-418.485962;-506.412933;1807.912842;0.138379;0.000000;0.000000;0.000000;0.000000;1.000000;-423.038940;-554.256836;1721.227539;0.167640;0.000000;0.000000;0.000000;0.000000;1.000000;-354.108978;-434.197968;1741.796631;0.300445;0.000000;0.000000;0.000000;0.000000;1.000000;16.118080;-216.192871;2050.983887;0.168505;0.000000;0.000000;0.000000;0.000000;2.000000;384.509399;-194.751709;1992.648315;0.386484;0.000000;0.000000;0.000000;0.000000;2.000000;737.052979;-152.531677;1955.089355;2.248523;0.000000;0.000000;0.000000;0.000000;2.000000;832.635681;-237.927795;1836.194702;2.994017;0.000000;0.000000;0.000000;0.000000;1.000000;-14.534393;-90.310913;1954.025635;0.151949;0.000000;0.000000;0.000000;0.000000;2.000000;351.464508;-99.170593;1881.631104;0.101078;0.000000;0.000000;0.000000;0.000000;2.000000;669.061401;45.933899;1972.478882;0.468223;0.000000;0.000000;0.000000;0.000000;1.000000;809.840637;3.449524;1907.294434;0.535518;0.000000;0.000000;0.000000;0.000000;1.000000;-566.352905;-249.200012;2025.784058;0.283955;0.000000;0.000000;0.000000;0.000000;2.000000;-537.448669;-389.783569;1982.334351;0.361039;0.000000;0.000000;0.000000;0.000000;2.000000;-585.369751;-379.884064;2000.608643;0.287170;0.000000;0.000000;0.000000;0.000000;2.000000;-632.059937;-301.480225;2075.900879;0.119213;0.000000;0.000000;0.000000;0.000000;2.000000;-570.511108;-366.246155;1956.180542;0.355697;0.000000;0.000000;0.000000;0.000000;2.000000;-600.524170;-249.937622;1933.342773;0.360667;0.000000;0.000000;0.000000;0.000000;2.000000;7315866624.000000
0.000000;-150.000000;2000.000000;0.000000;0.000000;0.000000;0.000000;0.000000;2.000000;-158.984406;-189.979675;1998.911987;0.109940;0.000000;0.000000;0.000000;0.000000;2.000000;-285.590637;-223.697937;1995.636353;0.205428;0.000000;0.000000;0.000000;0.000000;2.000000;-483.166901;-241.402161;2016.850464;0.392201;0.000000;0.000000;0.000000;0.000000;2.000000;-446.723724;-249.583130;2042.021240;0.359604;0.000000;0.000000;0.000000;0.000000;2.000000;-416.826019;-311.954651;2153.696045;0.165157;0.000000;0.000000;0.000000;0.000000;2.000000;-329.764069;-226.494385;2376.402832;0.418569;0.000000;0.000000;0.000000;0.000000;2.000000;-131.639954;-304.553894;2367.634766;0.525640;0.000000;0.000000;0.000000;0.000000;1.000000;-67.271095;-359.191833;2394.106445;0.478212;0.000000;0.000000;0.000000;0.000000;1.000000;-161.185333;-357.202820;2361.935059;0.331792;0.000000;0.000000;0.000000;0.000000;1.000000;-168.570404;-375.895447;2468.210938;0.145892;0.000000;0.000000;0.000000;0.000000;1.000000;-454.381866;-225.638672;1985.522583;0.359959;0.000000;0.000000;0.000000;0.000000;2.000000;-473.170074;-173.519653;1878.125000;0.143614;0.000000;0.000000;0.000000;0.000000;2.000000;-514.826782;-277.492920;1644.889404;0.553124;0.000000;0.000000;0.000000;0.000000;2.000000;-471.256439;-462.498993;1747.139160;0.733187;0.000000;0.000000;0.000000;0.000000;1.000000;-416.220795;-512.677734;1806.553223;0.204299;0.000000;0.000000;0.000000;0.000000;1.000000;-432.190765;-558.161743;1721.692383;0.299307;0.000000;0.000000;0.000000;0.000000;1.000000;-354.749390;-434.381134;1741.338867;0.024286;0.000000;0.000000;0.000000;0.000000;1.000000;15.958366;-214.837769;2050.613525;0.042484;0.000000;0.000000;0.000000;0.000000;2.000000;360.013947;-263.378845;1929.792725;2.891577;0.000000;0.000000;0.000000;0.000000;1.000000;693.340271;-151.728577;1935.195435;1.443313;0.000000;0.000000;0.000000;0.000000;1.000000;816.335449;-212.873291;1831.426147;0.909502;0.000000;0.000000;0.000000;0.000000;1.000000;-14.390358;-91.532898;1954.359497;0.038309;0.000000;0.000000;0.000000;0.000000;2.000000;343.892365;-125.892761;1880.265381;0.835573;0.000000;0.000000;0.000000;0.000000;2.000000;641.868652;41.521606;1977.209473;0.839892;0.000000;0.000000;0.000000;0.000000;1.000000;783.111450;5.597717;1915.197876;0.840019;0.000000;0.000000;0.000000;0.000000;1.000000;-556.005859;-259.284546;2019.863770;0.469182;0.000000;0.000000;0.000000;0.000000;2.000000;-548.445435;-399.048706;1972.835205;0.517844;0.000000;0.000000;0.000000;0.000000;2.000000;-592.369202;-384.127502;1995.048340;0.297333;0.000000;0.000000;0.000000;0.000000;2.000000;-622.038635;-303.779480;2074.004883;0.314154;0.000000;0.000000;0.000000;0.000000;2.000000;-580.012939;-371.496582;1950.371948;0.369959;0.000000;0.000000;0.000000;0.000000;2.000000;-597.170654;-253.730042;1932.156006;0.156241;0.000000;0.000000;0.000000;0.000000;2.000000;7315899904.000000
0.000000;-150.000000;2000.000000;0.000000;0.000000;0.000000;0.000000;0.000000;2.000000;-156.031952;-189.661255;1992.414063;0.214673;0.000000;0.000000;0.000000;0.000000;2.000000;-280.508453;-222.221436;1985.512939;0.343249;0.000000;0.000000;0.000000;0.000000;2.000000;-475.229065;-239.460144;2001.485229;0.522932;0.000000;0.000000;0.000000;0.000000;2.000000;-439.997070;-248.317871;2026.803101;0.501398;0.000000;0.000000;0.000000;0.000000;2.000000;-411.976135;-312.603210;2135.248291;0.573487;0.000000;0.000000;0.000000;0.000000;2.000000;-331.229218;-235.463379;2358.528076;0.602534;0.000000;0.000000;0.000000;0.000000;2.000000;-140.169495;-319.988586;2342.545898;0.921469;0.000000;0.000000;0.000000;0.000000;1.000000;-65.072906;-343.698792;2379.502930;0.643148;0.000000;0.000000;0.000000;0.000000;1.000000;-158.410858;-360.644470;2356.483887;0.210889;0.000000;0.000000;0.000000;0.000000;1.000000;-151.829163;-376.180939;2458.297363;0.584688;0.000000;0.000000;0.000000;0.000000;1.000000;-446.189209;-223.226685;1971.773560;0.486346;0.000000;0.000000;0.000000;0.000000;2.000000;-453.219177;-167.300842;1867.188599;0.708725;0.000000;0.000000;0.000000;0.000000;2.000000;-382.956055;-154.709961;1623.037842;5.453791;0.000000;0.000000;0.000000;0.000000;1.000000;-365.921661;-359.156067;1677.203979;4.906779;0.000000;0.000000;0.000000;0.000000;1.000000;-398.958984;-436.431519;1718.559082;3.536803;0.000000;0.000000;0.000000;0.000000;1.000000;-423.799988;-529.055603;1715.358154;0.929887;0.000000;0.000000;0.000000;0.000000;1.000000;-338.386078;-444.189484;1753.147339;0.674177;0.000000;0.000000;0.000000;0.000000;1.000000;11.157562;-205.364441;2059.964844;0.425198;0.000000;0.000000;0.000000;0.000000;2.000000;355.805969;-253.514832;1961.476196;1.005084;0.000000;0.000000;0.000000;0.000000;1.000000;679.251221;-132.212280;1973.114746;1.349577;0.000000;0.000000;0.000000;0.000000;1.000000;802.635986;-208.057312;1885.553955;1.683950;0.000000;0.000000;0.000000;0.000000;1.000000;-10.061249;-100.075439;1945.927246;0.383415;0.000000;0.000000;0.000000;0.000000;2.000000;343.533478;-129.377258;1877.869873;0.127515;0.000000;0.000000;0.000000;0.000000;2.000000;633.001221;43.721436;1968.635986;0.376472;0.000000;0.000000;0.000000;0.000000;1.000000;771.251221;-1.987793;1913.464233;0.426228;0.000000;0.000000;0.000000;0.000000;1.000000;-546.943298;-256.844788;2002.341797;0.597271;0.000000;0.000000;0.000000;0.000000;2.000000;-532.736328;-398.809509;1975.552124;0.479090;0.000000;0.000000;0.000000;0.000000;2.000000;-576.971313;-383.232361;1994.459351;0.463796;0.000000;0.000000;0.000000;0.000000;2.000000;-611.144226;-295.757019;2060.007324;0.584958;0.000000;0.000000;0.000000;0.000000;2.000000;-564.378052;-376.400543;1949.451294;0.493142;0.000000;0.000000;0.000000;0.000000;2.000000;-585.674805;-265.017761;1915.531006;0.695636;0.000000;0.000000;0.000000;0.000000;2.000000;7315933184.000000
0.000000;-150.000000;2000.000000;0.000000;0.000000;0.000000;0.000000;0.000000;2.000000;-155.117111;-189.209351;1993.520264;0.045220;0.000000;0.000000;0.000000;0.000000;2.000000;-278.017883;-223.982849;1984.933716;0.093299;0.000000;0.000000;0.000000;0.000000;2.000000;-472.580261;-234.764465;1984.388794;0.538652;0.000000;0.000000;0.000000;0.000000;2.000000;-440.092346;-245.356323;2012.096924;0.450773;0.000000;0.000000;0.000000;0.000000;2.000000;-418.923889;-308.784851;2121.601318;0.474237;0.000000;0.000000;0.000000;0.000000;2.000000;-346.464355;-233.523804;2346.554688;0.585154;0.000000;0.000000;0.000000;0.000000;2.000000;-160.873734;-325.930420;2327.759277;0.785063;0.000000;0.000000;0.000000;0.000000;1.000000;-84.989365;-335.289185;2368.053711;0.735086;0.000000;0.000000;0.000000;0.000000;1.000000;-176.725327;-360.522461;2349.249023;0.591709;0.000000;0.000000;0.000000;0.000000;1.000000;-162.223648;-369.552246;2449.398438;0.456865;0.000000;0.000000;0.000000;0.000000;1.000000;-440.866333;-218.960876;1957.773193;0.467960;0.000000;0.000000;0.000000;0.000000;1.000000;-422.298096;-156.599670;1859.290039;1.011427;0.000000;0.000000;0.000000;0.000000;1.000000;-303.232849;-100.669556;1643.503906;2.958632;0.000000;0.000000;0.000000;0.000000;1.000000;-294.026123;-311.234436;1639.272827;2.835402;0.000000;0.000000;0.000000;0.000000;1.000000;-366.642883;-358.403503;1673.355835;2.878354;0.000000;0.000000;0.000000;0.000000;1.000000;-400.625366;-446.968781;1682.784180;2.743502;0.000000;0.000000;0.000000;0.000000;1.000000;-331.349060;-405.637390;1718.643555;1.568928;0.000000;0.000000;0.000000;0.000000;1.000000;11.481506;-205.222107;2059.299805;0.022636;0.000000;0.000000;0.000000;0.000000;2.000000;367.637512;-196.735657;2012.494873;2.321059;0.000000;0.000000;0.000000;0.000000;2.000000;688.200500;-79.071960;2048.778809;2.791244;0.000000;0.000000;0.000000;0.000000;1.000000;809.026428;-163.219543;1967.581055;2.815508;0.000000;0.000000;0.000000;0.000000;1.000000;-10.353394;-100.203796;1946.526855;0.020410;0.000000;0.000000;0.000000;0.000000;2.000000;340.227173;-125.486145;1873.821045;0.195810;0.000000;0.000000;0.000000;0.000000;2.000000;637.460938;25.641052;1969.886841;0.560825;0.000000;0.000000;0.000000;0.000000;1.000000;771.476807;-28.099548;1914.348633;0.785087;0.000000;0.000000;0.000000;0.000000;1.000000;-544.178711;-249.573303;1978.926758;0.741391;0.000000;0.000000;0.000000;0.000000;2.000000;-542.973328;-393.751770;1975.442505;0.343113;0.000000;0.000000;0.000000;0.000000;2.000000;-584.297974;-371.624115;1993.510254;0.413456;0.000000;0.000000;0.000000;0.000000;2.000000;-607.123352;-272.691956;2044.872681;0.837701;0.000000;0.000000;0.000000;0.000000;2.000000;-574.104797;-373.272278;1947.733398;0.311323;0.000000;0.000000;0.000000;0.000000;2.000000;-588.491943;-268.066528;1897.197754;0.564823;0.000000;0.000000;0.000000;0.000000;2.000000;7315966464.000000
0.000000;-150.000000;2000.000000;0.000000;0.000000;0.000000;0.000000;0.000000;2.000000;-155.757324;-188.469116;1995.044678;0.054433;0.000000;0.000000;0.000000;0.000000;2.000000;-279.556458;-221.623962;1988.612427;0.139212;0.000000;0.000000;0.000000;0.000000;2.000000;-474.425415;-232.811523;1996.081543;0.360501;0.000000;0.000000;0.000000;0.000000;2.000000;-440.708374;-243.765259;2022.310181;0.311141;0.000000;0.000000;0.000000;0.000000;2.000000;-419.512024;-306.157959;2132.763916;0.345030;0.000000;0.000000;0.000000;0.000000;2.000000;-290.664551;-257.712952;2339.809326;1.838646;0.000000;0.000000;0.000000;0.000000;2.000000;-111.508926;-362.902893;2320.208008;1.867064;0.000000;0.000000;0.000000;0.000000;1.000000;-43.989059;-390.633545;2366.875977;2.069920;0.000000;0.000000;0.000000;0.000000;1.000000;-134.310364;-381.944031;2331.977539;1.519202;0.000000;0.000000;0.000000;0.000000;1.000000;-151.765289;-368.688568;2437.474121;0.477294;0.000000;0.000000;0.000000;0.000000;1.000000;-443.803345;-216.521484;1968.326538;0.337222;0.000000;0.000000;0.000000;0.000000;2.000000;-442.817993;-153.924255;1867.923950;0.673753;0.000000;0.000000;0.000000;0.000000;2.000000;-467.588257;-245.513000;1633.029419;6.590198;0.000000;0.000000;0.000000;0.000000;2.000000;-439.413757;-452.086639;1667.509521;6.141449;0.000000;0.000000;0.000000;0.000000;1.000000;-414.622375;-445.876556;1757.222900;3.916320;0.000000;0.000000;0.000000;0.000000;1.000000;-375.928223;-507.216278;1695.000000;1.990656;0.000000;0.000000;0.000000;0.000000;1.000000;-329.613617;-402.196533;1715.385986;0.151625;0.000000;0.000000;0.000000;0.000000;1.000000;12.075623;-206.406860;2058.332031;0.049312;0.000000;0.000000;0.000000;0.000000;2.000000;368.898529;-193.709778;2010.887939;0.109700;0.000000;0.000000;0.000000;0.000000;2.000000;687.480225;-70.233826;2052.746582;0.291907;0.000000;0.000000;0.000000;0.000000;1.000000;824.979248;-130.193909;1975.879761;1.129925;0.000000;0.000000;0.000000;0.000000;1.000000;-10.889114;-99.135498;1947.399414;0.044463;0.000000;0.000000;0.000000;0.000000;2.000000;341.024353;-121.291138;1875.833496;0.141843;0.000000;0.000000;0.000000;0.000000;2.000000;646.120361;21.823669;1962.050415;0.369197;0.000000;0.000000;0.000000;0.000000;1.000000;782.461182;-26.273315;1905.956543;0.418973;0.000000;0.000000;0.000000;0.000000;1.000000;-546.342773;-247.718445;1993.403198;0.443340;0.000000;0.000000;0.000000;0.000000;2.000000;-546.262207;-391.699005;1980.315308;0.187108;0.000000;0.000000;0.000000;0.000000;2.000000;-589.298218;-369.997253;1994.908569;0.163491;0.000000;0.000000;0.000000;0.000000;2.000000;-617.046021;-274.027039;2049.945801;0.337260;0.000000;0.000000;0.000000;0.000000;2.000000;-573.751404;-368.811646;1950.527344;0.158511;0.000000;0.000000;0.000000;0.000000;2.000000;-580.972290;-259.995178;1905.773926;0.419859;0.000000;0.000000;0.000000;0.000000;2.000000;7315999744.000000
0.000000;-150.000000;2000.000000;0.000000;0.000000;0.000000;0.000000;0.000000;2.000000;-156.108734;-187.479370;1995.394409;0.032759;0.000000;0.000000;0.000000;0.000000;2.000000;-280.251129;-219.710754;1989.351685;0.064084;0.000000;0.000000;0.000000;0.000000;2.000000;-475.223389;-229.884338;1998.472290;0.114310;0.000000;0.000000;0.000000;0.000000;2.000000;-441.319336;-241.157227;2024.367188;0.099945;0.000000;0.000000;0.000000;0.000000;2.000000;-420.636536;-305.431580;2133.926025;0.052461;0.000000;0.000000;0.000000;0.000000;2.000000;-288.928253;-264.687195;2341.010010;0.215635;0.000000;0.000000;0.000000;0.000000;2.000000;-112.642242;-373.897583;2316.622314;0.343869;0.000000;0.000000;0.000000;0.000000;1.000000;-43.082977;-401.543640;2360.349609;0.377171;0.000000;0.000000;0.000000;0.000000;1.000000;-133.437469;-389.221619;2326.482422;0.271096;0.000000;0.000000;0.000000;0.000000;1.000000;-149.189087;-373.511688;2433.956055;0.192413;0.000000;0.000000;0.000000;0.000000;1.000000;-444.737122;-213.613770;1970.514404;0.111174;0.000000;0.000000;0.000000;0.000000;2.000000;-446.876099;-151.090698;1869.999512;0.158826;0.000000;0.000000;0.000000;0.000000;2.000000;-474.055298;-243.300171;1635.449463;0.214575;0.000000;0.000000;0.000000;0.000000;2.000000;-449.554871;-449.271240;1676.496582;0.409554;0.000000;0.000000;0.000000;0.000000;1.000000;-421.969910;-440.560028;1765.239746;0.358209;0.000000;0.000000;0.000000;0.000000;1.000000;-386.535828;-505.138245;1704.276001;0.421512;0.000000;0.000000;0.000000;0.000000;1.000000;-334.379608;-402.816010;1716.665527;0.147180;0.000000;0.000000;0.000000;0.000000;1.000000;11.943306;-206.870544;2057.977539;0.017711;0.000000;0.000000;0.000000;0.000000;2.000000;368.934723;-201.632019;2008.774658;0.242641;0.000000;0.000000;0.000000;0.000000;2.000000;710.360657;-160.760437;1988.938599;3.346741;0.000000;0.000000;0.000000;0.000000;2.000000;815.864563;-253.199219;1895.301392;4.359921;0.000000;0.000000;0.000000;0.000000;1.000000;-10.769791;-98.717346;1947.718994;0.015970;0.000000;0.000000;0.000000;0.000000;2.000000;341.088165;-126.607544;1876.797119;0.159902;0.000000;0.000000;0.000000;0.000000;2.000000;652.187988;7.497437;1956.656250;0.487297;0.000000;0.000000;0.000000;0.000000;1.000000;787.227844;-44.526062;1900.661133;0.579842;0.000000;0.000000;0.000000;0.000000;1.000000;-547.285156;-244.396362;1996.347534;0.134292;0.000000;0.000000;0.000000;0.000000;2.000000;-545.662048;-388.210114;1980.794678;0.105719;0.000000;0.000000;0.000000;0.000000;2.000000;-589.108032;-367.153839;1995.222534;0.084843;0.000000;0.000000;0.000000;0.000000;2.000000;-618.472961;-272.351379;2051.571777;0.080977;0.000000;0.000000;0.000000;0.000000;2.000000;-573.013611;-365.058228;1951.040527;0.114214;0.000000;0.000000;0.000000;0.000000;2.000000;-580.724548;-255.494385;1908.039307;0.149291;0.000000;0.000000;0.000000;0.000000;2.000000;7316033536.000000
0.000000;-150.000000;2000.000000;0.000000;0.000000;0.000000;0.000000;0.000000;2.000000;-156.261337;-189.433777;1994.363770;0.066550;0.000000;0.000000;0.000000;0.000000;2.000000;-280.783081;-222.296143;1988.498779;0.083351;0.000000;0.000000;0.000000;0.000000;2.000000;-475.997498;-237.151428;2001.928467;0.242916;0.000000;0.000000;0.000000;0.000000;2.000000;-441.184998;-246.598450;2027.651855;0.191022;0.000000;0.000000;0.000000;0.000000;2.000000;-417.685730;-311.315735;2136.992920;0.218209;0.000000;0.000000;0.000000;0.000000;2.000000;-307.774475;-252.209961;2353.366211;0.774015;0.000000;0.000000;0.000000;0.000000;2.000000;-124.069519;-350.041443;2328.219482;0.867860;0.000000;0.000000;0.000000;0.000000;1.000000;-50.484055;-390.615204;2350.903564;0.487700;0.000000;0.000000;0.000000;0.000000;1.000000;-147.043289;-389.567444;2336.259277;0.503541;0.000000;0.000000;0.000000;0.000000;1.000000;-148.615463;-382.273132;2441.977539;0.357353;0.000000;0.000000;0.000000;0.000000;1.000000;-446.364807;-221.119263;1972.660034;0.239605;0.000000;0.000000;0.000000;0.000000;2.000000;-456.599304;-161.803650;1870.155518;0.434745;0.000000;0.000000;0.000000;0.000000;2.000000;-494.151184;-266.148560;1641.078369;0.929831;0.000000;0.000000;0.000000;0.000000;2.000000;-461.236267;-462.240875;1715.476318;1.283333;0.000000;0.000000;0.000000;0.000000;1.000000;-412.764832;-462.831451;1795.681030;1.166632;0.000000;0.000000;0.000000;0.000000;1.000000;-401.964966;-521.283325;1720.294312;0.825807;0.000000;0.000000;0.000000;0.000000;1.000000;-340.816711;-415.858856;1717.111328;0.437249;0.000000;0.000000;0.000000;0.000000;1.000000;12.082947;-206.307312;2058.959961;0.034285;0.000000;0.000000;0.000000;0.000000;2.000000;371.358337;-197.303467;2016.752563;0.282288;0.000000;0.000000;0.000000;0.000000;2.000000;704.787598;-106.292358;2028.441895;2.028711;0.000000;0.000000;0.000000;0.000000;1.000000;829.308044;-185.431396;1945.342285;2.563313;0.000000;0.000000;0.000000;0.000000;1.000000;-10.895706;-99.225281;1946.833252;0.030913;0.000000;0.000000;0.000000;0.000000;2.000000;342.160339;-145.339478;1884.507324;0.609526;0.000000;0.000000;0.000000;0.000000;2.000000;649.710144;0.914734;1962.909424;0.282794;0.000000;0.000000;0.000000;0.000000;1.000000;787.250977;-51.347534;1911.689331;0.389646;0.000000;0.000000;0.000000;0.000000;1.000000;-547.969482;-253.635864;2001.784668;0.322788;0.000000;0.000000;0.000000;0.000000;2.000000;-541.149109;-397.011871;1979.583740;0.299433;0.000000;0.000000;0.000000;0.000000;2.000000;-585.430603;-378.171265;1995.197510;0.349008;0.000000;0.000000;0.000000;0.000000;2.000000;-618.050598;-286.808533;2056.181885;0.456138;0.000000;0.000000;0.000000;0.000000;2.000000;-569.613831;-373.457916;1950.914551;0.272311;0.000000;0.000000;0.000000;0.000000;2.000000;-581.622009;-261.961304;1912.841309;0.243530;0.000000;0.000000;0.000000;0.000000;2.000000;7316066816.000000
0.000000;-150.000000;2000.000000;0.000000;0.000000;0.000000;0.000000;0.000000;2.000000;-157.123291;-186.708557;1997.026489;0.117379;0.000000;0.000000;0.000000;0.000000;2.000000;-282.367523;-217.424438;1993.054688;0.206000;0.000000;0.000000;0.000000;0.000000;2.000000;-477.467590;-232.648865;2009.566284;0.270049;0.000000;0.000000;0.000000;0.000000;2.000000;-442.197693;-242.355774;2034.619263;0.246999;0.000000;0.000000;0.000000;0.000000;2.000000;-413.704590;-307.986511;2142.333008;0.223752;0.000000;0.000000;0.000000;0.000000;2.000000;-271.759827;-266.707825;2343.912598;1.200650;0.000000;0.000000;0.000000;0.000000;2.000000;-97.673065;-376.953094;2304.444336;1.339170;0.000000;0.000000;0.000000;0.000000;1.000000;-30.266693;-413.570007;2345.708984;0.932289;0.000000;0.000000;0.000000;0.000000;1.000000;-122.904892;-400.962830;2317.195313;0.985628;0.000000;0.000000;0.000000;0.000000;1.000000;-133.038666;-373.073273;2420.783936;0.837281;0.000000;0.000000;0.000000;0.000000;1.000000;-448.316833;-216.243958;1979.970581;0.270471;0.000000;0.000000;0.000000;0.000000;2.000000;-460.355713;-158.532471;1876.644531;0.245805;0.000000;0.000000;0.000000;0.000000;2.000000;-511.467468;-270.828613;1653.820801;0.661144;0.000000;0.000000;0.000000;0.000000;2.000000;-484.634705;-460.941345;1744.796509;1.127844;0.000000;0.000000;0.000000;0.000000;1.000000;-425.431763;-473.294250;1816.479370;0.796411;0.000000;0.000000;0.000000;0.000000;1.000000;-427.294189;-532.758301;1741.040283;1.042473;0.000000;0.000000;0.000000;0.000000;1.000000;-364.094940;-423.890625;1725.536377;0.782039;0.000000;0.000000;0.000000;0.000000;1.000000;13.046143;-210.277649;2054.768066;0.175886;0.000000;0.000000;0.000000;0.000000;2.000000;372.676636;-193.913330;2015.534912;0.115259;0.000000;0.000000;0.000000;0.000000;2.000000;701.845276;-90.352844;2042.000732;0.634980;0.000000;0.000000;0.000000;0.000000;1.000000;831.814392;-151.903137;1952.350098;1.031982;0.000000;0.000000;0.000000;0.000000;1.000000;-11.764297;-95.645020;1950.613281;0.158605;0.000000;0.000000;0.000000;0.000000;2.000000;342.064087;-138.194153;1888.532227;0.246440;0.000000;0.000000;0.000000;0.000000;2.000000;648.802063;6.445862;1973.981445;0.372896;0.000000;0.000000;0.000000;0.000000;1.000000;788.584229;-37.433777;1920.644043;0.498795;0.000000;0.000000;0.000000;0.000000;1.000000;-549.472595;-249.219727;2010.431641;0.295224;0.000000;0.000000;0.000000;0.000000;2.000000;-541.716614;-391.203339;1980.285522;0.176630;0.000000;0.000000;0.000000;0.000000;2.000000;-585.080505;-374.146729;2000.088623;0.190616;0.000000;0.000000;0.000000;0.000000;2.000000;-614.745483;-286.679321;2068.057861;0.370432;0.000000;0.000000;0.000000;0.000000;2.000000;-572.683167;-366.833191;1955.037598;0.251952;0.000000;0.000000;0.000000;0.000000;2.000000;-589.527344;-253.747620;1923.818848;0.475544;0.000000;0.000000;0.000000;0.000000;2.000000;7316100096.000000
0.000000;-150.000000;2000.000000;0.000000;0.000000;0.000000;0.000000;0.000000;2.000000;-157.430725;-186.374390;1997.137085;0.014043;0.000000;0.000000;0.000000;0.000000;2.000000;-282.920013;-216.842773;1993.231201;0.024682;0.000000;0.000000;0.000000;0.000000;2.000000;-478.314911;-231.717957;2009.786743;0.038400;0.000000;0.000000;0.000000;0.000000;2.000000;-443.016815;-241.387207;2034.922485;0.039190;0.000000;0.000000;0.000000;0.000000;2.000000;-415.343292;-306.886169;2143.142334;0.064103;0.000000;0.000000;0.000000;0.000000;2.000000;-271.363800;-267.799255;2344.141113;0.035557;0.000000;0.000000;0.000000;0.000000;2.000000;-100.371689;-382.038239;2301.127686;0.199636;0.000000;0.000000;0.000000;0.000000;1.000000;-31.322998;-418.302795;2340.181641;0.220943;0.000000;0.000000;0.000000;0.000000;1.000000;-124.743286;-404.276093;2314.569336;0.138525;0.000000;0.000000;0.000000;0.000000;1.000000;-131.390228;-375.426819;2418.490723;0.110466;0.000000;0.000000;0.000000;0.000000;1.000000;-449.092621;-215.459717;1980.088013;0.033334;0.000000;0.000000;0.000000;0.000000;2.000000;-460.787811;-158.656067;1876.033691;0.022787;0.000000;0.000000;0.000000;0.000000;2.000000;-514.276978;-272.233093;1654.018188;0.094567;0.000000;0.000000;0.000000;0.000000;2.000000;-489.796783;-462.072693;1746.890381;0.170802;0.000000;0.000000;0.000000;0.000000;1.000000;-430.194122;-475.273346;1818.259033;0.163932;0.000000;0.000000;0.000000;0.000000;1.000000;-432.898529;-535.715820;1743.457520;0.203793;0.000000;0.000000;0.000000;0.000000;1.000000;-368.639404;-427.307037;1725.989990;0.171379;0.000000;0.000000;0.000000;0.000000;1.000000;12.957932;-210.398132;2054.827148;0.004825;0.000000;0.000000;0.000000;0.000000;2.000000;373.339264;-200.224670;2015.793213;0.190844;0.000000;0.000000;0.000000;0.000000;2.000000;716.126709;-150.000732;2006.793701;2.125010;0.000000;0.000000;0.000000;0.000000;2.000000;825.916260;-233.913818;1908.297363;2.802889;0.000000;0.000000;0.000000;0.000000;1.000000;-11.684738;-95.536377;1950.560059;0.004351;0.000000;0.000000;0.000000;0.000000;2.000000;342.271423;-139.370850;1887.216064;0.053414;0.000000;0.000000;0.000000;0.000000;2.000000;651.108887;2.846558;1971.123901;0.154513;0.000000;0.000000;0.000000;0.000000;1.000000;790.570801;-42.855591;1917.852051;0.192725;0.000000;0.000000;0.000000;0.000000;1.000000;-550.444458;-248.196777;2010.707031;0.043198;0.000000;0.000000;0.000000;0.000000;2.000000;-541.867188;-390.566162;1981.659058;0.045721;0.000000;0.000000;0.000000;0.000000;2.000000;-585.389893;-373.574585;2001.347290;0.042572;0.000000;0.000000;0.000000;0.000000;2.000000;-615.602295;-285.615051;2068.703613;0.045409;0.000000;0.000000;0.000000;0.000000;2.000000;-573.010254;-366.541840;1956.178589;0.036724;0.000000;0.000000;0.000000;0.000000;2.000000;-590.514404;-253.652161;1924.009888;0.030346;0.000000;0.000000;0.000000;0.000000;2.000000;7316133376.000000
0.000000;-150.000000;2000.000000;0.000000;0.000000;0.000000;0.000000;0.000000;2.000000;-186.446899;-199.548706;2014.831787;1.095253;0.000000;0.000000;0.000000;0.000000;2.000000;-333.901642;-246.093933;2019.050415;1.929028;0.000000;0.000000;0.000000;0.000000;2.000000;-568.342896;-245.970825;2040.917603;2.894195;0.000000;0.000000;0.000000;0.000000;2.000000;-526.645996;-255.197266;2072.573242;2.786890;0.000000;0.000000;0.000000;0.000000;2.000000;-493.841583;-313.868042;2212.280762;3.150158;0.000000;0.000000;0.000000;0.000000;2.000000;-370.931610;-201.822205;2461.602295;5.033735;0.000000;0.000000;0.000000;0.000000;2.000000;-160.183365;-332.012390;2417.898438;4.219100;0.000000;0.000000;0.000000;0.000000;1.000000;-85.599091;-376.303162;2359.744629;2.144299;0.000000;0.000000;0.000000;0.000000;1.000000;-169.054474;-414.813965;2287.043945;1.599104;0.000000;0.000000;0.000000;0.000000;1.000000;-213.380249;-458.528076;2438.066895;3.556785;0.000000;0.000000;0.000000;0.000000;1.000000;-532.494141;-234.634155;2002.788574;2.660365;0.000000;0.000000;0.000000;0.000000;2.000000;-529.652100;-179.912109;1871.106323;2.170625;0.000000;0.000000;0.000000;0.000000;2.000000;-512.019043;-319.467712;1600.059326;2.155888;0.000000;0.000000;0.000000;0.000000;2.000000;-484.505341;-542.111084;1720.721680;2.535272;0.000000;0.000000;0.000000;0.000000;1.000000;-472.490143;-500.794586;1824.609009;1.496566;0.000000;0.000000;0.000000;0.000000;1.000000;-459.077362;-561.203247;1727.452393;1.198577;0.000000;0.000000;0.000000;0.000000;1.000000;-396.807068;-434.266907;1727.109131;0.872486;0.000000;0.000000;0.000000;0.000000;1.000000;23.577568;-218.601807;2067.209961;0.548664;0.000000;0.000000;0.000000;0.000000;2.000000;452.876190;-237.242432;2005.030518;2.655861;0.000000;0.000000;0.000000;0.000000;2.000000;864.998535;-229.202576;1957.424072;5.279671;0.000000;0.000000;0.000000;0.000000;2.000000;999.618652;-336.311340;1849.323242;6.312651;0.000000;0.000000;0.000000;0.000000;2.000000;-21.260933;-88.138733;1939.393799;0.494758;0.000000;0.000000;0.000000;0.000000;2.000000;404.240265;-162.263123;1899.898804;2.021288;0.000000;0.000000;0.000000;0.000000;2.000000;768.451416;29.272644;1980.407104;3.624972;0.000000;0.000000;0.000000;0.000000;1.000000;940.782349;-29.267456;1937.757324;4.571296;0.000000;0.000000;0.000000;0.000000;1.000000;-655.743896;-259.878174;2044.954956;3.345654;0.000000;0.000000;0.000000;0.000000;2.000000;-578.076538;-393.099579;1963.769531;1.215953;0.000000;0.000000;0.000000;0.000000;2.000000;-635.272217;-401.523590;1982.280518;1.811113;0.000000;0.000000;0.000000;0.000000;2.000000;-714.130615;-349.907043;2082.381836;3.558939;0.000000;0.000000;0.000000;0.000000;2.000000;-621.765015;-370.434570;1936.823486;1.580540;0.000000;0.000000;0.000000;0.000000;2.000000;-691.290894;-246.507996;1936.895020;3.060329;0.000000;0.000000;0.000000;0.000000;2.000000;7316166656.000000
0.000000;-150.000000;2000.000000;0.000000;0.000000;0.000000;0.000000;0.000000;2.000000;-178.557297;-188.112549;2008.754395;0.455668;0.000000;0.000000;0.000000;0.000000;2.000000;-320.776611;-221.459351;2012.750977;0.859822;0.000000;0.000000;0.000000;0.000000;2.000000;-541.757935;-227.641785;2037.417969;0.975967;0.000000;0.000000;0.000000;0.000000;2.000000;-501.599365;-235.411865;2066.553711;0.975999;0.000000;0.000000;0.000000;0.000000;2.000000;-470.737427;-296.358398;2196.110840;0.997422;0.000000;0.000000;0.000000;0.000000;2.000000;-418.312988;-181.418701;2449.496582;1.592221;0.000000;0.000000;0.000000;0.000000;2.000000;-197.896164;-269.753418;2440.333008;2.288738;0.000000;0.000000;0.000000;0.000000;1.000000;-129.030212;-321.126099;2391.836670;2.319873;0.000000;0.000000;0.000000;0.000000;1.000000;-155.817123;-391.316986;2310.520752;1.074401;0.000000;0.000000;0.000000;0.000000;1.000000;-200.547745;-417.512299;2441.312500;1.295034;0.000000;0.000000;0.000000;0.000000;1.000000;-508.866455;-215.799500;2000.852417;0.909797;0.000000;0.000000;0.000000;0.000000;2.000000;-517.196350;-166.396912;1875.770996;0.569778;0.000000;0.000000;0.000000;0.000000;2.000000;-515.004150;-288.626892;1614.464844;1.026742;0.000000;0.000000;0.000000;0.000000;2.000000;-463.855957;-495.260071;1726.696533;1.548894;0.000000;0.000000;0.000000;0.000000;1.000000;-451.888245;-477.251648;1830.700806;0.957689;0.000000;0.000000;0.000000;0.000000;1.000000;-435.557800;-531.740356;1737.931885;1.175741;0.000000;0.000000;0.000000;0.000000;1.000000;-364.031372;-414.259827;1754.155884;1.411318;0.000000;0.000000;0.000000;0.000000;1.000000;17.022888;-214.796570;2065.110352;0.236316;0.000000;0.000000;0.000000;0.000000;2.000000;413.711304;-179.396667;1966.998169;2.389999;0.000000;0.000000;0.000000;0.000000;2.000000;791.743835;-87.171509;1919.585571;4.934735;0.000000;0.000000;0.000000;0.000000;1.000000;906.987183;-190.510925;1806.087646;5.350555;0.000000;0.000000;0.000000;0.000000;1.000000;-15.350281;-91.570129;1941.287109;0.213098;0.000000;0.000000;0.000000;0.000000;2.000000;388.633545;-150.561890;1906.705322;0.620780;0.000000;0.000000;0.000000;0.000000;2.000000;735.455688;23.781555;1985.640137;1.017319;0.000000;0.000000;0.000000;0.000000;1.000000;890.360596;-43.047852;1933.441284;1.575987;0.000000;0.000000;0.000000;0.000000;1.000000;-623.844971;-243.102539;2042.651001;1.085177;0.000000;0.000000;0.000000;0.000000;2.000000;-567.761414;-379.819611;1970.066284;0.539535;0.000000;0.000000;0.000000;0.000000;2.000000;-620.153503;-382.147827;1993.269409;0.808931;0.000000;0.000000;0.000000;0.000000;2.000000;-680.975586;-320.607727;2090.140869;1.349794;0.000000;0.000000;0.000000;0.000000;2.000000;-609.801147;-357.233582;1946.991089;0.616374;0.000000;0.000000;0.000000;0.000000;2.000000;-666.696411;-235.694763;1943.567749;0.831816;0.000000;0.000000;0.000000;0.000000;2.000000;7316199936.000000
