posX0;posY0;posZ0;posVel0;rotX0;rotY0;rotZ0;rotVel0;confidence0;posX1;posY1;posZ1;posVel1;rotX1;rotY1;rotZ1;rotVel1;confidence1;posX2;posY2;posZ2;posVel2;rotX2;rotY2;rotZ2;rotVel2;confidence2;posX3;posY3;posZ3;posVel3;rotX3;rotY3;rotZ3;rotVel3;confidence3;posX4;posY4;posZ4;posVel4;rotX4;rotY4;rotZ4;rotVel4;confidence4;posX5;posY5;posZ5;posVel5;rotX5;rotY5;rotZ5;rotVel5;confidence5;posX6;posY6;posZ6;posVel6;rotX6;rotY6;rotZ6;rotVel6;confidence6;posX7;posY7;posZ7;posVel7;rotX7;rotY7;rotZ7;rotVel7;confidence7;posX8;posY8;posZ8;posVel8;rotX8;rotY8;rotZ8;rotVel8;confidence8;posX9;posY9;posZ9;posVel9;rotX9;rotY9;rotZ9;rotVel9;confidence9;posX10;posY10;posZ10;posVel10;rotX10;rotY10;rotZ10;rotVel10;confidence10;posX11;posY11;posZ11;posVel11;rotX11;rotY11;rotZ11;rotVel11;confidence11;posX12;posY12;posZ12;posVel12;rotX12;rotY12;rotZ12;rotVel12;confidence12;posX13;posY13;posZ13;posVel13;rotX13;rotY13;rotZ13;rotVel13;confidence13;posX14;posY14;posZ14;posVel14;rotX14;rotY14;rotZ14;rotVel14;confidence14;posX15;posY15;posZ15;posVel15;rotX15;rotY15;rotZ15;rotVel15;confidence15;posX16;posY16;posZ16;posVel16;rotX16;rotY16;rotZ16;rotVel16;confidence16;posX17;posY17;posZ17;posVel17;rotX17;rotY17;rotZ17;rotVel17;confidence17;posX18;posY18;posZ18;posVel18;rotX18;rotY18;rotZ18;rotVel18;confidence18;posX19;posY19;posZ19;posVel19;rotX19;rotY19;rotZ19;rotVel19;confidence19;posX20;posY20;posZ20;posVel20;rotX20;rotY20;rotZ20;rotVel20;confidence20;posX21;posY21;posZ21;posVel21;rotX21;rotY21;rotZ21;rotVel21;confidence21;posX22;posY22;posZ22;posVel22;rotX22;rotY22;rotZ22;rotVel22;confidence22;posX23;posY23;posZ23;posVel23;rotX23;rotY23;rotZ23;rotVel23;confidence23;posX24;posY24;posZ24;posVel24;rotX24;rotY24;rotZ24;rotVel24;confidence24;posX25;posY25;posZ25;posVel25;rotX25;rotY25;rotZ25;rotVel25;confidence25;posX26;posY26;posZ26;posVel26;rotX26;rotY26;rotZ26;rotVel26;confidence26;posX27;posY27;posZ27;posVel27;rotX27;rotY27;rotZ27;rotVel27;confidence27;posX28;posY28;posZ28;posVel28;rotX28;rotY28;rotZ28;rotVel28;confidence28;posX29;posY29;posZ29;posVel29;rotX29;rotY29;rotZ29;rotVel29;confidence29;posX30;posY30;posZ30;posVel30;rotX30;rotY30;rotZ30;rotVel30;confidence30;posX31;posY31;posZ31;posVel31;rotX31;rotY31;rotZ31;rotVel31;confidence31;TimeStamp
0.000000;-150.000000;2000.000000;0.000000;0.000000;0.000000;0.000000;0.000000;2.000000;-130.051270;-141.508301;1977.634155;0.000000;0.000000;0.000000;0.000000;0.000000;2.000000;-234.532104;-127.316589;1970.029785;0.000000;0.000000;0.000000;0.000000;0.000000;2.000000;-395.054932;-130.589905;1980.804565;0.000000;0.000000;0.000000;0.000000;0.000000;2.000000;-367.278198;-149.033020;1995.231689;0.000000;0.000000;0.000000;0.000000;0.000000;2.000000;-329.549561;-230.280151;2051.818359;0.000000;0.000000;0.000000;0.000000;0.000000;2.000000;-135.535706;-238.262482;2116.991699;0.000000;0.000000;0.000000;0.000000;0.000000;1.000000;-25.958984;-312.451752;2007.255615;0.000000;0.000000;0.000000;0.000000;0.000000;1.000000;5.320038;-301.172913;1944.102173;0.000000;0.000000;0.000000;0.000000;0.000000;0.000000;42.337402;-293.893494;1873.454956;0.000000;0.000000;0.000000;0.000000;0.000000;1.000000;10.509857;-277.876587;1916.410034;0.000000;0.000000;0.000000;0.000000;0.000000;0.000000;-369.718567;-110.154236;1964.079102;0.000000;0.000000;0.000000;0.000000;0.000000;2.000000;-350.642883;-44.099915;1894.982788;0.000000;0.000000;0.000000;0.000000;0.000000;2.000000;-159.535522;34.344666;1924.639404;0.000000;0.000000;0.000000;0.000000;0.000000;2.000000;-33.693085;-62.156677;1852.825562;0.000000;0.000000;0.000000;0.000000;0.000000;2.000000;-7.921478;-119.552185;1896.951660;0.000000;0.000000;0.000000;0.000000;0.000000;0.000000;21.608246;-188.154999;1921.829102;0.000000;0.000000;0.000000;0.000000;0.000000;0.000000;-42.597565;-143.685608;1891.543579;0.000000;0.000000;0.000000;0.000000;0.000000;0.000000;-10.213165;-204.445801;2038.715332;0.000000;0.000000;0.000000;0.000000;0.000000;2.000000;285.873962;-222.311737;2030.985840;0.000000;0.000000;0.000000;0.000000;0.000000;2.000000;542.688416;-173.293549;2140.806152;0.000000;0.000000;0.000000;0.000000;0.000000;2.000000;652.906250;-233.622040;2081.703125;0.000000;0.000000;0.000000;0.000000;0.000000;2.000000;9.209656;-100.903809;1965.088623;0.000000;0.000000;0.000000;0.000000;0.000000;2.000000;274.044067;-220.435974;2023.671143;0.000000;0.000000;0.000000;0.000000;0.000000;2.000000;483.177124;-207.844513;2219.177246;0.000000;0.000000;0.000000;0.000000;0.000000;2.000000;595.465515;-263.768463;2243.359863;0.000000;0.000000;0.000000;0.000000;0.000000;2.000000;-455.025696;-138.029663;1977.066040;0.000000;0.000000;0.000000;0.000000;0.000000;2.000000;-555.390015;-145.953247;2040.701660;0.000000;0.000000;0.000000;0.000000;0.000000;2.000000;-538.315369;-108.333435;2036.917969;0.000000;0.000000;0.000000;0.000000;0.000000;2.000000;-451.326904;-75.598694;2023.118286;0.000000;0.000000;0.000000;0.000000;0.000000;2.000000;-557.887268;-125.619995;2008.284546;0.000000;0.000000;0.000000;0.000000;0.000000;2.000000;-509.700500;-119.522766;1924.191772;0.000000;0.000000;0.000000;0.000000;0.000000;1.000000;11473099776.000000
0.000000;-150.000000;2000.000000;0.000000;0.000000;0.000000;0.000000;0.000000;2.000000;-132.071716;-137.509338;1992.310791;0.454110;0.000000;0.000000;0.000000;0.000000;2.000000;-237.569489;-129.983765;1982.347534;0.383642;0.000000;0.000000;0.000000;0.000000;2.000000;-398.744049;-136.579285;1993.704590;0.434816;0.000000;0.000000;0.000000;0.000000;2.000000;-370.404449;-154.420715;2008.244507;0.426931;0.000000;0.000000;0.000000;0.000000;2.000000;-332.122040;-236.124084;2064.780273;0.427593;0.000000;0.000000;0.000000;0.000000;2.000000;-136.793243;-213.635681;2125.667480;0.773573;0.000000;0.000000;0.000000;0.000000;1.000000;-14.468719;-275.080750;2020.283936;1.219552;0.000000;0.000000;0.000000;0.000000;1.000000;9.425293;-294.012177;1955.362061;0.413150;0.000000;0.000000;0.000000;0.000000;0.000000;30.840637;-302.831207;1878.283203;0.454006;0.000000;0.000000;0.000000;0.000000;1.000000;5.825165;-282.011719;1919.655518;0.208370;0.000000;0.000000;0.000000;0.000000;0.000000;-373.770294;-115.632874;1976.673584;0.423759;0.000000;0.000000;0.000000;0.000000;2.000000;-360.841278;-56.953857;1899.312988;0.502191;0.000000;0.000000;0.000000;0.000000;2.000000;-191.597565;41.645752;1974.274536;1.761934;0.000000;0.000000;0.000000;0.000000;2.000000;-35.286011;-26.732849;1935.596924;2.664747;0.000000;0.000000;0.000000;0.000000;2.000000;-15.793457;-99.247314;1953.637329;1.797022;0.000000;0.000000;0.000000;0.000000;0.000000;21.972534;-168.532349;1959.263672;1.250809;0.000000;0.000000;0.000000;0.000000;0.000000;-29.650635;-115.362366;1911.002441;1.086695;0.000000;0.000000;0.000000;0.000000;0.000000;-7.495239;-206.812103;2036.452515;0.125924;0.000000;0.000000;0.000000;0.000000;2.000000;290.647949;-211.826935;2036.030762;0.372180;0.000000;0.000000;0.000000;0.000000;2.000000;546.581970;-175.612000;2156.014648;0.469616;0.000000;0.000000;0.000000;0.000000;2.000000;648.046875;-230.862518;2077.765137;0.202308;0.000000;0.000000;0.000000;0.000000;2.000000;6.758789;-98.770020;1967.129272;0.113553;0.000000;0.000000;0.000000;0.000000;2.000000;267.101379;-226.052643;2036.008179;0.450696;0.000000;0.000000;0.000000;0.000000;2.000000;498.024384;-256.194763;2205.399414;1.551300;0.000000;0.000000;0.000000;0.000000;1.000000;585.047119;-347.364227;2180.963867;3.102316;0.000000;0.000000;0.000000;0.000000;1.000000;-458.850433;-145.344360;1990.189453;0.458791;0.000000;0.000000;0.000000;0.000000;2.000000;-562.957153;-146.131836;2049.234375;0.337541;0.000000;0.000000;0.000000;0.000000;2.000000;-539.443481;-111.872437;2052.624023;0.477607;0.000000;0.000000;0.000000;0.000000;2.000000;-447.081512;-93.081604;2046.949097;0.883623;0.000000;0.000000;0.000000;0.000000;2.000000;-560.164063;-120.324280;2020.752686;0.406492;0.000000;0.000000;0.000000;0.000000;2.000000;-506.830109;-108.534668;1939.880859;0.573158;0.000000;0.000000;0.000000;0.000000;1.000000;11473133568.000000
0.000000;-150.000000;2000.000000;0.000000;0.000000;0.000000;0.000000;0.000000;2.000000;-139.723755;-142.166992;1992.747925;0.273705;0.000000;0.000000;0.000000;0.000000;2.000000;-251.171722;-138.865356;1981.854126;0.495990;0.000000;0.000000;0.000000;0.000000;2.000000;-420.354584;-149.219849;2000.555176;0.792123;0.000000;0.000000;0.000000;0.000000;2.000000;-389.457672;-166.466125;2015.726074;0.724811;0.000000;0.000000;0.000000;0.000000;2.000000;-349.796783;-237.272217;2093.322021;1.025112;0.000000;0.000000;0.000000;0.000000;2.000000;-141.927795;-191.510834;2135.864258;0.759788;0.000000;0.000000;0.000000;0.000000;1.000000;-4.238342;-267.783142;2044.143311;0.822948;0.000000;0.000000;0.000000;0.000000;1.000000;5.182007;-288.198944;1971.928467;0.551216;0.000000;0.000000;0.000000;0.000000;0.000000;15.642914;-303.990875;1889.196655;0.572088;0.000000;0.000000;0.000000;0.000000;1.000000;-11.049438;-282.984650;1935.239868;0.701620;0.000000;0.000000;0.000000;0.000000;0.000000;-395.265839;-127.504944;1980.479126;0.758340;0.000000;0.000000;0.000000;0.000000;2.000000;-384.286957;-75.729797;1891.771851;0.945111;0.000000;0.000000;0.000000;0.000000;2.000000;-217.961273;40.657898;1979.536621;0.820980;0.000000;0.000000;0.000000;0.000000;2.000000;-38.812073;-3.211609;1975.642456;1.421388;0.000000;0.000000;0.000000;0.000000;2.000000;-20.316101;-82.514038;1976.654785;0.879341;0.000000;0.000000;0.000000;0.000000;0.000000;17.437836;-156.279419;1967.016602;0.463632;0.000000;0.000000;0.000000;0.000000;0.000000;-57.702972;-85.423950;1914.914551;1.257734;0.000000;0.000000;0.000000;0.000000;0.000000;-5.320313;-211.873444;2035.676025;0.169779;0.000000;0.000000;0.000000;0.000000;2.000000;302.161346;-195.295258;1971.975464;2.049213;0.000000;0.000000;0.000000;0.000000;2.000000;593.770142;-142.817017;2022.172607;4.445095;0.000000;0.000000;0.000000;0.000000;2.000000;666.417236;-168.495117;1896.811157;5.867912;0.000000;0.000000;0.000000;0.000000;1.000000;4.797546;-94.205994;1967.829224;0.153096;0.000000;0.000000;0.000000;0.000000;2.000000;279.353271;-222.708984;2050.114990;0.579264;0.000000;0.000000;0.000000;0.000000;2.000000;480.540466;-239.201416;2276.987549;2.307928;0.000000;0.000000;0.000000;0.000000;2.000000;603.092529;-263.075745;2224.645020;2.949051;0.000000;0.000000;0.000000;0.000000;2.000000;-483.571930;-160.157776;1999.724121;0.926398;0.000000;0.000000;0.000000;0.000000;2.000000;-601.806763;-120.738525;2019.646851;1.679724;0.000000;0.000000;0.000000;0.000000;2.000000;-579.818604;-136.479248;2054.310791;1.443869;0.000000;0.000000;0.000000;0.000000;2.000000;-505.576935;-201.535950;2067.383301;3.811841;0.000000;0.000000;0.000000;0.000000;2.000000;-572.770752;-99.310303;2038.333252;0.920393;0.000000;0.000000;0.000000;0.000000;2.000000;-471.946075;-82.480591;2026.415039;2.956250;0.000000;0.000000;0.000000;0.000000;1.000000;11473166336.000000
0.000000;-150.000000;2000.000000;0.000000;0.000000;0.000000;0.000000;0.000000;2.000000;-142.260590;-143.221802;1990.850708;0.098804;0.000000;0.000000;0.000000;0.000000;2.000000;-255.786407;-139.804932;1980.001953;0.149754;0.000000;0.000000;0.000000;0.000000;2.000000;-427.109467;-155.314575;2003.882446;0.286676;0.000000;0.000000;0.000000;0.000000;2.000000;-394.683258;-171.012146;2019.358398;0.231443;0.000000;0.000000;0.000000;0.000000;2.000000;-349.859467;-240.264954;2098.553711;0.178371;0.000000;0.000000;0.000000;0.000000;2.000000;-142.944092;-176.173401;2142.665283;0.497409;0.000000;0.000000;0.000000;0.000000;1.000000;6.028198;-243.568512;2054.976318;0.841760;0.000000;0.000000;0.000000;0.000000;1.000000;3.311310;-267.177399;1981.704346;0.688294;0.000000;0.000000;0.000000;0.000000;0.000000;8.989594;-298.283936;1901.257568;0.441222;0.000000;0.000000;0.000000;0.000000;0.000000;-15.515045;-275.758850;1950.790161;0.524357;0.000000;0.000000;0.000000;0.000000;0.000000;-402.848785;-133.361084;1981.757690;0.286042;0.000000;0.000000;0.000000;0.000000;2.000000;-391.440460;-81.997925;1890.658447;0.283384;0.000000;0.000000;0.000000;0.000000;2.000000;-220.255524;37.865845;1974.696655;0.178747;0.000000;0.000000;0.000000;0.000000;2.000000;-37.065063;-3.706055;1970.920166;0.149719;0.000000;0.000000;0.000000;0.000000;2.000000;-18.966583;-84.313293;1978.257446;0.081727;0.000000;0.000000;0.000000;0.000000;0.000000;18.254517;-160.419739;1971.848267;0.189842;0.000000;0.000000;0.000000;0.000000;0.000000;-65.384857;-83.879639;1910.697388;0.263327;0.000000;0.000000;0.000000;0.000000;0.000000;-5.313141;-213.428497;2035.622559;0.046046;0.000000;0.000000;0.000000;0.000000;2.000000;306.244751;-195.592499;1963.704102;0.273118;0.000000;0.000000;0.000000;0.000000;2.000000;606.849854;-141.468201;1983.164551;1.218177;0.000000;0.000000;0.000000;0.000000;2.000000;657.406494;-179.938416;1847.434448;1.523441;0.000000;0.000000;0.000000;0.000000;1.000000;4.791138;-92.803650;1967.877686;0.041524;0.000000;0.000000;0.000000;0.000000;2.000000;296.240295;-212.184235;2023.946777;0.972842;0.000000;0.000000;0.000000;0.000000;2.000000;486.023438;-223.891693;2267.869141;0.551726;0.000000;0.000000;0.000000;0.000000;2.000000;610.045288;-257.409088;2217.806641;0.333777;0.000000;0.000000;0.000000;0.000000;2.000000;-491.058746;-168.685547;2005.199951;0.372869;0.000000;0.000000;0.000000;0.000000;2.000000;-602.387329;-104.715210;2011.288940;0.535080;0.000000;0.000000;0.000000;0.000000;2.000000;-598.431519;-141.278137;2036.829102;0.768889;0.000000;0.000000;0.000000;0.000000;2.000000;-544.846191;-227.227325;2031.772461;1.743278;0.000000;0.000000;0.000000;0.000000;2.000000;-579.951782;-104.912903;2046.067383;0.353598;0.000000;0.000000;0.000000;0.000000;2.000000;-479.573090;-119.135681;2072.656738;1.760725;0.000000;0.000000;0.000000;0.000000;1.000000;11473200128.000000
0.000000;-150.000000;2000.000000;0.000000;0.000000;0.000000;0.000000;0.000000;2.000000;-145.369049;-141.102539;1989.908936;0.118354;0.000000;0.000000;0.000000;0.000000;2.000000;-261.549103;-134.451050;1980.983643;0.241911;0.000000;0.000000;0.000000;0.000000;2.000000;-437.525665;-146.429260;2002.225830;0.420867;0.000000;0.000000;0.000000;0.000000;2.000000;-405.047699;-163.955078;2017.935059;0.385114;0.000000;0.000000;0.000000;0.000000;2.000000;-361.068634;-241.431030;2093.746094;0.373910;0.000000;0.000000;0.000000;0.000000;2.000000;-135.678711;-224.116577;2099.693115;1.977280;0.000000;0.000000;0.000000;0.000000;2.000000;14.702362;-293.079102;2006.678223;2.127328;0.000000;0.000000;0.000000;0.000000;1.000000;11.601654;-288.757935;1928.061035;1.782617;0.000000;0.000000;0.000000;0.000000;0.000000;21.551849;-305.399231;1841.791748;1.867472;0.000000;0.000000;0.000000;0.000000;1.000000;-24.403198;-281.721252;1897.176758;1.668434;0.000000;0.000000;0.000000;0.000000;0.000000;-411.766388;-123.838623;1980.811523;0.399181;0.000000;0.000000;0.000000;0.000000;2.000000;-394.782013;-69.997559;1889.193848;0.382773;0.000000;0.000000;0.000000;0.000000;2.000000;-208.882111;33.458984;1977.663452;0.383086;0.000000;0.000000;0.000000;0.000000;2.000000;-22.283142;-12.493530;1980.662109;0.603161;0.000000;0.000000;0.000000;0.000000;2.000000;-5.406219;-95.425720;1974.693970;0.545973;0.000000;0.000000;0.000000;0.000000;0.000000;28.638855;-174.089600;1960.317627;0.631098;0.000000;0.000000;0.000000;0.000000;0.000000;-66.243439;-83.375977;1905.733276;0.154508;0.000000;0.000000;0.000000;0.000000;0.000000;-6.444092;-215.571655;2035.016602;0.076229;0.000000;0.000000;0.000000;0.000000;2.000000;312.084503;-200.594696;1959.953491;0.261085;0.000000;0.000000;0.000000;0.000000;2.000000;620.315674;-146.554810;1969.586792;0.603876;0.000000;0.000000;0.000000;0.000000;2.000000;751.183899;-152.684875;1889.981567;3.250833;0.000000;0.000000;0.000000;0.000000;1.000000;5.810944;-90.871094;1968.424072;0.068738;0.000000;0.000000;0.000000;0.000000;2.000000;303.943085;-215.735870;2019.554932;0.291495;0.000000;0.000000;0.000000;0.000000;2.000000;497.709656;-226.559113;2269.414795;0.368836;0.000000;0.000000;0.000000;0.000000;2.000000;611.054993;-253.355927;2348.965576;4.004683;0.000000;0.000000;0.000000;0.000000;2.000000;-503.296600;-158.362244;2002.102051;0.497664;0.000000;0.000000;0.000000;0.000000;2.000000;-621.891479;-102.869019;2014.187500;0.604388;0.000000;0.000000;0.000000;0.000000;2.000000;-613.613647;-140.159119;2039.461670;0.471474;0.000000;0.000000;0.000000;0.000000;2.000000;-551.896484;-223.056000;2030.479248;0.253092;0.000000;0.000000;0.000000;0.000000;2.000000;-597.506592;-101.632507;2048.774658;0.551230;0.000000;0.000000;0.000000;0.000000;2.000000;-492.899139;-107.839294;2071.442871;0.534420;0.000000;0.000000;0.000000;0.000000;1.000000;11473232896.000000
0.000000;-150.000000;2000.000000;0.000000;0.000000;0.000000;0.000000;0.000000;2.000000;-143.771759;-153.900085;1991.225342;0.383637;0.000000;0.000000;0.000000;0.000000;2.000000;-258.556061;-157.909119;1982.376831;0.701031;0.000000;0.000000;0.000000;0.000000;2.000000;-432.261749;-167.476135;2004.328369;0.645028;0.000000;0.000000;0.000000;0.000000;2.000000;-400.478119;-186.772949;2017.915527;0.688652;0.000000;0.000000;0.000000;0.000000;2.000000;-355.499359;-275.390198;2076.689209;1.136602;0.000000;0.000000;0.000000;0.000000;2.000000;-143.118134;-279.812592;2008.210449;3.177125;0.000000;0.000000;0.000000;0.000000;2.000000;-29.006775;-347.010071;1875.717041;4.386315;0.000000;0.000000;0.000000;0.000000;1.000000;36.077209;-308.056671;1858.534058;2.254788;0.000000;0.000000;0.000000;0.000000;1.000000;104.495911;-272.677185;1817.503174;2.734795;0.000000;0.000000;0.000000;0.000000;1.000000;-35.508087;-248.106232;1842.488037;1.927885;0.000000;0.000000;0.000000;0.000000;1.000000;-406.520660;-144.043030;1984.871704;0.629305;0.000000;0.000000;0.000000;0.000000;2.000000;-396.838531;-84.440186;1897.489380;0.496626;0.000000;0.000000;0.000000;0.000000;2.000000;-206.013275;5.908081;1981.989624;0.829654;0.000000;0.000000;0.000000;0.000000;2.000000;-18.963837;-25.680786;1982.350342;0.405510;0.000000;0.000000;0.000000;0.000000;2.000000;3.576630;-106.299316;1980.154785;0.447573;0.000000;0.000000;0.000000;0.000000;0.000000;41.168304;-182.777222;1970.326172;0.539720;0.000000;0.000000;0.000000;0.000000;0.000000;-62.330505;-94.137390;1908.630493;0.349537;0.000000;0.000000;0.000000;0.000000;0.000000;-0.167297;-216.240234;2032.182617;0.204761;0.000000;0.000000;0.000000;0.000000;2.000000;313.563660;-214.725616;1953.969727;0.456225;0.000000;0.000000;0.000000;0.000000;2.000000;618.583252;-165.977051;1962.566406;0.613300;0.000000;0.000000;0.000000;0.000000;2.000000;711.898865;-189.606689;1845.828491;2.062181;0.000000;0.000000;0.000000;0.000000;1.000000;0.150909;-90.268311;1970.979736;0.184643;0.000000;0.000000;0.000000;0.000000;1.000000;316.001831;-126.022949;2028.264160;2.691103;0.000000;0.000000;0.000000;0.000000;1.000000;580.556458;-117.472534;2193.927734;4.628391;0.000000;0.000000;0.000000;0.000000;1.000000;703.662231;-169.589966;2155.090576;6.824357;0.000000;0.000000;0.000000;0.000000;1.000000;-497.439484;-177.700256;2003.975586;0.600504;0.000000;0.000000;0.000000;0.000000;2.000000;-612.055664;-117.101257;2009.850098;0.527809;0.000000;0.000000;0.000000;0.000000;2.000000;-607.042969;-154.212524;2035.173340;0.476308;0.000000;0.000000;0.000000;0.000000;2.000000;-549.935059;-239.002991;2029.445801;0.476455;0.000000;0.000000;0.000000;0.000000;2.000000;-589.753296;-117.010742;2045.187012;0.520594;0.000000;0.000000;0.000000;0.000000;2.000000;-488.237762;-128.254578;2072.869141;0.621129;0.000000;0.000000;0.000000;0.000000;1.000000;11473266688.000000
0.000000;-150.000000;2000.000000;0.000000;0.000000;0.000000;0.000000;0.000000;2.000000;-143.840271;-151.268494;1990.825195;0.078797;0.000000;0.000000;0.000000;0.000000;2.000000;-258.263092;-155.004089;1977.719604;0.162666;0.000000;0.000000;0.000000;0.000000;2.000000;-432.534760;-166.251587;1994.138672;0.303819;0.000000;0.000000;0.000000;0.000000;2.000000;-400.982147;-184.740662;2009.330078;0.261514;0.000000;0.000000;0.000000;0.000000;2.000000;-344.785065;-266.494415;2068.467529;0.478569;0.000000;0.000000;0.000000;0.000000;2.000000;-134.170776;-279.849182;1995.598633;0.457603;0.000000;0.000000;0.000000;0.000000;2.000000;-35.250916;-362.484100;1859.583130;0.686871;0.000000;0.000000;0.000000;0.000000;1.000000;31.770050;-327.942688;1840.412598;0.806312;0.000000;0.000000;0.000000;0.000000;1.000000;106.114609;-294.868042;1808.786865;0.707156;0.000000;0.000000;0.000000;0.000000;1.000000;-35.752869;-257.954834;1834.966187;0.366799;0.000000;0.000000;0.000000;0.000000;1.000000;-406.434357;-143.030334;1974.881714;0.297158;0.000000;0.000000;0.000000;0.000000;2.000000;-386.726959;-81.260010;1890.708008;0.372381;0.000000;0.000000;0.000000;0.000000;2.000000;-164.270966;-37.504883;1872.018433;3.710419;0.000000;0.000000;0.000000;0.000000;2.000000;-0.194183;-106.175598;1805.900146;5.766147;0.000000;0.000000;0.000000;0.000000;1.000000;42.985931;-153.613892;1859.768799;4.001550;0.000000;0.000000;0.000000;0.000000;0.000000;72.650269;-162.562378;1939.789307;1.429138;0.000000;0.000000;0.000000;0.000000;0.000000;-66.607910;-94.846802;1900.482910;0.273125;0.000000;0.000000;0.000000;0.000000;0.000000;-1.408722;-216.671600;2031.303223;0.046795;0.000000;0.000000;0.000000;0.000000;2.000000;312.256653;-221.124390;1952.513916;0.198011;0.000000;0.000000;0.000000;0.000000;2.000000;618.728516;-183.088745;1965.804565;0.515388;0.000000;0.000000;0.000000;0.000000;2.000000;652.513733;-266.967316;1844.431152;2.886355;0.000000;0.000000;0.000000;0.000000;2.000000;1.270264;-89.879211;1971.772705;0.042196;0.000000;0.000000;0.000000;0.000000;1.000000;322.569183;-58.347961;1984.471558;2.393329;0.000000;0.000000;0.000000;0.000000;1.000000;582.720276;-14.845642;2151.798096;3.283584;0.000000;0.000000;0.000000;0.000000;1.000000;683.053711;-18.021667;2055.283447;5.404972;0.000000;0.000000;0.000000;0.000000;1.000000;-497.553802;-177.347595;1991.906006;0.357341;0.000000;0.000000;0.000000;0.000000;2.000000;-614.248779;-121.760254;2004.018555;0.230222;0.000000;0.000000;0.000000;0.000000;2.000000;-605.668091;-157.604065;2030.220703;0.182234;0.000000;0.000000;0.000000;0.000000;2.000000;-545.122437;-239.927429;2023.340088;0.231687;0.000000;0.000000;0.000000;0.000000;2.000000;-589.492554;-119.288269;2037.607910;0.234322;0.000000;0.000000;0.000000;0.000000;2.000000;-485.800568;-124.871643;2058.152588;0.452645;0.000000;0.000000;0.000000;0.000000;1.000000;11473300480.000000
0.000000;-150.000000;2000.000000;0.000000;0.000000;0.000000;0.000000;0.000000;2.000000;-142.827881;-147.914917;1986.244141;0.175993;0.000000;0.000000;0.000000;0.000000;2.000000;-255.266724;-149.329651;1963.501953;0.476034;0.000000;0.000000;0.000000;0.000000;2.000000;-429.456726;-161.158936;1967.303711;0.838831;0.000000;0.000000;0.000000;0.000000;2.000000;-398.995361;-183.962524;1977.624268;0.969773;0.000000;0.000000;0.000000;0.000000;2.000000;-342.193054;-281.712341;1998.608643;2.183355;0.000000;0.000000;0.000000;0.000000;2.000000;-130.696899;-349.231201;2009.537598;2.162279;0.000000;0.000000;0.000000;0.000000;1.000000;-13.553314;-388.563324;1869.766846;1.080951;0.000000;0.000000;0.000000;0.000000;1.000000;26.929016;-335.700043;1830.195068;0.418447;0.000000;0.000000;0.000000;0.000000;1.000000;87.168884;-294.613007;1782.894775;0.979137;0.000000;0.000000;0.000000;0.000000;1.000000;-33.889984;-283.413269;1819.860596;0.905185;0.000000;0.000000;0.000000;0.000000;1.000000;-402.357239;-133.894226;1957.325073;0.616672;0.000000;0.000000;0.000000;0.000000;1.000000;-369.174805;-42.448853;1915.771851;1.508254;0.000000;0.000000;0.000000;0.000000;1.000000;-164.302490;42.219421;1869.353516;2.434352;0.000000;0.000000;0.000000;0.000000;1.000000;-47.731628;-31.874695;1740.459961;3.351776;0.000000;0.000000;0.000000;0.000000;1.000000;-2.088776;-96.534119;1766.746826;3.603520;0.000000;0.000000;0.000000;0.000000;1.000000;45.133728;-120.470398;1833.797241;3.580222;0.000000;0.000000;0.000000;0.000000;0.000000;-68.299164;-79.216797;1849.643677;1.623978;0.000000;0.000000;0.000000;0.000000;0.000000;-2.790497;-220.991730;2018.212891;0.422786;0.000000;0.000000;0.000000;0.000000;2.000000;307.174988;-215.691956;1931.102661;0.691731;0.000000;0.000000;0.000000;0.000000;2.000000;612.359497;-177.822449;1942.833252;0.745016;0.000000;0.000000;0.000000;0.000000;2.000000;646.878540;-262.241302;1822.877808;0.694995;0.000000;0.000000;0.000000;0.000000;2.000000;2.516296;-85.983643;1983.576904;0.381247;0.000000;0.000000;0.000000;0.000000;2.000000;322.206390;-61.175293;1957.991943;0.812762;0.000000;0.000000;0.000000;0.000000;1.000000;589.804993;-19.621460;2110.886230;1.275468;0.000000;0.000000;0.000000;0.000000;1.000000;682.736938;-22.985229;2008.055908;1.449240;0.000000;0.000000;0.000000;0.000000;1.000000;-494.050842;-169.598633;1958.718140;1.045534;0.000000;0.000000;0.000000;0.000000;2.000000;-606.067688;-111.552551;1986.812256;0.659620;0.000000;0.000000;0.000000;0.000000;2.000000;-595.881775;-148.801758;2009.958496;0.737370;0.000000;0.000000;0.000000;0.000000;2.000000;-539.719543;-232.036713;1992.185303;0.994552;0.000000;0.000000;0.000000;0.000000;2.000000;-577.701843;-111.589111;2017.263184;0.755090;0.000000;0.000000;0.000000;0.000000;1.000000;-473.071350;-121.273315;2025.359619;1.079115;0.000000;0.000000;0.000000;0.000000;1.000000;11473333248.000000
0.000000;-150.000000;2000.000000;0.000000;0.000000;0.000000;0.000000;0.000000;2.000000;-143.807068;-153.861023;1982.908203;0.203833;0.000000;0.000000;0.000000;0.000000;2.000000;-256.652710;-159.612793;1957.484131;0.354963;0.000000;0.000000;0.000000;0.000000;2.000000;-432.496094;-172.222778;1958.045166;0.436298;0.000000;0.000000;0.000000;0.000000;2.000000;-401.873169;-194.874756;1969.590332;0.409946;0.000000;0.000000;0.000000;0.000000;2.000000;-344.150879;-291.968842;1996.344971;0.316177;0.000000;0.000000;0.000000;0.000000;2.000000;-123.677887;-331.013702;2011.233398;0.579913;0.000000;0.000000;0.000000;0.000000;2.000000;5.338379;-371.987518;1880.284424;0.806247;0.000000;0.000000;0.000000;0.000000;1.000000;37.137512;-326.938660;1824.845215;0.428428;0.000000;0.000000;0.000000;0.000000;1.000000;92.611847;-288.060181;1769.078125;0.480339;0.000000;0.000000;0.000000;0.000000;1.000000;-29.287842;-284.251831;1816.457031;0.171197;0.000000;0.000000;0.000000;0.000000;1.000000;-405.046631;-144.810913;1947.914917;0.433873;0.000000;0.000000;0.000000;0.000000;2.000000;-370.898499;-60.065002;1892.631714;0.862144;0.000000;0.000000;0.000000;0.000000;2.000000;-163.921448;37.082092;1891.757690;0.680303;0.000000;0.000000;0.000000;0.000000;2.000000;-11.491516;-19.424072;1792.020142;1.901050;0.000000;0.000000;0.000000;0.000000;1.000000;25.393494;-91.612671;1769.292236;0.829641;0.000000;0.000000;0.000000;0.000000;1.000000;34.837982;-145.612244;1835.874512;0.806332;0.000000;0.000000;0.000000;0.000000;0.000000;-74.277313;-92.193359;1857.540161;0.483083;0.000000;0.000000;0.000000;0.000000;0.000000;-0.006104;-222.211456;2016.364014;0.105289;0.000000;0.000000;0.000000;0.000000;2.000000;313.547546;-210.216064;1931.394653;0.248791;0.000000;0.000000;0.000000;0.000000;2.000000;621.041870;-169.229492;1948.404907;0.397322;0.000000;0.000000;0.000000;0.000000;2.000000;678.611572;-206.860596;1812.715332;1.912639;0.000000;0.000000;0.000000;0.000000;1.000000;0.005524;-84.883667;1985.244141;0.094944;0.000000;0.000000;0.000000;0.000000;1.000000;321.923706;-42.410889;1989.359131;1.081690;0.000000;0.000000;0.000000;0.000000;1.000000;597.978149;-1.769043;2133.253174;0.880747;0.000000;0.000000;0.000000;0.000000;1.000000;694.827148;5.382446;2032.462646;1.163786;0.000000;0.000000;0.000000;0.000000;1.000000;-497.483459;-181.213074;1948.258545;0.473560;0.000000;0.000000;0.000000;0.000000;2.000000;-603.828613;-112.913086;1980.692383;0.197003;0.000000;0.000000;0.000000;0.000000;2.000000;-592.280151;-147.438538;2007.903076;0.129178;0.000000;0.000000;0.000000;0.000000;2.000000;-541.598083;-236.229309;1995.874023;0.174355;0.000000;0.000000;0.000000;0.000000;2.000000;-571.678772;-110.317078;2007.612305;0.338750;0.000000;0.000000;0.000000;0.000000;1.000000;-466.319153;-124.857422;2004.893311;0.646525;0.000000;0.000000;0.000000;0.000000;1.000000;11473367040.000000
0.000000;-150.000000;2000.000000;0.000000;0.000000;0.000000;0.000000;0.000000;2.000000;-143.469330;-153.157227;1983.290283;0.026524;0.000000;0.000000;0.000000;0.000000;2.000000;-256.051605;-158.348450;1958.022705;0.045776;0.000000;0.000000;0.000000;0.000000;2.000000;-431.170441;-173.903442;1959.262451;0.075149;0.000000;0.000000;0.000000;0.000000;2.000000;-400.190521;-196.200043;1970.153076;0.067584;0.000000;0.000000;0.000000;0.000000;2.000000;-340.694427;-293.837677;1988.271484;0.274015;0.000000;0.000000;0.000000;0.000000;2.000000;-117.880463;-310.704254;2000.449707;0.723705;0.000000;0.000000;0.000000;0.000000;2.000000;25.651154;-331.300293;1881.068115;1.388021;0.000000;0.000000;0.000000;0.000000;1.000000;47.758545;-313.453003;1808.450317;0.724406;0.000000;0.000000;0.000000;0.000000;1.000000;94.192505;-294.005341;1736.879150;1.000408;0.000000;0.000000;0.000000;0.000000;1.000000;-32.436249;-285.288177;1803.544189;0.406844;0.000000;0.000000;0.000000;0.000000;1.000000;-404.318146;-145.908325;1949.570557;0.064566;0.000000;0.000000;0.000000;0.000000;2.000000;-373.850067;-60.434570;1893.823975;0.097798;0.000000;0.000000;0.000000;0.000000;2.000000;-172.209015;24.085022;1829.101563;1.969128;0.000000;0.000000;0.000000;0.000000;1.000000;-36.340302;-32.877197;1708.804932;2.681941;0.000000;0.000000;0.000000;0.000000;1.000000;9.423798;-98.237488;1734.941406;1.173598;0.000000;0.000000;0.000000;0.000000;1.000000;50.148468;-127.618774;1804.768799;1.192039;0.000000;0.000000;0.000000;0.000000;0.000000;-66.215546;-82.324036;1815.470581;1.341471;0.000000;0.000000;0.000000;0.000000;0.000000;-0.287964;-222.064758;2016.088623;0.012832;0.000000;0.000000;0.000000;0.000000;2.000000;312.382019;-209.878540;1931.294556;0.037156;0.000000;0.000000;0.000000;0.000000;2.000000;619.386841;-170.582947;1945.347656;0.113850;0.000000;0.000000;0.000000;0.000000;2.000000;680.729736;-201.082214;1809.988281;0.205429;0.000000;0.000000;0.000000;0.000000;1.000000;0.259674;-85.016052;1985.491943;0.011561;0.000000;0.000000;0.000000;0.000000;1.000000;320.370911;-36.332764;1979.689209;0.351763;0.000000;0.000000;0.000000;0.000000;1.000000;592.892822;5.481628;2128.037598;0.313656;0.000000;0.000000;0.000000;0.000000;1.000000;691.733765;15.342224;2029.978516;0.327175;0.000000;0.000000;0.000000;0.000000;1.000000;-495.873871;-183.767639;1949.668701;0.101698;0.000000;0.000000;0.000000;0.000000;2.000000;-610.492065;-125.843567;1970.655029;0.539348;0.000000;0.000000;0.000000;0.000000;2.000000;-597.036377;-156.652954;2001.056152;0.379214;0.000000;0.000000;0.000000;0.000000;2.000000;-536.554443;-239.579071;1998.970947;0.207542;0.000000;0.000000;0.000000;0.000000;2.000000;-580.641846;-117.676086;1998.897461;0.442705;0.000000;0.000000;0.000000;0.000000;1.000000;-474.656158;-120.395691;2003.037598;0.294074;0.000000;0.000000;0.000000;0.000000;1.000000;11473399808.000000
0.000000;-150.000000;2000.000000;0.000000;0.000000;0.000000;0.000000;0.000000;2.000000;-143.943451;-153.041138;1996.098145;0.379296;0.000000;0.000000;0.000000;0.000000;2.000000;-257.647766;-153.523315;1977.954834;0.608720;0.000000;0.000000;0.000000;0.000000;2.000000;-430.576599;-176.059143;1960.414795;0.074440;0.000000;0.000000;0.000000;0.000000;2.000000;-398.993591;-199.272339;1965.842773;0.160595;0.000000;0.000000;0.000000;0.000000;2.000000;-334.829956;-291.280701;1938.709961;1.478833;0.000000;0.000000;0.000000;0.000000;2.000000;-116.271790;-247.556152;1929.159180;2.818722;0.000000;0.000000;0.000000;0.000000;2.000000;21.404968;-183.695007;1819.490234;4.734588;0.000000;0.000000;0.000000;0.000000;1.000000;57.145172;-236.764465;1775.337402;2.487505;0.000000;0.000000;0.000000;0.000000;1.000000;94.637756;-294.854950;1722.145020;0.436947;0.000000;0.000000;0.000000;0.000000;1.000000;-30.985229;-276.713135;1781.837280;0.692008;0.000000;0.000000;0.000000;0.000000;1.000000;-405.183594;-145.402405;1962.471436;0.382924;0.000000;0.000000;0.000000;0.000000;2.000000;-376.352173;-56.943054;1911.327881;0.533359;0.000000;0.000000;0.000000;0.000000;2.000000;-188.406555;-30.858398;1786.157104;2.118598;0.000000;0.000000;0.000000;0.000000;2.000000;-89.440857;-93.856323;1637.191406;3.196382;0.000000;0.000000;0.000000;0.000000;1.000000;-15.524597;-128.585266;1655.531006;2.621833;0.000000;0.000000;0.000000;0.000000;1.000000;44.061035;-100.859741;1710.603271;2.902547;0.000000;0.000000;0.000000;0.000000;1.000000;-69.723053;-83.902039;1754.116211;1.819212;0.000000;0.000000;0.000000;0.000000;0.000000;1.794525;-222.999176;1990.693359;0.754546;0.000000;0.000000;0.000000;0.000000;2.000000;314.642426;-200.943726;1912.628662;0.616039;0.000000;0.000000;0.000000;0.000000;2.000000;612.202515;-202.046295;1995.452148;1.763696;0.000000;0.000000;0.000000;0.000000;2.000000;676.900024;-215.861664;1859.448242;1.531806;0.000000;0.000000;0.000000;0.000000;2.000000;-1.618256;-84.173401;2008.392334;0.680419;0.000000;0.000000;0.000000;0.000000;2.000000;307.044586;-3.786194;1958.445068;1.215895;0.000000;0.000000;0.000000;0.000000;2.000000;521.339111;-221.729889;2021.683105;7.720052;0.000000;0.000000;0.000000;0.000000;2.000000;626.054443;-198.122864;1933.139893;7.203817;0.000000;0.000000;0.000000;0.000000;2.000000;-493.598755;-184.962891;1943.155762;0.207199;0.000000;0.000000;0.000000;0.000000;2.000000;-608.713684;-125.457581;1949.191406;0.637448;0.000000;0.000000;0.000000;0.000000;2.000000;-599.379089;-155.590027;1981.544922;0.582389;0.000000;0.000000;0.000000;0.000000;2.000000;-540.414307;-238.957611;1988.422852;0.332899;0.000000;0.000000;0.000000;0.000000;2.000000;-582.355469;-116.981201;1980.464111;0.548232;0.000000;0.000000;0.000000;0.000000;2.000000;-477.959473;-120.778137;1997.055420;0.202542;0.000000;0.000000;0.000000;0.000000;1.000000;11473433600.000000
0.000000;-150.000000;2000.000000;0.000000;0.000000;0.000000;0.000000;0.000000;2.000000;-142.849701;-155.311279;1995.832275;0.077328;0.000000;0.000000;0.000000;0.000000;2.000000;-254.934387;-157.466797;1973.394043;0.201772;0.000000;0.000000;0.000000;0.000000;2.000000;-425.543701;-182.316345;1949.696289;0.408718;0.000000;0.000000;0.000000;0.000000;2.000000;-393.944824;-204.966522;1955.370361;0.395064;0.000000;0.000000;0.000000;0.000000;2.000000;-325.216187;-289.344147;1919.486572;0.658581;0.000000;0.000000;0.000000;0.000000;2.000000;-121.828400;-202.368591;1907.765137;1.535158;0.000000;0.000000;0.000000;0.000000;2.000000;-10.668182;-108.079041;1792.357910;2.639837;0.000000;0.000000;0.000000;0.000000;1.000000;46.891998;-148.391296;1760.424805;2.752904;0.000000;0.000000;0.000000;0.000000;1.000000;70.147980;-221.835632;1720.834473;2.350703;0.000000;0.000000;0.000000;0.000000;1.000000;-17.581055;-220.672577;1782.018066;1.758472;0.000000;0.000000;0.000000;0.000000;0.000000;-400.985413;-151.515198;1953.522705;0.354675;0.000000;0.000000;0.000000;0.000000;2.000000;-368.664917;-62.526367;1907.161377;0.316600;0.000000;0.000000;0.000000;0.000000;2.000000;-182.974060;-14.764954;1788.078735;0.521666;0.000000;0.000000;0.000000;0.000000;2.000000;-113.058716;-85.287476;1628.125610;0.815121;0.000000;0.000000;0.000000;0.000000;1.000000;-39.544739;-123.401978;1635.212402;0.973065;0.000000;0.000000;0.000000;0.000000;1.000000;27.204285;-95.707336;1680.223389;1.071873;0.000000;0.000000;0.000000;0.000000;1.000000;-72.853271;-78.618530;1739.608887;0.480762;0.000000;0.000000;0.000000;0.000000;0.000000;2.922974;-222.633514;1992.376221;0.062833;0.000000;0.000000;0.000000;0.000000;2.000000;313.591064;-195.625763;1916.633057;0.205674;0.000000;0.000000;0.000000;0.000000;2.000000;604.905273;-207.199677;2011.813965;0.568902;0.000000;0.000000;0.000000;0.000000;2.000000;681.013550;-185.247131;1884.233887;1.208627;0.000000;0.000000;0.000000;0.000000;2.000000;-2.635803;-84.503174;2006.874512;0.056667;0.000000;0.000000;0.000000;0.000000;2.000000;303.942322;-6.537476;1955.001953;0.164480;0.000000;0.000000;0.000000;0.000000;2.000000;520.041992;-218.778442;2020.586670;0.103920;0.000000;0.000000;0.000000;0.000000;2.000000;626.630127;-191.527924;1937.005615;0.233950;0.000000;0.000000;0.000000;0.000000;2.000000;-487.362732;-191.709503;1930.259521;0.483217;0.000000;0.000000;0.000000;0.000000;2.000000;-596.540894;-123.416077;1933.004883;0.621202;0.000000;0.000000;0.000000;0.000000;2.000000;-589.621704;-152.285156;1966.646484;0.552774;0.000000;0.000000;0.000000;0.000000;2.000000;-537.884827;-239.029846;1977.836670;0.332166;0.000000;0.000000;0.000000;0.000000;2.000000;-569.701233;-115.535767;1963.623535;0.644365;0.000000;0.000000;0.000000;0.000000;2.000000;-466.639587;-126.754456;1980.441895;0.640044;0.000000;0.000000;0.000000;0.000000;1.000000;11473466368.000000
0.000000;-150.000000;2000.000000;0.000000;0.000000;0.000000;0.000000;0.000000;2.000000;-142.467896;-155.354980;1996.041504;0.012949;0.000000;0.000000;0.000000;0.000000;2.000000;-254.396240;-157.619263;1974.417480;0.034514;0.000000;0.000000;0.000000;0.000000;2.000000;-424.606201;-183.641174;1952.624756;0.099081;0.000000;0.000000;0.000000;0.000000;2.000000;-392.855896;-206.004395;1957.840820;0.085595;0.000000;0.000000;0.000000;0.000000;2.000000;-324.209473;-289.627075;1921.030029;0.055171;0.000000;0.000000;0.000000;0.000000;2.000000;-122.914093;-199.058868;1911.974609;0.161688;0.000000;0.000000;0.000000;0.000000;2.000000;-15.875336;-101.833008;1795.916016;0.262673;0.000000;0.000000;0.000000;0.000000;1.000000;41.855133;-140.567261;1762.859497;0.284635;0.000000;0.000000;0.000000;0.000000;0.000000;66.804718;-212.641998;1722.305054;0.292749;0.000000;0.000000;0.000000;0.000000;1.000000;-18.112579;-214.340881;1782.618530;0.188869;0.000000;0.000000;0.000000;0.000000;0.000000;-400.311157;-152.747253;1956.277100;0.091495;0.000000;0.000000;0.000000;0.000000;2.000000;-369.762939;-63.440369;1909.971436;0.093288;0.000000;0.000000;0.000000;0.000000;2.000000;-186.493164;-13.001221;1789.403320;0.122906;0.000000;0.000000;0.000000;0.000000;2.000000;-121.067505;-84.720886;1628.681763;0.238164;0.000000;0.000000;0.000000;0.000000;1.000000;-46.968628;-121.571838;1633.307861;0.233185;0.000000;0.000000;0.000000;0.000000;1.000000;21.914703;-94.923401;1675.192505;0.217268;0.000000;0.000000;0.000000;0.000000;1.000000;-74.939514;-77.916504;1737.655762;0.087085;0.000000;0.000000;0.000000;0.000000;0.000000;2.933929;-222.437042;1992.398438;0.005860;0.000000;0.000000;0.000000;0.000000;2.000000;313.154327;-195.054382;1918.642822;0.063168;0.000000;0.000000;0.000000;0.000000;2.000000;602.430786;-208.261230;2017.108398;0.175775;0.000000;0.000000;0.000000;0.000000;2.000000;675.775635;-186.072388;1888.431274;0.200129;0.000000;0.000000;0.000000;0.000000;2.000000;-2.645630;-84.680359;2006.854492;0.005285;0.000000;0.000000;0.000000;0.000000;2.000000;302.899567;-6.097290;1955.154541;0.033798;0.000000;0.000000;0.000000;0.000000;2.000000;519.302124;-218.645538;2014.505127;0.181339;0.000000;0.000000;0.000000;0.000000;2.000000;624.571350;-191.319489;1929.898438;0.219055;0.000000;0.000000;0.000000;0.000000;2.000000;-486.400635;-193.418518;1933.906738;0.122546;0.000000;0.000000;0.000000;0.000000;2.000000;-596.333679;-127.211060;1939.679932;0.227309;0.000000;0.000000;0.000000;0.000000;2.000000;-588.470154;-156.595154;1972.496826;0.217721;0.000000;0.000000;0.000000;0.000000;2.000000;-535.303955;-242.451569;1981.039551;0.158335;0.000000;0.000000;0.000000;0.000000;2.000000;-569.252930;-119.562134;1969.992432;0.223373;0.000000;0.000000;0.000000;0.000000;2.000000;-466.064392;-129.389526;1985.043945;0.157853;0.000000;0.000000;0.000000;0.000000;1.000000;11473500160.000000
0.000000;-150.000000;2000.000000;0.000000;0.000000;0.000000;0.000000;0.000000;2.000000;-142.890320;-157.400146;2000.620850;0.153596;0.000000;0.000000;0.000000;0.000000;2.000000;-255.990601;-161.788269;1984.077148;0.324739;0.000000;0.000000;0.000000;0.000000;2.000000;-424.681335;-191.672913;1952.959229;0.245332;0.000000;0.000000;0.000000;0.000000;2.000000;-392.180481;-213.366180;1957.250000;0.226327;0.000000;0.000000;0.000000;0.000000;2.000000;-320.218018;-291.702576;1914.480225;0.242494;0.000000;0.000000;0.000000;0.000000;2.000000;-122.697693;-191.220032;1917.402344;0.291046;0.000000;0.000000;0.000000;0.000000;2.000000;-19.842712;-79.383850;1810.093140;0.819268;0.000000;0.000000;0.000000;0.000000;1.000000;33.698212;-114.109497;1766.600098;0.852605;0.000000;0.000000;0.000000;0.000000;0.000000;53.261841;-179.158752;1712.786255;1.139882;0.000000;0.000000;0.000000;0.000000;1.000000;-12.152435;-190.823364;1778.058228;0.753354;0.000000;0.000000;0.000000;0.000000;0.000000;-401.697449;-160.345032;1960.600098;0.270104;0.000000;0.000000;0.000000;0.000000;2.000000;-375.463684;-65.062317;1923.755859;0.457906;0.000000;0.000000;0.000000;0.000000;2.000000;-195.383606;-17.221252;1796.170288;0.364478;0.000000;0.000000;0.000000;0.000000;2.000000;-152.899780;-96.858398;1630.833008;1.041737;0.000000;0.000000;0.000000;0.000000;1.000000;-74.019836;-121.632568;1621.968262;0.895137;0.000000;0.000000;0.000000;0.000000;1.000000;4.955322;-93.886841;1637.748779;1.254836;0.000000;0.000000;0.000000;0.000000;1.000000;-76.958710;-78.408875;1721.729492;0.490152;0.000000;0.000000;0.000000;0.000000;0.000000;3.741058;-222.762878;1993.724365;0.048404;0.000000;0.000000;0.000000;0.000000;2.000000;315.069183;-190.472168;1922.171143;0.185913;0.000000;0.000000;0.000000;0.000000;2.000000;614.390015;-206.413879;1987.804199;0.967543;0.000000;0.000000;0.000000;0.000000;2.000000;680.092773;-171.388184;1857.302124;1.058607;0.000000;0.000000;0.000000;0.000000;2.000000;-3.373474;-84.386475;2005.658936;0.043646;0.000000;0.000000;0.000000;0.000000;2.000000;303.625427;-8.239746;1952.562012;0.105001;0.000000;0.000000;0.000000;0.000000;2.000000;521.567017;-223.988098;1998.390137;0.522703;0.000000;0.000000;0.000000;0.000000;2.000000;632.771912;-188.903931;1924.149170;0.314402;0.000000;0.000000;0.000000;0.000000;2.000000;-485.517639;-201.779266;1930.848877;0.273013;0.000000;0.000000;0.000000;0.000000;2.000000;-604.104187;-152.129150;1921.866699;0.964376;0.000000;0.000000;0.000000;0.000000;2.000000;-594.382324;-175.298218;1959.066650;0.725477;0.000000;0.000000;0.000000;0.000000;2.000000;-530.275391;-250.641571;1982.538574;0.296837;0.000000;0.000000;0.000000;0.000000;2.000000;-580.329529;-136.422668;1952.030029;0.824323;0.000000;0.000000;0.000000;0.000000;2.000000;-477.664856;-128.782715;1973.088135;0.508720;0.000000;0.000000;0.000000;0.000000;1.000000;11473532928.000000
0.000000;-150.000000;2000.000000;0.000000;0.000000;0.000000;0.000000;0.000000;2.000000;-140.076477;-165.916138;1999.084473;0.269279;0.000000;0.000000;0.000000;0.000000;2.000000;-251.043304;-177.904175;1983.413818;0.499267;0.000000;0.000000;0.000000;0.000000;2.000000;-417.493439;-212.189453;1959.909668;0.675405;0.000000;0.000000;0.000000;0.000000;2.000000;-384.366302;-232.259644;1959.781982;0.609666;0.000000;0.000000;0.000000;0.000000;2.000000;-320.324188;-305.738708;1902.681885;0.542627;0.000000;0.000000;0.000000;0.000000;2.000000;-124.176758;-210.404541;1913.827393;0.579153;0.000000;0.000000;0.000000;0.000000;2.000000;-63.472473;-82.034912;1797.945557;1.342531;0.000000;0.000000;0.000000;0.000000;2.000000;-4.455994;-102.110413;1754.308350;1.238242;0.000000;0.000000;0.000000;0.000000;0.000000;39.448120;-153.201599;1701.838379;0.928502;0.000000;0.000000;0.000000;0.000000;1.000000;-14.065857;-181.963562;1767.340210;0.415390;0.000000;0.000000;0.000000;0.000000;0.000000;-395.753632;-181.212585;1969.404541;0.692941;0.000000;0.000000;0.000000;0.000000;2.000000;-382.987030;-81.812622;1941.897461;0.763868;0.000000;0.000000;0.000000;0.000000;2.000000;-218.559967;-37.400879;1798.721436;0.912529;0.000000;0.000000;0.000000;0.000000;2.000000;-181.417084;-101.179565;1628.424805;0.856510;0.000000;0.000000;0.000000;0.000000;1.000000;-102.703003;-111.636841;1608.239868;0.986425;0.000000;0.000000;0.000000;0.000000;1.000000;-20.147858;-97.871948;1614.518799;1.018991;0.000000;0.000000;0.000000;0.000000;1.000000;-89.957611;-83.489685;1692.126465;0.968515;0.000000;0.000000;0.000000;0.000000;0.000000;8.147034;-221.530548;1997.030029;0.167032;0.000000;0.000000;0.000000;0.000000;2.000000;313.555298;-193.268127;1919.521484;0.122480;0.000000;0.000000;0.000000;0.000000;2.000000;609.219482;-205.598175;1981.479248;0.242958;0.000000;0.000000;0.000000;0.000000;2.000000;680.678833;-164.835327;1858.402954;0.197398;0.000000;0.000000;0.000000;0.000000;2.000000;-7.346588;-85.497742;2002.677979;0.150623;0.000000;0.000000;0.000000;0.000000;2.000000;268.590240;33.750244;1905.189697;2.141088;0.000000;0.000000;0.000000;0.000000;1.000000;546.140198;-1.830078;2027.833252;6.671515;0.000000;0.000000;0.000000;0.000000;1.000000;635.626892;31.100952;1930.573975;6.513885;0.000000;0.000000;0.000000;0.000000;1.000000;-478.261261;-222.743622;1940.864258;0.720308;0.000000;0.000000;0.000000;0.000000;2.000000;-592.037598;-172.524841;1915.230469;0.728263;0.000000;0.000000;0.000000;0.000000;2.000000;-587.905640;-194.740051;1953.253662;0.630350;0.000000;0.000000;0.000000;0.000000;2.000000;-529.637085;-269.300049;1986.136963;0.562648;0.000000;0.000000;0.000000;0.000000;2.000000;-572.656372;-156.760620;1947.593994;0.656526;0.000000;0.000000;0.000000;0.000000;2.000000;-475.178680;-150.110413;1981.851563;0.686304;0.000000;0.000000;0.000000;0.000000;1.000000;11473566720.000000
0.000000;-150.000000;2000.000000;0.000000;0.000000;0.000000;0.000000;0.000000;2.000000;-137.697113;-165.283630;2001.341309;0.098836;0.000000;0.000000;0.000000;0.000000;2.000000;-247.209381;-176.846497;1989.430176;0.213426;0.000000;0.000000;0.000000;0.000000;2.000000;-408.603424;-220.009705;1966.716553;0.404158;0.000000;0.000000;0.000000;0.000000;2.000000;-374.859283;-237.574280;1965.395752;0.362609;0.000000;0.000000;0.000000;0.000000;2.000000;-312.331451;-309.341949;1908.261475;0.307536;0.000000;0.000000;0.000000;0.000000;2.000000;-122.214325;-214.160156;1937.447266;0.710137;0.000000;0.000000;0.000000;0.000000;2.000000;-107.358856;-92.415588;1805.533813;1.353318;0.000000;0.000000;0.000000;0.000000;2.000000;-158.786407;-67.659302;1757.217285;4.680269;0.000000;0.000000;0.000000;0.000000;0.000000;-129.548615;-145.847473;1748.648682;5.193953;0.000000;0.000000;0.000000;0.000000;0.000000;-80.615387;-151.954895;1727.068848;2.467256;0.000000;0.000000;0.000000;0.000000;0.000000;-389.100800;-188.670563;1977.098389;0.373241;0.000000;0.000000;0.000000;0.000000;2.000000;-394.350494;-87.817017;1961.878418;0.703052;0.000000;0.000000;0.000000;0.000000;2.000000;-248.565704;-10.283569;1818.524292;1.332612;0.000000;0.000000;0.000000;0.000000;2.000000;-246.589325;-91.665405;1655.296631;2.105052;0.000000;0.000000;0.000000;0.000000;2.000000;-231.755524;-58.081055;1583.636475;4.198436;0.000000;0.000000;0.000000;0.000000;2.000000;-156.002838;-28.973877;1598.390015;4.532982;0.000000;0.000000;0.000000;0.000000;1.000000;-190.056000;-25.539124;1649.365234;3.649223;0.000000;0.000000;0.000000;0.000000;0.000000;7.772827;-220.310425;1996.790527;0.038426;0.000000;0.000000;0.000000;0.000000;2.000000;307.230530;-191.042694;1918.518311;0.200624;0.000000;0.000000;0.000000;0.000000;2.000000;598.224731;-205.097443;1976.888184;0.352904;0.000000;0.000000;0.000000;0.000000;2.000000;689.058472;-155.436768;1874.665283;0.608645;0.000000;0.000000;0.000000;0.000000;2.000000;-7.009094;-86.598022;2002.894287;0.034654;0.000000;0.000000;0.000000;0.000000;2.000000;261.711426;38.627747;1910.385498;0.293110;0.000000;0.000000;0.000000;0.000000;2.000000;514.159119;-110.478455;1975.091064;3.697206;0.000000;0.000000;0.000000;0.000000;2.000000;626.043457;-105.696411;1901.767578;4.146708;0.000000;0.000000;0.000000;0.000000;2.000000;-467.789215;-233.415649;1948.232178;0.493271;0.000000;0.000000;0.000000;0.000000;2.000000;-575.375366;-182.156769;1911.212646;0.581818;0.000000;0.000000;0.000000;0.000000;2.000000;-576.605957;-207.485291;1946.517090;0.542046;0.000000;0.000000;0.000000;0.000000;2.000000;-523.600830;-283.386200;1980.013672;0.488372;0.000000;0.000000;0.000000;0.000000;2.000000;-561.598877;-169.758667;1946.862061;0.505468;0.000000;0.000000;0.000000;0.000000;2.000000;-472.083099;-166.252014;1995.109375;0.624894;0.000000;0.000000;0.000000;0.000000;1.000000;11473600512.000000
0.000000;-150.000000;2000.000000;0.000000;0.000000;0.000000;0.000000;0.000000;2.000000;-136.947968;-164.206482;1990.883301;0.321655;0.000000;0.000000;0.000000;0.000000;2.000000;-246.077698;-174.482422;1978.481934;0.343555;0.000000;0.000000;0.000000;0.000000;2.000000;-407.050842;-213.504089;1950.902100;0.524006;0.000000;0.000000;0.000000;0.000000;2.000000;-373.581421;-231.051117;1947.895752;0.571286;0.000000;0.000000;0.000000;0.000000;2.000000;-317.552917;-290.993744;1873.787842;1.202389;0.000000;0.000000;0.000000;0.000000;2.000000;-124.236847;-207.575500;1910.549805;0.847335;0.000000;0.000000;0.000000;0.000000;2.000000;-125.182190;-62.461975;1805.094727;1.063783;0.000000;0.000000;0.000000;0.000000;2.000000;-191.007996;-27.642151;1804.000977;2.120547;0.000000;0.000000;0.000000;0.000000;0.000000;-171.500793;-107.948059;1791.559326;2.166033;0.000000;0.000000;0.000000;0.000000;0.000000;-183.879150;-130.027100;1755.354980;3.335271;0.000000;0.000000;0.000000;0.000000;0.000000;-387.423279;-183.707092;1964.511475;0.416071;0.000000;0.000000;0.000000;0.000000;2.000000;-404.169312;-83.404968;1962.312256;0.328774;0.000000;0.000000;0.000000;0.000000;2.000000;-256.231018;-34.774841;1810.077759;0.824496;0.000000;0.000000;0.000000;0.000000;2.000000;-368.265869;-78.863281;1674.048828;3.777371;0.000000;0.000000;0.000000;0.000000;2.000000;-377.830750;-39.351379;1604.927856;4.541083;0.000000;0.000000;0.000000;0.000000;0.000000;-302.627258;-36.981995;1571.961060;4.553294;0.000000;0.000000;0.000000;0.000000;2.000000;-305.032837;-33.771179;1630.473389;3.564728;0.000000;0.000000;0.000000;0.000000;0.000000;8.051758;-218.655884;1986.035645;0.332183;0.000000;0.000000;0.000000;0.000000;2.000000;305.171234;-180.121185;1907.890381;0.469289;0.000000;0.000000;0.000000;0.000000;2.000000;598.332275;-208.222961;1936.713867;1.229732;0.000000;0.000000;0.000000;0.000000;2.000000;701.263672;-121.970703;1882.309082;1.111851;0.000000;0.000000;0.000000;0.000000;2.000000;-7.260620;-88.089966;2012.592529;0.299547;0.000000;0.000000;0.000000;0.000000;2.000000;264.849792;30.892700;1926.196045;0.545620;0.000000;0.000000;0.000000;0.000000;2.000000;501.899994;-151.364197;1923.866211;2.034842;0.000000;0.000000;0.000000;0.000000;2.000000;624.584106;-135.154541;1874.294189;1.230089;0.000000;0.000000;0.000000;0.000000;2.000000;-466.016174;-224.360443;1930.981201;0.597035;0.000000;0.000000;0.000000;0.000000;2.000000;-581.947754;-193.576782;1898.451416;0.559781;0.000000;0.000000;0.000000;0.000000;2.000000;-577.270935;-218.763855;1933.348633;0.529510;0.000000;0.000000;0.000000;0.000000;2.000000;-510.399719;-283.591400;1963.996094;0.633469;0.000000;0.000000;0.000000;0.000000;2.000000;-569.427673;-179.094666;1933.590332;0.549816;0.000000;0.000000;0.000000;0.000000;2.000000;-480.721863;-159.594727;1978.533936;0.605520;0.000000;0.000000;0.000000;0.000000;1.000000;11473633280.000000
0.000000;-150.000000;2000.000000;0.000000;0.000000;0.000000;0.000000;0.000000;2.000000;-134.991119;-168.136230;1988.637695;0.145923;0.000000;0.000000;0.000000;0.000000;2.000000;-242.782104;-181.936768;1977.242188;0.243966;0.000000;0.000000;0.000000;0.000000;2.000000;-402.574036;-224.387665;1959.119141;0.424751;0.000000;0.000000;0.000000;0.000000;2.000000;-369.227722;-239.844025;1951.427490;0.308594;0.000000;0.000000;0.000000;0.000000;2.000000;-315.921326;-295.243195;1873.432861;0.135113;0.000000;0.000000;0.000000;0.000000;2.000000;-119.286682;-237.619904;1926.668701;1.019552;0.000000;0.000000;0.000000;0.000000;2.000000;-129.872864;-89.936401;1828.432861;1.075777;0.000000;0.000000;0.000000;0.000000;2.000000;-157.338440;-30.797607;1862.933472;2.010707;0.000000;0.000000;0.000000;0.000000;0.000000;-146.630127;-105.775330;1829.521973;1.344580;0.000000;0.000000;0.000000;0.000000;0.000000;-213.512878;-87.555786;1774.776123;1.636766;0.000000;0.000000;0.000000;0.000000;0.000000;-383.060303;-195.704407;1974.195557;0.474180;0.000000;0.000000;0.000000;0.000000;2.000000;-387.950623;-95.889709;1986.993164;0.948846;0.000000;0.000000;0.000000;0.000000;2.000000;-261.402710;23.217834;1859.201904;2.254319;0.000000;0.000000;0.000000;0.000000;2.000000;-435.787842;-18.755981;1844.879639;5.719553;0.000000;0.000000;0.000000;0.000000;2.000000;-482.080017;31.627625;1804.535400;6.987230;0.000000;0.000000;0.000000;0.000000;0.000000;-412.475952;-3.339294;1781.012329;7.059047;0.000000;0.000000;0.000000;0.000000;0.000000;-399.329163;32.294983;1787.362549;5.758880;0.000000;0.000000;0.000000;0.000000;0.000000;10.538635;-216.262909;1980.562012;0.191490;0.000000;0.000000;0.000000;0.000000;2.000000;309.132874;-181.078979;1920.005371;0.378262;0.000000;0.000000;0.000000;0.000000;2.000000;598.187012;-223.377808;1943.902100;0.496384;0.000000;0.000000;0.000000;0.000000;2.000000;677.884216;-121.991638;1880.914063;0.693094;0.000000;0.000000;0.000000;0.000000;2.000000;-9.503174;-90.247803;2017.528320;0.172674;0.000000;0.000000;0.000000;0.000000;2.000000;272.481873;-6.521179;1931.880859;1.142437;0.000000;0.000000;0.000000;0.000000;2.000000;514.016418;-177.688965;1922.278320;0.858866;0.000000;0.000000;0.000000;0.000000;2.000000;635.962219;-143.827637;1884.608887;0.521939;0.000000;0.000000;0.000000;0.000000;2.000000;-462.080505;-235.484802;1943.239502;0.503519;0.000000;0.000000;0.000000;0.000000;2.000000;-566.599609;-181.559570;1906.873291;0.628390;0.000000;0.000000;0.000000;0.000000;2.000000;-569.092834;-208.684723;1939.990234;0.431468;0.000000;0.000000;0.000000;0.000000;2.000000;-518.502625;-286.064240;1969.745850;0.302993;0.000000;0.000000;0.000000;0.000000;2.000000;-553.972900;-171.726929;1943.135010;0.580075;0.000000;0.000000;0.000000;0.000000;2.000000;-467.123169;-172.245239;1993.454834;0.705025;0.000000;0.000000;0.000000;0.000000;1.000000;11473667072.000000
0.000000;-150.000000;2000.000000;0.000000;0.000000;0.000000;0.000000;0.000000;2.000000;-135.453278;-168.079926;1986.739502;0.059645;0.000000;0.000000;0.000000;0.000000;2.000000;-243.606934;-182.021942;1974.246582;0.094856;0.000000;0.000000;0.000000;0.000000;2.000000;-404.479065;-225.546143;1962.368652;0.120266;0.000000;0.000000;0.000000;0.000000;2.000000;-371.162598;-241.525269;1954.783691;0.128878;0.000000;0.000000;0.000000;0.000000;2.000000;-318.444824;-298.874695;1877.100830;0.175336;0.000000;0.000000;0.000000;0.000000;2.000000;-121.073914;-239.443451;1929.440918;0.115018;0.000000;0.000000;0.000000;0.000000;2.000000;-131.442657;-93.582336;1827.085815;0.127925;0.000000;0.000000;0.000000;0.000000;2.000000;-160.423767;-33.626221;1859.594971;0.163393;0.000000;0.000000;0.000000;0.000000;0.000000;-148.087708;-109.676575;1828.304565;0.132414;0.000000;0.000000;0.000000;0.000000;0.000000;-218.714722;-78.402527;1773.576050;0.323373;0.000000;0.000000;0.000000;0.000000;0.000000;-384.544800;-195.905060;1975.323730;0.057230;0.000000;0.000000;0.000000;0.000000;2.000000;-383.098083;-94.747925;1978.154541;0.309678;0.000000;0.000000;0.000000;0.000000;2.000000;-282.265259;49.231506;1851.438354;1.044856;0.000000;0.000000;0.000000;0.000000;2.000000;-456.012573;8.719666;1822.422607;1.246474;0.000000;0.000000;0.000000;0.000000;2.000000;-501.696350;63.065125;1786.008301;1.264316;0.000000;0.000000;0.000000;0.000000;0.000000;-432.216492;20.830139;1777.662720;0.957820;0.000000;0.000000;0.000000;0.000000;0.000000;-413.108459;59.052612;1760.765991;1.225734;0.000000;0.000000;0.000000;0.000000;0.000000;10.665527;-217.134857;1982.588623;0.067440;0.000000;0.000000;0.000000;0.000000;2.000000;308.069336;-173.880219;1914.779785;0.273401;0.000000;0.000000;0.000000;0.000000;2.000000;598.521301;-218.205322;1933.908936;0.343549;0.000000;0.000000;0.000000;0.000000;2.000000;677.783447;-112.111755;1876.926025;0.325161;0.000000;0.000000;0.000000;0.000000;2.000000;-9.617584;-89.461487;2015.700684;0.060818;0.000000;0.000000;0.000000;0.000000;2.000000;272.260742;-9.653320;1921.418701;0.333349;0.000000;0.000000;0.000000;0.000000;2.000000;516.623657;-179.367401;1918.191895;0.156546;0.000000;0.000000;0.000000;0.000000;2.000000;633.881409;-137.765198;1872.207031;0.426033;0.000000;0.000000;0.000000;0.000000;2.000000;-464.606873;-237.570160;1948.512939;0.189456;0.000000;0.000000;0.000000;0.000000;2.000000;-573.362915;-199.410370;1903.698730;0.590554;0.000000;0.000000;0.000000;0.000000;2.000000;-574.046326;-221.752686;1940.520020;0.426798;0.000000;0.000000;0.000000;0.000000;2.000000;-516.877075;-289.231293;1981.706543;0.380835;0.000000;0.000000;0.000000;0.000000;2.000000;-562.452515;-183.279846;1938.427246;0.460337;0.000000;0.000000;0.000000;0.000000;2.000000;-476.665039;-168.278046;1989.242920;0.340550;0.000000;0.000000;0.000000;0.000000;1.000000;11473699840.000000
0.000000;-150.000000;2000.000000;0.000000;0.000000;0.000000;0.000000;0.000000;2.000000;-134.298035;-169.238983;1986.674561;0.048466;0.000000;0.000000;0.000000;0.000000;2.000000;-241.591858;-184.332611;1974.950928;0.093092;0.000000;0.000000;0.000000;0.000000;2.000000;-400.896667;-229.543030;1965.031494;0.177309;0.000000;0.000000;0.000000;0.000000;2.000000;-367.708069;-245.021545;1957.179443;0.161809;0.000000;0.000000;0.000000;0.000000;2.000000;-314.886353;-304.979340;1882.704834;0.266884;0.000000;0.000000;0.000000;0.000000;2.000000;-118.480743;-238.434204;1922.499512;0.221306;0.000000;0.000000;0.000000;0.000000;2.000000;-133.425415;-98.660278;1814.570068;0.403983;0.000000;0.000000;0.000000;0.000000;2.000000;-159.969666;-37.297119;1845.290771;0.437225;0.000000;0.000000;0.000000;0.000000;0.000000;-149.937561;-114.421387;1817.572632;0.351532;0.000000;0.000000;0.000000;0.000000;0.000000;-230.930786;-73.060913;1777.831299;0.414164;0.000000;0.000000;0.000000;0.000000;0.000000;-381.328430;-199.835175;1977.597900;0.164667;0.000000;0.000000;0.000000;0.000000;2.000000;-383.802124;-99.534973;1983.231934;0.207554;0.000000;0.000000;0.000000;0.000000;2.000000;-294.571350;63.538513;1874.903809;0.891111;0.000000;0.000000;0.000000;0.000000;2.000000;-463.453003;14.184143;1839.517212;0.574928;0.000000;0.000000;0.000000;0.000000;2.000000;-512.358948;67.549133;1807.318726;0.717546;0.000000;0.000000;0.000000;0.000000;0.000000;-445.389709;65.022156;1761.546387;1.445573;0.000000;0.000000;0.000000;0.000000;0.000000;-425.583252;73.879089;1786.488770;0.953010;0.000000;0.000000;0.000000;0.000000;0.000000;11.238281;-216.598083;1982.890137;0.024884;0.000000;0.000000;0.000000;0.000000;2.000000;306.685333;-176.497528;1914.492432;0.088027;0.000000;0.000000;0.000000;0.000000;2.000000;594.130249;-223.361450;1939.904785;0.267675;0.000000;0.000000;0.000000;0.000000;2.000000;678.189636;-130.114075;1871.127441;0.559822;0.000000;0.000000;0.000000;0.000000;2.000000;-10.134033;-89.945557;2015.428711;0.022440;0.000000;0.000000;0.000000;0.000000;2.000000;268.939606;-25.634888;1908.864014;0.609397;0.000000;0.000000;0.000000;0.000000;1.000000;561.299805;-50.382507;1943.320801;4.107383;0.000000;0.000000;0.000000;0.000000;1.000000;638.477905;-15.184875;1842.571045;3.734484;0.000000;0.000000;0.000000;0.000000;1.000000;-460.593201;-242.253998;1951.964111;0.209166;0.000000;0.000000;0.000000;0.000000;2.000000;-564.107056;-205.251038;1897.267822;0.375655;0.000000;0.000000;0.000000;0.000000;2.000000;-568.072998;-226.449432;1934.201660;0.292448;0.000000;0.000000;0.000000;0.000000;2.000000;-515.424866;-292.499420;1981.625000;0.105859;0.000000;0.000000;0.000000;0.000000;2.000000;-556.225281;-188.352448;1932.127197;0.302079;0.000000;0.000000;0.000000;0.000000;2.000000;-475.672241;-172.364716;1989.386230;0.124526;0.000000;0.000000;0.000000;0.000000;1.000000;11473733632.000000
0.000000;-150.000000;2000.000000;0.000000;0.000000;0.000000;0.000000;0.000000;2.000000;-132.140900;-175.977844;1968.376221;0.598716;0.000000;0.000000;0.000000;0.000000;2.000000;-239.131897;-197.706451;1950.737549;0.847487;0.000000;0.000000;0.000000;0.000000;2.000000;-400.321472;-246.037933;1946.211914;0.763909;0.000000;0.000000;0.000000;0.000000;2.000000;-366.508850;-262.120514;1939.695313;0.747218;0.000000;0.000000;0.000000;0.000000;2.000000;-308.436890;-330.349457;1874.436523;0.837764;0.000000;0.000000;0.000000;0.000000;2.000000;-114.220581;-239.864868;1876.690186;1.404701;0.000000;0.000000;0.000000;0.000000;2.000000;-161.312134;-100.561035;1773.155518;1.524794;0.000000;0.000000;0.000000;0.000000;2.000000;-226.754700;-65.687866;1781.866455;2.941255;0.000000;0.000000;0.000000;0.000000;0.000000;-166.877075;-122.359619;1766.942017;1.647221;0.000000;0.000000;0.000000;0.000000;0.000000;-268.789185;-74.494629;1764.613647;1.224520;0.000000;0.000000;0.000000;0.000000;0.000000;-380.739014;-214.552734;1955.746582;0.804203;0.000000;0.000000;0.000000;0.000000;2.000000;-389.589539;-112.966187;1955.591064;0.954332;0.000000;0.000000;0.000000;0.000000;2.000000;-293.191101;55.386292;1855.436523;0.645459;0.000000;0.000000;0.000000;0.000000;2.000000;-459.171631;-4.919434;1810.936035;1.057230;0.000000;0.000000;0.000000;0.000000;2.000000;-511.267944;47.080017;1778.609863;1.076528;0.000000;0.000000;0.000000;0.000000;0.000000;-439.260803;46.999878;1738.645508;0.908797;0.000000;0.000000;0.000000;0.000000;0.000000;-422.680603;60.242737;1760.528931;0.899254;0.000000;0.000000;0.000000;0.000000;0.000000;14.970001;-218.836700;1993.994385;0.363968;0.000000;0.000000;0.000000;0.000000;2.000000;309.173706;-217.849762;1894.997559;1.397242;0.000000;0.000000;0.000000;0.000000;2.000000;605.465149;-206.601807;1904.601563;1.241763;0.000000;0.000000;0.000000;0.000000;2.000000;711.748535;-170.628113;1812.350586;2.407275;0.000000;0.000000;0.000000;0.000000;2.000000;-13.499115;-87.926941;2005.415771;0.328199;0.000000;0.000000;0.000000;0.000000;1.000000;275.466278;-46.651611;1900.796387;0.715302;0.000000;0.000000;0.000000;0.000000;1.000000;574.135620;-21.361084;1895.719971;1.745872;0.000000;0.000000;0.000000;0.000000;1.000000;665.047974;-13.374329;1798.084351;1.582304;0.000000;0.000000;0.000000;0.000000;1.000000;-460.810669;-260.837708;1934.642578;0.775313;0.000000;0.000000;0.000000;0.000000;2.000000;-571.889160;-234.915466;1884.504883;1.013731;0.000000;0.000000;0.000000;0.000000;2.000000;-571.745056;-255.573151;1922.673096;0.962433;0.000000;0.000000;0.000000;0.000000;2.000000;-509.592957;-315.857239;1969.205811;0.826703;0.000000;0.000000;0.000000;0.000000;2.000000;-563.574524;-216.043213;1918.914551;0.962811;0.000000;0.000000;0.000000;0.000000;2.000000;-480.599243;-190.542175;1971.694824;0.788560;0.000000;0.000000;0.000000;0.000000;1.000000;11473766400.000000
0.000000;-150.000000;2000.000000;0.000000;0.000000;0.000000;0.000000;0.000000;2.000000;-134.622223;-176.328857;1980.169189;0.356780;0.000000;0.000000;0.000000;0.000000;2.000000;-242.451477;-197.293030;1965.655029;0.452414;0.000000;0.000000;0.000000;0.000000;2.000000;-404.083191;-244.185333;1954.534668;0.275787;0.000000;0.000000;0.000000;0.000000;2.000000;-370.114197;-260.868713;1950.322754;0.334160;0.000000;0.000000;0.000000;0.000000;2.000000;-311.472229;-335.391266;1892.521729;0.562814;0.000000;0.000000;0.000000;0.000000;2.000000;-126.270905;-234.658081;1851.998047;0.827553;0.000000;0.000000;0.000000;0.000000;2.000000;-213.724548;-95.961304;1777.286011;1.561782;0.000000;0.000000;0.000000;0.000000;2.000000;-270.557617;-50.836548;1795.449951;1.426535;0.000000;0.000000;0.000000;0.000000;0.000000;-222.086121;-109.860718;1760.616455;1.685562;0.000000;0.000000;0.000000;0.000000;0.000000;-315.762390;-76.202087;1790.278076;1.584821;0.000000;0.000000;0.000000;0.000000;0.000000;-384.595398;-212.522583;1963.970215;0.275422;0.000000;0.000000;0.000000;0.000000;2.000000;-395.203735;-110.980713;1967.821777;0.402562;0.000000;0.000000;0.000000;0.000000;2.000000;-300.584839;56.103027;1863.038574;0.314537;0.000000;0.000000;0.000000;0.000000;2.000000;-466.293518;-3.926819;1815.804932;0.256985;0.000000;0.000000;0.000000;0.000000;2.000000;-517.471008;47.985168;1781.544434;0.204831;0.000000;0.000000;0.000000;0.000000;0.000000;-444.935486;47.854187;1742.214966;0.199993;0.000000;0.000000;0.000000;0.000000;0.000000;-428.814148;60.664246;1764.736084;0.220458;0.000000;0.000000;0.000000;0.000000;0.000000;12.645233;-219.412415;2006.314453;0.371410;0.000000;0.000000;0.000000;0.000000;2.000000;305.358643;-214.496429;1901.328857;0.240203;0.000000;0.000000;0.000000;0.000000;2.000000;601.944214;-197.107697;1910.276367;0.343504;0.000000;0.000000;0.000000;0.000000;2.000000;701.553406;-179.834839;1805.580322;0.453206;0.000000;0.000000;0.000000;0.000000;2.000000;-11.402740;-87.407715;1994.305908;0.334927;0.000000;0.000000;0.000000;0.000000;2.000000;270.900574;-65.861450;1866.400635;1.173656;0.000000;0.000000;0.000000;0.000000;1.000000;569.917236;-45.573608;1846.619385;1.624887;0.000000;0.000000;0.000000;0.000000;1.000000;659.760559;-57.149902;1748.007324;1.974522;0.000000;0.000000;0.000000;0.000000;1.000000;-464.193909;-258.793488;1940.373535;0.206024;0.000000;0.000000;0.000000;0.000000;2.000000;-576.905884;-233.306000;1893.148682;0.299565;0.000000;0.000000;0.000000;0.000000;2.000000;-575.592590;-256.596802;1929.844727;0.242740;0.000000;0.000000;0.000000;0.000000;2.000000;-510.730896;-317.874542;1971.527588;0.097049;0.000000;0.000000;0.000000;0.000000;2.000000;-568.815552;-216.562408;1928.781738;0.330989;0.000000;0.000000;0.000000;0.000000;2.000000;-485.977783;-191.856049;1982.522461;0.359881;0.000000;0.000000;0.000000;0.000000;1.000000;11473800192.000000
0.000000;-150.000000;2000.000000;0.000000;0.000000;0.000000;0.000000;0.000000;2.000000;-134.069946;-176.193359;1980.257813;0.017563;0.000000;0.000000;0.000000;0.000000;2.000000;-241.484619;-197.038422;1966.001953;0.032297;0.000000;0.000000;0.000000;0.000000;2.000000;-402.097473;-245.140076;1955.921875;0.079457;0.000000;0.000000;0.000000;0.000000;2.000000;-368.156189;-261.380859;1951.211426;0.067456;0.000000;0.000000;0.000000;0.000000;2.000000;-308.599792;-332.220001;1890.662354;0.142374;0.000000;0.000000;0.000000;0.000000;2.000000;-132.803589;-220.687653;1842.045898;0.560140;0.000000;0.000000;0.000000;0.000000;2.000000;-235.166077;-87.591675;1778.757324;0.703862;0.000000;0.000000;0.000000;0.000000;2.000000;-292.686646;-47.085754;1803.262085;0.725261;0.000000;0.000000;0.000000;0.000000;0.000000;-244.019897;-101.511780;1762.546753;0.718636;0.000000;0.000000;0.000000;0.000000;0.000000;-339.141602;-71.974060;1794.535522;0.736600;0.000000;0.000000;0.000000;0.000000;0.000000;-382.899170;-213.535553;1965.499512;0.076245;0.000000;0.000000;0.000000;0.000000;2.000000;-399.228333;-113.261292;1970.988525;0.171080;0.000000;0.000000;0.000000;0.000000;2.000000;-297.050903;68.385376;1907.605469;1.414895;0.000000;0.000000;0.000000;0.000000;1.000000;-417.000061;4.049133;1787.225342;1.755823;0.000000;0.000000;0.000000;0.000000;1.000000;-485.574768;31.046265;1755.559448;1.357781;0.000000;0.000000;0.000000;0.000000;0.000000;-413.529419;63.217834;1732.617554;1.106444;0.000000;0.000000;0.000000;0.000000;0.000000;-420.689758;85.993530;1758.968872;0.830638;0.000000;0.000000;0.000000;0.000000;0.000000;12.589600;-219.130920;2006.224365;0.009178;0.000000;0.000000;0.000000;0.000000;2.000000;304.060852;-213.607544;1901.627441;0.048862;0.000000;0.000000;0.000000;0.000000;2.000000;599.346802;-195.846832;1911.867920;0.100613;0.000000;0.000000;0.000000;0.000000;2.000000;702.819092;-179.617249;1811.686401;0.190420;0.000000;0.000000;0.000000;0.000000;2.000000;-11.352600;-87.661682;1994.387451;0.008283;0.000000;0.000000;0.000000;0.000000;2.000000;265.834015;-75.470947;1857.496826;0.428650;0.000000;0.000000;0.000000;0.000000;1.000000;562.773804;-62.833252;1823.819702;0.899492;0.000000;0.000000;0.000000;0.000000;1.000000;648.259766;-75.737976;1722.294800;1.029903;0.000000;0.000000;0.000000;0.000000;1.000000;-461.952393;-260.094604;1942.223389;0.097175;0.000000;0.000000;0.000000;0.000000;2.000000;-573.705994;-233.845673;1894.506348;0.107350;0.000000;0.000000;0.000000;0.000000;2.000000;-572.737915;-258.389740;1930.168701;0.103349;0.000000;0.000000;0.000000;0.000000;2.000000;-508.246948;-320.422363;1970.318604;0.114687;0.000000;0.000000;0.000000;0.000000;2.000000;-566.311584;-218.457764;1930.709717;0.112458;0.000000;0.000000;0.000000;0.000000;2.000000;-484.821838;-195.237671;1986.342773;0.159646;0.000000;0.000000;0.000000;0.000000;1.000000;11473832960.000000
0.000000;-150.000000;2000.000000;0.000000;0.000000;0.000000;0.000000;0.000000;2.000000;-134.385681;-174.107666;1978.866943;0.074773;0.000000;0.000000;0.000000;0.000000;2.000000;-241.560669;-193.173584;1960.182129;0.206754;0.000000;0.000000;0.000000;0.000000;2.000000;-400.102539;-242.955505;1934.639404;0.635864;0.000000;0.000000;0.000000;0.000000;2.000000;-365.525330;-258.196411;1931.052979;0.608940;0.000000;0.000000;0.000000;0.000000;2.000000;-300.691589;-325.039490;1871.190674;0.657231;0.000000;0.000000;0.000000;0.000000;2.000000;-148.966309;-197.098175;1791.154419;1.727480;0.000000;0.000000;0.000000;0.000000;2.000000;-272.037292;-71.746582;1753.730591;1.399615;0.000000;0.000000;0.000000;0.000000;2.000000;-330.779663;-37.347229;1784.169678;1.293458;0.000000;0.000000;0.000000;0.000000;0.000000;-284.609619;-93.210388;1742.343018;1.364042;0.000000;0.000000;0.000000;0.000000;0.000000;-383.534790;-59.665588;1763.107788;1.650301;0.000000;0.000000;0.000000;0.000000;0.000000;-382.320618;-211.921875;1948.155029;0.515773;0.000000;0.000000;0.000000;0.000000;2.000000;-405.819214;-113.196533;1956.685547;0.466046;0.000000;0.000000;0.000000;0.000000;2.000000;-317.437561;73.498230;1886.840820;0.874330;0.000000;0.000000;0.000000;0.000000;1.000000;-354.386292;20.123596;1716.935303;2.826006;0.000000;0.000000;0.000000;0.000000;1.000000;-431.651733;-1.526733;1719.724243;2.144785;0.000000;0.000000;0.000000;0.000000;0.000000;-387.474243;41.641479;1665.412964;2.226525;0.000000;0.000000;0.000000;0.000000;0.000000;-412.429810;71.360474;1678.905884;2.420907;0.000000;0.000000;0.000000;0.000000;0.000000;13.342957;-219.074249;1993.948730;0.363958;0.000000;0.000000;0.000000;0.000000;2.000000;297.528809;-209.291138;1870.441895;0.951507;0.000000;0.000000;0.000000;0.000000;2.000000;593.400146;-198.128082;1881.320313;0.923430;0.000000;0.000000;0.000000;0.000000;2.000000;694.772278;-156.929871;1786.067505;1.040302;0.000000;0.000000;0.000000;0.000000;2.000000;-12.031921;-87.712708;2005.456787;0.328192;0.000000;0.000000;0.000000;0.000000;1.000000;249.139313;-62.425720;1840.973877;0.795105;0.000000;0.000000;0.000000;0.000000;1.000000;547.164917;-53.310974;1813.825195;0.616640;0.000000;0.000000;0.000000;0.000000;1.000000;627.868530;-46.683777;1707.717041;1.135554;0.000000;0.000000;0.000000;0.000000;1.000000;-458.553711;-257.710541;1915.473389;0.801084;0.000000;0.000000;0.000000;0.000000;2.000000;-565.928223;-223.591797;1862.641602;1.016976;0.000000;0.000000;0.000000;0.000000;2.000000;-568.107178;-252.178101;1895.150391;1.061351;0.000000;0.000000;0.000000;0.000000;2.000000;-507.738647;-319.939972;1932.589111;1.116714;0.000000;0.000000;0.000000;0.000000;2.000000;-561.233521;-212.695343;1900.909912;0.910680;0.000000;0.000000;0.000000;0.000000;2.000000;-484.057373;-197.911438;1965.096191;0.634109;0.000000;0.000000;0.000000;0.000000;1.000000;11473866752.000000
0.000000;-150.000000;2000.000000;0.000000;0.000000;0.000000;0.000000;0.000000;2.000000;-138.588135;-171.406342;1982.405518;0.186830;0.000000;0.000000;0.000000;0.000000;2.000000;-248.640442;-187.113068;1962.208496;0.291054;0.000000;0.000000;0.000000;0.000000;2.000000;-409.110657;-232.000854;1919.612549;0.630583;0.000000;0.000000;0.000000;0.000000;2.000000;-373.851501;-248.135529;1917.572266;0.572785;0.000000;0.000000;0.000000;0.000000;2.000000;-305.341980;-309.903534;1851.878662;0.762132;0.000000;0.000000;0.000000;0.000000;2.000000;-166.097351;-166.014709;1763.386597;1.375225;0.000000;0.000000;0.000000;0.000000;2.000000;-302.494324;-43.901184;1747.777100;1.272419;0.000000;0.000000;0.000000;0.000000;2.000000;-371.120422;-16.831482;1767.185059;1.475218;0.000000;0.000000;0.000000;0.000000;0.000000;-315.211426;-73.474548;1735.672852;1.129754;0.000000;0.000000;0.000000;0.000000;0.000000;-416.860596;-39.229553;1724.690186;1.672673;0.000000;0.000000;0.000000;0.000000;0.000000;-391.508789;-201.815521;1937.188965;0.534550;0.000000;0.000000;0.000000;0.000000;2.000000;-413.950439;-100.449829;1945.853516;0.567601;0.000000;0.000000;0.000000;0.000000;2.000000;-317.638916;81.631226;1860.267578;0.848105;0.000000;0.000000;0.000000;0.000000;1.000000;-331.939941;20.783325;1685.017334;1.190980;0.000000;0.000000;0.000000;0.000000;1.000000;-413.233704;10.020813;1680.372070;1.371989;0.000000;0.000000;0.000000;0.000000;0.000000;-381.900330;47.834900;1612.052124;1.648177;0.000000;0.000000;0.000000;0.000000;0.000000;-407.381409;59.220459;1651.751465;0.920715;0.000000;0.000000;0.000000;0.000000;0.000000;12.592041;-219.643311;1985.546631;0.258019;0.000000;0.000000;0.000000;0.000000;2.000000;299.524200;-196.322906;1852.488281;0.678623;0.000000;0.000000;0.000000;0.000000;2.000000;602.329773;-188.377441;1842.066162;1.264069;0.000000;0.000000;0.000000;0.000000;2.000000;706.883179;-152.340759;1743.096924;1.369626;0.000000;0.000000;0.000000;0.000000;2.000000;-11.354828;-87.199524;2013.032959;0.232656;0.000000;0.000000;0.000000;0.000000;1.000000;247.713470;-40.224060;1836.854004;0.690480;0.000000;0.000000;0.000000;0.000000;1.000000;551.381653;-27.312378;1799.108398;0.920747;0.000000;0.000000;0.000000;0.000000;1.000000;635.088501;-11.306030;1692.426758;1.196626;0.000000;0.000000;0.000000;0.000000;1.000000;-467.403625;-244.142944;1894.273438;0.814218;0.000000;0.000000;0.000000;0.000000;2.000000;-584.584473;-203.242310;1865.987305;0.848669;0.000000;0.000000;0.000000;0.000000;2.000000;-581.148865;-235.155579;1896.578857;0.655874;0.000000;0.000000;0.000000;0.000000;2.000000;-515.236938;-308.332306;1916.236572;0.653367;0.000000;0.000000;0.000000;0.000000;2.000000;-571.867249;-195.511719;1904.175537;0.624692;0.000000;0.000000;0.000000;0.000000;1.000000;-481.159851;-187.112244;1953.921631;0.482418;0.000000;0.000000;0.000000;0.000000;1.000000;11473899520.000000
0.000000;-150.000000;2000.000000;0.000000;0.000000;0.000000;0.000000;0.000000;2.000000;-143.182037;-175.244537;1992.491455;0.347084;0.000000;0.000000;0.000000;0.000000;2.000000;-257.257813;-194.598267;1979.914063;0.623401;0.000000;0.000000;0.000000;0.000000;2.000000;-423.763794;-239.996460;1939.890137;0.777241;0.000000;0.000000;0.000000;0.000000;2.000000;-387.665588;-257.066071;1937.575684;0.766402;0.000000;0.000000;0.000000;0.000000;2.000000;-325.814331;-326.159698;1866.804932;0.890824;0.000000;0.000000;0.000000;0.000000;2.000000;-184.706543;-176.060089;1775.096313;0.715344;0.000000;0.000000;0.000000;0.000000;2.000000;-321.554260;-46.106445;1760.717285;0.684863;0.000000;0.000000;0.000000;0.000000;2.000000;-391.463928;-14.474792;1777.644531;0.680514;0.000000;0.000000;0.000000;0.000000;0.000000;-340.588379;-77.173645;1742.212158;0.783195;0.000000;0.000000;0.000000;0.000000;0.000000;-437.657898;-43.382935;1732.329224;0.667075;0.000000;0.000000;0.000000;0.000000;0.000000;-404.994690;-208.693848;1956.956055;0.736807;0.000000;0.000000;0.000000;0.000000;2.000000;-436.624023;-106.902039;1969.398438;0.985971;0.000000;0.000000;0.000000;0.000000;2.000000;-331.584351;74.843689;1875.967773;0.653084;0.000000;0.000000;0.000000;0.000000;1.000000;-340.472351;14.456909;1694.283813;0.417136;0.000000;0.000000;0.000000;0.000000;1.000000;-424.319885;7.611084;1685.286499;0.365877;0.000000;0.000000;0.000000;0.000000;0.000000;-399.152588;46.917664;1612.256226;0.511299;0.000000;0.000000;0.000000;0.000000;0.000000;-419.964905;52.008179;1656.739380;0.453881;0.000000;0.000000;0.000000;0.000000;0.000000;13.263031;-222.735352;1991.628906;0.202889;0.000000;0.000000;0.000000;0.000000;2.000000;310.281189;-198.298676;1857.815186;0.360003;0.000000;0.000000;0.000000;0.000000;2.000000;620.704041;-173.116150;1835.937744;0.729736;0.000000;0.000000;0.000000;0.000000;2.000000;683.061890;-153.300232;1697.773560;1.515481;0.000000;0.000000;0.000000;0.000000;1.000000;-11.959839;-84.411316;2007.548584;0.182946;0.000000;0.000000;0.000000;0.000000;2.000000;250.268280;-47.097229;1816.924316;0.628427;0.000000;0.000000;0.000000;0.000000;1.000000;563.224304;-26.695984;1782.587891;0.601801;0.000000;0.000000;0.000000;0.000000;1.000000;629.295898;-22.047913;1658.507324;1.066766;0.000000;0.000000;0.000000;0.000000;1.000000;-484.374756;-252.436890;1915.091797;0.831875;0.000000;0.000000;0.000000;0.000000;2.000000;-603.334045;-222.172760;1868.971924;0.793405;0.000000;0.000000;0.000000;0.000000;2.000000;-601.132935;-254.146637;1901.514648;0.828802;0.000000;0.000000;0.000000;0.000000;2.000000;-530.049011;-322.567566;1932.618408;0.777567;0.000000;0.000000;0.000000;0.000000;2.000000;-596.472961;-212.493469;1909.489990;0.898601;0.000000;0.000000;0.000000;0.000000;1.000000;-512.032043;-194.455536;1972.542236;1.088815;0.000000;0.000000;0.000000;0.000000;1.000000;11473933312.000000
0.000000;-150.000000;2000.000000;0.000000;0.000000;0.000000;0.000000;0.000000;2.000000;-142.796478;-175.250580;1992.744629;0.013651;0.000000;0.000000;0.000000;0.000000;2.000000;-256.587952;-194.637299;1980.536621;0.027087;0.000000;0.000000;0.000000;0.000000;2.000000;-422.350769;-241.251251;1940.931641;0.063854;0.000000;0.000000;0.000000;0.000000;2.000000;-386.226318;-258.011963;1938.623779;0.059662;0.000000;0.000000;0.000000;0.000000;2.000000;-323.844788;-326.600616;1868.344482;0.075120;0.000000;0.000000;0.000000;0.000000;2.000000;-184.628113;-175.850861;1776.299927;0.036227;0.000000;0.000000;0.000000;0.000000;2.000000;-322.028442;-47.342773;1760.917480;0.039630;0.000000;0.000000;0.000000;0.000000;2.000000;-392.307922;-16.696533;1777.133423;0.071940;0.000000;0.000000;0.000000;0.000000;0.000000;-347.246155;-82.134460;1739.443481;0.259003;0.000000;0.000000;0.000000;0.000000;0.000000;-437.035767;-43.578003;1729.087646;0.097849;0.000000;0.000000;0.000000;0.000000;0.000000;-403.845642;-209.850983;1957.850586;0.055041;0.000000;0.000000;0.000000;0.000000;2.000000;-437.056763;-109.262634;1973.148438;0.131753;0.000000;0.000000;0.000000;0.000000;2.000000;-333.973572;75.029785;1884.148438;0.252262;0.000000;0.000000;0.000000;0.000000;1.000000;-342.213379;19.456787;1701.442871;0.263496;0.000000;0.000000;0.000000;0.000000;1.000000;-425.601440;11.401489;1691.373901;0.215573;0.000000;0.000000;0.000000;0.000000;0.000000;-400.379822;51.239075;1618.928589;0.238036;0.000000;0.000000;0.000000;0.000000;0.000000;-421.908997;54.747681;1657.579346;0.102469;0.000000;0.000000;0.000000;0.000000;0.000000;13.249054;-222.542053;1991.703857;0.006149;0.000000;0.000000;0.000000;0.000000;2.000000;309.296112;-199.280396;1857.667969;0.041386;0.000000;0.000000;0.000000;0.000000;2.000000;618.364258;-174.898621;1828.778320;0.229051;0.000000;0.000000;0.000000;0.000000;2.000000;677.043518;-156.718323;1689.238525;0.325186;0.000000;0.000000;0.000000;0.000000;1.000000;-11.947296;-84.585693;2007.481201;0.005545;0.000000;0.000000;0.000000;0.000000;1.000000;248.043304;-49.190552;1814.934326;0.107892;0.000000;0.000000;0.000000;0.000000;1.000000;559.306641;-29.447388;1773.364258;0.307528;0.000000;0.000000;0.000000;0.000000;1.000000;622.361450;-25.517395;1648.122314;0.383535;0.000000;0.000000;0.000000;0.000000;1.000000;-482.733521;-254.171234;1916.302979;0.079232;0.000000;0.000000;0.000000;0.000000;2.000000;-599.310425;-227.522308;1863.371826;0.258270;0.000000;0.000000;0.000000;0.000000;2.000000;-598.299011;-258.258423;1896.976563;0.199685;0.000000;0.000000;0.000000;0.000000;2.000000;-528.074768;-324.229462;1933.864990;0.084811;0.000000;0.000000;0.000000;0.000000;2.000000;-594.679016;-216.401642;1903.717529;0.213013;0.000000;0.000000;0.000000;0.000000;2.000000;-514.053589;-194.913208;1970.107910;0.094614;0.000000;0.000000;0.000000;0.000000;1.000000;11473967104.000000
0.000000;-150.000000;2000.000000;0.000000;0.000000;0.000000;0.000000;0.000000;2.000000;-143.688965;-170.759399;1997.946045;0.211480;0.000000;0.000000;0.000000;0.000000;2.000000;-258.304138;-187.799469;1991.106689;0.387738;0.000000;0.000000;0.000000;0.000000;2.000000;-425.667725;-235.708069;1960.876221;0.639789;0.000000;0.000000;0.000000;0.000000;2.000000;-389.808228;-253.094788;1959.122559;0.652540;0.000000;0.000000;0.000000;0.000000;2.000000;-335.261536;-332.624115;1894.044434;0.877672;0.000000;0.000000;0.000000;0.000000;2.000000;-189.284485;-194.213074;1793.478271;0.780408;0.000000;0.000000;0.000000;0.000000;2.000000;-313.490784;-53.427368;1773.906494;0.509404;0.000000;0.000000;0.000000;0.000000;2.000000;-375.501343;-12.784607;1799.291260;0.857068;0.000000;0.000000;0.000000;0.000000;0.000000;-372.721436;-84.198364;1748.048828;0.823014;0.000000;0.000000;0.000000;0.000000;0.000000;-423.615906;-36.907532;1730.697632;0.459976;0.000000;0.000000;0.000000;0.000000;0.000000;-406.330872;-203.105133;1974.212402;0.545396;0.000000;0.000000;0.000000;0.000000;2.000000;-442.745850;-103.136108;1985.852783;0.464129;0.000000;0.000000;0.000000;0.000000;2.000000;-340.465942;80.571716;1894.733887;0.414989;0.000000;0.000000;0.000000;0.000000;1.000000;-345.904297;16.242004;1714.815186;0.434569;0.000000;0.000000;0.000000;0.000000;1.000000;-428.763428;12.725159;1699.257690;0.262352;0.000000;0.000000;0.000000;0.000000;0.000000;-403.432617;50.003296;1625.498413;0.224277;0.000000;0.000000;0.000000;0.000000;0.000000;-422.424438;52.645752;1665.614502;0.253952;0.000000;0.000000;0.000000;0.000000;0.000000;10.472046;-223.153442;2006.766602;0.467798;0.000000;0.000000;0.000000;0.000000;2.000000;304.235413;-199.506073;1867.850830;0.347086;0.000000;0.000000;0.000000;0.000000;2.000000;614.552490;-176.880737;1879.953613;1.567240;0.000000;0.000000;0.000000;0.000000;2.000000;651.839722;-182.470123;1732.223267;1.711727;0.000000;0.000000;0.000000;0.000000;2.000000;-9.443146;-84.034363;1993.898438;0.421834;0.000000;0.000000;0.000000;0.000000;2.000000;240.888947;-79.859680;1785.951904;1.306124;0.000000;0.000000;0.000000;0.000000;1.000000;554.350586;-71.123474;1760.046021;1.343756;0.000000;0.000000;0.000000;0.000000;1.000000;602.176636;-87.176208;1629.154785;2.062817;0.000000;0.000000;0.000000;0.000000;1.000000;-486.895935;-250.078308;1939.328369;0.724911;0.000000;0.000000;0.000000;0.000000;2.000000;-587.752563;-214.937195;1863.859375;0.521669;0.000000;0.000000;0.000000;0.000000;2.000000;-594.603638;-249.255402;1893.020996;0.320590;0.000000;0.000000;0.000000;0.000000;2.000000;-534.852783;-320.575226;1937.608154;0.261289;0.000000;0.000000;0.000000;0.000000;2.000000;-592.829956;-208.511749;1905.161865;0.251202;0.000000;0.000000;0.000000;0.000000;2.000000;-530.260559;-196.489441;1990.665039;0.800321;0.000000;0.000000;0.000000;0.000000;1.000000;11473999872.000000
0.000000;-150.000000;2000.000000;0.000000;0.000000;0.000000;0.000000;0.000000;2.000000;-143.015381;-173.007019;1997.978271;0.069443;0.000000;0.000000;0.000000;0.000000;2.000000;-257.223114;-191.386414;1992.327393;0.116601;0.000000;0.000000;0.000000;0.000000;2.000000;-424.716461;-237.604584;1962.510742;0.079259;0.000000;0.000000;0.000000;0.000000;2.000000;-388.978180;-254.810608;1959.218750;0.056477;0.000000;0.000000;0.000000;0.000000;2.000000;-331.483978;-330.721588;1892.837646;0.130161;0.000000;0.000000;0.000000;0.000000;2.000000;-185.899994;-195.661774;1788.353760;0.186726;0.000000;0.000000;0.000000;0.000000;2.000000;-311.192657;-56.088806;1771.276001;0.129953;0.000000;0.000000;0.000000;0.000000;2.000000;-380.733185;-20.501465;1767.877808;0.969690;0.000000;0.000000;0.000000;0.000000;0.000000;-373.181549;-97.113708;1725.780396;0.761922;0.000000;0.000000;0.000000;0.000000;0.000000;-418.223846;-41.817749;1726.273315;0.252424;0.000000;0.000000;0.000000;0.000000;0.000000;-405.188324;-205.824036;1977.211182;0.124468;0.000000;0.000000;0.000000;0.000000;2.000000;-441.196320;-106.830200;1994.745361;0.288625;0.000000;0.000000;0.000000;0.000000;2.000000;-337.625031;76.994202;1906.667969;0.378154;0.000000;0.000000;0.000000;0.000000;1.000000;-347.171600;20.658081;1724.708252;0.322793;0.000000;0.000000;0.000000;0.000000;1.000000;-422.209747;6.511353;1689.252075;0.398872;0.000000;0.000000;0.000000;0.000000;0.000000;-398.764313;58.187683;1624.306274;0.281051;0.000000;0.000000;0.000000;0.000000;0.000000;-415.129913;53.028564;1661.154785;0.253266;0.000000;0.000000;0.000000;0.000000;0.000000;11.758209;-223.101410;2000.120361;0.200336;0.000000;0.000000;0.000000;0.000000;2.000000;305.731354;-201.684174;1863.018066;0.162996;0.000000;0.000000;0.000000;0.000000;2.000000;615.550232;-178.664581;1861.995117;0.534873;0.000000;0.000000;0.000000;0.000000;2.000000;654.419983;-181.176147;1714.943848;0.518432;0.000000;0.000000;0.000000;0.000000;2.000000;-10.602905;-84.081238;1999.891357;0.180643;0.000000;0.000000;0.000000;0.000000;1.000000;233.923584;-86.418701;1786.232910;0.283251;0.000000;0.000000;0.000000;0.000000;1.000000;545.590027;-83.786316;1748.587524;0.567991;0.000000;0.000000;0.000000;0.000000;1.000000;590.223877;-96.189331;1616.515991;0.579780;0.000000;0.000000;0.000000;0.000000;1.000000;-486.170807;-250.806366;1941.323975;0.066425;0.000000;0.000000;0.000000;0.000000;2.000000;-585.536621;-225.187317;1860.728271;0.323875;0.000000;0.000000;0.000000;0.000000;2.000000;-590.451172;-260.293915;1889.173096;0.367115;0.000000;0.000000;0.000000;0.000000;2.000000;-526.456787;-325.595459;1936.472412;0.291433;0.000000;0.000000;0.000000;0.000000;2.000000;-593.492188;-219.821228;1901.629150;0.351174;0.000000;0.000000;0.000000;0.000000;2.000000;-537.404907;-202.610992;1990.382080;0.278542;0.000000;0.000000;0.000000;0.000000;1.000000;11474033664.000000
0.000000;-150.000000;2000.000000;0.000000;0.000000;0.000000;0.000000;0.000000;2.000000;-139.903076;-172.868286;1997.506592;0.096158;0.000000;0.000000;0.000000;0.000000;2.000000;-251.635071;-191.219482;1992.323975;0.170610;0.000000;0.000000;0.000000;0.000000;2.000000;-415.775818;-239.804077;1970.729492;0.376643;0.000000;0.000000;0.000000;0.000000;2.000000;-380.723450;-256.548584;1967.851807;0.368355;0.000000;0.000000;0.000000;0.000000;2.000000;-326.601135;-335.187439;1906.263428;0.456784;0.000000;0.000000;0.000000;0.000000;2.000000;-183.808167;-211.443878;1794.335938;0.519011;0.000000;0.000000;0.000000;0.000000;2.000000;-305.333679;-75.539795;1767.192139;0.632345;0.000000;0.000000;0.000000;0.000000;2.000000;-363.432129;-34.114380;1794.844727;1.062368;0.000000;0.000000;0.000000;0.000000;0.000000;-378.355042;-102.230408;1744.728760;0.619429;0.000000;0.000000;0.000000;0.000000;0.000000;-412.585693;-37.150757;1738.057129;0.423335;0.000000;0.000000;0.000000;0.000000;0.000000;-396.623108;-207.575470;1982.313232;0.308909;0.000000;0.000000;0.000000;0.000000;2.000000;-432.751648;-109.509705;1983.250977;0.442887;0.000000;0.000000;0.000000;0.000000;2.000000;-332.859680;61.402283;1878.929932;0.981896;0.000000;0.000000;0.000000;0.000000;2.000000;-333.559143;-4.689026;1704.366943;1.075304;0.000000;0.000000;0.000000;0.000000;1.000000;-413.098572;5.749573;1685.560059;0.300911;0.000000;0.000000;0.000000;0.000000;0.000000;-399.946655;39.298279;1609.231689;0.738406;0.000000;0.000000;0.000000;0.000000;0.000000;-394.507080;47.719849;1667.205078;0.675597;0.000000;0.000000;0.000000;0.000000;0.000000;11.651215;-221.493805;2001.965088;0.074745;0.000000;0.000000;0.000000;0.000000;2.000000;301.200348;-201.808350;1871.601318;0.296221;0.000000;0.000000;0.000000;0.000000;2.000000;600.479126;-177.173523;1823.903564;1.250970;0.000000;0.000000;0.000000;0.000000;2.000000;652.146667;-172.395721;1684.357056;0.973609;0.000000;0.000000;0.000000;0.000000;1.000000;-10.506439;-85.530884;1998.228027;0.067398;0.000000;0.000000;0.000000;0.000000;2.000000;238.228333;-87.172058;1800.411133;0.452773;0.000000;0.000000;0.000000;0.000000;1.000000;538.153198;-85.696167;1733.718628;0.510691;0.000000;0.000000;0.000000;0.000000;1.000000;592.932861;-97.777405;1608.753174;0.255551;0.000000;0.000000;0.000000;0.000000;1.000000;-476.286926;-254.698822;1952.539307;0.471421;0.000000;0.000000;0.000000;0.000000;2.000000;-567.542847;-244.256805;1863.820068;0.805676;0.000000;0.000000;0.000000;0.000000;2.000000;-572.902100;-275.704041;1894.819824;0.733265;0.000000;0.000000;0.000000;0.000000;2.000000;-511.188782;-330.306244;1952.786377;0.696877;0.000000;0.000000;0.000000;0.000000;2.000000;-579.034119;-235.288574;1902.266113;0.646426;0.000000;0.000000;0.000000;0.000000;2.000000;-532.845276;-205.934113;1990.848145;0.172770;0.000000;0.000000;0.000000;0.000000;1.000000;11474066432.000000
