posX0;posY0;posZ0;posVel0;rotX0;rotY0;rotZ0;rotVel0;confidence0;posX1;posY1;posZ1;posVel1;rotX1;rotY1;rotZ1;rotVel1;confidence1;posX2;posY2;posZ2;posVel2;rotX2;rotY2;rotZ2;rotVel2;confidence2;posX3;posY3;posZ3;posVel3;rotX3;rotY3;rotZ3;rotVel3;confidence3;posX4;posY4;posZ4;posVel4;rotX4;rotY4;rotZ4;rotVel4;confidence4;posX5;posY5;posZ5;posVel5;rotX5;rotY5;rotZ5;rotVel5;confidence5;posX6;posY6;posZ6;posVel6;rotX6;rotY6;rotZ6;rotVel6;confidence6;posX7;posY7;posZ7;posVel7;rotX7;rotY7;rotZ7;rotVel7;confidence7;posX8;posY8;posZ8;posVel8;rotX8;rotY8;rotZ8;rotVel8;confidence8;posX9;posY9;posZ9;posVel9;rotX9;rotY9;rotZ9;rotVel9;confidence9;posX10;posY10;posZ10;posVel10;rotX10;rotY10;rotZ10;rotVel10;confidence10;posX11;posY11;posZ11;posVel11;rotX11;rotY11;rotZ11;rotVel11;confidence11;posX12;posY12;posZ12;posVel12;rotX12;rotY12;rotZ12;rotVel12;confidence12;posX13;posY13;posZ13;posVel13;rotX13;rotY13;rotZ13;rotVel13;confidence13;posX14;posY14;posZ14;posVel14;rotX14;rotY14;rotZ14;rotVel14;confidence14;posX15;posY15;posZ15;posVel15;rotX15;rotY15;rotZ15;rotVel15;confidence15;posX16;posY16;posZ16;posVel16;rotX16;rotY16;rotZ16;rotVel16;confidence16;posX17;posY17;posZ17;posVel17;rotX17;rotY17;rotZ17;rotVel17;confidence17;posX18;posY18;posZ18;posVel18;rotX18;rotY18;rotZ18;rotVel18;confidence18;posX19;posY19;posZ19;posVel19;rotX19;rotY19;rotZ19;rotVel19;confidence19;posX20;posY20;posZ20;posVel20;rotX20;rotY20;rotZ20;rotVel20;confidence20;posX21;posY21;posZ21;posVel21;rotX21;rotY21;rotZ21;rotVel21;confidence21;posX22;posY22;posZ22;posVel22;rotX22;rotY22;rotZ22;rotVel22;confidence22;posX23;posY23;posZ23;posVel23;rotX23;rotY23;rotZ23;rotVel23;confidence23;posX24;posY24;posZ24;posVel24;rotX24;rotY24;rotZ24;rotVel24;confidence24;posX25;posY25;posZ25;posVel25;rotX25;rotY25;rotZ25;rotVel25;confidence25;posX26;posY26;posZ26;posVel26;rotX26;rotY26;rotZ26;rotVel26;confidence26;posX27;posY27;posZ27;posVel27;rotX27;rotY27;rotZ27;rotVel27;confidence27;posX28;posY28;posZ28;posVel28;rotX28;rotY28;rotZ28;rotVel28;confidence28;posX29;posY29;posZ29;posVel29;rotX29;rotY29;rotZ29;rotVel29;confidence29;posX30;posY30;posZ30;posVel30;rotX30;rotY30;rotZ30;rotVel30;confidence30;posX31;posY31;posZ31;posVel31;rotX31;rotY31;rotZ31;rotVel31;confidence31;TimeStamp
0.000000;-150.000000;2000.000000;0.000000;0.000000;0.000000;0.000000;0.000000;2.000000;8.814911;-334.970886;1947.309082;0.000000;0.000000;0.000000;0.000000;0.000000;2.000000;19.625488;-478.286377;1892.218628;0.000000;0.000000;0.000000;0.000000;0.000000;2.000000;26.218491;-710.179565;1859.413452;0.000000;0.000000;0.000000;0.000000;0.000000;2.000000;-9.350220;-671.523804;1853.203613;0.000000;0.000000;0.000000;0.000000;0.000000;2.000000;-152.350647;-624.205078;1819.867188;0.000000;0.000000;0.000000;0.000000;0.000000;2.000000;-202.129150;-331.828491;1851.083618;0.000000;0.000000;0.000000;0.000000;0.000000;2.000000;-243.352158;-90.012772;1900.844116;0.000000;0.000000;0.000000;0.000000;0.000000;2.000000;-269.337952;-45.500954;1991.078125;0.000000;0.000000;0.000000;0.000000;0.000000;0.000000;-235.309357;63.871666;2012.930176;0.000000;0.000000;0.000000;0.000000;0.000000;0.000000;-211.713821;12.388691;2016.644531;0.000000;0.000000;0.000000;0.000000;0.000000;0.000000;60.146957;-671.879395;1874.284180;0.000000;0.000000;0.000000;0.000000;0.000000;2.000000;189.365616;-619.906616;1901.551270;0.000000;0.000000;0.000000;0.000000;0.000000;2.000000;222.723587;-323.032959;1957.108643;0.000000;0.000000;0.000000;0.000000;0.000000;2.000000;200.068161;-95.620819;2066.730469;0.000000;0.000000;0.000000;0.000000;0.000000;2.000000;147.536606;-38.069008;1986.434326;0.000000;0.000000;0.000000;0.000000;0.000000;0.000000;146.895981;-17.194962;2099.135254;0.000000;0.000000;0.000000;0.000000;0.000000;0.000000;144.091171;-35.784576;1974.631348;0.000000;0.000000;0.000000;0.000000;0.000000;0.000000;-94.735825;-146.984161;1973.564209;0.000000;0.000000;0.000000;0.000000;0.000000;2.000000;-90.319519;274.828705;2066.871094;0.000000;0.000000;0.000000;0.000000;0.000000;2.000000;-62.270386;684.870911;2106.321289;0.000000;0.000000;0.000000;0.000000;0.000000;2.000000;-184.121567;786.871460;2231.308350;0.000000;0.000000;0.000000;0.000000;0.000000;2.000000;85.427444;-152.719528;2023.838379;0.000000;0.000000;0.000000;0.000000;0.000000;2.000000;146.946426;271.868500;2070.643799;0.000000;0.000000;0.000000;0.000000;0.000000;2.000000;252.698471;618.503418;1863.897339;0.000000;0.000000;0.000000;0.000000;0.000000;2.000000;248.840164;796.079895;1919.132935;0.000000;0.000000;0.000000;0.000000;0.000000;1.000000;24.497910;-798.304138;1860.941284;0.000000;0.000000;0.000000;0.000000;0.000000;2.000000;20.921768;-858.455139;2023.547363;0.000000;0.000000;0.000000;0.000000;0.000000;2.000000;-4.464966;-892.872253;1980.890869;0.000000;0.000000;0.000000;0.000000;0.000000;2.000000;-63.196777;-869.684937;1859.525024;0.000000;0.000000;0.000000;0.000000;0.000000;2.000000;51.382874;-888.251709;1987.468018;0.000000;0.000000;0.000000;0.000000;0.000000;2.000000;115.784286;-866.496704;1863.485474;0.000000;0.000000;0.000000;0.000000;0.000000;2.000000;5410933248.000000
0.000000;-150.000000;2000.000000;0.000000;0.000000;0.000000;0.000000;0.000000;2.000000;9.539093;-333.785217;1944.525635;0.093477;0.000000;0.000000;0.000000;0.000000;2.000000;20.504623;-476.201477;1887.868896;0.147327;0.000000;0.000000;0.000000;0.000000;2.000000;30.011368;-707.442017;1853.964111;0.215793;0.000000;0.000000;0.000000;0.000000;2.000000;-5.890747;-669.228333;1847.684448;0.207524;0.000000;0.000000;0.000000;0.000000;2.000000;-148.301956;-620.150879;1815.574585;0.215122;0.000000;0.000000;0.000000;0.000000;2.000000;-204.284943;-329.653503;1849.022095;0.110925;0.000000;0.000000;0.000000;0.000000;2.000000;-251.145355;-92.582001;1912.612793;0.431100;0.000000;0.000000;0.000000;0.000000;2.000000;-267.809296;-44.293213;2002.909180;0.360288;0.000000;0.000000;0.000000;0.000000;0.000000;-224.821106;61.541847;2025.352539;0.493509;0.000000;0.000000;0.000000;0.000000;0.000000;-206.991974;7.934862;2025.119385;0.320763;0.000000;0.000000;0.000000;0.000000;0.000000;63.322815;-668.898376;1869.277710;0.199401;0.000000;0.000000;0.000000;0.000000;2.000000;191.971985;-616.875122;1897.884399;0.163006;0.000000;0.000000;0.000000;0.000000;2.000000;218.237274;-318.772583;1947.606445;0.340711;0.000000;0.000000;0.000000;0.000000;2.000000;189.451447;-89.865784;2051.560791;0.582618;0.000000;0.000000;0.000000;0.000000;2.000000;126.039612;-40.165810;1974.187500;0.746078;0.000000;0.000000;0.000000;0.000000;0.000000;122.140076;-24.913551;2087.529053;0.853670;0.000000;0.000000;0.000000;0.000000;0.000000;122.805481;-37.615578;1962.073975;0.744635;0.000000;0.000000;0.000000;0.000000;0.000000;-95.011353;-147.433914;1975.160889;0.050527;0.000000;0.000000;0.000000;0.000000;2.000000;-79.985283;275.454102;2058.665039;0.396961;0.000000;0.000000;0.000000;0.000000;2.000000;-43.975906;684.757690;2091.625488;0.705117;0.000000;0.000000;0.000000;0.000000;2.000000;-132.925873;789.726868;2239.298828;1.559319;0.000000;0.000000;0.000000;0.000000;2.000000;85.675903;-152.313965;2022.398438;0.045567;0.000000;0.000000;0.000000;0.000000;2.000000;167.564087;265.673798;2087.309082;0.818055;0.000000;0.000000;0.000000;0.000000;2.000000;257.074860;612.860474;1875.282349;0.403824;0.000000;0.000000;0.000000;0.000000;2.000000;264.841888;790.813538;1927.789063;0.569106;0.000000;0.000000;0.000000;0.000000;1.000000;29.295517;-795.441223;1855.016724;0.244691;0.000000;0.000000;0.000000;0.000000;2.000000;23.665390;-880.225891;2005.854004;0.846987;0.000000;0.000000;0.000000;0.000000;2.000000;1.983002;-908.845154;1957.404297;0.875183;0.000000;0.000000;0.000000;0.000000;2.000000;-53.639648;-870.293884;1838.767944;0.686890;0.000000;0.000000;0.000000;0.000000;2.000000;57.086380;-902.268372;1967.069092;0.763193;0.000000;0.000000;0.000000;0.000000;2.000000;124.266449;-857.986450;1851.085938;0.518815;0.000000;0.000000;0.000000;0.000000;2.000000;5410966528.000000
0.000000;-150.000000;2000.000000;0.000000;0.000000;0.000000;0.000000;0.000000;2.000000;9.885712;-332.822632;1945.430908;0.041049;0.000000;0.000000;0.000000;0.000000;2.000000;20.346832;-475.719940;1892.528931;0.140850;0.000000;0.000000;0.000000;0.000000;2.000000;28.161316;-705.270752;1856.510742;0.114902;0.000000;0.000000;0.000000;0.000000;2.000000;-7.125580;-666.913696;1850.296387;0.111237;0.000000;0.000000;0.000000;0.000000;2.000000;-149.156570;-622.990234;1813.795776;0.103901;0.000000;0.000000;0.000000;0.000000;2.000000;-202.093521;-334.505432;1853.118286;0.201842;0.000000;0.000000;0.000000;0.000000;2.000000;-248.186996;-100.218445;1921.486084;0.362827;0.000000;0.000000;0.000000;0.000000;2.000000;-270.926636;-42.062531;2003.546143;0.116761;0.000000;0.000000;0.000000;0.000000;0.000000;-222.668747;50.485615;2053.498779;0.910949;0.000000;0.000000;0.000000;0.000000;0.000000;-198.017441;1.640501;2027.254883;0.335573;0.000000;0.000000;0.000000;0.000000;0.000000;61.439056;-667.413086;1872.480103;0.120230;0.000000;0.000000;0.000000;0.000000;2.000000;188.938126;-615.802856;1902.704224;0.174136;0.000000;0.000000;0.000000;0.000000;2.000000;216.645828;-319.852814;1953.327393;0.181359;0.000000;0.000000;0.000000;0.000000;2.000000;192.231766;-94.092400;2061.480225;0.334587;0.000000;0.000000;0.000000;0.000000;2.000000;121.394547;-45.912209;1990.854736;0.547827;0.000000;0.000000;0.000000;0.000000;0.000000;111.869705;-24.091957;2102.072021;0.535542;0.000000;0.000000;0.000000;0.000000;0.000000;124.308853;-37.652786;1974.340332;0.371340;0.000000;0.000000;0.000000;0.000000;0.000000;-94.315842;-147.590332;1974.840576;0.023484;0.000000;0.000000;0.000000;0.000000;2.000000;-78.659332;272.066650;2061.045410;0.130628;0.000000;0.000000;0.000000;0.000000;2.000000;-39.349167;679.049805;2087.156982;0.258403;0.000000;0.000000;0.000000;0.000000;2.000000;-151.258804;792.492554;2209.031738;1.066534;0.000000;0.000000;0.000000;0.000000;2.000000;85.048737;-152.172913;2022.687012;0.021173;0.000000;0.000000;0.000000;0.000000;2.000000;168.803818;261.419128;2095.623291;0.283099;0.000000;0.000000;0.000000;0.000000;2.000000;263.409729;605.207031;1885.213745;0.422107;0.000000;0.000000;0.000000;0.000000;2.000000;253.548019;786.119019;1920.457031;0.428487;0.000000;0.000000;0.000000;0.000000;2.000000;26.681686;-792.734009;1856.628052;0.123005;0.000000;0.000000;0.000000;0.000000;2.000000;12.011475;-837.379028;2022.163330;1.421392;0.000000;0.000000;0.000000;0.000000;2.000000;-13.335098;-873.647461;1981.730713;1.365551;0.000000;0.000000;0.000000;0.000000;2.000000;-64.491432;-858.146240;1856.941406;0.733322;0.000000;0.000000;0.000000;0.000000;2.000000;41.906570;-871.773193;1990.652832;1.244939;0.000000;0.000000;0.000000;0.000000;2.000000;112.591507;-865.128296;1869.635010;0.692658;0.000000;0.000000;0.000000;0.000000;2.000000;5410999808.000000
0.000000;-150.000000;2000.000000;0.000000;0.000000;0.000000;0.000000;0.000000;2.000000;8.591446;-332.540100;1944.741699;0.044871;0.000000;0.000000;0.000000;0.000000;2.000000;17.341568;-476.057007;1893.544067;0.095852;0.000000;0.000000;0.000000;0.000000;2.000000;27.190384;-705.022461;1855.418091;0.044551;0.000000;0.000000;0.000000;0.000000;2.000000;-8.210175;-666.852051;1849.016968;0.050433;0.000000;0.000000;0.000000;0.000000;2.000000;-150.027573;-622.333618;1812.860107;0.043182;0.000000;0.000000;0.000000;0.000000;2.000000;-203.529327;-335.605865;1861.577759;0.259938;0.000000;0.000000;0.000000;0.000000;2.000000;-249.132843;-101.103851;1928.893311;0.225952;0.000000;0.000000;0.000000;0.000000;2.000000;-276.849487;-47.608574;2012.488770;0.362835;0.000000;0.000000;0.000000;0.000000;0.000000;-237.409637;48.393230;2063.464111;0.538339;0.000000;0.000000;0.000000;0.000000;0.000000;-204.518967;7.428694;2029.224121;0.268171;0.000000;0.000000;0.000000;0.000000;0.000000;59.941391;-667.147095;1872.285400;0.046079;0.000000;0.000000;0.000000;0.000000;2.000000;185.871780;-613.373413;1904.768311;0.132910;0.000000;0.000000;0.000000;0.000000;2.000000;194.525528;-317.256470;1959.801514;0.696936;0.000000;0.000000;0.000000;0.000000;2.000000;162.667007;-93.268173;2069.282227;0.919110;0.000000;0.000000;0.000000;0.000000;2.000000;105.808243;-39.716728;1990.483643;0.504105;0.000000;0.000000;0.000000;0.000000;0.000000;73.313065;-4.233570;2093.453857;1.328670;0.000000;0.000000;0.000000;0.000000;0.000000;112.662613;-30.923630;1973.915283;0.404364;0.000000;0.000000;0.000000;0.000000;0.000000;-94.452866;-147.086182;1975.689209;0.029945;0.000000;0.000000;0.000000;0.000000;2.000000;-74.514320;271.899475;2062.769775;0.134991;0.000000;0.000000;0.000000;0.000000;2.000000;-25.713394;678.086426;2078.787354;0.481626;0.000000;0.000000;0.000000;0.000000;2.000000;-157.768417;781.782959;2188.323975;0.727314;0.000000;0.000000;0.000000;0.000000;2.000000;85.172302;-152.627502;2021.922119;0.026993;0.000000;0.000000;0.000000;0.000000;2.000000;177.485794;253.195038;2121.526367;0.857283;0.000000;0.000000;0.000000;0.000000;2.000000;275.888062;589.241211;1901.160400;0.774816;0.000000;0.000000;0.000000;0.000000;2.000000;255.834518;772.407837;1909.426758;0.533209;0.000000;0.000000;0.000000;0.000000;2.000000;26.266556;-792.428345;1854.647949;0.061482;0.000000;0.000000;0.000000;0.000000;2.000000;-2.630920;-843.338135;2016.332275;0.506301;0.000000;0.000000;0.000000;0.000000;2.000000;-25.270821;-877.351318;1972.535889;0.466205;0.000000;0.000000;0.000000;0.000000;2.000000;-65.783554;-855.714844;1844.887085;0.371538;0.000000;0.000000;0.000000;0.000000;2.000000;29.049973;-877.065552;1985.933838;0.441175;0.000000;0.000000;0.000000;0.000000;2.000000;109.394547;-867.125488;1871.461182;0.125859;0.000000;0.000000;0.000000;0.000000;2.000000;5411033088.000000
0.000000;-150.000000;2000.000000;0.000000;0.000000;0.000000;0.000000;0.000000;2.000000;7.967163;-331.080719;1942.932129;0.071232;0.000000;0.000000;0.000000;0.000000;2.000000;17.947067;-471.804443;1886.573730;0.242294;0.000000;0.000000;0.000000;0.000000;2.000000;28.478912;-699.082153;1845.226440;0.351167;0.000000;0.000000;0.000000;0.000000;2.000000;-6.993561;-661.172241;1839.729736;0.324164;0.000000;0.000000;0.000000;0.000000;2.000000;-148.941635;-617.769836;1805.795654;0.250953;0.000000;0.000000;0.000000;0.000000;2.000000;-201.519043;-331.891266;1852.136108;0.306088;0.000000;0.000000;0.000000;0.000000;2.000000;-247.213074;-100.299896;1924.998535;0.130682;0.000000;0.000000;0.000000;0.000000;2.000000;-275.828857;-46.579254;2007.551025;0.152288;0.000000;0.000000;0.000000;0.000000;0.000000;-242.680511;50.631859;2059.490234;0.206271;0.000000;0.000000;0.000000;0.000000;0.000000;-199.577087;-1.853308;2036.286133;0.374848;0.000000;0.000000;0.000000;0.000000;0.000000;61.051987;-661.471863;1862.264282;0.342388;0.000000;0.000000;0.000000;0.000000;2.000000;187.904205;-611.489502;1894.388672;0.317922;0.000000;0.000000;0.000000;0.000000;2.000000;196.785248;-316.928802;1950.090332;0.295218;0.000000;0.000000;0.000000;0.000000;2.000000;171.769745;-90.369659;2053.199951;0.553552;0.000000;0.000000;0.000000;0.000000;2.000000;103.620468;-42.548767;1980.642090;0.309896;0.000000;0.000000;0.000000;0.000000;0.000000;62.626755;7.759018;2073.307129;0.762501;0.000000;0.000000;0.000000;0.000000;0.000000;103.570618;-37.415756;1965.973633;0.405629;0.000000;0.000000;0.000000;0.000000;0.000000;-92.493149;-144.873932;1970.821777;0.168514;0.000000;0.000000;0.000000;0.000000;2.000000;-72.201271;273.994934;2048.061768;0.444943;0.000000;0.000000;0.000000;0.000000;2.000000;-9.521011;676.586243;2056.072266;0.826704;0.000000;0.000000;0.000000;0.000000;2.000000;-145.421616;783.176697;2156.006836;1.024605;0.000000;0.000000;0.000000;0.000000;2.000000;83.405136;-154.622391;2026.311035;0.151950;0.000000;0.000000;0.000000;0.000000;2.000000;184.325409;245.979263;2130.095215;0.388414;0.000000;0.000000;0.000000;0.000000;2.000000;280.997528;578.962280;1907.919922;0.394211;0.000000;0.000000;0.000000;0.000000;2.000000;258.574524;755.168518;1954.329102;1.425661;0.000000;0.000000;0.000000;0.000000;2.000000;27.963821;-786.065308;1843.203003;0.390755;0.000000;0.000000;0.000000;0.000000;2.000000;-15.642487;-815.118713;2006.141602;0.967774;0.000000;0.000000;0.000000;0.000000;2.000000;-33.745911;-854.950928;1965.644775;0.737504;0.000000;0.000000;0.000000;0.000000;2.000000;-61.960625;-851.481934;1833.640991;0.373159;0.000000;0.000000;0.000000;0.000000;2.000000;18.811432;-851.869019;1983.798340;0.807321;0.000000;0.000000;0.000000;0.000000;2.000000;109.171448;-855.934509;1877.523071;0.376695;0.000000;0.000000;0.000000;0.000000;2.000000;5411066880.000000
0.000000;-150.000000;2000.000000;0.000000;0.000000;0.000000;0.000000;0.000000;2.000000;6.195335;-329.904694;1941.570068;0.075883;0.000000;0.000000;0.000000;0.000000;2.000000;15.295357;-469.038361;1882.823242;0.161112;0.000000;0.000000;0.000000;0.000000;2.000000;20.367699;-695.700134;1842.307617;0.278248;0.000000;0.000000;0.000000;0.000000;2.000000;-14.243126;-657.226746;1837.258911;0.258881;0.000000;0.000000;0.000000;0.000000;2.000000;-156.098801;-612.130981;1808.272583;0.283723;0.000000;0.000000;0.000000;0.000000;2.000000;-208.229874;-327.360168;1854.369507;0.252393;0.000000;0.000000;0.000000;0.000000;2.000000;-251.922913;-98.107483;1932.289551;0.269007;0.000000;0.000000;0.000000;0.000000;2.000000;-279.880829;-41.019386;2012.250977;0.250357;0.000000;0.000000;0.000000;0.000000;0.000000;-242.845276;55.245575;2062.257568;0.161735;0.000000;0.000000;0.000000;0.000000;0.000000;-213.751190;0.805435;2045.061279;0.507250;0.000000;0.000000;0.000000;0.000000;0.000000;53.855568;-658.877930;1858.620972;0.254595;0.000000;0.000000;0.000000;0.000000;2.000000;182.892761;-615.209290;1888.708984;0.253564;0.000000;0.000000;0.000000;0.000000;2.000000;201.408875;-323.227020;1948.899902;0.237480;0.000000;0.000000;0.000000;0.000000;2.000000;181.423950;-102.462097;2062.668213;0.545088;0.000000;0.000000;0.000000;0.000000;2.000000;116.784416;-48.522339;1991.891602;0.550401;0.000000;0.000000;0.000000;0.000000;0.000000;35.761345;26.250069;2015.106689;2.004673;0.000000;0.000000;0.000000;0.000000;0.000000;123.808586;-34.837151;1974.343750;0.662615;0.000000;0.000000;0.000000;0.000000;0.000000;-91.987633;-143.673599;1970.767822;0.039169;0.000000;0.000000;0.000000;0.000000;2.000000;-73.334015;274.026123;2045.172119;0.093266;0.000000;0.000000;0.000000;0.000000;2.000000;0.013580;673.185364;2049.684814;0.359667;0.000000;0.000000;0.000000;0.000000;2.000000;-133.917221;790.003906;2138.628906;0.658974;0.000000;0.000000;0.000000;0.000000;2.000000;82.949303;-155.704788;2026.360107;0.035321;0.000000;0.000000;0.000000;0.000000;2.000000;171.335052;237.013885;2160.259033;1.022952;0.000000;0.000000;0.000000;0.000000;2.000000;268.770050;576.522949;1951.807129;1.370913;0.000000;0.000000;0.000000;0.000000;2.000000;262.416260;751.405945;2004.797363;1.525058;0.000000;0.000000;0.000000;0.000000;2.000000;18.003059;-782.306702;1840.616821;0.329204;0.000000;0.000000;0.000000;0.000000;2.000000;-6.811790;-809.524841;2007.052734;0.315294;0.000000;0.000000;0.000000;0.000000;2.000000;-28.415283;-850.102844;1969.472168;0.245161;0.000000;0.000000;0.000000;0.000000;2.000000;-70.830200;-849.115662;1841.857300;0.370185;0.000000;0.000000;0.000000;0.000000;2.000000;25.530235;-845.866333;1981.644531;0.278352;0.000000;0.000000;0.000000;0.000000;2.000000;103.426933;-849.975464;1866.607788;0.411618;0.000000;0.000000;0.000000;0.000000;2.000000;5411100160.000000
0.000000;-150.000000;2000.000000;0.000000;0.000000;0.000000;0.000000;0.000000;2.000000;4.071838;-329.308655;1940.342041;0.075853;0.000000;0.000000;0.000000;0.000000;2.000000;10.760300;-469.036865;1883.198486;0.136735;0.000000;0.000000;0.000000;0.000000;2.000000;18.255096;-695.740784;1845.023682;0.103401;0.000000;0.000000;0.000000;0.000000;2.000000;-16.680588;-657.721130;1839.479248;0.100180;0.000000;0.000000;0.000000;0.000000;2.000000;-158.223511;-610.956543;1812.698975;0.151696;0.000000;0.000000;0.000000;0.000000;2.000000;-217.377914;-328.330994;1861.098389;0.342478;0.000000;0.000000;0.000000;0.000000;2.000000;-265.375183;-100.310928;1939.116699;0.458101;0.000000;0.000000;0.000000;0.000000;2.000000;-287.097168;-44.334587;2021.596436;0.368507;0.000000;0.000000;0.000000;0.000000;0.000000;-265.004028;58.530403;2066.725098;0.686360;0.000000;0.000000;0.000000;0.000000;0.000000;-227.999512;-6.404526;2056.574463;0.591536;0.000000;0.000000;0.000000;0.000000;0.000000;51.269989;-658.467041;1861.059937;0.107514;0.000000;0.000000;0.000000;0.000000;2.000000;178.811752;-611.017578;1890.978271;0.188550;0.000000;0.000000;0.000000;0.000000;2.000000;198.153580;-319.973877;1953.527832;0.196114;0.000000;0.000000;0.000000;0.000000;2.000000;171.289841;-104.268646;2074.654785;0.474761;0.000000;0.000000;0.000000;0.000000;2.000000;116.709976;-45.379387;1999.691895;0.252705;0.000000;0.000000;0.000000;0.000000;0.000000;38.560394;29.981495;2029.284668;0.448485;0.000000;0.000000;0.000000;0.000000;0.000000;121.876282;-37.253487;1984.419189;0.316700;0.000000;0.000000;0.000000;0.000000;0.000000;-91.428040;-142.039215;1969.832764;0.059025;0.000000;0.000000;0.000000;0.000000;2.000000;-72.906143;274.084534;2049.815674;0.140132;0.000000;0.000000;0.000000;0.000000;2.000000;5.680496;671.740845;2047.827148;0.184377;0.000000;0.000000;0.000000;0.000000;2.000000;-137.064697;784.975525;2126.545166;0.404488;0.000000;0.000000;0.000000;0.000000;2.000000;82.444672;-157.178604;2027.203125;0.053224;0.000000;0.000000;0.000000;0.000000;2.000000;161.255508;229.318710;2181.867188;0.752838;0.000000;0.000000;0.000000;0.000000;2.000000;258.389038;569.268982;1975.023682;0.794653;0.000000;0.000000;0.000000;0.000000;2.000000;245.932297;734.852600;2051.013184;1.556025;0.000000;0.000000;0.000000;0.000000;2.000000;16.773712;-782.269409;1844.194458;0.113676;0.000000;0.000000;0.000000;0.000000;2.000000;-17.134590;-809.211060;2008.839844;0.314935;0.000000;0.000000;0.000000;0.000000;2.000000;-40.705582;-847.143127;1969.824707;0.380005;0.000000;0.000000;0.000000;0.000000;2.000000;-77.552841;-840.717041;1840.826050;0.324734;0.000000;0.000000;0.000000;0.000000;2.000000;12.790619;-847.950623;1984.174805;0.395271;0.000000;0.000000;0.000000;0.000000;2.000000;94.545013;-857.606506;1872.406006;0.392632;0.000000;0.000000;0.000000;0.000000;2.000000;5411133440.000000
0.000000;-150.000000;2000.000000;0.000000;0.000000;0.000000;0.000000;0.000000;2.000000;1.634109;-328.319885;1939.880371;0.080253;0.000000;0.000000;0.000000;0.000000;2.000000;4.516846;-469.276917;1887.369873;0.225738;0.000000;0.000000;0.000000;0.000000;2.000000;7.535950;-695.163940;1849.796631;0.353003;0.000000;0.000000;0.000000;0.000000;2.000000;-26.566193;-656.678650;1844.402588;0.333319;0.000000;0.000000;0.000000;0.000000;2.000000;-165.164444;-604.777893;1815.508301;0.291706;0.000000;0.000000;0.000000;0.000000;2.000000;-226.371674;-324.818970;1868.861572;0.372268;0.000000;0.000000;0.000000;0.000000;2.000000;-275.305786;-99.400574;1950.397461;0.452422;0.000000;0.000000;0.000000;0.000000;2.000000;-301.212067;-58.303001;2039.599365;0.805408;0.000000;0.000000;0.000000;0.000000;0.000000;-279.812164;47.362427;2076.588867;0.631223;0.000000;0.000000;0.000000;0.000000;0.000000;-239.003601;14.044300;2047.424561;0.749978;0.000000;0.000000;0.000000;0.000000;0.000000;41.188187;-658.642090;1865.488892;0.330923;0.000000;0.000000;0.000000;0.000000;2.000000;166.725143;-606.948669;1893.985352;0.393715;0.000000;0.000000;0.000000;0.000000;2.000000;196.641159;-319.979675;1964.477539;0.332141;0.000000;0.000000;0.000000;0.000000;2.000000;186.747360;-102.738907;2083.177490;0.532378;0.000000;0.000000;0.000000;0.000000;2.000000;123.619492;-44.067413;2015.846680;0.529426;0.000000;0.000000;0.000000;0.000000;0.000000;44.839355;34.380756;2029.677246;0.230673;0.000000;0.000000;0.000000;0.000000;0.000000;133.024185;-32.444153;1996.905518;0.523315;0.000000;0.000000;0.000000;0.000000;0.000000;-91.232826;-141.024200;1970.897217;0.044583;0.000000;0.000000;0.000000;0.000000;2.000000;-71.382874;273.127411;2050.969727;0.064223;0.000000;0.000000;0.000000;0.000000;2.000000;3.580978;669.669556;2047.953613;0.088701;0.000000;0.000000;0.000000;0.000000;2.000000;-126.963074;792.224792;2131.553955;0.402782;0.000000;0.000000;0.000000;0.000000;2.000000;82.268646;-158.093872;2026.243408;0.040199;0.000000;0.000000;0.000000;0.000000;2.000000;150.045212;220.141251;2200.277588;0.703946;0.000000;0.000000;0.000000;0.000000;2.000000;244.170914;577.747803;2028.298096;1.676297;0.000000;0.000000;0.000000;0.000000;2.000000;243.218002;745.732666;2097.841553;1.446883;0.000000;0.000000;0.000000;0.000000;2.000000;4.447777;-781.272583;1849.162231;0.400442;0.000000;0.000000;0.000000;0.000000;2.000000;-11.684479;-820.064392;2013.373779;0.389531;0.000000;0.000000;0.000000;0.000000;2.000000;-39.327507;-854.995361;1974.623535;0.279601;0.000000;0.000000;0.000000;0.000000;2.000000;-89.520706;-839.418457;1851.660156;0.486643;0.000000;0.000000;0.000000;0.000000;2.000000;15.153824;-856.635803;1983.031738;0.272633;0.000000;0.000000;0.000000;0.000000;2.000000;84.134613;-857.831787;1863.277710;0.416090;0.000000;0.000000;0.000000;0.000000;2.000000;5411166720.000000
0.000000;-150.000000;2000.000000;0.000000;0.000000;0.000000;0.000000;0.000000;2.000000;3.775177;-328.088196;1938.780273;0.072665;0.000000;0.000000;0.000000;0.000000;2.000000;7.653221;-469.448669;1887.043945;0.094890;0.000000;0.000000;0.000000;0.000000;2.000000;7.890549;-695.738159;1850.556641;0.030541;0.000000;0.000000;0.000000;0.000000;2.000000;-25.871399;-656.878296;1845.272339;0.033983;0.000000;0.000000;0.000000;0.000000;2.000000;-165.170792;-606.285034;1816.739014;0.058468;0.000000;0.000000;0.000000;0.000000;2.000000;-225.330627;-326.127197;1871.621826;0.096968;0.000000;0.000000;0.000000;0.000000;2.000000;-271.317322;-101.482956;1957.539551;0.253641;0.000000;0.000000;0.000000;0.000000;2.000000;-311.182739;-44.257851;2031.508301;0.571819;0.000000;0.000000;0.000000;0.000000;0.000000;-296.262146;53.909454;2087.676025;0.627703;0.000000;0.000000;0.000000;0.000000;0.000000;-261.751678;-4.853794;2077.003418;1.256830;0.000000;0.000000;0.000000;0.000000;0.000000;42.106895;-659.474182;1865.772095;0.038205;0.000000;0.000000;0.000000;0.000000;2.000000;169.107330;-610.504822;1893.169678;0.130929;0.000000;0.000000;0.000000;0.000000;2.000000;188.002319;-322.266296;1963.401367;0.270460;0.000000;0.000000;0.000000;0.000000;2.000000;160.388397;-117.805771;2100.961182;1.057276;0.000000;0.000000;0.000000;0.000000;2.000000;131.236145;-45.270363;2024.340332;0.344706;0.000000;0.000000;0.000000;0.000000;0.000000;58.072548;36.531826;2047.347900;0.666496;0.000000;0.000000;0.000000;0.000000;0.000000;147.609924;-33.640747;2011.293701;0.616678;0.000000;0.000000;0.000000;0.000000;0.000000;-92.446648;-143.044876;1974.066895;0.118693;0.000000;0.000000;0.000000;0.000000;2.000000;-56.351742;271.614624;2047.527100;0.465576;0.000000;0.000000;0.000000;0.000000;2.000000;18.092110;668.620544;2045.053467;0.445770;0.000000;0.000000;0.000000;0.000000;2.000000;-110.052803;780.836365;2145.582031;0.743616;0.000000;0.000000;0.000000;0.000000;2.000000;83.363213;-156.271729;2023.385254;0.107029;0.000000;0.000000;0.000000;0.000000;2.000000;139.269165;219.974487;2206.608398;0.375577;0.000000;0.000000;0.000000;0.000000;2.000000;241.095520;595.348083;2082.759033;1.722261;0.000000;0.000000;0.000000;0.000000;2.000000;243.178284;769.856628;2134.304199;1.313720;0.000000;0.000000;0.000000;0.000000;2.000000;3.863388;-781.886292;1850.385986;0.044727;0.000000;0.000000;0.000000;0.000000;2.000000;-26.162148;-822.198792;2012.418701;0.440664;0.000000;0.000000;0.000000;0.000000;2.000000;-46.518475;-859.331726;1971.201904;0.272464;0.000000;0.000000;0.000000;0.000000;2.000000;-84.644897;-847.890259;1843.416992;0.384210;0.000000;0.000000;0.000000;0.000000;2.000000;6.761429;-856.333679;1985.317139;0.261516;0.000000;0.000000;0.000000;0.000000;2.000000;87.903267;-851.459106;1873.394043;0.376686;0.000000;0.000000;0.000000;0.000000;2.000000;5411200000.000000
0.000000;-150.000000;2000.000000;0.000000;0.000000;0.000000;0.000000;0.000000;2.000000;4.810860;-329.857849;1938.790039;0.061613;0.000000;0.000000;0.000000;0.000000;2.000000;9.447479;-472.558136;1886.834717;0.108056;0.000000;0.000000;0.000000;0.000000;2.000000;11.058456;-701.769775;1856.057861;0.263121;0.000000;0.000000;0.000000;0.000000;2.000000;-23.134975;-662.877563;1849.387817;0.233558;0.000000;0.000000;0.000000;0.000000;2.000000;-161.652496;-608.644897;1816.807007;0.127313;0.000000;0.000000;0.000000;0.000000;2.000000;-228.452789;-326.534576;1867.890625;0.146700;0.000000;0.000000;0.000000;0.000000;2.000000;-276.345764;-100.805328;1956.196045;0.157715;0.000000;0.000000;0.000000;0.000000;2.000000;-310.423096;-55.950890;2041.921875;0.471043;0.000000;0.000000;0.000000;0.000000;0.000000;-276.180481;44.815392;2085.774658;0.664865;0.000000;0.000000;0.000000;0.000000;0.000000;-252.253571;-15.921127;2084.932617;0.498809;0.000000;0.000000;0.000000;0.000000;0.000000;45.275040;-664.623413;1870.748535;0.235291;0.000000;0.000000;0.000000;0.000000;2.000000;173.252060;-614.761108;1898.348633;0.236821;0.000000;0.000000;0.000000;0.000000;2.000000;184.703049;-320.729004;1956.503174;0.234363;0.000000;0.000000;0.000000;0.000000;2.000000;148.011093;-121.429581;2103.247803;0.393570;0.000000;0.000000;0.000000;0.000000;2.000000;135.582169;-42.778976;2026.709229;0.166507;0.000000;0.000000;0.000000;0.000000;0.000000;54.066025;35.129475;2036.008789;0.363810;0.000000;0.000000;0.000000;0.000000;0.000000;155.914368;-28.709732;2019.706787;0.384872;0.000000;0.000000;0.000000;0.000000;0.000000;-94.276550;-144.766312;1977.211670;0.120947;0.000000;0.000000;0.000000;0.000000;2.000000;-52.851189;274.447601;2043.647705;0.178601;0.000000;0.000000;0.000000;0.000000;2.000000;22.863480;674.917847;2042.572754;0.248830;0.000000;0.000000;0.000000;0.000000;2.000000;-102.994698;778.937744;2157.315674;0.415381;0.000000;0.000000;0.000000;0.000000;2.000000;85.013321;-154.719437;2020.549316;0.109067;0.000000;0.000000;0.000000;0.000000;2.000000;129.363388;221.452454;2215.502197;0.402474;0.000000;0.000000;0.000000;0.000000;2.000000;212.016159;615.250000;2127.663818;1.715147;0.000000;0.000000;0.000000;0.000000;2.000000;212.570053;795.877686;2160.621582;1.443110;0.000000;0.000000;0.000000;0.000000;2.000000;7.391518;-788.685669;1858.141846;0.327555;0.000000;0.000000;0.000000;0.000000;2.000000;-39.438568;-819.887939;2019.803955;0.461749;0.000000;0.000000;0.000000;0.000000;2.000000;-58.699074;-857.906128;1978.105225;0.422873;0.000000;0.000000;0.000000;0.000000;2.000000;-85.093620;-849.977295;1845.901978;0.098438;0.000000;0.000000;0.000000;0.000000;2.000000;-6.283585;-857.507568;1996.933105;0.526040;0.000000;0.000000;0.000000;0.000000;2.000000;85.156311;-862.774170;1891.617920;0.649821;0.000000;0.000000;0.000000;0.000000;2.000000;5411233280.000000
0.000000;-150.000000;2000.000000;0.000000;0.000000;0.000000;0.000000;0.000000;2.000000;4.379951;-329.587830;1938.553955;0.016846;0.000000;0.000000;0.000000;0.000000;2.000000;7.790169;-473.266022;1889.736572;0.102642;0.000000;0.000000;0.000000;0.000000;2.000000;5.462128;-701.694092;1855.148804;0.170378;0.000000;0.000000;0.000000;0.000000;2.000000;-27.883121;-662.094971;1848.757813;0.145831;0.000000;0.000000;0.000000;0.000000;2.000000;-166.242157;-607.641113;1816.584839;0.141328;0.000000;0.000000;0.000000;0.000000;2.000000;-233.518417;-325.523102;1865.251709;0.174298;0.000000;0.000000;0.000000;0.000000;2.000000;-281.891907;-102.718079;1959.810791;0.207059;0.000000;0.000000;0.000000;0.000000;2.000000;-317.101898;-44.998322;2036.815918;0.414877;0.000000;0.000000;0.000000;0.000000;0.000000;-295.169373;49.037155;2099.260742;0.711242;0.000000;0.000000;0.000000;0.000000;0.000000;-264.912415;-17.423145;2088.687500;0.399313;0.000000;0.000000;0.000000;0.000000;0.000000;40.161919;-665.488647;1870.833984;0.155845;0.000000;0.000000;0.000000;0.000000;2.000000;166.590958;-618.395752;1908.048584;0.370055;0.000000;0.000000;0.000000;0.000000;2.000000;177.122452;-322.558716;1954.502930;0.241909;0.000000;0.000000;0.000000;0.000000;2.000000;184.877853;-76.022804;1994.945313;3.698522;0.000000;0.000000;0.000000;0.000000;2.000000;142.429825;21.080839;2025.657959;1.930123;0.000000;0.000000;0.000000;0.000000;0.000000;33.475014;30.183186;2054.320557;0.841226;0.000000;0.000000;0.000000;0.000000;0.000000;117.490494;14.039444;1989.872803;1.945935;0.000000;0.000000;0.000000;0.000000;0.000000;-93.364532;-143.507935;1974.370850;0.097300;0.000000;0.000000;0.000000;0.000000;2.000000;-55.999424;275.000610;2044.810303;0.102203;0.000000;0.000000;0.000000;0.000000;2.000000;15.485123;675.830200;2042.679688;0.223417;0.000000;0.000000;0.000000;0.000000;2.000000;-96.102661;792.949463;2159.205322;0.472624;0.000000;0.000000;0.000000;0.000000;2.000000;84.190903;-155.854172;2023.111084;0.087742;0.000000;0.000000;0.000000;0.000000;2.000000;123.392563;217.466736;2223.639404;0.326061;0.000000;0.000000;0.000000;0.000000;2.000000;177.651871;623.823120;2188.774170;2.122355;0.000000;0.000000;0.000000;0.000000;2.000000;159.408234;779.305908;2284.366699;4.077432;0.000000;0.000000;0.000000;0.000000;2.000000;0.147537;-788.460815;1855.723267;0.229579;0.000000;0.000000;0.000000;0.000000;2.000000;-55.624908;-807.796021;2016.217529;0.616590;0.000000;0.000000;0.000000;0.000000;2.000000;-72.703659;-848.694702;1976.422119;0.506211;0.000000;0.000000;0.000000;0.000000;2.000000;-91.699417;-850.379883;1842.866211;0.218783;0.000000;0.000000;0.000000;0.000000;2.000000;-21.458397;-846.952515;1998.026123;0.556400;0.000000;0.000000;0.000000;0.000000;2.000000;75.539185;-859.881958;1898.699707;0.369244;0.000000;0.000000;0.000000;0.000000;2.000000;5411266560.000000
0.000000;-150.000000;2000.000000;0.000000;0.000000;0.000000;0.000000;0.000000;2.000000;3.441727;-330.389526;1941.404785;0.093344;0.000000;0.000000;0.000000;0.000000;2.000000;5.918503;-475.042480;1895.922607;0.201403;0.000000;0.000000;0.000000;0.000000;2.000000;3.084007;-703.925476;1866.000244;0.340470;0.000000;0.000000;0.000000;0.000000;2.000000;-30.278587;-664.470337;1859.183472;0.329263;0.000000;0.000000;0.000000;0.000000;2.000000;-166.134094;-603.936646;1827.824951;0.355629;0.000000;0.000000;0.000000;0.000000;2.000000;-236.212875;-322.106140;1872.539307;0.255046;0.000000;0.000000;0.000000;0.000000;2.000000;-286.663025;-104.683807;1977.433594;0.551766;0.000000;0.000000;0.000000;0.000000;2.000000;-327.516785;-56.478645;2057.997803;0.788692;0.000000;0.000000;0.000000;0.000000;0.000000;-320.058929;52.017754;2095.059814;0.763731;0.000000;0.000000;0.000000;0.000000;0.000000;-270.379242;-24.433838;2110.006836;0.694072;0.000000;0.000000;0.000000;0.000000;0.000000;37.944763;-667.469543;1880.559082;0.305572;0.000000;0.000000;0.000000;0.000000;2.000000;165.069641;-622.982361;1918.162598;0.336813;0.000000;0.000000;0.000000;0.000000;2.000000;187.708313;-331.751160;1983.801758;0.975977;0.000000;0.000000;0.000000;0.000000;2.000000;182.832031;-99.119812;2074.515137;2.490370;0.000000;0.000000;0.000000;0.000000;1.000000;158.974655;2.177303;2038.137207;0.842851;0.000000;0.000000;0.000000;0.000000;0.000000;47.532867;19.107298;2045.069092;0.605369;0.000000;0.000000;0.000000;0.000000;0.000000;129.823608;-5.993267;2018.214111;1.106751;0.000000;0.000000;0.000000;0.000000;0.000000;-95.201363;-145.999252;1982.091309;0.249934;0.000000;0.000000;0.000000;0.000000;2.000000;-50.132607;271.472839;2051.992676;0.298145;0.000000;0.000000;0.000000;0.000000;2.000000;23.386948;671.579224;2049.097412;0.331479;0.000000;0.000000;0.000000;0.000000;2.000000;-103.528351;775.776428;2161.858887;0.567818;0.000000;0.000000;0.000000;0.000000;2.000000;85.847260;-153.607651;2016.148682;0.225391;0.000000;0.000000;0.000000;0.000000;2.000000;125.238266;205.902084;2239.781250;0.599237;0.000000;0.000000;0.000000;0.000000;2.000000;171.251770;613.997009;2258.225586;2.116420;0.000000;0.000000;0.000000;0.000000;2.000000;179.140778;721.732239;2406.278076;4.094317;0.000000;0.000000;0.000000;0.000000;1.000000;-2.268692;-790.585449;1868.379883;0.392403;0.000000;0.000000;0.000000;0.000000;2.000000;-51.980423;-811.159729;2030.548828;0.455685;0.000000;0.000000;0.000000;0.000000;2.000000;-71.281708;-851.194702;1990.967285;0.445517;0.000000;0.000000;0.000000;0.000000;2.000000;-95.507019;-850.755493;1858.366211;0.479725;0.000000;0.000000;0.000000;0.000000;2.000000;-19.250351;-850.588623;2010.537109;0.397069;0.000000;0.000000;0.000000;0.000000;2.000000;73.464722;-863.750549;1907.390381;0.292560;0.000000;0.000000;0.000000;0.000000;2.000000;5411299840.000000
0.000000;-150.000000;2000.000000;0.000000;0.000000;0.000000;0.000000;0.000000;2.000000;-4.065109;-328.319550;1940.752686;0.234803;0.000000;0.000000;0.000000;0.000000;2.000000;-9.834366;-474.059387;1904.650391;0.541944;0.000000;0.000000;0.000000;0.000000;2.000000;-9.030899;-700.025940;1869.289063;0.394985;0.000000;0.000000;0.000000;0.000000;2.000000;-42.041367;-661.035034;1861.781250;0.376397;0.000000;0.000000;0.000000;0.000000;2.000000;-170.852386;-590.318420;1828.813110;0.434083;0.000000;0.000000;0.000000;0.000000;2.000000;-246.772095;-313.946320;1879.878662;0.457625;0.000000;0.000000;0.000000;0.000000;2.000000;-309.046509;-108.034866;1995.747803;0.874838;0.000000;0.000000;0.000000;0.000000;2.000000;-337.272888;-57.227623;2078.890381;0.693220;0.000000;0.000000;0.000000;0.000000;0.000000;-338.163727;52.381893;2109.601563;0.697852;0.000000;0.000000;0.000000;0.000000;0.000000;-283.320801;-14.354877;2114.938477;0.514683;0.000000;0.000000;0.000000;0.000000;0.000000;24.378166;-664.014282;1886.395264;0.455754;0.000000;0.000000;0.000000;0.000000;2.000000;150.544373;-622.513000;1925.821533;0.493615;0.000000;0.000000;0.000000;0.000000;2.000000;185.288971;-335.983795;1994.261475;0.346758;0.000000;0.000000;0.000000;0.000000;2.000000;176.779663;-112.702042;2100.550293;0.900910;0.000000;0.000000;0.000000;0.000000;1.000000;160.219543;-10.159946;2066.767578;0.937508;0.000000;0.000000;0.000000;0.000000;0.000000;54.208832;13.871614;2040.236328;0.293391;0.000000;0.000000;0.000000;0.000000;0.000000;128.136948;-19.121349;2038.110107;0.718043;0.000000;0.000000;0.000000;0.000000;0.000000;-93.863754;-141.666443;1981.358398;0.138024;0.000000;0.000000;0.000000;0.000000;2.000000;-52.053970;271.805206;2053.228271;0.069364;0.000000;0.000000;0.000000;0.000000;2.000000;21.345360;668.127014;2052.586182;0.159728;0.000000;0.000000;0.000000;0.000000;2.000000;-100.149506;776.061279;2164.568848;0.130430;0.000000;0.000000;0.000000;0.000000;2.000000;84.641068;-157.514740;2016.810059;0.124465;0.000000;0.000000;0.000000;0.000000;2.000000;116.278259;188.388062;2255.220947;0.751446;0.000000;0.000000;0.000000;0.000000;2.000000;189.475250;589.037231;2251.079102;0.953125;0.000000;0.000000;0.000000;0.000000;2.000000;218.978241;684.827942;2402.490967;1.635701;0.000000;0.000000;0.000000;0.000000;2.000000;-13.670227;-785.957153;1869.237549;0.370642;0.000000;0.000000;0.000000;0.000000;2.000000;-46.481316;-829.708008;2029.445068;0.582264;0.000000;0.000000;0.000000;0.000000;2.000000;-66.551964;-865.549683;1987.142090;0.468469;0.000000;0.000000;0.000000;0.000000;2.000000;-102.547531;-850.687256;1859.393188;0.213802;0.000000;0.000000;0.000000;0.000000;2.000000;-13.577538;-863.462891;2002.082031;0.493206;0.000000;0.000000;0.000000;0.000000;2.000000;69.111557;-856.799500;1891.763428;0.530303;0.000000;0.000000;0.000000;0.000000;2.000000;5411333120.000000
0.000000;-150.000000;2000.000000;0.000000;0.000000;0.000000;0.000000;0.000000;2.000000;-9.374634;-327.257080;1945.441650;0.211969;0.000000;0.000000;0.000000;0.000000;2.000000;-18.798748;-471.328430;1910.880371;0.333009;0.000000;0.000000;0.000000;0.000000;2.000000;-19.920376;-694.490723;1875.310059;0.403018;0.000000;0.000000;0.000000;0.000000;2.000000;-52.442020;-655.759338;1868.589478;0.399622;0.000000;0.000000;0.000000;0.000000;2.000000;-181.361084;-589.587036;1834.799805;0.358559;0.000000;0.000000;0.000000;0.000000;2.000000;-251.855957;-315.149902;1884.318848;0.202899;0.000000;0.000000;0.000000;0.000000;2.000000;-308.401489;-103.227753;1985.190430;0.343815;0.000000;0.000000;0.000000;0.000000;2.000000;-347.765564;-44.196342;2055.984619;0.839406;0.000000;0.000000;0.000000;0.000000;0.000000;-353.604431;44.701500;2124.636719;0.677061;0.000000;0.000000;0.000000;0.000000;0.000000;-297.654236;-24.914680;2115.923828;0.527655;0.000000;0.000000;0.000000;0.000000;0.000000;13.592674;-659.147827;1891.712646;0.383890;0.000000;0.000000;0.000000;0.000000;2.000000;138.397263;-616.151489;1927.952881;0.410651;0.000000;0.000000;0.000000;0.000000;2.000000;187.368454;-337.479980;2004.383301;0.308978;0.000000;0.000000;0.000000;0.000000;2.000000;194.050156;-118.260483;2112.395264;0.641195;0.000000;0.000000;0.000000;0.000000;1.000000;167.013290;-20.520180;2075.483154;0.448261;0.000000;0.000000;0.000000;0.000000;0.000000;66.510941;9.942968;2040.940186;0.382734;0.000000;0.000000;0.000000;0.000000;0.000000;134.839661;-27.458580;2052.241699;0.524501;0.000000;0.000000;0.000000;0.000000;0.000000;-92.797195;-139.823334;1982.881836;0.077483;0.000000;0.000000;0.000000;0.000000;2.000000;-56.378929;267.840698;2061.148682;0.291689;0.000000;0.000000;0.000000;0.000000;2.000000;22.071198;658.256897;2057.153076;0.322551;0.000000;0.000000;0.000000;0.000000;2.000000;-92.464203;772.820740;2165.695068;0.249061;0.000000;0.000000;0.000000;0.000000;2.000000;83.679321;-159.176743;2015.436523;0.069865;0.000000;0.000000;0.000000;0.000000;2.000000;119.251648;171.623550;2265.584717;0.589853;0.000000;0.000000;0.000000;0.000000;2.000000;188.161240;566.245178;2303.985107;1.705185;0.000000;0.000000;0.000000;0.000000;2.000000;211.267868;647.630676;2462.194336;2.094112;0.000000;0.000000;0.000000;0.000000;2.000000;-24.993160;-779.365845;1875.104736;0.424817;0.000000;0.000000;0.000000;0.000000;2.000000;-9.404366;-827.361755;2034.569580;1.109815;0.000000;0.000000;0.000000;0.000000;2.000000;-39.426323;-862.479309;1999.076416;0.881675;0.000000;0.000000;0.000000;0.000000;2.000000;-110.122108;-846.150024;1888.860352;0.910321;0.000000;0.000000;0.000000;0.000000;2.000000;14.872139;-858.906616;1998.296875;0.859960;0.000000;0.000000;0.000000;0.000000;2.000000;61.623932;-846.915588;1870.744995;0.722168;0.000000;0.000000;0.000000;0.000000;2.000000;5411366912.000000
0.000000;-150.000000;2000.000000;0.000000;0.000000;0.000000;0.000000;0.000000;2.000000;-7.813339;-327.188934;1946.874756;0.063714;0.000000;0.000000;0.000000;0.000000;2.000000;-14.699783;-469.542419;1906.916016;0.179554;0.000000;0.000000;0.000000;0.000000;2.000000;-19.701694;-691.894348;1870.882080;0.154378;0.000000;0.000000;0.000000;0.000000;2.000000;-51.310955;-652.649536;1863.943237;0.171400;0.000000;0.000000;0.000000;0.000000;2.000000;-175.887772;-580.079956;1828.970581;0.373276;0.000000;0.000000;0.000000;0.000000;2.000000;-247.268219;-307.322693;1881.441162;0.286000;0.000000;0.000000;0.000000;0.000000;2.000000;-306.498077;-98.850784;1986.168213;0.146396;0.000000;0.000000;0.000000;0.000000;2.000000;-334.271118;-52.472740;2070.215576;0.639621;0.000000;0.000000;0.000000;0.000000;0.000000;-375.138916;27.894842;2136.891113;0.899622;0.000000;0.000000;0.000000;0.000000;0.000000;-296.716003;-32.998047;2112.300049;0.267669;0.000000;0.000000;0.000000;0.000000;0.000000;14.206993;-657.340881;1887.669189;0.134352;0.000000;0.000000;0.000000;0.000000;2.000000;139.399017;-618.067444;1925.235352;0.104347;0.000000;0.000000;0.000000;0.000000;2.000000;165.371979;-327.959137;1948.661621;1.822657;0.000000;0.000000;0.000000;0.000000;2.000000;169.386627;-89.042931;1996.781006;3.659038;0.000000;0.000000;0.000000;0.000000;2.000000;186.871613;-12.113533;2069.948730;0.668969;0.000000;0.000000;0.000000;0.000000;0.000000;76.855553;-13.320267;2063.301025;1.018180;0.000000;0.000000;0.000000;0.000000;0.000000;146.609222;15.528376;2038.718750;1.399502;0.000000;0.000000;0.000000;0.000000;0.000000;-91.803589;-139.791428;1979.453125;0.107269;0.000000;0.000000;0.000000;0.000000;2.000000;-51.825207;266.982544;2053.916992;0.258082;0.000000;0.000000;0.000000;0.000000;2.000000;35.457077;654.286560;2048.590820;0.492145;0.000000;0.000000;0.000000;0.000000;2.000000;-86.051559;767.466736;2149.704834;0.542095;0.000000;0.000000;0.000000;0.000000;2.000000;82.783333;-159.205536;2018.527832;0.096715;0.000000;0.000000;0.000000;0.000000;2.000000;111.930748;181.606903;2253.547119;0.518855;0.000000;0.000000;0.000000;0.000000;2.000000;181.831482;573.899658;2300.509521;0.316200;0.000000;0.000000;0.000000;0.000000;2.000000;190.224731;659.469971;2457.363525;0.739890;0.000000;0.000000;0.000000;0.000000;2.000000;-26.373436;-776.403442;1870.411865;0.171837;0.000000;0.000000;0.000000;0.000000;2.000000;2.398155;-836.154419;2023.418945;0.554830;0.000000;0.000000;0.000000;0.000000;2.000000;-31.496044;-867.906250;1988.531738;0.428679;0.000000;0.000000;0.000000;0.000000;2.000000;-111.275139;-842.269653;1887.108887;0.132533;0.000000;0.000000;0.000000;0.000000;2.000000;22.416191;-865.279175;1982.997314;0.547171;0.000000;0.000000;0.000000;0.000000;2.000000;57.528259;-844.801514;1853.243530;0.543816;0.000000;0.000000;0.000000;0.000000;2.000000;5411400192.000000
0.000000;-150.000000;2000.000000;0.000000;0.000000;0.000000;0.000000;0.000000;2.000000;-9.841530;-327.644135;1953.792725;0.217052;0.000000;0.000000;0.000000;0.000000;2.000000;-15.693787;-467.616302;1909.417969;0.099467;0.000000;0.000000;0.000000;0.000000;2.000000;-20.782143;-688.519287;1874.569580;0.153675;0.000000;0.000000;0.000000;0.000000;2.000000;-51.696190;-649.413635;1866.474365;0.123986;0.000000;0.000000;0.000000;0.000000;2.000000;-173.876999;-578.166199;1825.365234;0.136724;0.000000;0.000000;0.000000;0.000000;2.000000;-245.564850;-307.507416;1877.078125;0.140847;0.000000;0.000000;0.000000;0.000000;2.000000;-306.935486;-98.063095;1974.419189;0.354072;0.000000;0.000000;0.000000;0.000000;2.000000;-330.022522;-51.201241;2058.766846;0.368920;0.000000;0.000000;0.000000;0.000000;0.000000;-368.182434;44.211281;2101.607178;1.186642;0.000000;0.000000;0.000000;0.000000;0.000000;-326.995178;-21.297729;2091.552002;1.157614;0.000000;0.000000;0.000000;0.000000;0.000000;12.523235;-654.321716;1892.157227;0.170224;0.000000;0.000000;0.000000;0.000000;2.000000;134.701294;-617.269836;1937.546143;0.396658;0.000000;0.000000;0.000000;0.000000;2.000000;157.240204;-328.211304;1947.704590;0.246147;0.000000;0.000000;0.000000;0.000000;2.000000;170.502975;-87.159531;1964.488525;0.972555;0.000000;0.000000;0.000000;0.000000;2.000000;186.023636;-8.480423;2035.061768;1.054263;0.000000;0.000000;0.000000;0.000000;0.000000;79.167648;-9.885101;2058.628418;0.187601;0.000000;0.000000;0.000000;0.000000;0.000000;147.973724;10.118170;2036.332031;0.182352;0.000000;0.000000;0.000000;0.000000;0.000000;-90.788460;-139.331436;1978.321289;0.047729;0.000000;0.000000;0.000000;0.000000;2.000000;-55.269253;264.293640;2055.565430;0.140325;0.000000;0.000000;0.000000;0.000000;2.000000;36.386768;647.559387;2045.339355;0.226243;0.000000;0.000000;0.000000;0.000000;2.000000;-64.844887;778.171814;2145.091797;0.727140;0.000000;0.000000;0.000000;0.000000;2.000000;81.867950;-159.620300;2019.548584;0.043042;0.000000;0.000000;0.000000;0.000000;2.000000;72.898590;178.746094;2254.502197;1.176337;0.000000;0.000000;0.000000;0.000000;2.000000;110.286713;574.863159;2273.947510;2.293344;0.000000;0.000000;0.000000;0.000000;2.000000;106.565063;679.483765;2417.403076;2.850030;0.000000;0.000000;0.000000;0.000000;2.000000;-27.876938;-772.384766;1874.293945;0.173866;0.000000;0.000000;0.000000;0.000000;2.000000;-102.541565;-862.486633;1991.420166;3.390197;0.000000;0.000000;0.000000;0.000000;2.000000;-101.849350;-884.196899;1937.996826;2.648453;0.000000;0.000000;0.000000;0.000000;1.000000;-95.941193;-834.045776;1817.534546;2.154963;0.000000;0.000000;0.000000;0.000000;1.000000;-58.669758;-884.095337;1970.206787;2.530572;0.000000;0.000000;0.000000;0.000000;1.000000;51.069881;-840.906494;1904.510742;1.557061;0.000000;0.000000;0.000000;0.000000;1.000000;5411433472.000000
0.000000;-150.000000;2000.000000;0.000000;0.000000;0.000000;0.000000;0.000000;2.000000;-11.011482;-326.470642;1951.879150;0.076062;0.000000;0.000000;0.000000;0.000000;2.000000;-15.011456;-463.691223;1900.737549;0.286989;0.000000;0.000000;0.000000;0.000000;2.000000;-21.789005;-683.949768;1866.579834;0.278217;0.000000;0.000000;0.000000;0.000000;2.000000;-52.480133;-644.806641;1858.805420;0.269851;0.000000;0.000000;0.000000;0.000000;2.000000;-177.136047;-578.672668;1818.230957;0.236171;0.000000;0.000000;0.000000;0.000000;2.000000;-249.186096;-308.423279;1866.586426;0.334639;0.000000;0.000000;0.000000;0.000000;2.000000;-300.920654;-92.193459;1952.147949;0.715270;0.000000;0.000000;0.000000;0.000000;2.000000;-332.453094;-44.814529;2033.037598;0.799918;0.000000;0.000000;0.000000;0.000000;0.000000;-355.149017;40.551796;2100.233154;0.408863;0.000000;0.000000;0.000000;0.000000;0.000000;-329.170959;-7.463985;2063.336914;0.946490;0.000000;0.000000;0.000000;0.000000;0.000000;11.825806;-650.012268;1883.614990;0.288254;0.000000;0.000000;0.000000;0.000000;2.000000;133.350403;-613.625610;1930.023926;0.254415;0.000000;0.000000;0.000000;0.000000;2.000000;154.810486;-325.962219;1950.775391;0.135689;0.000000;0.000000;0.000000;0.000000;2.000000;172.828766;-86.001854;1967.888428;0.128572;0.000000;0.000000;0.000000;0.000000;2.000000;190.372437;-6.158234;2036.137695;0.151623;0.000000;0.000000;0.000000;0.000000;0.000000;82.582649;-13.532291;2051.233887;0.268158;0.000000;0.000000;0.000000;0.000000;0.000000;152.382813;14.922894;2028.482910;0.306629;0.000000;0.000000;0.000000;0.000000;0.000000;-87.950027;-136.539078;1970.761475;0.256739;0.000000;0.000000;0.000000;0.000000;2.000000;-53.133133;266.157166;2046.289063;0.291461;0.000000;0.000000;0.000000;0.000000;2.000000;33.855141;649.355530;2041.659180;0.144665;0.000000;0.000000;0.000000;0.000000;2.000000;-43.013039;797.691833;2137.123535;0.911975;0.000000;0.000000;0.000000;0.000000;2.000000;79.308418;-162.138290;2026.366211;0.231529;0.000000;0.000000;0.000000;0.000000;2.000000;-21.142872;203.618195;2184.001465;3.609870;0.000000;0.000000;0.000000;0.000000;2.000000;-97.215065;570.166626;2316.480957;6.366232;0.000000;0.000000;0.000000;0.000000;2.000000;-196.229767;684.396973;2408.620361;9.103426;0.000000;0.000000;0.000000;0.000000;2.000000;-29.346428;-767.511536;1866.589600;0.277461;0.000000;0.000000;0.000000;0.000000;2.000000;-145.688690;-848.325806;1951.291016;1.820961;0.000000;0.000000;0.000000;0.000000;2.000000;-126.715126;-872.853088;1902.880615;1.337101;0.000000;0.000000;0.000000;0.000000;1.000000;-74.900414;-829.706848;1791.487183;1.014542;0.000000;0.000000;0.000000;0.000000;1.000000;-98.404495;-872.418213;1948.511963;1.404846;0.000000;0.000000;0.000000;0.000000;1.000000;29.374191;-836.629700;1926.101318;0.928649;0.000000;0.000000;0.000000;0.000000;1.000000;5411466752.000000
0.000000;-150.000000;2000.000000;0.000000;0.000000;0.000000;0.000000;0.000000;2.000000;-4.533817;-326.630646;1951.099365;0.196106;0.000000;0.000000;0.000000;0.000000;2.000000;-1.909012;-463.582184;1898.960693;0.397320;0.000000;0.000000;0.000000;0.000000;2.000000;-11.774113;-683.889038;1865.187256;0.303829;0.000000;0.000000;0.000000;0.000000;2.000000;-41.141415;-644.093506;1855.657471;0.354242;0.000000;0.000000;0.000000;0.000000;2.000000;-164.047974;-577.941284;1809.862915;0.467300;0.000000;0.000000;0.000000;0.000000;2.000000;-236.188690;-306.797821;1853.642090;0.553350;0.000000;0.000000;0.000000;0.000000;2.000000;-287.732758;-88.016609;1932.912109;0.711946;0.000000;0.000000;0.000000;0.000000;2.000000;-324.544220;-33.276222;2006.666748;0.896976;0.000000;0.000000;0.000000;0.000000;0.000000;-339.626862;64.108383;2057.833740;1.530259;0.000000;0.000000;0.000000;0.000000;0.000000;-316.022095;-1.641850;2043.965332;0.724930;0.000000;0.000000;0.000000;0.000000;0.000000;21.650810;-650.612061;1883.888428;0.295886;0.000000;0.000000;0.000000;0.000000;2.000000;141.374634;-616.024414;1936.166748;0.312091;0.000000;0.000000;0.000000;0.000000;2.000000;169.957184;-329.183777;1961.171631;0.560445;0.000000;0.000000;0.000000;0.000000;2.000000;157.278809;-98.877274;2032.243408;2.026662;0.000000;0.000000;0.000000;0.000000;2.000000;153.065063;-48.799492;2126.189209;3.196894;0.000000;0.000000;0.000000;0.000000;0.000000;104.231133;-4.565624;2039.179443;0.791793;0.000000;0.000000;0.000000;0.000000;0.000000;148.774567;14.701761;2068.648193;1.211768;0.000000;0.000000;0.000000;0.000000;0.000000;-85.271118;-137.619812;1963.188477;0.243547;0.000000;0.000000;0.000000;0.000000;2.000000;-51.692966;264.549835;2043.009766;0.117961;0.000000;0.000000;0.000000;0.000000;2.000000;43.608788;645.873413;2033.845215;0.389835;0.000000;0.000000;0.000000;0.000000;2.000000;-34.248497;790.579834;2134.138672;0.350813;0.000000;0.000000;0.000000;0.000000;2.000000;76.892715;-161.163757;2033.194580;0.219602;0.000000;0.000000;0.000000;0.000000;2.000000;-48.793079;195.241440;2194.605957;0.924758;0.000000;0.000000;0.000000;0.000000;2.000000;-145.672424;555.909546;2330.164551;1.572471;0.000000;0.000000;0.000000;0.000000;2.000000;-254.328766;657.441162;2426.376221;1.997096;0.000000;0.000000;0.000000;0.000000;2.000000;-21.187201;-767.301636;1865.064453;0.249495;0.000000;0.000000;0.000000;0.000000;2.000000;-131.430557;-847.464844;1958.266357;0.477652;0.000000;0.000000;0.000000;0.000000;2.000000;-132.126831;-858.190186;1901.762207;0.470843;0.000000;0.000000;0.000000;0.000000;2.000000;-98.756332;-792.055176;1794.602173;1.342600;0.000000;0.000000;0.000000;0.000000;2.000000;-94.676064;-877.918335;1934.850586;0.456479;0.000000;0.000000;0.000000;0.000000;2.000000;28.804222;-861.817627;1883.656738;1.483139;0.000000;0.000000;0.000000;0.000000;2.000000;5411500032.000000
0.000000;-150.000000;2000.000000;0.000000;0.000000;0.000000;0.000000;0.000000;2.000000;-3.433537;-324.672668;1946.532227;0.152930;0.000000;0.000000;0.000000;0.000000;2.000000;2.332821;-459.437622;1890.498291;0.310504;0.000000;0.000000;0.000000;0.000000;2.000000;-4.748560;-679.700439;1861.036865;0.275606;0.000000;0.000000;0.000000;0.000000;2.000000;-34.108181;-640.507202;1850.011475;0.291645;0.000000;0.000000;0.000000;0.000000;2.000000;-155.696320;-572.213135;1805.464478;0.331767;0.000000;0.000000;0.000000;0.000000;2.000000;-218.207062;-297.989258;1836.827148;0.785671;0.000000;0.000000;0.000000;0.000000;2.000000;-264.059143;-76.912407;1910.591309;1.033043;0.000000;0.000000;0.000000;0.000000;2.000000;-296.461823;-18.963764;1983.506592;1.175283;0.000000;0.000000;0.000000;0.000000;0.000000;-317.679901;65.732430;2051.489014;0.688201;0.000000;0.000000;0.000000;0.000000;0.000000;-283.257507;16.510920;2017.965088;1.370091;0.000000;0.000000;0.000000;0.000000;0.000000;27.793480;-645.868835;1879.830811;0.263148;0.000000;0.000000;0.000000;0.000000;2.000000;146.068390;-606.421936;1930.758301;0.359938;0.000000;0.000000;0.000000;0.000000;2.000000;184.369141;-322.598755;1964.322266;0.485436;0.000000;0.000000;0.000000;0.000000;2.000000;158.859619;-105.651535;2065.015381;1.006674;0.000000;0.000000;0.000000;0.000000;2.000000;160.299591;-83.924370;2168.937744;1.676654;0.000000;0.000000;0.000000;0.000000;0.000000;132.910278;-38.509743;2073.973633;1.695876;0.000000;0.000000;0.000000;0.000000;0.000000;155.185669;-59.859917;2180.738770;4.049790;0.000000;0.000000;0.000000;0.000000;0.000000;-80.021515;-134.481934;1954.443115;0.320665;0.000000;0.000000;0.000000;0.000000;2.000000;-46.207039;266.450867;2033.153320;0.343731;0.000000;0.000000;0.000000;0.000000;2.000000;57.377373;644.236938;2024.881348;0.496114;0.000000;0.000000;0.000000;0.000000;2.000000;-7.003874;791.982605;2128.968506;0.834324;0.000000;0.000000;0.000000;0.000000;2.000000;72.158928;-163.993317;2041.080566;0.289155;0.000000;0.000000;0.000000;0.000000;2.000000;-64.898155;189.014175;2197.045898;0.523997;0.000000;0.000000;0.000000;0.000000;2.000000;-161.529770;550.606934;2326.198242;0.516359;0.000000;0.000000;0.000000;0.000000;2.000000;-298.512634;624.548767;2409.420898;1.731772;0.000000;0.000000;0.000000;0.000000;2.000000;-13.404816;-762.896423;1862.355225;0.280771;0.000000;0.000000;0.000000;0.000000;2.000000;-122.672623;-814.249878;1974.175537;1.137484;0.000000;0.000000;0.000000;0.000000;2.000000;-129.508301;-832.984314;1920.435547;0.945864;0.000000;0.000000;0.000000;0.000000;2.000000;-98.847000;-788.117798;1802.529053;0.265966;0.000000;0.000000;0.000000;0.000000;2.000000;-91.780243;-851.932739;1953.366943;0.962708;0.000000;0.000000;0.000000;0.000000;2.000000;27.293556;-858.653748;1891.884277;0.268732;0.000000;0.000000;0.000000;0.000000;2.000000;5411533312.000000
0.000000;-150.000000;2000.000000;0.000000;0.000000;0.000000;0.000000;0.000000;2.000000;1.307350;-322.331970;1939.180176;0.272109;0.000000;0.000000;0.000000;0.000000;2.000000;10.726768;-455.705994;1880.284424;0.412772;0.000000;0.000000;0.000000;0.000000;2.000000;2.656422;-676.123230;1851.797852;0.371662;0.000000;0.000000;0.000000;0.000000;2.000000;-25.772556;-636.690125;1839.234863;0.425144;0.000000;0.000000;0.000000;0.000000;2.000000;-148.252853;-567.497498;1798.557373;0.336418;0.000000;0.000000;0.000000;0.000000;2.000000;-208.546417;-291.686615;1819.199707;0.632994;0.000000;0.000000;0.000000;0.000000;2.000000;-255.694946;-69.951843;1890.330078;0.691058;0.000000;0.000000;0.000000;0.000000;2.000000;-279.010193;-4.324821;1960.182373;0.979621;0.000000;0.000000;0.000000;0.000000;0.000000;-306.796265;75.119087;2032.074219;0.725832;0.000000;0.000000;0.000000;0.000000;0.000000;-276.657806;29.790306;1986.717773;1.039287;0.000000;0.000000;0.000000;0.000000;0.000000;34.684772;-642.501343;1871.845459;0.332701;0.000000;0.000000;0.000000;0.000000;2.000000;149.190018;-607.159607;1933.391113;0.124692;0.000000;0.000000;0.000000;0.000000;2.000000;181.965988;-322.016418;1961.901367;0.103981;0.000000;0.000000;0.000000;0.000000;2.000000;136.083298;-114.394333;2074.483887;0.786347;0.000000;0.000000;0.000000;0.000000;2.000000;167.431458;-100.704132;2175.031982;0.577645;0.000000;0.000000;0.000000;0.000000;0.000000;138.683319;-50.006477;2083.159912;0.474998;0.000000;0.000000;0.000000;0.000000;0.000000;174.660217;-52.831131;2182.534424;0.624455;0.000000;0.000000;0.000000;0.000000;0.000000;-74.670456;-131.829865;1946.910156;0.288857;0.000000;0.000000;0.000000;0.000000;2.000000;-42.381840;270.215515;2021.025146;0.398517;0.000000;0.000000;0.000000;0.000000;2.000000;66.590988;646.665588;2017.400635;0.364004;0.000000;0.000000;0.000000;0.000000;2.000000;-4.639875;792.201416;2120.226563;0.272193;0.000000;0.000000;0.000000;0.000000;2.000000;67.333649;-166.384811;2047.873535;0.260479;0.000000;0.000000;0.000000;0.000000;2.000000;-71.076752;191.301117;2191.809814;0.252872;0.000000;0.000000;0.000000;0.000000;2.000000;-174.406418;552.056274;2318.420410;0.454117;0.000000;0.000000;0.000000;0.000000;2.000000;-330.617645;614.156433;2372.421143;1.504720;0.000000;0.000000;0.000000;0.000000;2.000000;-6.927399;-759.238647;1853.206055;0.354317;0.000000;0.000000;0.000000;0.000000;2.000000;-127.742783;-822.769897;1945.197510;0.920287;0.000000;0.000000;0.000000;0.000000;2.000000;-127.450195;-836.284180;1889.477051;0.937555;0.000000;0.000000;0.000000;0.000000;2.000000;-83.728027;-779.718567;1781.066772;0.828237;0.000000;0.000000;0.000000;0.000000;2.000000;-93.556091;-857.822571;1924.913818;0.874716;0.000000;0.000000;0.000000;0.000000;2.000000;32.324741;-856.861816;1878.366943;0.436724;0.000000;0.000000;0.000000;0.000000;2.000000;5411566592.000000
0.000000;-150.000000;2000.000000;0.000000;0.000000;0.000000;0.000000;0.000000;2.000000;7.526392;-318.249084;1931.378906;0.323915;0.000000;0.000000;0.000000;0.000000;2.000000;16.551413;-451.559082;1874.064941;0.284753;0.000000;0.000000;0.000000;0.000000;2.000000;8.585117;-669.792114;1838.164795;0.485528;0.000000;0.000000;0.000000;0.000000;2.000000;-18.562508;-629.896179;1825.213379;0.515869;0.000000;0.000000;0.000000;0.000000;2.000000;-133.897705;-554.495056;1777.811035;0.852828;0.000000;0.000000;0.000000;0.000000;2.000000;-188.006302;-278.646851;1796.015991;1.009819;0.000000;0.000000;0.000000;0.000000;2.000000;-231.580383;-50.449303;1839.895020;1.779079;0.000000;0.000000;0.000000;0.000000;2.000000;-281.097351;-3.412399;1910.397217;1.497513;0.000000;0.000000;0.000000;0.000000;0.000000;-276.387207;99.469307;1949.454834;2.744692;0.000000;0.000000;0.000000;0.000000;0.000000;-261.054291;53.049465;1937.789551;1.694037;0.000000;0.000000;0.000000;0.000000;0.000000;39.412659;-637.303833;1861.129150;0.385045;0.000000;0.000000;0.000000;0.000000;2.000000;148.909882;-598.698730;1928.146729;0.299229;0.000000;0.000000;0.000000;0.000000;2.000000;186.642639;-314.869202;1948.129395;0.486947;0.000000;0.000000;0.000000;0.000000;2.000000;141.987030;-104.777924;2053.911621;0.705041;0.000000;0.000000;0.000000;0.000000;2.000000;170.091324;-95.286133;2155.351807;0.618537;0.000000;0.000000;0.000000;0.000000;0.000000;152.006454;-44.352448;2061.541016;0.781741;0.000000;0.000000;0.000000;0.000000;0.000000;188.978989;-49.774963;2158.975830;0.833462;0.000000;0.000000;0.000000;0.000000;0.000000;-62.290802;-126.354462;1935.192627;0.537967;0.000000;0.000000;0.000000;0.000000;2.000000;-38.870453;275.025879;2005.056152;0.512122;0.000000;0.000000;0.000000;0.000000;2.000000;84.756721;644.918823;2004.693604;0.668199;0.000000;0.000000;0.000000;0.000000;2.000000;-10.458126;794.568481;2075.457275;1.358407;0.000000;0.000000;0.000000;0.000000;2.000000;56.170357;-171.322220;2058.439697;0.485107;0.000000;0.000000;0.000000;0.000000;2.000000;-111.877922;178.569931;2182.989258;1.311357;0.000000;0.000000;0.000000;0.000000;2.000000;-225.314392;542.193604;2284.140381;1.867824;0.000000;0.000000;0.000000;0.000000;2.000000;-375.611359;607.401001;2347.616211;1.557104;0.000000;0.000000;0.000000;0.000000;2.000000;-1.668169;-752.405884;1836.284668;0.570660;0.000000;0.000000;0.000000;0.000000;2.000000;-117.544266;-811.451111;1935.869385;0.536792;0.000000;0.000000;0.000000;0.000000;2.000000;-118.265907;-829.279968;1881.675293;0.418821;0.000000;0.000000;0.000000;0.000000;2.000000;-79.254532;-780.604492;1768.501221;0.401668;0.000000;0.000000;0.000000;0.000000;2.000000;-83.013458;-846.866150;1917.570557;0.507371;0.000000;0.000000;0.000000;0.000000;2.000000;40.939224;-846.100586;1867.841797;0.521135;0.000000;0.000000;0.000000;0.000000;2.000000;5411599872.000000
0.000000;-150.000000;2000.000000;0.000000;0.000000;0.000000;0.000000;0.000000;2.000000;8.903226;-317.916626;1933.234619;0.070147;0.000000;0.000000;0.000000;0.000000;2.000000;22.139473;-450.001953;1875.801025;0.181946;0.000000;0.000000;0.000000;0.000000;2.000000;16.763512;-667.988892;1845.358398;0.331736;0.000000;0.000000;0.000000;0.000000;2.000000;-9.504270;-628.739502;1829.859375;0.307864;0.000000;0.000000;0.000000;0.000000;2.000000;-122.799850;-558.550781;1772.818481;0.385433;0.000000;0.000000;0.000000;0.000000;2.000000;-169.928711;-282.474121;1782.584106;0.686428;0.000000;0.000000;0.000000;0.000000;2.000000;-209.683197;-52.152206;1808.935303;1.140597;0.000000;0.000000;0.000000;0.000000;2.000000;-268.316132;-11.860054;1875.826904;1.136210;0.000000;0.000000;0.000000;0.000000;0.000000;-249.187775;93.907990;1897.151123;1.779297;0.000000;0.000000;0.000000;0.000000;0.000000;-257.093903;51.591953;1895.792725;1.268279;0.000000;0.000000;0.000000;0.000000;0.000000;45.957008;-634.980957;1869.135498;0.318461;0.000000;0.000000;0.000000;0.000000;2.000000;154.516388;-595.464294;1935.766602;0.300416;0.000000;0.000000;0.000000;0.000000;2.000000;188.663254;-312.446167;1952.174316;0.154142;0.000000;0.000000;0.000000;0.000000;2.000000;145.629730;-97.786377;2045.991943;0.335776;0.000000;0.000000;0.000000;0.000000;2.000000;170.949371;-110.738663;2147.215820;0.525379;0.000000;0.000000;0.000000;0.000000;0.000000;160.725693;-50.308983;2058.644287;0.329018;0.000000;0.000000;0.000000;0.000000;0.000000;201.843643;-55.501099;2154.545410;0.443570;0.000000;0.000000;0.000000;0.000000;0.000000;-55.144238;-125.118347;1930.068848;0.266827;0.000000;0.000000;0.000000;0.000000;2.000000;-30.539310;274.195984;1999.093750;0.308848;0.000000;0.000000;0.000000;0.000000;2.000000;96.303398;640.844971;2003.418701;0.369906;0.000000;0.000000;0.000000;0.000000;2.000000;2.084222;794.642395;2063.103027;0.529003;0.000000;0.000000;0.000000;0.000000;2.000000;49.725983;-172.436874;2063.060059;0.240610;0.000000;0.000000;0.000000;0.000000;2.000000;-131.936569;171.503723;2177.824463;0.657604;0.000000;0.000000;0.000000;0.000000;2.000000;-232.049683;539.985840;2266.827148;0.562137;0.000000;0.000000;0.000000;0.000000;2.000000;-386.556244;613.807068;2301.909912;1.425272;0.000000;0.000000;0.000000;0.000000;2.000000;6.847642;-750.231873;1845.031250;0.372582;0.000000;0.000000;0.000000;0.000000;2.000000;-117.957993;-813.880920;1928.259766;0.240350;0.000000;0.000000;0.000000;0.000000;2.000000;-107.637115;-835.277893;1876.708252;0.395926;0.000000;0.000000;0.000000;0.000000;2.000000;-54.490250;-790.908752;1768.382446;0.805973;0.000000;0.000000;0.000000;0.000000;2.000000;-77.845459;-846.443726;1919.123535;0.162644;0.000000;0.000000;0.000000;0.000000;2.000000;51.584221;-836.026306;1890.951172;0.822270;0.000000;0.000000;0.000000;0.000000;2.000000;5411633152.000000
0.000000;-150.000000;2000.000000;0.000000;0.000000;0.000000;0.000000;0.000000;2.000000;10.642126;-317.643494;1933.146484;0.052957;0.000000;0.000000;0.000000;0.000000;2.000000;24.494692;-449.887787;1876.484863;0.073772;0.000000;0.000000;0.000000;0.000000;2.000000;18.422531;-668.465210;1852.135010;0.210125;0.000000;0.000000;0.000000;0.000000;2.000000;-6.679777;-629.492798;1834.294434;0.159609;0.000000;0.000000;0.000000;0.000000;2.000000;-116.757690;-557.929565;1773.073120;0.182673;0.000000;0.000000;0.000000;0.000000;2.000000;-161.373413;-281.485870;1776.660400;0.314085;0.000000;0.000000;0.000000;0.000000;2.000000;-198.757813;-49.517197;1782.845337;0.853595;0.000000;0.000000;0.000000;0.000000;2.000000;-251.128922;-3.624016;1851.208008;0.935515;0.000000;0.000000;0.000000;0.000000;0.000000;-224.016724;102.402756;1854.933350;1.498819;0.000000;0.000000;0.000000;0.000000;0.000000;-240.707413;66.405632;1851.670654;1.482658;0.000000;0.000000;0.000000;0.000000;0.000000;46.764683;-635.047302;1876.292480;0.216428;0.000000;0.000000;0.000000;0.000000;2.000000;152.781677;-590.303162;1943.521973;0.284732;0.000000;0.000000;0.000000;0.000000;2.000000;203.017807;-309.660156;1955.175781;0.448536;0.000000;0.000000;0.000000;0.000000;2.000000;166.122421;-89.605881;2038.047119;0.704684;0.000000;0.000000;0.000000;0.000000;1.000000;178.828323;-104.008621;2141.346436;0.357838;0.000000;0.000000;0.000000;0.000000;0.000000;169.157074;-46.652687;2050.783447;0.363382;0.000000;0.000000;0.000000;0.000000;0.000000;208.284058;-54.105461;2148.418213;0.270381;0.000000;0.000000;0.000000;0.000000;0.000000;-51.859764;-124.534271;1927.885986;0.119793;0.000000;0.000000;0.000000;0.000000;2.000000;-18.439901;274.450073;1993.346191;0.402571;0.000000;0.000000;0.000000;0.000000;2.000000;110.723007;639.950012;2000.746582;0.441478;0.000000;0.000000;0.000000;0.000000;2.000000;26.353771;801.022400;2055.335693;0.789325;0.000000;0.000000;0.000000;0.000000;2.000000;46.764229;-172.963577;2065.028076;0.108016;0.000000;0.000000;0.000000;0.000000;2.000000;-141.329224;171.407303;2166.349121;0.445599;0.000000;0.000000;0.000000;0.000000;2.000000;-251.418930;539.154541;2244.769043;0.882421;0.000000;0.000000;0.000000;0.000000;2.000000;-406.215576;616.590393;2268.252441;1.174208;0.000000;0.000000;0.000000;0.000000;2.000000;7.732503;-750.538086;1853.707520;0.262219;0.000000;0.000000;0.000000;0.000000;2.000000;-122.615753;-816.994385;1925.193115;0.191915;0.000000;0.000000;0.000000;0.000000;2.000000;-104.882446;-840.542236;1876.732666;0.178532;0.000000;0.000000;0.000000;0.000000;2.000000;-41.347466;-799.120117;1773.040649;0.486239;0.000000;0.000000;0.000000;0.000000;2.000000;-79.993973;-847.449524;1922.994873;0.136430;0.000000;0.000000;0.000000;0.000000;1.000000;51.063786;-830.641235;1909.925293;0.592859;0.000000;0.000000;0.000000;0.000000;1.000000;5411666432.000000
0.000000;-150.000000;2000.000000;0.000000;0.000000;0.000000;0.000000;0.000000;2.000000;12.655859;-318.281982;1934.952881;0.082254;0.000000;0.000000;0.000000;0.000000;2.000000;26.991745;-451.579041;1880.803467;0.155878;0.000000;0.000000;0.000000;0.000000;2.000000;14.311243;-670.136475;1858.176025;0.221827;0.000000;0.000000;0.000000;0.000000;2.000000;-8.983390;-630.513916;1839.297363;0.165769;0.000000;0.000000;0.000000;0.000000;2.000000;-118.924217;-554.440552;1783.375610;0.328211;0.000000;0.000000;0.000000;0.000000;2.000000;-154.705292;-277.050354;1767.423096;0.361790;0.000000;0.000000;0.000000;0.000000;2.000000;-184.733871;-44.231216;1754.081421;0.959818;0.000000;0.000000;0.000000;0.000000;2.000000;-247.458466;-5.260273;1817.925049;0.992090;0.000000;0.000000;0.000000;0.000000;0.000000;-208.515381;96.713593;1808.766357;1.450968;0.000000;0.000000;0.000000;0.000000;0.000000;-231.676804;77.182571;1803.797363;1.476543;0.000000;0.000000;0.000000;0.000000;0.000000;43.081989;-637.432922;1882.835693;0.233140;0.000000;0.000000;0.000000;0.000000;2.000000;145.332291;-595.156738;1957.210693;0.483035;0.000000;0.000000;0.000000;0.000000;2.000000;210.769257;-317.346008;1961.325684;0.370771;0.000000;0.000000;0.000000;0.000000;2.000000;178.510208;-93.783630;2036.639893;0.389110;0.000000;0.000000;0.000000;0.000000;1.000000;182.750412;-101.603195;2141.369385;0.136157;0.000000;0.000000;0.000000;0.000000;0.000000;176.427658;-48.470757;2047.934814;0.237262;0.000000;0.000000;0.000000;0.000000;0.000000;213.826736;-53.922806;2143.280518;0.223716;0.000000;0.000000;0.000000;0.000000;0.000000;-46.162258;-124.170609;1924.195557;0.201173;0.000000;0.000000;0.000000;0.000000;2.000000;-13.659834;275.355957;1987.671387;0.221201;0.000000;0.000000;0.000000;0.000000;2.000000;112.907745;641.745056;2000.868896;0.083755;0.000000;0.000000;0.000000;0.000000;2.000000;12.050238;798.053345;2039.124268;0.645786;0.000000;0.000000;0.000000;0.000000;2.000000;41.626541;-173.291504;2068.355957;0.181407;0.000000;0.000000;0.000000;0.000000;2.000000;-156.987289;170.145126;2151.761719;0.634392;0.000000;0.000000;0.000000;0.000000;2.000000;-269.023376;539.754089;2218.494385;0.936103;0.000000;0.000000;0.000000;0.000000;2.000000;-422.498535;622.497498;2229.910156;1.245066;0.000000;0.000000;0.000000;0.000000;2.000000;0.848138;-751.821167;1860.159180;0.281777;0.000000;0.000000;0.000000;0.000000;2.000000;-129.701843;-816.036682;1933.433838;0.322873;0.000000;0.000000;0.000000;0.000000;2.000000;-111.967659;-840.987305;1885.657227;0.337470;0.000000;0.000000;0.000000;0.000000;2.000000;-48.273270;-802.612183;1780.840332;0.325516;0.000000;0.000000;0.000000;0.000000;2.000000;-87.112816;-846.620728;1932.130615;0.343616;0.000000;0.000000;0.000000;0.000000;1.000000;44.027161;-830.393677;1918.679199;0.332450;0.000000;0.000000;0.000000;0.000000;1.000000;5411700224.000000
0.000000;-150.000000;2000.000000;0.000000;0.000000;0.000000;0.000000;0.000000;2.000000;13.106251;-318.565552;1935.690430;0.027330;0.000000;0.000000;0.000000;0.000000;2.000000;26.899481;-452.377747;1882.612061;0.059473;0.000000;0.000000;0.000000;0.000000;2.000000;11.065561;-671.046082;1862.840576;0.172926;0.000000;0.000000;0.000000;0.000000;2.000000;-11.579418;-631.332764;1843.348389;0.146654;0.000000;0.000000;0.000000;0.000000;2.000000;-120.002518;-554.090637;1786.016479;0.086355;0.000000;0.000000;0.000000;0.000000;2.000000;-147.045334;-276.318542;1761.126221;0.298765;0.000000;0.000000;0.000000;0.000000;2.000000;-169.949768;-43.545197;1736.709473;0.685745;0.000000;0.000000;0.000000;0.000000;2.000000;-214.536316;10.880951;1804.402832;1.174283;0.000000;0.000000;0.000000;0.000000;0.000000;-184.441727;116.205795;1802.302856;0.950804;0.000000;0.000000;0.000000;0.000000;0.000000;-188.569504;88.442299;1777.281738;1.557899;0.000000;0.000000;0.000000;0.000000;0.000000;40.236191;-638.438049;1887.173096;0.158778;0.000000;0.000000;0.000000;0.000000;2.000000;138.381439;-596.768066;1967.245117;0.369970;0.000000;0.000000;0.000000;0.000000;2.000000;218.592041;-323.429077;1986.188232;0.804226;0.000000;0.000000;0.000000;0.000000;1.000000;196.358322;-99.411575;2063.873779;0.992912;0.000000;0.000000;0.000000;0.000000;1.000000;184.438461;-101.786133;2168.294189;0.810646;0.000000;0.000000;0.000000;0.000000;0.000000;191.039932;-57.909798;2070.169434;0.848289;0.000000;0.000000;0.000000;0.000000;0.000000;221.079681;-52.445107;2166.848145;0.742268;0.000000;0.000000;0.000000;0.000000;0.000000;-45.616493;-124.456421;1923.749756;0.022850;0.000000;0.000000;0.000000;0.000000;2.000000;-13.194582;275.248596;1986.604492;0.035122;0.000000;0.000000;0.000000;0.000000;2.000000;113.411011;641.677063;2000.371582;0.021358;0.000000;0.000000;0.000000;0.000000;2.000000;12.980951;797.734741;2040.877197;0.060400;0.000000;0.000000;0.000000;0.000000;2.000000;41.134399;-173.033768;2068.758301;0.020611;0.000000;0.000000;0.000000;0.000000;2.000000;-160.360931;171.115112;2142.056641;0.310109;0.000000;0.000000;0.000000;0.000000;2.000000;-279.867432;539.759766;2201.136230;0.614995;0.000000;0.000000;0.000000;0.000000;2.000000;-438.962799;611.672791;2208.852051;0.866558;0.000000;0.000000;0.000000;0.000000;2.000000;-3.612830;-752.504333;1865.859863;0.218474;0.000000;0.000000;0.000000;0.000000;2.000000;-134.939896;-816.051575;1938.389648;0.216675;0.000000;0.000000;0.000000;0.000000;2.000000;-117.037201;-841.118408;1890.724854;0.215422;0.000000;0.000000;0.000000;0.000000;2.000000;-52.512135;-803.104370;1786.256714;0.207195;0.000000;0.000000;0.000000;0.000000;2.000000;-92.486885;-846.850403;1937.358643;0.225392;0.000000;0.000000;0.000000;0.000000;1.000000;38.833466;-831.271362;1924.688721;0.240120;0.000000;0.000000;0.000000;0.000000;1.000000;5411733504.000000
0.000000;-150.000000;2000.000000;0.000000;0.000000;0.000000;0.000000;0.000000;2.000000;14.120950;-319.465332;1936.473877;0.047062;0.000000;0.000000;0.000000;0.000000;2.000000;27.974724;-454.236420;1884.453369;0.084995;0.000000;0.000000;0.000000;0.000000;2.000000;8.135720;-673.485107;1866.098145;0.150674;0.000000;0.000000;0.000000;0.000000;2.000000;-12.976955;-633.363525;1845.316406;0.094783;0.000000;0.000000;0.000000;0.000000;2.000000;-116.271698;-554.200684;1780.346924;0.203962;0.000000;0.000000;0.000000;0.000000;2.000000;-131.028473;-276.117340;1741.413574;0.763226;0.000000;0.000000;0.000000;0.000000;2.000000;-143.443329;-43.008820;1706.743652;1.202235;0.000000;0.000000;0.000000;0.000000;2.000000;-180.448135;17.851368;1774.024292;1.387898;0.000000;0.000000;0.000000;0.000000;0.000000;-140.333038;120.005547;1767.414673;1.693709;0.000000;0.000000;0.000000;0.000000;0.000000;-166.850021;85.563980;1751.864868;1.008308;0.000000;0.000000;0.000000;0.000000;0.000000;37.166115;-641.138245;1891.296143;0.174475;0.000000;0.000000;0.000000;0.000000;2.000000;126.065933;-601.243530;1983.010498;0.615985;0.000000;0.000000;0.000000;0.000000;2.000000;221.003586;-334.507599;2026.857422;1.268631;0.000000;0.000000;0.000000;0.000000;1.000000;216.300461;-109.156708;2106.290283;1.438489;0.000000;0.000000;0.000000;0.000000;1.000000;175.388077;-87.094696;2200.995117;1.111006;0.000000;0.000000;0.000000;0.000000;0.000000;208.908432;-67.577843;2100.125000;1.087595;0.000000;0.000000;0.000000;0.000000;0.000000;217.487411;-42.673843;2196.524414;0.944993;0.000000;0.000000;0.000000;0.000000;0.000000;-44.293663;-124.646317;1922.519531;0.054580;0.000000;0.000000;0.000000;0.000000;2.000000;-11.416914;276.471802;1985.413818;0.074055;0.000000;0.000000;0.000000;0.000000;2.000000;116.603409;643.759888;2001.656982;0.120873;0.000000;0.000000;0.000000;0.000000;2.000000;9.117828;796.545410;2039.600830;0.127367;0.000000;0.000000;0.000000;0.000000;2.000000;39.941547;-172.862534;2069.867676;0.049218;0.000000;0.000000;0.000000;0.000000;2.000000;-166.854889;172.540985;2129.087891;0.437912;0.000000;0.000000;0.000000;0.000000;2.000000;-301.544861;538.904297;2178.031494;0.952326;0.000000;0.000000;0.000000;0.000000;2.000000;-466.624329;597.553040;2169.807617;1.499094;0.000000;0.000000;0.000000;0.000000;2.000000;-8.449282;-754.867004;1869.340820;0.192614;0.000000;0.000000;0.000000;0.000000;2.000000;-138.539154;-825.705383;1938.565674;0.309629;0.000000;0.000000;0.000000;0.000000;2.000000;-118.929077;-848.880005;1890.378906;0.240274;0.000000;0.000000;0.000000;0.000000;2.000000;-54.351173;-805.483154;1787.493042;0.097687;0.000000;0.000000;0.000000;0.000000;2.000000;-94.716171;-854.851379;1937.370850;0.249572;0.000000;0.000000;0.000000;0.000000;1.000000;36.491879;-833.648010;1926.975586;0.121542;0.000000;0.000000;0.000000;0.000000;1.000000;5411766784.000000
0.000000;-150.000000;2000.000000;0.000000;0.000000;0.000000;0.000000;0.000000;2.000000;15.887110;-317.897827;1936.645020;0.071143;0.000000;0.000000;0.000000;0.000000;2.000000;30.561018;-451.821777;1885.729736;0.113024;0.000000;0.000000;0.000000;0.000000;2.000000;18.389223;-668.454834;1854.334717;0.492657;0.000000;0.000000;0.000000;0.000000;2.000000;4.034618;-627.776611;1830.064697;0.706751;0.000000;0.000000;0.000000;0.000000;2.000000;-72.955399;-546.160095;1739.238159;1.810601;0.000000;0.000000;0.000000;0.000000;2.000000;-89.237106;-270.882141;1696.493286;1.850278;0.000000;0.000000;0.000000;0.000000;2.000000;-106.086754;-38.589935;1671.770630;1.543358;0.000000;0.000000;0.000000;0.000000;2.000000;-123.115150;37.738068;1729.556030;2.260602;0.000000;0.000000;0.000000;0.000000;0.000000;-112.055885;133.759872;1780.185791;1.019813;0.000000;0.000000;0.000000;0.000000;0.000000;-138.674713;74.876953;1713.754150;1.459881;0.000000;0.000000;0.000000;0.000000;2.000000;38.532894;-637.472839;1887.805176;0.157545;0.000000;0.000000;0.000000;0.000000;2.000000;102.391701;-604.539063;1999.489014;0.872363;0.000000;0.000000;0.000000;0.000000;2.000000;218.637817;-356.164612;2074.598389;1.576829;0.000000;0.000000;0.000000;0.000000;1.000000;222.875214;-134.667206;2159.293701;1.778525;0.000000;0.000000;0.000000;0.000000;1.000000;185.866943;-38.067451;2175.430664;1.690994;0.000000;0.000000;0.000000;0.000000;0.000000;240.399750;-70.784401;2089.066895;1.007515;0.000000;0.000000;0.000000;0.000000;0.000000;241.025330;-32.891479;2171.828125;1.066446;0.000000;0.000000;0.000000;0.000000;0.000000;-16.201672;-119.346313;1914.701416;0.890546;0.000000;0.000000;0.000000;0.000000;2.000000;14.125103;280.845154;1963.219727;1.025207;0.000000;0.000000;0.000000;0.000000;2.000000;142.615448;644.648132;1983.293701;0.957127;0.000000;0.000000;0.000000;0.000000;2.000000;33.389874;797.668640;2004.322266;1.287156;0.000000;0.000000;0.000000;0.000000;2.000000;14.609758;-177.641769;2076.917480;0.803043;0.000000;0.000000;0.000000;0.000000;2.000000;-173.865601;178.686386;2101.056885;0.887641;0.000000;0.000000;0.000000;0.000000;2.000000;-314.877625;541.537109;2130.676514;1.480364;0.000000;0.000000;0.000000;0.000000;2.000000;-479.456635;595.533081;2113.579102;1.734061;0.000000;0.000000;0.000000;0.000000;2.000000;2.226322;-749.204102;1849.581787;0.695959;0.000000;0.000000;0.000000;0.000000;2.000000;-129.407684;-815.650208;1917.311279;0.757926;0.000000;0.000000;0.000000;0.000000;2.000000;-102.721046;-845.927673;1877.741943;0.623893;0.000000;0.000000;0.000000;0.000000;2.000000;-29.541508;-818.626038;1776.315796;0.908022;0.000000;0.000000;0.000000;0.000000;2.000000;-84.279869;-840.175598;1926.877686;0.626271;0.000000;0.000000;0.000000;0.000000;1.000000;44.528214;-809.958923;1926.347656;0.751893;0.000000;0.000000;0.000000;0.000000;1.000000;5411800064.000000
0.000000;-150.000000;2000.000000;0.000000;0.000000;0.000000;0.000000;0.000000;2.000000;9.643650;-322.588348;1948.486084;0.426209;0.000000;0.000000;0.000000;0.000000;2.000000;20.639324;-460.364075;1907.379150;0.760227;0.000000;0.000000;0.000000;0.000000;2.000000;16.616074;-674.520264;1859.427490;0.243871;0.000000;0.000000;0.000000;0.000000;2.000000;4.493923;-632.295532;1836.497314;0.236618;0.000000;0.000000;0.000000;0.000000;2.000000;-48.681400;-544.619141;1734.648804;0.743751;0.000000;0.000000;0.000000;0.000000;2.000000;-43.309849;-272.829468;1670.169189;1.591715;0.000000;0.000000;0.000000;0.000000;2.000000;-62.374180;-39.591225;1655.261353;1.404357;0.000000;0.000000;0.000000;0.000000;2.000000;-62.598179;27.550564;1725.756714;1.847535;0.000000;0.000000;0.000000;0.000000;0.000000;-73.592239;100.028000;1806.753174;1.732166;0.000000;0.000000;0.000000;0.000000;0.000000;-71.621674;81.158913;1684.641357;2.204622;0.000000;0.000000;0.000000;0.000000;2.000000;31.964245;-645.798706;1897.260498;0.426926;0.000000;0.000000;0.000000;0.000000;2.000000;91.703094;-623.891968;2014.005127;0.794713;0.000000;0.000000;0.000000;0.000000;2.000000;226.567764;-390.116821;2104.549316;1.381132;0.000000;0.000000;0.000000;0.000000;1.000000;220.235016;-173.717697;2202.109375;1.743072;0.000000;0.000000;0.000000;0.000000;1.000000;212.223236;-70.464508;2185.914063;1.293857;0.000000;0.000000;0.000000;0.000000;0.000000;266.749664;-71.764412;2093.417725;0.803025;0.000000;0.000000;0.000000;0.000000;0.000000;247.000229;-63.236168;2159.200928;1.003779;0.000000;0.000000;0.000000;0.000000;0.000000;0.432476;-123.612015;1911.672607;0.523962;0.000000;0.000000;0.000000;0.000000;2.000000;34.925812;277.691345;1951.459473;0.724227;0.000000;0.000000;0.000000;0.000000;2.000000;163.913681;641.854614;1970.669189;0.748672;0.000000;0.000000;0.000000;0.000000;2.000000;52.745754;793.808472;1991.282227;0.710809;0.000000;0.000000;0.000000;0.000000;2.000000;-0.389988;-173.795227;2079.648682;0.472479;0.000000;0.000000;0.000000;0.000000;2.000000;-170.723557;192.818283;2086.417480;0.618651;0.000000;0.000000;0.000000;0.000000;2.000000;-308.739380;558.284302;2099.548828;1.078001;0.000000;0.000000;0.000000;0.000000;2.000000;-474.726959;605.218750;2074.815918;1.208951;0.000000;0.000000;0.000000;0.000000;2.000000;2.722137;-754.978516;1847.019531;0.190408;0.000000;0.000000;0.000000;0.000000;2.000000;-130.628998;-810.987549;1921.000732;0.182390;0.000000;0.000000;0.000000;0.000000;2.000000;-99.666550;-848.343994;1891.878906;0.440614;0.000000;0.000000;0.000000;0.000000;2.000000;-20.305691;-842.169434;1791.426270;0.885230;0.000000;0.000000;0.000000;0.000000;2.000000;-85.225464;-829.578125;1939.137695;0.487769;0.000000;0.000000;0.000000;0.000000;1.000000;41.906902;-792.376221;1939.034180;0.656240;0.000000;0.000000;0.000000;0.000000;1.000000;5411833344.000000
0.000000;-150.000000;2000.000000;0.000000;0.000000;0.000000;0.000000;0.000000;2.000000;8.988930;-322.992554;1948.627686;0.023509;0.000000;0.000000;0.000000;0.000000;2.000000;19.778088;-461.087280;1907.659180;0.034824;0.000000;0.000000;0.000000;0.000000;2.000000;16.350384;-676.159485;1862.075195;0.093912;0.000000;0.000000;0.000000;0.000000;2.000000;5.146523;-634.092041;1838.221680;0.077351;0.000000;0.000000;0.000000;0.000000;2.000000;-43.019604;-548.272827;1732.035522;0.217168;0.000000;0.000000;0.000000;0.000000;2.000000;-31.924732;-278.423279;1658.651733;0.514834;0.000000;0.000000;0.000000;0.000000;2.000000;-44.278805;-45.629280;1629.826050;0.955347;0.000000;0.000000;0.000000;0.000000;2.000000;-43.007534;24.929829;1697.133911;1.045192;0.000000;0.000000;0.000000;0.000000;2.000000;-51.333126;102.443886;1773.932129;1.193830;0.000000;0.000000;0.000000;0.000000;0.000000;-62.021114;71.674049;1656.742676;0.931233;0.000000;0.000000;0.000000;0.000000;2.000000;30.617138;-646.996643;1900.107910;0.101265;0.000000;0.000000;0.000000;0.000000;2.000000;81.491211;-620.107544;2020.225098;0.376852;0.000000;0.000000;0.000000;0.000000;2.000000;152.687683;-356.169922;2101.383789;2.444938;0.000000;0.000000;0.000000;0.000000;2.000000;32.573792;-168.370300;2184.367676;5.666282;0.000000;0.000000;0.000000;0.000000;2.000000;-45.878078;-106.826340;2151.451660;7.900195;0.000000;0.000000;0.000000;0.000000;0.000000;-46.924915;-37.784584;2068.973877;9.508869;0.000000;0.000000;0.000000;0.000000;0.000000;-41.863834;-86.991974;2125.646973;8.767278;0.000000;0.000000;0.000000;0.000000;0.000000;0.986462;-123.665848;1911.494385;0.017561;0.000000;0.000000;0.000000;0.000000;2.000000;38.991768;278.041687;1951.147705;0.122984;0.000000;0.000000;0.000000;0.000000;2.000000;169.081940;642.458679;1971.587891;0.158772;0.000000;0.000000;0.000000;0.000000;2.000000;58.052723;795.578735;1986.567627;0.219835;0.000000;0.000000;0.000000;0.000000;2.000000;-0.889534;-173.746674;2079.809814;0.015839;0.000000;0.000000;0.000000;0.000000;1.000000;-143.909317;199.887299;2142.858398;1.889580;0.000000;0.000000;0.000000;0.000000;1.000000;-242.027954;574.063477;2203.533203;3.742421;0.000000;0.000000;0.000000;0.000000;1.000000;-402.513855;634.376343;2236.373047;5.389054;0.000000;0.000000;0.000000;0.000000;1.000000;2.483341;-756.843628;1850.160645;0.110003;0.000000;0.000000;0.000000;0.000000;2.000000;-131.739380;-823.460815;1913.648926;0.436333;0.000000;0.000000;0.000000;0.000000;2.000000;-97.639191;-857.499146;1883.783447;0.372237;0.000000;0.000000;0.000000;0.000000;2.000000;-13.767559;-841.263123;1787.940186;0.224299;0.000000;0.000000;0.000000;0.000000;2.000000;-86.362793;-841.236877;1932.897949;0.398808;0.000000;0.000000;0.000000;0.000000;1.000000;38.964867;-798.530945;1941.657227;0.219611;0.000000;0.000000;0.000000;0.000000;1.000000;5411866624.000000
0.000000;-150.000000;2000.000000;0.000000;0.000000;0.000000;0.000000;0.000000;2.000000;11.005798;-323.977783;1953.728760;0.167461;0.000000;0.000000;0.000000;0.000000;2.000000;19.213257;-463.074463;1916.638916;0.276872;0.000000;0.000000;0.000000;0.000000;2.000000;27.475357;-677.878357;1872.310791;0.457172;0.000000;0.000000;0.000000;0.000000;2.000000;18.830292;-636.220459;1846.907715;0.491195;0.000000;0.000000;0.000000;0.000000;2.000000;-17.279976;-557.635742;1731.121460;0.823464;0.000000;0.000000;0.000000;0.000000;2.000000;2.491127;-288.965454;1657.133179;1.082521;0.000000;0.000000;0.000000;0.000000;2.000000;-0.488541;-58.093376;1616.268799;1.427439;0.000000;0.000000;0.000000;0.000000;2.000000;-6.427261;16.370714;1678.691650;1.257537;0.000000;0.000000;0.000000;0.000000;2.000000;-19.288986;100.407860;1747.288574;1.253711;0.000000;0.000000;0.000000;0.000000;0.000000;-27.823082;57.359756;1642.256226;1.195997;0.000000;0.000000;0.000000;0.000000;2.000000;35.419426;-648.349976;1911.764648;0.380998;0.000000;0.000000;0.000000;0.000000;2.000000;79.223358;-627.055176;2035.474121;0.508111;0.000000;0.000000;0.000000;0.000000;2.000000;148.507538;-385.254578;2168.749023;2.208373;0.000000;0.000000;0.000000;0.000000;2.000000;57.846561;-189.135437;2267.234131;2.676937;0.000000;0.000000;0.000000;0.000000;1.000000;7.764458;-126.050201;2200.161621;2.252552;0.000000;0.000000;0.000000;0.000000;0.000000;-7.990448;-68.910606;2110.628174;1.951923;0.000000;0.000000;0.000000;0.000000;0.000000;8.591187;-134.048874;2157.966797;2.289307;0.000000;0.000000;0.000000;0.000000;0.000000;14.201904;-125.751846;1912.205811;0.402583;0.000000;0.000000;0.000000;0.000000;2.000000;51.199760;275.310242;1951.985840;0.376739;0.000000;0.000000;0.000000;0.000000;2.000000;194.828949;633.741638;1974.470947;0.821367;0.000000;0.000000;0.000000;0.000000;2.000000;86.009872;788.513000;1983.076416;0.872800;0.000000;0.000000;0.000000;0.000000;2.000000;-12.806496;-171.865631;2079.167725;0.363028;0.000000;0.000000;0.000000;0.000000;2.000000;-182.287109;194.906876;2064.887451;2.615586;0.000000;0.000000;0.000000;0.000000;2.000000;-289.629181;570.714844;2069.149170;4.285003;0.000000;0.000000;0.000000;0.000000;2.000000;-452.485107;615.959229;2026.787109;6.497794;0.000000;0.000000;0.000000;0.000000;2.000000;17.406380;-758.757141;1859.001953;0.524360;0.000000;0.000000;0.000000;0.000000;2.000000;-118.812119;-833.127625;1907.000732;0.524560;0.000000;0.000000;0.000000;0.000000;2.000000;-79.449356;-865.089111;1881.880859;0.594996;0.000000;0.000000;0.000000;0.000000;2.000000;13.885666;-844.258057;1796.557373;0.874975;0.000000;0.000000;0.000000;0.000000;2.000000;-75.113663;-847.881042;1931.670166;0.394301;0.000000;0.000000;0.000000;0.000000;1.000000;45.208927;-797.444275;1954.553223;0.431769;0.000000;0.000000;0.000000;0.000000;1.000000;5411899904.000000
