posX0;posY0;posZ0;posVel0;rotX0;rotY0;rotZ0;rotVel0;confidence0;posX1;posY1;posZ1;posVel1;rotX1;rotY1;rotZ1;rotVel1;confidence1;posX2;posY2;posZ2;posVel2;rotX2;rotY2;rotZ2;rotVel2;confidence2;posX3;posY3;posZ3;posVel3;rotX3;rotY3;rotZ3;rotVel3;confidence3;posX4;posY4;posZ4;posVel4;rotX4;rotY4;rotZ4;rotVel4;confidence4;posX5;posY5;posZ5;posVel5;rotX5;rotY5;rotZ5;rotVel5;confidence5;posX6;posY6;posZ6;posVel6;rotX6;rotY6;rotZ6;rotVel6;confidence6;posX7;posY7;posZ7;posVel7;rotX7;rotY7;rotZ7;rotVel7;confidence7;posX8;posY8;posZ8;posVel8;rotX8;rotY8;rotZ8;rotVel8;confidence8;posX9;posY9;posZ9;posVel9;rotX9;rotY9;rotZ9;rotVel9;confidence9;posX10;posY10;posZ10;posVel10;rotX10;rotY10;rotZ10;rotVel10;confidence10;posX11;posY11;posZ11;posVel11;rotX11;rotY11;rotZ11;rotVel11;confidence11;posX12;posY12;posZ12;posVel12;rotX12;rotY12;rotZ12;rotVel12;confidence12;posX13;posY13;posZ13;posVel13;rotX13;rotY13;rotZ13;rotVel13;confidence13;posX14;posY14;posZ14;posVel14;rotX14;rotY14;rotZ14;rotVel14;confidence14;posX15;posY15;posZ15;posVel15;rotX15;rotY15;rotZ15;rotVel15;confidence15;posX16;posY16;posZ16;posVel16;rotX16;rotY16;rotZ16;rotVel16;confidence16;posX17;posY17;posZ17;posVel17;rotX17;rotY17;rotZ17;rotVel17;confidence17;posX18;posY18;posZ18;posVel18;rotX18;rotY18;rotZ18;rotVel18;confidence18;posX19;posY19;posZ19;posVel19;rotX19;rotY19;rotZ19;rotVel19;confidence19;posX20;posY20;posZ20;posVel20;rotX20;rotY20;rotZ20;rotVel20;confidence20;posX21;posY21;posZ21;posVel21;rotX21;rotY21;rotZ21;rotVel21;confidence21;posX22;posY22;posZ22;posVel22;rotX22;rotY22;rotZ22;rotVel22;confidence22;posX23;posY23;posZ23;posVel23;rotX23;rotY23;rotZ23;rotVel23;confidence23;posX24;posY24;posZ24;posVel24;rotX24;rotY24;rotZ24;rotVel24;confidence24;posX25;posY25;posZ25;posVel25;rotX25;rotY25;rotZ25;rotVel25;confidence25;posX26;posY26;posZ26;posVel26;rotX26;rotY26;rotZ26;rotVel26;confidence26;posX27;posY27;posZ27;posVel27;rotX27;rotY27;rotZ27;rotVel27;confidence27;posX28;posY28;posZ28;posVel28;rotX28;rotY28;rotZ28;rotVel28;confidence28;posX29;posY29;posZ29;posVel29;rotX29;rotY29;rotZ29;rotVel29;confidence29;posX30;posY30;posZ30;posVel30;rotX30;rotY30;rotZ30;rotVel30;confidence30;posX31;posY31;posZ31;posVel31;rotX31;rotY31;rotZ31;rotVel31;confidence31;TimeStamp
0.000000;-150.000015;2000.000000;0.000000;0.000000;0.000000;0.000000;0.000000;2.000000;-23.608597;-316.988678;2021.919067;0.000000;0.000000;0.000000;0.000000;0.000000;2.000000;-32.948460;-452.317627;2012.743286;0.000000;0.000000;0.000000;0.000000;0.000000;2.000000;-24.014702;-655.776550;1975.912598;0.000000;0.000000;0.000000;0.000000;0.000000;2.000000;5.304176;-622.760254;1991.192383;0.000000;0.000000;0.000000;0.000000;0.000000;2.000000;137.323578;-589.256165;1986.922119;0.000000;0.000000;0.000000;0.000000;0.000000;2.000000;161.349258;-349.710571;1879.989868;0.000000;0.000000;0.000000;0.000000;0.000000;2.000000;133.642914;-565.881714;1842.759033;0.000000;0.000000;0.000000;0.000000;0.000000;2.000000;130.610046;-652.269043;1873.644287;0.000000;0.000000;0.000000;0.000000;0.000000;2.000000;115.412354;-620.651428;1970.490845;0.000000;0.000000;0.000000;0.000000;0.000000;2.000000;94.865082;-583.009644;1957.435303;0.000000;0.000000;0.000000;0.000000;0.000000;2.000000;-56.693741;-621.923950;1974.731323;0.000000;0.000000;0.000000;0.000000;0.000000;2.000000;-161.370987;-575.186279;1923.992432;0.000000;0.000000;0.000000;0.000000;0.000000;2.000000;-270.117767;-347.614990;1832.178223;0.000000;0.000000;0.000000;0.000000;0.000000;2.000000;-213.176422;-382.588531;1618.487549;0.000000;0.000000;0.000000;0.000000;0.000000;2.000000;-210.388733;-379.398865;1519.743530;0.000000;0.000000;0.000000;0.000000;0.000000;2.000000;-204.543243;-355.765961;1618.019287;0.000000;0.000000;0.000000;0.000000;0.000000;2.000000;-151.538544;-364.170593;1504.297241;0.000000;0.000000;0.000000;0.000000;0.000000;2.000000;81.375778;-157.621948;2029.581177;0.000000;0.000000;0.000000;0.000000;0.000000;2.000000;259.371735;-7.122223;1727.414063;0.000000;0.000000;0.000000;0.000000;0.000000;2.000000;241.038452;352.102173;1787.740479;0.000000;0.000000;0.000000;0.000000;0.000000;2.000000;296.011047;469.487427;1664.895752;0.000000;0.000000;0.000000;0.000000;0.000000;2.000000;-73.380127;-143.126968;1973.325439;0.000000;0.000000;0.000000;0.000000;0.000000;2.000000;5.130836;54.094025;1656.680176;0.000000;0.000000;0.000000;0.000000;0.000000;2.000000;-128.622574;328.334656;1863.399536;0.000000;0.000000;0.000000;0.000000;0.000000;2.000000;-128.342133;465.990173;1773.692139;0.000000;0.000000;0.000000;0.000000;0.000000;2.000000;-17.444519;-728.950684;1950.105713;0.000000;0.000000;0.000000;0.000000;0.000000;2.000000;83.667709;-736.231689;1835.270508;0.000000;0.000000;0.000000;0.000000;0.000000;2.000000;98.333862;-757.454834;1881.975586;0.000000;0.000000;0.000000;0.000000;0.000000;2.000000;69.846817;-738.052734;1997.803345;0.000000;0.000000;0.000000;0.000000;0.000000;2.000000;66.140427;-779.561768;1851.009277;0.000000;0.000000;0.000000;0.000000;0.000000;2.000000;-34.510654;-820.739746;1912.435303;0.000000;0.000000;0.000000;0.000000;0.000000;2.000000;17764333568.000000
0.000000;-149.999985;2000.000000;0.000001;0.000000;0.000000;0.000000;0.000000;2.000000;-22.756298;-317.323425;2022.439453;0.032142;0.000000;0.000000;0.000000;0.000000;2.000000;-31.777843;-452.995880;2014.825073;0.075769;0.000000;0.000000;0.000000;0.000000;2.000000;-22.408928;-657.003296;1979.237305;0.118733;0.000000;0.000000;0.000000;0.000000;2.000000;6.668282;-623.907959;1995.035034;0.129273;0.000000;0.000000;0.000000;0.000000;2.000000;138.726273;-589.680359;1999.545898;0.387834;0.000000;0.000000;0.000000;0.000000;2.000000;165.400314;-360.104828;1872.240967;0.414519;0.000000;0.000000;0.000000;0.000000;2.000000;142.833130;-578.787964;1845.528809;0.490852;0.000000;0.000000;0.000000;0.000000;2.000000;130.041031;-663.644714;1878.534790;0.378279;0.000000;0.000000;0.000000;0.000000;2.000000;118.270218;-640.445068;1978.375366;0.656037;0.000000;0.000000;0.000000;0.000000;2.000000;116.556915;-617.881714;1967.539307;1.290676;0.000000;0.000000;0.000000;0.000000;2.000000;-55.035686;-623.037842;1977.122559;0.095085;0.000000;0.000000;0.000000;0.000000;2.000000;-159.225204;-576.551697;1924.666382;0.080296;0.000000;0.000000;0.000000;0.000000;2.000000;-268.355286;-349.298523;1831.238037;0.079724;0.000000;0.000000;0.000000;0.000000;2.000000;-216.342133;-390.487915;1617.012085;0.263582;0.000000;0.000000;0.000000;0.000000;2.000000;-216.624573;-384.543030;1518.193237;0.251194;0.000000;0.000000;0.000000;0.000000;2.000000;-188.041351;-390.598969;1615.306519;1.179184;0.000000;0.000000;0.000000;0.000000;2.000000;-150.340546;-380.556946;1508.021851;0.514129;0.000000;0.000000;0.000000;0.000000;2.000000;81.504318;-157.090988;2029.780273;0.017744;0.000000;0.000000;0.000000;0.000000;2.000000;261.774231;-9.031036;1726.961182;0.094657;0.000000;0.000000;0.000000;0.000000;2.000000;242.289963;350.721069;1787.421631;0.057705;0.000000;0.000000;0.000000;0.000000;2.000000;298.300293;468.948425;1665.427612;0.073585;0.000000;0.000000;0.000000;0.000000;2.000000;-73.496033;-143.605728;1973.145874;0.016000;0.000000;0.000000;0.000000;0.000000;2.000000;7.135811;53.892120;1656.448486;0.061902;0.000000;0.000000;0.000000;0.000000;2.000000;-126.834763;328.202087;1864.018188;0.057875;0.000000;0.000000;0.000000;0.000000;2.000000;-126.937614;463.758423;1770.690063;0.121940;0.000000;0.000000;0.000000;0.000000;2.000000;-15.389156;-730.448914;1953.937256;0.140347;0.000000;0.000000;0.000000;0.000000;2.000000;86.098602;-732.394958;1838.882080;0.177089;0.000000;0.000000;0.000000;0.000000;2.000000;101.221085;-754.590881;1885.087402;0.156272;0.000000;0.000000;0.000000;0.000000;2.000000;72.194336;-738.947144;2001.556030;0.137815;0.000000;0.000000;0.000000;0.000000;2.000000;69.486923;-776.582703;1853.440186;0.155559;0.000000;0.000000;0.000000;0.000000;2.000000;-30.442047;-821.681396;1913.699829;0.133161;0.000000;0.000000;0.000000;0.000000;2.000000;17764366336.000000
0.000000;-150.000000;2000.000000;0.000000;0.000000;0.000000;0.000000;0.000000;2.000000;-23.299553;-317.637024;2021.948730;0.024305;0.000000;0.000000;0.000000;0.000000;2.000000;-32.922619;-453.569519;2015.215088;0.040849;0.000000;0.000000;0.000000;0.000000;2.000000;-22.194141;-658.278137;1981.854980;0.089097;0.000000;0.000000;0.000000;0.000000;2.000000;6.656189;-624.789429;1997.497437;0.079817;0.000000;0.000000;0.000000;0.000000;2.000000;139.317902;-592.301514;2004.288574;0.166351;0.000000;0.000000;0.000000;0.000000;2.000000;168.113068;-369.652527;1864.714111;0.380150;0.000000;0.000000;0.000000;0.000000;2.000000;150.840744;-589.992310;1845.216309;0.420387;0.000000;0.000000;0.000000;0.000000;2.000000;132.028458;-672.494751;1881.612305;0.292307;0.000000;0.000000;0.000000;0.000000;2.000000;121.838440;-677.684082;1984.344360;1.156091;0.000000;0.000000;0.000000;0.000000;2.000000;130.701172;-653.185181;1962.554321;1.170557;0.000000;0.000000;0.000000;0.000000;2.000000;-55.054138;-624.456543;1979.163818;0.075864;0.000000;0.000000;0.000000;0.000000;2.000000;-159.973389;-581.229309;1924.847412;0.144669;0.000000;0.000000;0.000000;0.000000;2.000000;-268.729492;-352.244446;1833.798096;0.119652;0.000000;0.000000;0.000000;0.000000;2.000000;-198.003143;-402.273438;1626.488525;0.725407;0.000000;0.000000;0.000000;0.000000;2.000000;-237.099792;-404.566376;1535.365723;1.019060;0.000000;0.000000;0.000000;0.000000;2.000000;-172.611725;-399.573090;1613.720215;0.546873;0.000000;0.000000;0.000000;0.000000;2.000000;-159.046234;-396.700775;1500.537109;0.604551;0.000000;0.000000;0.000000;0.000000;2.000000;81.310181;-157.278229;2030.725586;0.030000;0.000000;0.000000;0.000000;0.000000;2.000000;261.443268;-10.145111;1726.476318;0.038430;0.000000;0.000000;0.000000;0.000000;2.000000;242.827637;350.067352;1788.565918;0.043436;0.000000;0.000000;0.000000;0.000000;2.000000;297.207458;465.367645;1662.607666;0.143037;0.000000;0.000000;0.000000;0.000000;2.000000;-73.320969;-143.436905;1972.293457;0.027052;0.000000;0.000000;0.000000;0.000000;2.000000;3.382469;55.775116;1654.835815;0.137275;0.000000;0.000000;0.000000;0.000000;2.000000;-125.591156;329.440216;1867.582153;0.121233;0.000000;0.000000;0.000000;0.000000;2.000000;-127.274384;461.750397;1769.205688;0.076896;0.000000;0.000000;0.000000;0.000000;2.000000;-14.600624;-732.092285;1957.357056;0.118263;0.000000;0.000000;0.000000;0.000000;2.000000;85.566559;-733.343872;1840.763184;0.066316;0.000000;0.000000;0.000000;0.000000;2.000000;101.634064;-755.083069;1886.982178;0.061058;0.000000;0.000000;0.000000;0.000000;2.000000;73.877029;-739.095276;2003.947266;0.089346;0.000000;0.000000;0.000000;0.000000;2.000000;69.736053;-777.749512;1855.832520;0.081584;0.000000;0.000000;0.000000;0.000000;2.000000;-28.935925;-823.941895;1917.795532;0.149981;0.000000;0.000000;0.000000;0.000000;2.000000;17764399104.000000
0.000000;-150.000015;2000.000000;0.000000;0.000000;0.000000;0.000000;0.000000;2.000000;-23.721550;-317.920288;2021.975708;0.014619;0.000000;0.000000;0.000000;0.000000;2.000000;-33.593540;-454.087219;2014.843018;0.026583;0.000000;0.000000;0.000000;0.000000;2.000000;-22.764351;-659.249084;1981.724121;0.032559;0.000000;0.000000;0.000000;0.000000;2.000000;6.106499;-625.671875;1997.419067;0.029946;0.000000;0.000000;0.000000;0.000000;2.000000;138.589737;-591.303162;2003.917236;0.037060;0.000000;0.000000;0.000000;0.000000;2.000000;169.314514;-368.186676;1864.503296;0.054774;0.000000;0.000000;0.000000;0.000000;2.000000;150.976822;-589.347900;1851.247070;0.174248;0.000000;0.000000;0.000000;0.000000;2.000000;134.064026;-674.719910;1881.981812;0.087268;0.000000;0.000000;0.000000;0.000000;2.000000;121.876083;-676.707886;1984.815308;0.031150;0.000000;0.000000;0.000000;0.000000;2.000000;133.696594;-658.707520;1966.788574;0.217605;0.000000;0.000000;0.000000;0.000000;2.000000;-55.683578;-625.364258;1978.904175;0.032591;0.000000;0.000000;0.000000;0.000000;2.000000;-160.195847;-581.685608;1923.592773;0.038874;0.000000;0.000000;0.000000;0.000000;2.000000;-261.866211;-348.283539;1833.995605;0.227674;0.000000;0.000000;0.000000;0.000000;2.000000;-207.354126;-414.869202;1625.961182;0.450834;0.000000;0.000000;0.000000;0.000000;2.000000;-232.352158;-409.691223;1529.916138;0.254485;0.000000;0.000000;0.000000;0.000000;2.000000;-180.358078;-410.848267;1617.434570;0.407142;0.000000;0.000000;0.000000;0.000000;2.000000;-159.507629;-417.219177;1499.602905;0.590098;0.000000;0.000000;0.000000;0.000000;2.000000;81.524948;-157.513031;2030.593140;0.009900;0.000000;0.000000;0.000000;0.000000;2.000000;262.490906;-9.409058;1726.348755;0.036957;0.000000;0.000000;0.000000;0.000000;2.000000;243.307037;351.368530;1789.277710;0.044770;0.000000;0.000000;0.000000;0.000000;2.000000;298.306305;466.950439;1663.338623;0.059192;0.000000;0.000000;0.000000;0.000000;2.000000;-73.514626;-143.225189;1972.412842;0.008926;0.000000;0.000000;0.000000;0.000000;2.000000;2.979057;56.860779;1654.536011;0.034362;0.000000;0.000000;0.000000;0.000000;2.000000;-125.004723;330.511353;1869.171631;0.057572;0.000000;0.000000;0.000000;0.000000;2.000000;-126.520493;462.271729;1769.512207;0.027760;0.000000;0.000000;0.000000;0.000000;2.000000;-15.097927;-733.243774;1957.297119;0.036067;0.000000;0.000000;0.000000;0.000000;2.000000;86.954544;-731.599365;1841.946045;0.072486;0.000000;0.000000;0.000000;0.000000;2.000000;102.588882;-754.009888;1888.116455;0.052571;0.000000;0.000000;0.000000;0.000000;2.000000;72.934250;-740.226563;2005.146973;0.054557;0.000000;0.000000;0.000000;0.000000;2.000000;71.299042;-776.486511;1856.065552;0.058105;0.000000;0.000000;0.000000;0.000000;2.000000;-28.012756;-824.723633;1915.917480;0.064164;0.000000;0.000000;0.000000;0.000000;2.000000;17764433920.000000
0.000000;-150.000000;2000.000000;0.000000;0.000000;0.000000;0.000000;0.000000;2.000000;-23.334927;-318.729309;2022.464233;0.031162;0.000000;0.000000;0.000000;0.000000;2.000000;-32.710503;-455.586243;2015.509399;0.056855;0.000000;0.000000;0.000000;0.000000;2.000000;-22.531578;-661.501709;1980.735107;0.075414;0.000000;0.000000;0.000000;0.000000;2.000000;6.530716;-628.013306;1996.922241;0.074184;0.000000;0.000000;0.000000;0.000000;2.000000;139.557022;-593.234863;2003.765259;0.066092;0.000000;0.000000;0.000000;0.000000;2.000000;173.123169;-368.592072;1865.085693;0.118231;0.000000;0.000000;0.000000;0.000000;2.000000;151.570831;-590.571716;1852.792847;0.062840;0.000000;0.000000;0.000000;0.000000;2.000000;135.423691;-676.198303;1884.522461;0.098838;0.000000;0.000000;0.000000;0.000000;2.000000;123.295807;-678.132324;1987.854736;0.111223;0.000000;0.000000;0.000000;0.000000;2.000000;134.545639;-662.563843;1967.644653;0.123304;0.000000;0.000000;0.000000;0.000000;2.000000;-55.441986;-627.293213;1977.973755;0.065772;0.000000;0.000000;0.000000;0.000000;2.000000;-159.571899;-579.848999;1923.697754;0.059282;0.000000;0.000000;0.000000;0.000000;2.000000;-266.340698;-349.505493;1828.458374;0.220436;0.000000;0.000000;0.000000;0.000000;2.000000;-214.013184;-431.745972;1624.350586;0.555858;0.000000;0.000000;0.000000;0.000000;2.000000;-230.141495;-423.012146;1526.202026;0.427386;0.000000;0.000000;0.000000;0.000000;2.000000;-186.104279;-434.108582;1617.851074;0.731299;0.000000;0.000000;0.000000;0.000000;2.000000;-162.205017;-430.577637;1503.826416;0.435410;0.000000;0.000000;0.000000;0.000000;2.000000;81.825607;-157.183182;2031.044067;0.019362;0.000000;0.000000;0.000000;0.000000;2.000000;263.587952;-10.129456;1724.490723;0.069422;0.000000;0.000000;0.000000;0.000000;2.000000;243.444214;352.008362;1789.357178;0.020117;0.000000;0.000000;0.000000;0.000000;2.000000;299.464844;467.909546;1662.954712;0.047371;0.000000;0.000000;0.000000;0.000000;2.000000;-73.785759;-143.522614;1972.006104;0.017462;0.000000;0.000000;0.000000;0.000000;2.000000;5.009544;57.600250;1653.166992;0.078067;0.000000;0.000000;0.000000;0.000000;2.000000;-125.357796;331.258362;1869.370972;0.025939;0.000000;0.000000;0.000000;0.000000;2.000000;-125.693016;463.101868;1768.525879;0.046750;0.000000;0.000000;0.000000;0.000000;2.000000;-15.011120;-735.690002;1955.674072;0.089630;0.000000;0.000000;0.000000;0.000000;2.000000;88.018433;-735.318115;1840.210205;0.129382;0.000000;0.000000;0.000000;0.000000;2.000000;103.298187;-757.906128;1886.705811;0.128296;0.000000;0.000000;0.000000;0.000000;2.000000;73.155731;-743.526245;2004.134399;0.105550;0.000000;0.000000;0.000000;0.000000;2.000000;71.764832;-780.224487;1854.414307;0.125516;0.000000;0.000000;0.000000;0.000000;2.000000;-28.761017;-827.540955;1914.217285;0.102984;0.000000;0.000000;0.000000;0.000000;2.000000;17764466688.000000
0.000000;-150.000015;2000.000000;0.000000;0.000000;0.000000;0.000000;0.000000;2.000000;-23.417473;-318.608765;2022.398193;0.004893;0.000000;0.000000;0.000000;0.000000;2.000000;-32.873112;-455.365479;2015.407837;0.008923;0.000000;0.000000;0.000000;0.000000;2.000000;-22.940880;-661.146851;1980.615234;0.016932;0.000000;0.000000;0.000000;0.000000;2.000000;6.161224;-627.707031;1996.738403;0.015684;0.000000;0.000000;0.000000;0.000000;2.000000;139.229477;-593.411621;2003.333374;0.017399;0.000000;0.000000;0.000000;0.000000;2.000000;172.947540;-369.144745;1864.426270;0.026799;0.000000;0.000000;0.000000;0.000000;2.000000;150.976852;-590.921143;1851.941162;0.033434;0.000000;0.000000;0.000000;0.000000;2.000000;135.079178;-676.531250;1883.658447;0.030150;0.000000;0.000000;0.000000;0.000000;2.000000;123.238754;-678.162292;1986.958984;0.027407;0.000000;0.000000;0.000000;0.000000;2.000000;134.737625;-662.517334;1967.099121;0.017706;0.000000;0.000000;0.000000;0.000000;2.000000;-55.805798;-626.933594;1977.923462;0.015687;0.000000;0.000000;0.000000;0.000000;2.000000;-160.120605;-579.824402;1923.910522;0.017976;0.000000;0.000000;0.000000;0.000000;2.000000;-268.522827;-351.271332;1826.742432;0.100404;0.000000;0.000000;0.000000;0.000000;2.000000;-216.586777;-436.846985;1624.079590;0.174557;0.000000;0.000000;0.000000;0.000000;2.000000;-231.713013;-431.646912;1525.589844;0.268492;0.000000;0.000000;0.000000;0.000000;2.000000;-188.678436;-439.632629;1617.959229;0.186015;0.000000;0.000000;0.000000;0.000000;2.000000;-164.538849;-441.537689;1503.647949;0.342017;0.000000;0.000000;0.000000;0.000000;2.000000;81.772873;-157.238678;2031.002930;0.002652;0.000000;0.000000;0.000000;0.000000;2.000000;263.408966;-10.225586;1724.682007;0.008516;0.000000;0.000000;0.000000;0.000000;2.000000;243.601196;351.647217;1789.720947;0.016360;0.000000;0.000000;0.000000;0.000000;2.000000;299.641449;467.365417;1663.333130;0.020932;0.000000;0.000000;0.000000;0.000000;2.000000;-73.738205;-143.472595;1972.043457;0.002395;0.000000;0.000000;0.000000;0.000000;2.000000;5.892853;57.364441;1653.545410;0.030196;0.000000;0.000000;0.000000;0.000000;2.000000;-124.808258;330.846924;1869.337524;0.020975;0.000000;0.000000;0.000000;0.000000;2.000000;-125.287170;462.258057;1768.113281;0.031226;0.000000;0.000000;0.000000;0.000000;2.000000;-15.536266;-735.288635;1955.548828;0.020530;0.000000;0.000000;0.000000;0.000000;2.000000;85.597260;-733.965820;1838.565430;0.098398;0.000000;0.000000;0.000000;0.000000;2.000000;101.737198;-756.556885;1884.725586;0.087274;0.000000;0.000000;0.000000;0.000000;2.000000;73.367920;-742.675415;2002.569458;0.054745;0.000000;0.000000;0.000000;0.000000;2.000000;69.865875;-778.980835;1852.895020;0.083358;0.000000;0.000000;0.000000;0.000000;2.000000;-29.338902;-827.059570;1914.100586;0.023227;0.000000;0.000000;0.000000;0.000000;2.000000;17764499456.000000
0.000000;-150.000000;2000.000000;0.000000;0.000000;0.000000;0.000000;0.000000;2.000000;-23.651878;-318.386322;2022.256470;0.010135;0.000000;0.000000;0.000000;0.000000;2.000000;-33.246483;-454.956726;2015.028320;0.019279;0.000000;0.000000;0.000000;0.000000;2.000000;-23.875580;-660.459961;1979.932251;0.038663;0.000000;0.000000;0.000000;0.000000;2.000000;5.268051;-627.171997;1996.130005;0.034636;0.000000;0.000000;0.000000;0.000000;2.000000;138.480606;-594.217896;2003.213013;0.031795;0.000000;0.000000;0.000000;0.000000;2.000000;172.823944;-370.714447;1863.836182;0.048297;0.000000;0.000000;0.000000;0.000000;2.000000;150.563843;-592.268372;1852.747070;0.046625;0.000000;0.000000;0.000000;0.000000;2.000000;135.791779;-677.674622;1885.226563;0.059380;0.000000;0.000000;0.000000;0.000000;2.000000;123.839706;-680.173950;1988.372070;0.072689;0.000000;0.000000;0.000000;0.000000;2.000000;134.502274;-664.049194;1967.505371;0.046019;0.000000;0.000000;0.000000;0.000000;2.000000;-56.599335;-626.188354;1977.262817;0.036575;0.000000;0.000000;0.000000;0.000000;2.000000;-160.586655;-578.188721;1923.757935;0.049047;0.000000;0.000000;0.000000;0.000000;2.000000;-268.297516;-351.437286;1822.583130;0.119735;0.000000;0.000000;0.000000;0.000000;2.000000;-220.165314;-443.297211;1622.043701;0.219790;0.000000;0.000000;0.000000;0.000000;2.000000;-226.956985;-441.083557;1522.638916;0.315134;0.000000;0.000000;0.000000;0.000000;2.000000;-192.665588;-450.839172;1618.304443;0.341789;0.000000;0.000000;0.000000;0.000000;2.000000;-165.756500;-447.933746;1508.329468;0.230333;0.000000;0.000000;0.000000;0.000000;2.000000;81.659546;-157.376205;2030.973267;0.005189;0.000000;0.000000;0.000000;0.000000;2.000000;263.248993;-10.958466;1724.916992;0.022578;0.000000;0.000000;0.000000;0.000000;2.000000;244.125488;350.539001;1789.763916;0.035235;0.000000;0.000000;0.000000;0.000000;2.000000;299.446808;465.549866;1662.721802;0.055307;0.000000;0.000000;0.000000;0.000000;2.000000;-73.636002;-143.348557;1972.070068;0.004679;0.000000;0.000000;0.000000;0.000000;2.000000;5.436821;56.631287;1653.447754;0.024957;0.000000;0.000000;0.000000;0.000000;2.000000;-124.639183;329.805786;1869.243408;0.030416;0.000000;0.000000;0.000000;0.000000;2.000000;-125.369980;461.148132;1768.255615;0.032229;0.000000;0.000000;0.000000;0.000000;2.000000;-16.662319;-734.490845;1954.776123;0.045428;0.000000;0.000000;0.000000;0.000000;2.000000;85.944000;-734.391907;1839.321411;0.026841;0.000000;0.000000;0.000000;0.000000;2.000000;101.270172;-756.873840;1885.736572;0.033257;0.000000;0.000000;0.000000;0.000000;2.000000;71.430573;-742.303955;2002.982300;0.057886;0.000000;0.000000;0.000000;0.000000;2.000000;69.713196;-779.178040;1853.604980;0.021613;0.000000;0.000000;0.000000;0.000000;2.000000;-30.543125;-826.227173;1913.575073;0.044674;0.000000;0.000000;0.000000;0.000000;2.000000;17764534272.000000
0.000000;-149.999985;2000.000000;0.000000;0.000000;0.000000;0.000000;0.000000;2.000000;-23.708618;-318.406952;2022.238525;0.001922;0.000000;0.000000;0.000000;0.000000;2.000000;-33.380562;-454.996307;2015.081055;0.004560;0.000000;0.000000;0.000000;0.000000;2.000000;-24.305973;-660.605835;1980.344971;0.018734;0.000000;0.000000;0.000000;0.000000;2.000000;4.878624;-627.332642;1996.519897;0.017517;0.000000;0.000000;0.000000;0.000000;2.000000;138.217773;-594.896301;2004.000244;0.032713;0.000000;0.000000;0.000000;0.000000;2.000000;173.074646;-371.760101;1864.087280;0.033698;0.000000;0.000000;0.000000;0.000000;2.000000;150.736389;-593.368591;1853.587158;0.042572;0.000000;0.000000;0.000000;0.000000;2.000000;136.352386;-678.803833;1886.204102;0.048685;0.000000;0.000000;0.000000;0.000000;2.000000;124.371742;-684.568481;1989.230957;0.137609;0.000000;0.000000;0.000000;0.000000;2.000000;131.087311;-667.731689;1965.291260;0.167500;0.000000;0.000000;0.000000;0.000000;2.000000;-56.975548;-626.280273;1977.579712;0.015271;0.000000;0.000000;0.000000;0.000000;2.000000;-160.734741;-577.982178;1923.856079;0.008314;0.000000;0.000000;0.000000;0.000000;2.000000;-267.366180;-351.880432;1820.010010;0.084599;0.000000;0.000000;0.000000;0.000000;2.000000;-219.905914;-447.075256;1620.832275;0.121337;0.000000;0.000000;0.000000;0.000000;2.000000;-227.842987;-447.581451;1521.473633;0.203270;0.000000;0.000000;0.000000;0.000000;2.000000;-192.414673;-454.743530;1616.970459;0.126147;0.000000;0.000000;0.000000;0.000000;2.000000;-166.803772;-453.278015;1507.137695;0.170129;0.000000;0.000000;0.000000;0.000000;2.000000;81.668236;-157.406372;2030.980347;0.000982;0.000000;0.000000;0.000000;0.000000;2.000000;263.264282;-10.820831;1724.935669;0.004264;0.000000;0.000000;0.000000;0.000000;2.000000;244.217957;350.675903;1790.121826;0.012030;0.000000;0.000000;0.000000;0.000000;2.000000;299.664581;466.387817;1663.734131;0.040651;0.000000;0.000000;0.000000;0.000000;2.000000;-73.643852;-143.321335;1972.063721;0.000886;0.000000;0.000000;0.000000;0.000000;2.000000;5.217690;56.751953;1653.377686;0.007928;0.000000;0.000000;0.000000;0.000000;2.000000;-124.632385;329.866943;1869.480713;0.007481;0.000000;0.000000;0.000000;0.000000;2.000000;-125.399567;461.244751;1768.498413;0.008026;0.000000;0.000000;0.000000;0.000000;2.000000;-17.185101;-734.702881;1955.320801;0.023931;0.000000;0.000000;0.000000;0.000000;2.000000;85.916023;-734.986084;1840.276855;0.034347;0.000000;0.000000;0.000000;0.000000;2.000000;101.003670;-757.437134;1886.794434;0.037468;0.000000;0.000000;0.000000;0.000000;2.000000;70.702995;-742.633911;2003.911621;0.037400;0.000000;0.000000;0.000000;0.000000;2.000000;69.528755;-779.724060;1854.558838;0.034010;0.000000;0.000000;0.000000;0.000000;2.000000;-31.090591;-826.482544;1914.187012;0.026242;0.000000;0.000000;0.000000;0.000000;2.000000;17764567040.000000
0.000000;-149.999985;2000.000000;0.000000;0.000000;0.000000;0.000000;0.000000;2.000000;-23.667889;-318.229980;2021.863281;0.012722;0.000000;0.000000;0.000000;0.000000;2.000000;-33.171135;-454.612152;2014.044434;0.034338;0.000000;0.000000;0.000000;0.000000;2.000000;-23.776730;-659.754883;1978.311401;0.069186;0.000000;0.000000;0.000000;0.000000;2.000000;5.300339;-626.569580;1994.677368;0.062207;0.000000;0.000000;0.000000;0.000000;2.000000;138.443542;-593.942932;2001.436646;0.083754;0.000000;0.000000;0.000000;0.000000;2.000000;172.220825;-369.787537;1863.572388;0.067451;0.000000;0.000000;0.000000;0.000000;2.000000;150.899445;-590.321045;1841.255127;0.387697;0.000000;0.000000;0.000000;0.000000;2.000000;135.372437;-675.322266;1874.132202;0.384585;0.000000;0.000000;0.000000;0.000000;2.000000;125.525139;-686.444946;1976.806519;0.385076;0.000000;0.000000;0.000000;0.000000;2.000000;113.852638;-671.322266;1937.427979;1.005826;0.000000;0.000000;0.000000;0.000000;2.000000;-56.446083;-625.505737;1975.679443;0.064675;0.000000;0.000000;0.000000;0.000000;2.000000;-159.641418;-575.997131;1922.367920;0.082738;0.000000;0.000000;0.000000;0.000000;2.000000;-261.917999;-349.576080;1815.808838;0.221421;0.000000;0.000000;0.000000;0.000000;2.000000;-216.975891;-448.629425;1618.274902;0.127812;0.000000;0.000000;0.000000;0.000000;2.000000;-227.704865;-450.931641;1519.337524;0.121327;0.000000;0.000000;0.000000;0.000000;2.000000;-190.784637;-459.743103;1613.982666;0.184574;0.000000;0.000000;0.000000;0.000000;2.000000;-165.598724;-458.063416;1506.532715;0.151725;0.000000;0.000000;0.000000;0.000000;2.000000;81.561058;-157.456009;2030.921631;0.004025;0.000000;0.000000;0.000000;0.000000;2.000000;263.399811;-10.602783;1725.792847;0.027307;0.000000;0.000000;0.000000;0.000000;2.000000;244.552460;350.528992;1790.303223;0.012448;0.000000;0.000000;0.000000;0.000000;2.000000;299.474670;465.830505;1663.652222;0.018141;0.000000;0.000000;0.000000;0.000000;2.000000;-73.547195;-143.276566;1972.116455;0.003627;0.000000;0.000000;0.000000;0.000000;2.000000;4.141029;57.342926;1654.101929;0.043513;0.000000;0.000000;0.000000;0.000000;2.000000;-124.707428;330.355347;1870.085938;0.023844;0.000000;0.000000;0.000000;0.000000;2.000000;-125.254730;461.391357;1769.018799;0.017081;0.000000;0.000000;0.000000;0.000000;2.000000;-16.527916;-733.614136;1952.950195;0.082098;0.000000;0.000000;0.000000;0.000000;2.000000;89.754311;-736.837097;1841.167236;0.132853;0.000000;0.000000;0.000000;0.000000;2.000000;103.074348;-758.987183;1888.282471;0.091066;0.000000;0.000000;0.000000;0.000000;2.000000;69.633904;-742.425720;2004.134766;0.033929;0.000000;0.000000;0.000000;0.000000;2.000000;72.237602;-781.083801;1855.409302;0.096070;0.000000;0.000000;0.000000;0.000000;2.000000;-30.717655;-825.481079;1912.445557;0.062354;0.000000;0.000000;0.000000;0.000000;2.000000;17764599808.000000
0.000000;-150.000000;2000.000000;0.000000;0.000000;0.000000;0.000000;0.000000;2.000000;-23.624462;-318.209991;2022.003296;0.004515;0.000000;0.000000;0.000000;0.000000;2.000000;-33.162182;-454.599030;2014.458740;0.012653;0.000000;0.000000;0.000000;0.000000;2.000000;-23.900372;-659.819702;1979.196411;0.027342;0.000000;0.000000;0.000000;0.000000;2.000000;5.205200;-626.612671;1995.461426;0.024139;0.000000;0.000000;0.000000;0.000000;2.000000;138.484787;-594.618652;2002.427124;0.036613;0.000000;0.000000;0.000000;0.000000;2.000000;172.659775;-370.222290;1865.076782;0.049631;0.000000;0.000000;0.000000;0.000000;2.000000;151.127090;-590.694458;1842.459106;0.039091;0.000000;0.000000;0.000000;0.000000;2.000000;136.646973;-676.374634;1874.013184;0.050572;0.000000;0.000000;0.000000;0.000000;2.000000;126.649582;-692.052063;1976.071899;0.175957;0.000000;0.000000;0.000000;0.000000;2.000000;95.440140;-686.035950;1887.703369;1.679313;0.000000;0.000000;0.000000;0.000000;2.000000;-56.553043;-625.561768;1976.511230;0.025650;0.000000;0.000000;0.000000;0.000000;2.000000;-159.877548;-575.872742;1923.633057;0.039459;0.000000;0.000000;0.000000;0.000000;2.000000;-262.106628;-348.919464;1818.197632;0.075823;0.000000;0.000000;0.000000;0.000000;2.000000;-217.206421;-449.488770;1621.433350;0.100140;0.000000;0.000000;0.000000;0.000000;2.000000;-228.730743;-454.848175;1522.708496;0.160776;0.000000;0.000000;0.000000;0.000000;2.000000;-182.237503;-462.874817;1613.104736;0.279085;0.000000;0.000000;0.000000;0.000000;2.000000;-165.338959;-458.308136;1511.481934;0.151430;0.000000;0.000000;0.000000;0.000000;2.000000;81.567780;-157.413528;2030.902954;0.001431;0.000000;0.000000;0.000000;0.000000;2.000000;263.369568;-10.485809;1725.809814;0.003723;0.000000;0.000000;0.000000;0.000000;2.000000;244.473953;350.645996;1790.210938;0.005140;0.000000;0.000000;0.000000;0.000000;2.000000;299.864746;467.085632;1664.822998;0.053716;0.000000;0.000000;0.000000;0.000000;2.000000;-73.553261;-143.314911;1972.133423;0.001293;0.000000;0.000000;0.000000;0.000000;2.000000;4.087646;56.873993;1653.856934;0.016228;0.000000;0.000000;0.000000;0.000000;2.000000;-124.878601;330.136414;1869.425171;0.021876;0.000000;0.000000;0.000000;0.000000;2.000000;-125.179352;460.776917;1767.858521;0.040133;0.000000;0.000000;0.000000;0.000000;2.000000;-16.709461;-733.738037;1954.002441;0.032805;0.000000;0.000000;0.000000;0.000000;2.000000;89.372208;-736.948242;1842.038330;0.029226;0.000000;0.000000;0.000000;0.000000;2.000000;102.798248;-759.042725;1889.146729;0.027740;0.000000;0.000000;0.000000;0.000000;2.000000;69.548416;-742.416199;2005.038818;0.027714;0.000000;0.000000;0.000000;0.000000;2.000000;71.927246;-781.198608;1856.348999;0.030403;0.000000;0.000000;0.000000;0.000000;2.000000;-30.875923;-825.650391;1913.604248;0.036061;0.000000;0.000000;0.000000;0.000000;2.000000;17764632576.000000
0.000000;-150.000015;2000.000000;0.000000;0.000000;0.000000;0.000000;0.000000;2.000000;-23.795235;-318.161804;2022.052490;0.005289;0.000000;0.000000;0.000000;0.000000;2.000000;-33.539509;-454.533936;2014.721924;0.013345;0.000000;0.000000;0.000000;0.000000;2.000000;-24.989105;-659.846436;1979.943481;0.037933;0.000000;0.000000;0.000000;0.000000;2.000000;4.206879;-626.717163;1996.191040;0.035642;0.000000;0.000000;0.000000;0.000000;2.000000;137.818130;-596.032227;2002.374634;0.044915;0.000000;0.000000;0.000000;0.000000;2.000000;173.226563;-372.612396;1863.802246;0.079485;0.000000;0.000000;0.000000;0.000000;2.000000;149.350296;-593.083984;1843.920044;0.095267;0.000000;0.000000;0.000000;0.000000;2.000000;131.690659;-678.043213;1875.775391;0.158507;0.000000;0.000000;0.000000;0.000000;2.000000;120.942474;-694.120605;1977.684692;0.180406;0.000000;0.000000;0.000000;0.000000;2.000000;88.732178;-684.522095;1889.472656;0.203947;0.000000;0.000000;0.000000;0.000000;2.000000;-57.502274;-625.474243;1977.115356;0.032415;0.000000;0.000000;0.000000;0.000000;2.000000;-160.246765;-575.249268;1923.647217;0.020816;0.000000;0.000000;0.000000;0.000000;2.000000;-259.216614;-347.774506;1816.313232;0.104409;0.000000;0.000000;0.000000;0.000000;2.000000;-214.134567;-449.785461;1620.360596;0.093844;0.000000;0.000000;0.000000;0.000000;2.000000;-226.278564;-457.043121;1521.841797;0.097750;0.000000;0.000000;0.000000;0.000000;2.000000;-169.441315;-466.840942;1605.918579;0.436650;0.000000;0.000000;0.000000;0.000000;2.000000;-164.837646;-458.085388;1510.974487;0.021464;0.000000;0.000000;0.000000;0.000000;2.000000;81.553574;-157.488174;2030.897339;0.002188;0.000000;0.000000;0.000000;0.000000;2.000000;263.071991;-10.879761;1725.531128;0.016284;0.000000;0.000000;0.000000;0.000000;2.000000;244.792175;350.300842;1789.623047;0.021609;0.000000;0.000000;0.000000;0.000000;2.000000;300.251068;466.845093;1664.388916;0.018064;0.000000;0.000000;0.000000;0.000000;2.000000;-73.540436;-143.247620;1972.138428;0.001973;0.000000;0.000000;0.000000;0.000000;2.000000;4.508400;56.757904;1653.893555;0.012581;0.000000;0.000000;0.000000;0.000000;2.000000;-124.311157;330.253479;1869.188721;0.017974;0.000000;0.000000;0.000000;0.000000;2.000000;-124.729073;461.400818;1768.305420;0.025557;0.000000;0.000000;0.000000;0.000000;2.000000;-18.029648;-733.840759;1954.932861;0.046484;0.000000;0.000000;0.000000;0.000000;2.000000;89.740997;-736.398499;1844.598389;0.075950;0.000000;0.000000;0.000000;0.000000;2.000000;102.442749;-758.772461;1891.769409;0.076414;0.000000;0.000000;0.000000;0.000000;2.000000;67.428513;-742.832947;2007.224609;0.088273;0.000000;0.000000;0.000000;0.000000;2.000000;72.079193;-780.726440;1858.375610;0.059927;0.000000;0.000000;0.000000;0.000000;2.000000;-31.578968;-825.499878;1913.780762;0.021264;0.000000;0.000000;0.000000;0.000000;2.000000;17764667392.000000
0.000000;-150.000000;2000.000000;0.000000;0.000000;0.000000;0.000000;0.000000;2.000000;-24.097122;-317.852539;2021.923706;0.013762;0.000000;0.000000;0.000000;0.000000;2.000000;-34.116859;-453.979736;2014.558105;0.024929;0.000000;0.000000;0.000000;0.000000;2.000000;-26.257561;-658.895569;1979.305176;0.052153;0.000000;0.000000;0.000000;0.000000;2.000000;2.979729;-625.969482;1995.669922;0.046648;0.000000;0.000000;0.000000;0.000000;2.000000;137.139587;-598.407715;1999.160767;0.123708;0.000000;0.000000;0.000000;0.000000;2.000000;172.291138;-374.410522;1862.288818;0.077196;0.000000;0.000000;0.000000;0.000000;2.000000;144.572205;-594.250488;1844.556763;0.151351;0.000000;0.000000;0.000000;0.000000;2.000000;126.328369;-679.709229;1874.237549;0.177671;0.000000;0.000000;0.000000;0.000000;2.000000;121.197708;-694.981445;1976.536499;0.044482;0.000000;0.000000;0.000000;0.000000;2.000000;88.607010;-689.328125;1894.587036;0.214212;0.000000;0.000000;0.000000;0.000000;2.000000;-58.587780;-624.453979;1976.511353;0.049057;0.000000;0.000000;0.000000;0.000000;2.000000;-160.696350;-573.642395;1922.862793;0.056267;0.000000;0.000000;0.000000;0.000000;2.000000;-255.338959;-344.994232;1815.223389;0.149361;0.000000;0.000000;0.000000;0.000000;2.000000;-210.229782;-445.185852;1618.759521;0.190502;0.000000;0.000000;0.000000;0.000000;2.000000;-226.338577;-457.343811;1521.462646;0.014881;0.000000;0.000000;0.000000;0.000000;2.000000;-167.198853;-470.766968;1603.218384;0.160713;0.000000;0.000000;0.000000;0.000000;2.000000;-161.319794;-456.476715;1515.136719;0.173407;0.000000;0.000000;0.000000;0.000000;2.000000;81.410385;-157.660492;2030.830566;0.007135;0.000000;0.000000;0.000000;0.000000;2.000000;261.708557;-11.182251;1725.463135;0.042671;0.000000;0.000000;0.000000;0.000000;2.000000;245.374939;349.536316;1789.270264;0.031250;0.000000;0.000000;0.000000;0.000000;2.000000;300.625549;466.547852;1664.800659;0.019256;0.000000;0.000000;0.000000;0.000000;2.000000;-73.411331;-143.092194;1972.198730;0.006435;0.000000;0.000000;0.000000;0.000000;2.000000;5.548370;56.721436;1654.809814;0.042313;0.000000;0.000000;0.000000;0.000000;2.000000;-124.027588;329.584351;1869.415527;0.023233;0.000000;0.000000;0.000000;0.000000;2.000000;-123.969650;461.693054;1770.239990;0.064048;0.000000;0.000000;0.000000;0.000000;2.000000;-19.529625;-732.727783;1954.151123;0.061792;0.000000;0.000000;0.000000;0.000000;2.000000;90.338379;-732.617920;1846.231812;0.126998;0.000000;0.000000;0.000000;0.000000;2.000000;102.118149;-755.906494;1893.099243;0.096927;0.000000;0.000000;0.000000;0.000000;2.000000;64.718857;-742.541748;2007.923462;0.085859;0.000000;0.000000;0.000000;0.000000;2.000000;72.580505;-777.209351;1858.680908;0.108817;0.000000;0.000000;0.000000;0.000000;2.000000;-31.876419;-823.390869;1910.874023;0.109971;0.000000;0.000000;0.000000;0.000000;2.000000;17764700160.000000
0.000000;-150.000000;2000.000000;0.000000;0.000000;0.000000;0.000000;0.000000;2.000000;-24.096947;-317.757416;2021.945923;0.002981;0.000000;0.000000;0.000000;0.000000;2.000000;-34.141373;-453.814026;2014.653320;0.005880;0.000000;0.000000;0.000000;0.000000;2.000000;-26.378525;-658.634766;1979.476563;0.010214;0.000000;0.000000;0.000000;0.000000;2.000000;2.861450;-625.732910;1995.814087;0.009193;0.000000;0.000000;0.000000;0.000000;2.000000;136.970734;-598.251465;1999.021973;0.008199;0.000000;0.000000;0.000000;0.000000;2.000000;172.046661;-374.251251;1862.407227;0.009610;0.000000;0.000000;0.000000;0.000000;2.000000;144.051422;-593.941162;1844.724854;0.019184;0.000000;0.000000;0.000000;0.000000;2.000000;124.756493;-679.260254;1873.987915;0.050467;0.000000;0.000000;0.000000;0.000000;2.000000;118.600182;-696.049683;1975.936401;0.087647;0.000000;0.000000;0.000000;0.000000;2.000000;86.407372;-687.896667;1894.647461;0.080112;0.000000;0.000000;0.000000;0.000000;2.000000;-58.678837;-624.199463;1976.684204;0.009792;0.000000;0.000000;0.000000;0.000000;2.000000;-160.698944;-573.200623;1923.202148;0.017001;0.000000;0.000000;0.000000;0.000000;2.000000;-254.842804;-344.198395;1816.238037;0.042166;0.000000;0.000000;0.000000;0.000000;2.000000;-210.006165;-444.203857;1619.753418;0.043182;0.000000;0.000000;0.000000;0.000000;2.000000;-227.283844;-457.487183;1522.858887;0.051642;0.000000;0.000000;0.000000;0.000000;2.000000;-165.847305;-470.181824;1602.953369;0.045667;0.000000;0.000000;0.000000;0.000000;2.000000;-162.129501;-454.690582;1516.341431;0.070238;0.000000;0.000000;0.000000;0.000000;2.000000;81.370689;-157.658340;2030.804688;0.001448;0.000000;0.000000;0.000000;0.000000;2.000000;261.616394;-11.326599;1725.591309;0.006528;0.000000;0.000000;0.000000;0.000000;2.000000;245.371490;349.243774;1789.142822;0.009739;0.000000;0.000000;0.000000;0.000000;2.000000;300.525391;465.911621;1664.445068;0.022452;0.000000;0.000000;0.000000;0.000000;2.000000;-73.375534;-143.094131;1972.221924;0.001303;0.000000;0.000000;0.000000;0.000000;2.000000;5.216034;56.744110;1655.002197;0.011739;0.000000;0.000000;0.000000;0.000000;2.000000;-124.170105;329.083740;1870.047974;0.024997;0.000000;0.000000;0.000000;0.000000;2.000000;-124.782913;461.871399;1771.932495;0.057562;0.000000;0.000000;0.000000;0.000000;2.000000;-19.691307;-732.437866;1954.355225;0.011892;0.000000;0.000000;0.000000;0.000000;2.000000;90.999397;-732.639221;1847.397461;0.040900;0.000000;0.000000;0.000000;0.000000;2.000000;102.324394;-755.943542;1894.336670;0.038301;0.000000;0.000000;0.000000;0.000000;2.000000;64.041679;-742.472900;2008.788696;0.033596;0.000000;0.000000;0.000000;0.000000;2.000000;73.027199;-777.157104;1859.697021;0.033911;0.000000;0.000000;0.000000;0.000000;2.000000;-31.925091;-823.022705;1911.007446;0.012042;0.000000;0.000000;0.000000;0.000000;2.000000;17764732928.000000
0.000000;-149.999985;2000.000000;0.000000;0.000000;0.000000;0.000000;0.000000;2.000000;-24.225159;-317.687378;2022.018921;0.004984;0.000000;0.000000;0.000000;0.000000;2.000000;-34.438889;-453.709198;2014.933350;0.012873;0.000000;0.000000;0.000000;0.000000;2.000000;-27.762432;-658.501343;1979.663940;0.042813;0.000000;0.000000;0.000000;0.000000;2.000000;1.647362;-625.769165;1996.004761;0.037521;0.000000;0.000000;0.000000;0.000000;2.000000;136.176544;-600.486816;1998.122070;0.077429;0.000000;0.000000;0.000000;0.000000;2.000000;171.878601;-375.832855;1862.873535;0.050582;0.000000;0.000000;0.000000;0.000000;2.000000;141.715759;-595.129517;1844.559937;0.080132;0.000000;0.000000;0.000000;0.000000;2.000000;120.523430;-680.589294;1871.971191;0.148732;0.000000;0.000000;0.000000;0.000000;2.000000;113.156334;-700.701904;1973.210205;0.233835;0.000000;0.000000;0.000000;0.000000;2.000000;82.906700;-688.697876;1896.043823;0.117588;0.000000;0.000000;0.000000;0.000000;2.000000;-59.874699;-623.904053;1976.898315;0.038155;0.000000;0.000000;0.000000;0.000000;2.000000;-161.422256;-571.642029;1923.809448;0.055616;0.000000;0.000000;0.000000;0.000000;2.000000;-252.324860;-340.166656;1819.563843;0.177044;0.000000;0.000000;0.000000;0.000000;2.000000;-207.568329;-440.489471;1623.284912;0.173202;0.000000;0.000000;0.000000;0.000000;2.000000;-229.010193;-460.195038;1528.360352;0.194402;0.000000;0.000000;0.000000;0.000000;2.000000;-160.875839;-468.510925;1603.422119;0.160695;0.000000;0.000000;0.000000;0.000000;2.000000;-155.334244;-452.184662;1524.438843;0.331538;0.000000;0.000000;0.000000;0.000000;2.000000;81.354271;-157.711884;2030.774902;0.001936;0.000000;0.000000;0.000000;0.000000;2.000000;261.895050;-11.477966;1725.805420;0.011677;0.000000;0.000000;0.000000;0.000000;2.000000;245.854340;349.097107;1788.870117;0.017505;0.000000;0.000000;0.000000;0.000000;2.000000;300.791168;466.066467;1664.421631;0.009414;0.000000;0.000000;0.000000;0.000000;2.000000;-73.360725;-143.045822;1972.248779;0.001746;0.000000;0.000000;0.000000;0.000000;2.000000;5.601921;56.234650;1654.881958;0.019846;0.000000;0.000000;0.000000;0.000000;2.000000;-123.766266;329.291565;1868.872559;0.038456;0.000000;0.000000;0.000000;0.000000;2.000000;-124.141266;461.529541;1770.082886;0.060650;0.000000;0.000000;0.000000;0.000000;2.000000;-21.471249;-732.308472;1954.511230;0.054671;0.000000;0.000000;0.000000;0.000000;2.000000;91.175514;-731.804199;1849.670898;0.074107;0.000000;0.000000;0.000000;0.000000;2.000000;101.524055;-755.660278;1896.543579;0.072161;0.000000;0.000000;0.000000;0.000000;2.000000;61.166649;-743.282471;2010.373535;0.103188;0.000000;0.000000;0.000000;0.000000;2.000000;72.804344;-776.367615;1861.139893;0.050652;0.000000;0.000000;0.000000;0.000000;2.000000;-33.246181;-822.341675;1909.960693;0.055478;0.000000;0.000000;0.000000;0.000000;2.000000;17764765696.000000
0.000000;-150.000000;2000.000000;0.000000;0.000000;0.000000;0.000000;0.000000;2.000000;-24.560017;-316.991425;2022.625000;0.028198;0.000000;0.000000;0.000000;0.000000;2.000000;-35.754845;-452.568146;2017.244385;0.083120;0.000000;0.000000;0.000000;0.000000;2.000000;-30.487701;-656.092285;1978.542603;0.109327;0.000000;0.000000;0.000000;0.000000;2.000000;-1.227066;-624.103882;1996.138184;0.095492;0.000000;0.000000;0.000000;0.000000;2.000000;133.283615;-601.158936;1996.843994;0.092868;0.000000;0.000000;0.000000;0.000000;2.000000;165.208130;-376.446045;1862.432861;0.192816;0.000000;0.000000;0.000000;0.000000;2.000000;132.929031;-595.150269;1850.499512;0.304628;0.000000;0.000000;0.000000;0.000000;2.000000;116.856873;-683.136353;1871.683960;0.128494;0.000000;0.000000;0.000000;0.000000;2.000000;91.696396;-716.585449;1965.953125;0.794673;0.000000;0.000000;0.000000;0.000000;2.000000;79.870041;-693.345642;1909.815063;0.426477;0.000000;0.000000;0.000000;0.000000;2.000000;-62.034481;-621.197754;1975.630981;0.105903;0.000000;0.000000;0.000000;0.000000;2.000000;-162.261841;-566.768921;1923.184570;0.143159;0.000000;0.000000;0.000000;0.000000;2.000000;-253.685287;-335.440948;1821.359741;0.150370;0.000000;0.000000;0.000000;0.000000;2.000000;-209.223450;-406.789307;1613.520264;1.008885;0.000000;0.000000;0.000000;0.000000;2.000000;-218.218643;-452.637482;1526.274658;0.383123;0.000000;0.000000;0.000000;0.000000;2.000000;-157.384949;-493.990997;1596.043579;0.768486;0.000000;0.000000;0.000000;0.000000;2.000000;-165.668152;-445.711090;1530.949951;0.397047;0.000000;0.000000;0.000000;0.000000;2.000000;81.339142;-157.904968;2029.950562;0.024322;0.000000;0.000000;0.000000;0.000000;2.000000;264.044922;-10.847198;1728.248779;0.095217;0.000000;0.000000;0.000000;0.000000;2.000000;243.571243;348.699219;1788.947144;0.066601;0.000000;0.000000;0.000000;0.000000;2.000000;299.977722;466.333618;1666.640991;0.068325;0.000000;0.000000;0.000000;0.000000;2.000000;-73.347076;-142.871750;1972.992188;0.021934;0.000000;0.000000;0.000000;0.000000;2.000000;3.565086;55.107697;1655.808105;0.071958;0.000000;0.000000;0.000000;0.000000;2.000000;-125.728165;328.029297;1867.928589;0.072284;0.000000;0.000000;0.000000;0.000000;2.000000;-124.739441;462.352539;1772.924316;0.086687;0.000000;0.000000;0.000000;0.000000;2.000000;-24.411461;-729.264038;1952.294189;0.137234;0.000000;0.000000;0.000000;0.000000;2.000000;90.017380;-729.996582;1850.153320;0.063199;0.000000;0.000000;0.000000;0.000000;2.000000;98.909256;-754.356018;1896.866699;0.084439;0.000000;0.000000;0.000000;0.000000;2.000000;56.558479;-742.216492;2009.572266;0.137789;0.000000;0.000000;0.000000;0.000000;2.000000;70.646790;-774.157104;1860.812378;0.089218;0.000000;0.000000;0.000000;0.000000;2.000000;-36.887741;-818.392090;1906.868652;0.178035;0.000000;0.000000;0.000000;0.000000;2.000000;17764800512.000000
0.000000;-150.000015;2000.000000;0.000000;0.000000;0.000000;0.000000;0.000000;2.000000;-24.557537;-316.990143;2022.624390;0.000087;0.000000;0.000000;0.000000;0.000000;2.000000;-35.749603;-452.565735;2017.242432;0.000186;0.000000;0.000000;0.000000;0.000000;2.000000;-30.472458;-656.087646;1978.541260;0.000488;0.000000;0.000000;0.000000;0.000000;2.000000;-1.214363;-624.098389;1996.138306;0.000422;0.000000;0.000000;0.000000;0.000000;2.000000;133.293137;-601.143188;1996.848267;0.000577;0.000000;0.000000;0.000000;0.000000;2.000000;165.212112;-376.433380;1862.435669;0.000414;0.000000;0.000000;0.000000;0.000000;2.000000;132.942795;-595.137329;1850.511353;0.000680;0.000000;0.000000;0.000000;0.000000;2.000000;116.867706;-683.119751;1871.705078;0.000884;0.000000;0.000000;0.000000;0.000000;2.000000;91.700241;-716.575806;1965.968750;0.000572;0.000000;0.000000;0.000000;0.000000;2.000000;79.894119;-693.313721;1909.890137;0.002596;0.000000;0.000000;0.000000;0.000000;2.000000;-62.020096;-621.194702;1975.627930;0.000458;0.000000;0.000000;0.000000;0.000000;2.000000;-162.240936;-566.770020;1923.167603;0.000822;0.000000;0.000000;0.000000;0.000000;2.000000;-253.630325;-335.445099;1821.312378;0.002218;0.000000;0.000000;0.000000;0.000000;2.000000;-209.125671;-406.821228;1613.493896;0.003240;0.000000;0.000000;0.000000;0.000000;2.000000;-218.056015;-452.679535;1526.248291;0.005189;0.000000;0.000000;0.000000;0.000000;2.000000;-157.299164;-494.061371;1596.065674;0.003453;0.000000;0.000000;0.000000;0.000000;2.000000;-165.495377;-445.797791;1530.977295;0.005958;0.000000;0.000000;0.000000;0.000000;2.000000;81.337997;-157.903625;2029.951416;0.000060;0.000000;0.000000;0.000000;0.000000;2.000000;264.039520;-10.846985;1728.251343;0.000183;0.000000;0.000000;0.000000;0.000000;2.000000;243.562592;348.696655;1788.944092;0.000291;0.000000;0.000000;0.000000;0.000000;2.000000;299.965942;466.311890;1666.620605;0.000978;0.000000;0.000000;0.000000;0.000000;2.000000;-73.346046;-142.872986;1972.991455;0.000054;0.000000;0.000000;0.000000;0.000000;2.000000;3.572273;55.103668;1655.811523;0.000272;0.000000;0.000000;0.000000;0.000000;2.000000;-125.730835;328.021057;1867.925049;0.000286;0.000000;0.000000;0.000000;0.000000;2.000000;-124.740402;462.340698;1772.918579;0.000403;0.000000;0.000000;0.000000;0.000000;2.000000;-24.391953;-729.258423;1952.293457;0.000620;0.000000;0.000000;0.000000;0.000000;2.000000;90.040054;-729.986084;1850.158203;0.000777;0.000000;0.000000;0.000000;0.000000;2.000000;98.930817;-754.345215;1896.871338;0.000749;0.000000;0.000000;0.000000;0.000000;2.000000;56.575279;-742.207886;2009.574097;0.000579;0.000000;0.000000;0.000000;0.000000;2.000000;70.670898;-774.146973;1860.816162;0.000806;0.000000;0.000000;0.000000;0.000000;2.000000;-36.862816;-818.385803;1906.867188;0.000786;0.000000;0.000000;0.000000;0.000000;2.000000;17764833280.000000
0.000000;-150.000015;2000.000000;0.000000;0.000000;0.000000;0.000000;0.000000;2.000000;-24.555519;-316.992188;2022.605469;0.000584;0.000000;0.000000;0.000000;0.000000;2.000000;-35.733971;-452.566498;2017.180664;0.001945;0.000000;0.000000;0.000000;0.000000;2.000000;-30.427906;-656.066895;1978.375854;0.005266;0.000000;0.000000;0.000000;0.000000;2.000000;-1.177750;-624.084351;1995.997681;0.004455;0.000000;0.000000;0.000000;0.000000;2.000000;133.324890;-601.104919;1996.721069;0.004168;0.000000;0.000000;0.000000;0.000000;2.000000;165.304382;-376.305481;1862.475342;0.004963;0.000000;0.000000;0.000000;0.000000;2.000000;132.974457;-594.992065;1850.417969;0.005358;0.000000;0.000000;0.000000;0.000000;2.000000;116.696724;-682.940796;1871.594971;0.008267;0.000000;0.000000;0.000000;0.000000;2.000000;91.321449;-716.415405;1965.795654;0.013620;0.000000;0.000000;0.000000;0.000000;2.000000;79.495888;-692.805908;1909.992798;0.019942;0.000000;0.000000;0.000000;0.000000;2.000000;-61.977661;-621.175415;1975.471558;0.004980;0.000000;0.000000;0.000000;0.000000;2.000000;-162.145172;-566.708923;1922.954224;0.007377;0.000000;0.000000;0.000000;0.000000;2.000000;-253.252991;-335.258575;1821.135010;0.013939;0.000000;0.000000;0.000000;0.000000;2.000000;-208.594086;-406.327484;1613.245605;0.023402;0.000000;0.000000;0.000000;0.000000;2.000000;-217.246643;-451.682617;1525.709961;0.042492;0.000000;0.000000;0.000000;0.000000;2.000000;-156.811462;-493.369263;1595.624512;0.029136;0.000000;0.000000;0.000000;0.000000;2.000000;-164.696869;-444.865234;1530.663574;0.038671;0.000000;0.000000;0.000000;0.000000;2.000000;81.335762;-157.905029;2029.955933;0.000160;0.000000;0.000000;0.000000;0.000000;2.000000;264.031403;-10.820068;1728.268311;0.001002;0.000000;0.000000;0.000000;0.000000;2.000000;243.548706;348.716370;1788.990845;0.001605;0.000000;0.000000;0.000000;0.000000;2.000000;299.956268;466.356140;1666.694092;0.002634;0.000000;0.000000;0.000000;0.000000;2.000000;-73.344032;-142.871735;1972.987305;0.000146;0.000000;0.000000;0.000000;0.000000;2.000000;3.594566;55.136993;1655.834351;0.001408;0.000000;0.000000;0.000000;0.000000;2.000000;-125.729462;328.031250;1867.961914;0.001168;0.000000;0.000000;0.000000;0.000000;2.000000;-124.730927;462.353943;1772.961060;0.001388;0.000000;0.000000;0.000000;0.000000;2.000000;-24.333542;-729.223206;1952.092041;0.006490;0.000000;0.000000;0.000000;0.000000;2.000000;90.050133;-729.854614;1849.903320;0.008758;0.000000;0.000000;0.000000;0.000000;2.000000;98.970131;-754.239136;1896.597412;0.009044;0.000000;0.000000;0.000000;0.000000;2.000000;56.664124;-742.182800;2009.326660;0.008060;0.000000;0.000000;0.000000;0.000000;2.000000;70.699364;-774.027588;1860.543701;0.009119;0.000000;0.000000;0.000000;0.000000;2.000000;-36.798843;-818.326416;1906.618164;0.008053;0.000000;0.000000;0.000000;0.000000;2.000000;17764866048.000000
0.000000;-150.000000;2000.000000;0.000000;0.000000;0.000000;0.000000;0.000000;2.000000;-24.499378;-317.012512;2022.483887;0.003890;0.000000;0.000000;0.000000;0.000000;2.000000;-35.524792;-452.581573;2016.710449;0.014788;0.000000;0.000000;0.000000;0.000000;2.000000;-29.813602;-655.888428;1976.987183;0.043915;0.000000;0.000000;0.000000;0.000000;2.000000;-0.653908;-623.942444;1994.820801;0.037224;0.000000;0.000000;0.000000;0.000000;2.000000;133.766907;-600.512817;1995.664185;0.037039;0.000000;0.000000;0.000000;0.000000;2.000000;165.873596;-374.782043;1863.034180;0.049392;0.000000;0.000000;0.000000;0.000000;2.000000;133.406769;-593.387939;1850.020264;0.049066;0.000000;0.000000;0.000000;0.000000;2.000000;115.304604;-680.925781;1871.407715;0.070551;0.000000;0.000000;0.000000;0.000000;2.000000;88.454384;-714.457275;1965.175659;0.101300;0.000000;0.000000;0.000000;0.000000;2.000000;77.105629;-687.357910;1913.885132;0.204201;0.000000;0.000000;0.000000;0.000000;2.000000;-61.410439;-621.033936;1974.171509;0.040942;0.000000;0.000000;0.000000;0.000000;2.000000;-161.269485;-566.268066;1921.386230;0.053115;0.000000;0.000000;0.000000;0.000000;2.000000;-250.869354;-333.428223;1821.431885;0.086740;0.000000;0.000000;0.000000;0.000000;2.000000;-205.483856;-399.349426;1612.015381;0.222261;0.000000;0.000000;0.000000;0.000000;2.000000;-211.532593;-438.410706;1521.287231;0.434036;0.000000;0.000000;0.000000;0.000000;2.000000;-154.478241;-482.539429;1592.527588;0.330395;0.000000;0.000000;0.000000;0.000000;2.000000;-159.298920;-431.692261;1528.287598;0.414550;0.000000;0.000000;0.000000;0.000000;2.000000;81.320274;-157.890930;2029.995483;0.001285;0.000000;0.000000;0.000000;0.000000;2.000000;263.950775;-10.591156;1728.385254;0.007738;0.000000;0.000000;0.000000;0.000000;2.000000;243.366180;348.905273;1789.255615;0.010712;0.000000;0.000000;0.000000;0.000000;2.000000;299.748962;466.511292;1666.921631;0.009901;0.000000;0.000000;0.000000;0.000000;2.000000;-73.330063;-142.884415;1972.951782;0.001155;0.000000;0.000000;0.000000;0.000000;2.000000;3.835602;55.324432;1655.990723;0.009853;0.000000;0.000000;0.000000;0.000000;2.000000;-125.839546;327.986389;1868.186523;0.007299;0.000000;0.000000;0.000000;0.000000;2.000000;-124.803459;462.423218;1773.354980;0.011675;0.000000;0.000000;0.000000;0.000000;2.000000;-23.545971;-728.912109;1950.383057;0.054781;0.000000;0.000000;0.000000;0.000000;2.000000;90.620277;-729.023560;1847.955322;0.062996;0.000000;0.000000;0.000000;0.000000;2.000000;99.669579;-753.565918;1894.540039;0.065341;0.000000;0.000000;0.000000;0.000000;2.000000;57.586494;-741.975281;2007.398315;0.061685;0.000000;0.000000;0.000000;0.000000;2.000000;71.349144;-773.258850;1858.474854;0.066082;0.000000;0.000000;0.000000;0.000000;2.000000;-35.992233;-817.862976;1904.612061;0.063514;0.000000;0.000000;0.000000;0.000000;2.000000;17764900864.000000
0.000000;-150.000000;2000.000000;0.000000;0.000000;0.000000;0.000000;0.000000;2.000000;-24.499123;-317.012970;2022.483398;0.000022;0.000000;0.000000;0.000000;0.000000;2.000000;-35.523903;-452.582306;2016.708740;0.000063;0.000000;0.000000;0.000000;0.000000;2.000000;-29.811756;-655.888977;1976.982300;0.000160;0.000000;0.000000;0.000000;0.000000;2.000000;-0.652405;-623.943176;1994.817017;0.000126;0.000000;0.000000;0.000000;0.000000;2.000000;133.768738;-600.514038;1995.663696;0.000069;0.000000;0.000000;0.000000;0.000000;2.000000;165.886902;-374.773804;1863.051514;0.000713;0.000000;0.000000;0.000000;0.000000;2.000000;133.411530;-593.377991;1850.022949;0.000346;0.000000;0.000000;0.000000;0.000000;2.000000;115.292809;-680.913452;1871.406738;0.000522;0.000000;0.000000;0.000000;0.000000;2.000000;88.425957;-714.449524;1965.168579;0.000925;0.000000;0.000000;0.000000;0.000000;2.000000;77.080360;-687.319336;1913.905273;0.001536;0.000000;0.000000;0.000000;0.000000;2.000000;-61.408600;-621.034302;1974.166504;0.000163;0.000000;0.000000;0.000000;0.000000;2.000000;-161.264160;-566.265259;1921.377197;0.000331;0.000000;0.000000;0.000000;0.000000;2.000000;-250.845734;-333.412994;1821.433838;0.000860;0.000000;0.000000;0.000000;0.000000;2.000000;-205.452301;-399.296967;1612.006836;0.001886;0.000000;0.000000;0.000000;0.000000;2.000000;-211.471252;-438.315857;1521.258301;0.003558;0.000000;0.000000;0.000000;0.000000;2.000000;-154.432175;-482.451111;1592.507080;0.003104;0.000000;0.000000;0.000000;0.000000;2.000000;-159.244385;-431.578003;1528.274170;0.003885;0.000000;0.000000;0.000000;0.000000;2.000000;81.320335;-157.890823;2029.995972;0.000015;0.000000;0.000000;0.000000;0.000000;2.000000;263.950867;-10.589447;1728.385498;0.000053;0.000000;0.000000;0.000000;0.000000;2.000000;243.365448;348.907532;1789.257080;0.000085;0.000000;0.000000;0.000000;0.000000;2.000000;299.748230;466.513672;1666.922485;0.000080;0.000000;0.000000;0.000000;0.000000;2.000000;-73.330109;-142.884506;1972.951416;0.000012;0.000000;0.000000;0.000000;0.000000;2.000000;3.837242;55.325134;1655.990234;0.000056;0.000000;0.000000;0.000000;0.000000;2.000000;-125.840103;327.987671;1868.185303;0.000057;0.000000;0.000000;0.000000;0.000000;2.000000;-124.803345;462.423584;1773.351807;0.000098;0.000000;0.000000;0.000000;0.000000;2.000000;-23.543491;-728.912354;1950.377075;0.000198;0.000000;0.000000;0.000000;0.000000;2.000000;90.627357;-729.032349;1847.953857;0.000347;0.000000;0.000000;0.000000;0.000000;2.000000;99.673332;-753.574219;1894.539795;0.000278;0.000000;0.000000;0.000000;0.000000;2.000000;57.585976;-741.978760;2007.396240;0.000125;0.000000;0.000000;0.000000;0.000000;2.000000;71.353279;-773.266418;1858.473633;0.000266;0.000000;0.000000;0.000000;0.000000;2.000000;-35.992764;-817.863708;1904.607422;0.000144;0.000000;0.000000;0.000000;0.000000;2.000000;17764933632.000000
0.000000;-150.000000;2000.000000;0.000000;0.000000;0.000000;0.000000;0.000000;2.000000;-24.440907;-317.060455;2022.442139;0.002616;0.000000;0.000000;0.000000;0.000000;2.000000;-35.382767;-452.657898;2016.552124;0.006835;0.000000;0.000000;0.000000;0.000000;2.000000;-29.526699;-655.921326;1976.419189;0.019286;0.000000;0.000000;0.000000;0.000000;2.000000;-0.389870;-623.987000;1994.334961;0.016805;0.000000;0.000000;0.000000;0.000000;2.000000;134.034180;-600.418335;1995.077026;0.019867;0.000000;0.000000;0.000000;0.000000;2.000000;166.563934;-373.725037;1864.100098;0.049752;0.000000;0.000000;0.000000;0.000000;2.000000;133.481583;-592.199585;1849.765015;0.036876;0.000000;0.000000;0.000000;0.000000;2.000000;113.419281;-679.437317;1870.701904;0.075902;0.000000;0.000000;0.000000;0.000000;2.000000;84.589279;-713.806274;1963.596802;0.128044;0.000000;0.000000;0.000000;0.000000;2.000000;73.788498;-682.950562;1915.355225;0.172701;0.000000;0.000000;0.000000;0.000000;2.000000;-61.149387;-621.073608;1973.656250;0.017507;0.000000;0.000000;0.000000;0.000000;2.000000;-160.797791;-565.889771;1920.850098;0.024344;0.000000;0.000000;0.000000;0.000000;2.000000;-248.798553;-331.250122;1823.579102;0.112009;0.000000;0.000000;0.000000;0.000000;2.000000;-203.185638;-391.722961;1612.527588;0.241792;0.000000;0.000000;0.000000;0.000000;2.000000;-206.557480;-424.399811;1519.154053;0.454937;0.000000;0.000000;0.000000;0.000000;2.000000;-153.281723;-471.223328;1591.617676;0.345507;0.000000;0.000000;0.000000;0.000000;2.000000;-154.359451;-419.050262;1528.218506;0.410356;0.000000;0.000000;0.000000;0.000000;2.000000;81.333344;-157.866898;2030.015381;0.001021;0.000000;0.000000;0.000000;0.000000;2.000000;264.008972;-10.332092;1728.453369;0.008314;0.000000;0.000000;0.000000;0.000000;2.000000;243.271255;349.196106;1789.509766;0.012053;0.000000;0.000000;0.000000;0.000000;2.000000;299.663879;466.791260;1667.118896;0.010692;0.000000;0.000000;0.000000;0.000000;2.000000;-73.341843;-142.906082;1972.933716;0.000924;0.000000;0.000000;0.000000;0.000000;2.000000;3.532074;55.608276;1656.003418;0.012711;0.000000;0.000000;0.000000;0.000000;2.000000;-126.396233;327.764587;1868.817627;0.026585;0.000000;0.000000;0.000000;0.000000;2.000000;-126.625252;462.690430;1774.621704;0.068261;0.000000;0.000000;0.000000;0.000000;2.000000;-23.199890;-728.902283;1949.667725;0.024056;0.000000;0.000000;0.000000;0.000000;2.000000;89.850266;-728.503723;1845.965820;0.067108;0.000000;0.000000;0.000000;0.000000;2.000000;99.505447;-753.057495;1892.434814;0.066344;0.000000;0.000000;0.000000;0.000000;2.000000;58.620506;-741.717651;2005.783203;0.059021;0.000000;0.000000;0.000000;0.000000;2.000000;70.855698;-772.827515;1856.659424;0.058952;0.000000;0.000000;0.000000;0.000000;2.000000;-35.825638;-817.876160;1903.947388;0.020782;0.000000;0.000000;0.000000;0.000000;2.000000;17764966400.000000
0.000000;-149.999985;2000.000000;0.000000;0.000000;0.000000;0.000000;0.000000;2.000000;-24.372158;-317.167572;2022.484375;0.004093;0.000000;0.000000;0.000000;0.000000;2.000000;-35.245083;-452.851776;2016.601196;0.007410;0.000000;0.000000;0.000000;0.000000;2.000000;-29.128078;-656.235107;1976.480835;0.015596;0.000000;0.000000;0.000000;0.000000;2.000000;-0.020096;-624.244873;1994.416016;0.013978;0.000000;0.000000;0.000000;0.000000;2.000000;134.454224;-600.491333;1994.999023;0.013227;0.000000;0.000000;0.000000;0.000000;2.000000;166.992126;-373.252991;1864.655396;0.025796;0.000000;0.000000;0.000000;0.000000;2.000000;133.700714;-591.794250;1849.804199;0.014113;0.000000;0.000000;0.000000;0.000000;2.000000;112.310432;-678.861023;1870.373779;0.039429;0.000000;0.000000;0.000000;0.000000;2.000000;81.811516;-713.917908;1962.543701;0.090722;0.000000;0.000000;0.000000;0.000000;2.000000;71.882439;-680.621826;1916.444458;0.097668;0.000000;0.000000;0.000000;0.000000;2.000000;-60.808933;-621.404297;1973.695313;0.014533;0.000000;0.000000;0.000000;0.000000;2.000000;-160.445038;-566.259277;1920.649170;0.016753;0.000000;0.000000;0.000000;0.000000;2.000000;-247.781433;-330.720428;1824.519531;0.045260;0.000000;0.000000;0.000000;0.000000;2.000000;-201.511963;-387.880280;1612.548462;0.127911;0.000000;0.000000;0.000000;0.000000;2.000000;-201.925354;-416.515350;1517.736816;0.282399;0.000000;0.000000;0.000000;0.000000;2.000000;-153.255280;-462.108490;1594.198486;0.289099;0.000000;0.000000;0.000000;0.000000;2.000000;-149.470306;-413.079742;1528.575073;0.235753;0.000000;0.000000;0.000000;0.000000;2.000000;81.382271;-157.824158;2030.043457;0.002160;0.000000;0.000000;0.000000;0.000000;2.000000;263.976318;-10.218903;1728.179688;0.009093;0.000000;0.000000;0.000000;0.000000;2.000000;243.123871;349.557556;1789.028320;0.018915;0.000000;0.000000;0.000000;0.000000;2.000000;299.443848;466.614807;1665.935791;0.037117;0.000000;0.000000;0.000000;0.000000;2.000000;-73.385963;-142.944580;1972.908447;0.001946;0.000000;0.000000;0.000000;0.000000;2.000000;3.549530;55.620819;1655.752930;0.007672;0.000000;0.000000;0.000000;0.000000;2.000000;-126.720078;327.850464;1868.643555;0.011522;0.000000;0.000000;0.000000;0.000000;2.000000;-127.287201;462.852234;1774.387695;0.021988;0.000000;0.000000;0.000000;0.000000;2.000000;-22.699112;-729.256226;1949.728516;0.018806;0.000000;0.000000;0.000000;0.000000;2.000000;89.727425;-728.925720;1845.217285;0.026490;0.000000;0.000000;0.000000;0.000000;2.000000;99.739784;-753.356873;1891.711670;0.024933;0.000000;0.000000;0.000000;0.000000;2.000000;59.562492;-741.789673;2005.366333;0.031513;0.000000;0.000000;0.000000;0.000000;2.000000;70.871925;-773.281433;1856.156982;0.020670;0.000000;0.000000;0.000000;0.000000;2.000000;-35.476418;-818.422607;1904.294800;0.022452;0.000000;0.000000;0.000000;0.000000;2.000000;17764999168.000000
0.000000;-149.999985;2000.000000;0.000000;0.000000;0.000000;0.000000;0.000000;2.000000;-22.912243;-317.856628;2023.494873;0.054703;0.000000;0.000000;0.000000;0.000000;2.000000;-32.856857;-454.165161;2019.342773;0.111037;0.000000;0.000000;0.000000;0.000000;2.000000;-24.156448;-658.775513;1982.205933;0.229685;0.000000;0.000000;0.000000;0.000000;2.000000;4.976509;-625.859192;1998.813965;0.196731;0.000000;0.000000;0.000000;0.000000;2.000000;139.240143;-599.474365;1991.148682;0.178829;0.000000;0.000000;0.000000;0.000000;2.000000;167.014923;-367.943451;1865.422119;0.154086;0.000000;0.000000;0.000000;0.000000;2.000000;128.899323;-586.597351;1852.049316;0.213208;0.000000;0.000000;0.000000;0.000000;2.000000;112.094322;-675.357910;1871.051880;0.102673;0.000000;0.000000;0.000000;0.000000;2.000000;47.097237;-714.684875;1941.476563;1.166531;0.000000;0.000000;0.000000;0.000000;2.000000;61.743935;-674.479187;1930.070557;0.518749;0.000000;0.000000;0.000000;0.000000;2.000000;-56.654865;-624.444946;1979.789795;0.229140;0.000000;0.000000;0.000000;0.000000;2.000000;-158.857574;-571.492310;1928.350342;0.271290;0.000000;0.000000;0.000000;0.000000;2.000000;-244.497040;-334.437561;1831.723022;0.251210;0.000000;0.000000;0.000000;0.000000;2.000000;-202.193085;-362.850250;1612.396973;0.719202;0.000000;0.000000;0.000000;0.000000;2.000000;-187.287262;-398.454437;1520.800781;0.673514;0.000000;0.000000;0.000000;0.000000;2.000000;-163.434723;-425.708160;1615.963867;1.252751;0.000000;0.000000;0.000000;0.000000;2.000000;-152.955658;-417.565918;1524.942383;0.193679;0.000000;0.000000;0.000000;0.000000;2.000000;81.652672;-156.884415;2030.442505;0.030335;0.000000;0.000000;0.000000;0.000000;2.000000;263.592621;-9.403961;1726.393677;0.057453;0.000000;0.000000;0.000000;0.000000;2.000000;242.615448;351.536011;1788.172852;0.063610;0.000000;0.000000;0.000000;0.000000;2.000000;299.821411;468.627441;1664.589478;0.070389;0.000000;0.000000;0.000000;0.000000;2.000000;-73.629814;-143.791977;1972.548584;0.027355;0.000000;0.000000;0.000000;0.000000;2.000000;4.517670;57.113770;1655.513428;0.051569;0.000000;0.000000;0.000000;0.000000;2.000000;-130.940872;329.456055;1867.316162;0.135194;0.000000;0.000000;0.000000;0.000000;2.000000;-128.045044;466.872742;1775.595581;0.122527;0.000000;0.000000;0.000000;0.000000;2.000000;-17.150314;-732.367432;1956.362061;0.263985;0.000000;0.000000;0.000000;0.000000;2.000000;83.672905;-730.707581;1839.900391;0.237028;0.000000;0.000000;0.000000;0.000000;2.000000;99.645988;-753.533447;1885.760986;0.171015;0.000000;0.000000;0.000000;0.000000;2.000000;71.357140;-740.295776;2003.213379;0.347031;0.000000;0.000000;0.000000;0.000000;2.000000;67.842796;-775.579346;1853.903442;0.126947;0.000000;0.000000;0.000000;0.000000;2.000000;-31.179543;-823.496643;1914.531860;0.350609;0.000000;0.000000;0.000000;0.000000;2.000000;17765033984.000000
0.000000;-149.999985;2000.000000;0.000000;0.000000;0.000000;0.000000;0.000000;2.000000;-21.771240;-318.253296;2024.892212;0.056369;0.000000;0.000000;0.000000;0.000000;2.000000;-31.065807;-455.004944;2022.750977;0.120260;0.000000;0.000000;0.000000;0.000000;2.000000;-20.859032;-659.742920;1983.757202;0.115061;0.000000;0.000000;0.000000;0.000000;2.000000;8.671104;-626.307312;1998.902832;0.113609;0.000000;0.000000;0.000000;0.000000;2.000000;142.545242;-596.524292;1990.619751;0.136159;0.000000;0.000000;0.000000;0.000000;2.000000;169.677155;-359.778809;1873.315186;0.355958;0.000000;0.000000;0.000000;0.000000;2.000000;117.673065;-575.235779;1849.472656;0.493738;0.000000;0.000000;0.000000;0.000000;2.000000;112.593292;-666.068726;1866.478760;0.316341;0.000000;0.000000;0.000000;0.000000;2.000000;22.062134;-702.876953;1901.623535;1.480794;0.000000;0.000000;0.000000;0.000000;2.000000;62.371445;-651.849854;1955.785645;1.045532;0.000000;0.000000;0.000000;0.000000;2.000000;-54.134682;-625.909607;1983.444824;0.142670;0.000000;0.000000;0.000000;0.000000;2.000000;-159.941833;-575.553162;1936.053467;0.267798;0.000000;0.000000;0.000000;0.000000;2.000000;-246.425461;-336.776611;1842.534424;0.342663;0.000000;0.000000;0.000000;0.000000;2.000000;-204.873642;-357.878510;1621.652588;0.330901;0.000000;0.000000;0.000000;0.000000;2.000000;-187.532318;-387.229126;1528.013916;0.407266;0.000000;0.000000;0.000000;0.000000;2.000000;-172.417877;-420.882751;1623.197266;0.381535;0.000000;0.000000;0.000000;0.000000;2.000000;-159.050507;-406.929321;1528.918335;0.393301;0.000000;0.000000;0.000000;0.000000;2.000000;81.850174;-156.044296;2030.732666;0.027786;0.000000;0.000000;0.000000;0.000000;2.000000;264.528870;-10.020996;1725.185303;0.050307;0.000000;0.000000;0.000000;0.000000;2.000000;243.426544;351.769958;1787.522705;0.032517;0.000000;0.000000;0.000000;0.000000;2.000000;300.620300;469.228760;1663.613647;0.042638;0.000000;0.000000;0.000000;0.000000;2.000000;-73.807907;-144.549561;1972.287109;0.025055;0.000000;0.000000;0.000000;0.000000;2.000000;7.001060;55.242310;1654.029297;0.105152;0.000000;0.000000;0.000000;0.000000;2.000000;-129.806915;327.511353;1866.719482;0.071072;0.000000;0.000000;0.000000;0.000000;2.000000;-130.316483;467.074646;1777.466064;0.090008;0.000000;0.000000;0.000000;0.000000;2.000000;-14.033634;-733.242554;1957.010010;0.100751;0.000000;0.000000;0.000000;0.000000;2.000000;85.853256;-731.583740;1839.226563;0.074601;0.000000;0.000000;0.000000;0.000000;2.000000;102.297974;-754.557068;1885.007813;0.089745;0.000000;0.000000;0.000000;0.000000;2.000000;75.161957;-741.400269;2003.061890;0.120996;0.000000;0.000000;0.000000;0.000000;2.000000;70.052689;-776.563599;1853.365967;0.075627;0.000000;0.000000;0.000000;0.000000;2.000000;-28.676498;-824.524536;1915.094971;0.084346;0.000000;0.000000;0.000000;0.000000;2.000000;17765066752.000000
0.000000;-150.000015;2000.000000;0.000001;0.000000;0.000000;0.000000;0.000000;2.000000;-22.232430;-317.834412;2024.832886;0.019099;0.000000;0.000000;0.000000;0.000000;2.000000;-31.583408;-454.269867;2021.514771;0.046648;0.000000;0.000000;0.000000;0.000000;2.000000;-21.544117;-658.641113;1982.899414;0.047466;0.000000;0.000000;0.000000;0.000000;2.000000;7.774612;-625.395386;1998.557617;0.040423;0.000000;0.000000;0.000000;0.000000;2.000000;141.226868;-593.951660;1997.886597;0.238669;0.000000;0.000000;0.000000;0.000000;2.000000;171.205872;-359.894531;1877.191772;0.127219;0.000000;0.000000;0.000000;0.000000;2.000000;115.326836;-572.843628;1845.314209;0.162976;0.000000;0.000000;0.000000;0.000000;2.000000;110.894127;-662.716309;1866.120850;0.115217;0.000000;0.000000;0.000000;0.000000;2.000000;22.570198;-702.458374;1902.999878;0.046560;0.000000;0.000000;0.000000;0.000000;2.000000;72.668541;-651.642578;1955.690430;0.314319;0.000000;0.000000;0.000000;0.000000;2.000000;-54.590942;-624.735474;1981.938110;0.059934;0.000000;0.000000;0.000000;0.000000;2.000000;-158.147812;-574.366455;1930.472412;0.182532;0.000000;0.000000;0.000000;0.000000;2.000000;-245.198792;-333.227203;1845.584717;0.147647;0.000000;0.000000;0.000000;0.000000;2.000000;-206.602173;-352.082001;1624.447754;0.203349;0.000000;0.000000;0.000000;0.000000;2.000000;-186.361496;-382.214081;1531.867798;0.196297;0.000000;0.000000;0.000000;0.000000;2.000000;-174.111481;-419.556152;1625.849854;0.104227;0.000000;0.000000;0.000000;0.000000;2.000000;-158.468292;-401.665161;1534.058594;0.225237;0.000000;0.000000;0.000000;0.000000;2.000000;81.775398;-156.342728;2030.344360;0.015119;0.000000;0.000000;0.000000;0.000000;2.000000;261.565247;-11.248688;1723.660278;0.108395;0.000000;0.000000;0.000000;0.000000;2.000000;244.241241;349.784912;1786.991333;0.067460;0.000000;0.000000;0.000000;0.000000;2.000000;300.674774;469.417664;1665.384277;0.054367;0.000000;0.000000;0.000000;0.000000;2.000000;-73.740486;-144.280518;1972.636963;0.013625;0.000000;0.000000;0.000000;0.000000;2.000000;9.675980;53.985687;1655.073120;0.095651;0.000000;0.000000;0.000000;0.000000;2.000000;-129.278198;326.239807;1865.010376;0.066982;0.000000;0.000000;0.000000;0.000000;2.000000;-130.526550;467.582336;1779.279053;0.057813;0.000000;0.000000;0.000000;0.000000;2.000000;-14.543198;-732.029663;1956.377441;0.044548;0.000000;0.000000;0.000000;0.000000;2.000000;87.120262;-729.269287;1840.576538;0.090450;0.000000;0.000000;0.000000;0.000000;2.000000;102.762932;-752.600098;1886.325195;0.073378;0.000000;0.000000;0.000000;0.000000;2.000000;73.673927;-740.549072;2003.766846;0.056567;0.000000;0.000000;0.000000;0.000000;2.000000;71.140373;-774.286987;1854.009033;0.079460;0.000000;0.000000;0.000000;0.000000;2.000000;-28.389015;-822.743408;1913.485596;0.073782;0.000000;0.000000;0.000000;0.000000;2.000000;17765099520.000000
0.000000;-149.999985;2000.000000;0.000001;0.000000;0.000000;0.000000;0.000000;2.000000;-22.232594;-317.834900;2024.832397;0.000020;0.000000;0.000000;0.000000;0.000000;2.000000;-31.583492;-454.270721;2021.513428;0.000046;0.000000;0.000000;0.000000;0.000000;2.000000;-21.546471;-658.641907;1982.894531;0.000157;0.000000;0.000000;0.000000;0.000000;2.000000;7.772644;-625.396790;1998.553467;0.000138;0.000000;0.000000;0.000000;0.000000;2.000000;141.225647;-593.954712;1997.886841;0.000095;0.000000;0.000000;0.000000;0.000000;2.000000;171.210907;-359.893555;1877.199829;0.000274;0.000000;0.000000;0.000000;0.000000;2.000000;115.330803;-572.842468;1845.319092;0.000184;0.000000;0.000000;0.000000;0.000000;2.000000;110.901741;-662.715698;1866.125488;0.000257;0.000000;0.000000;0.000000;0.000000;2.000000;22.582115;-702.465149;1903.007446;0.000450;0.000000;0.000000;0.000000;0.000000;2.000000;72.685844;-651.642212;1955.700195;0.000571;0.000000;0.000000;0.000000;0.000000;2.000000;-54.592964;-624.735840;1981.933594;0.000143;0.000000;0.000000;0.000000;0.000000;2.000000;-158.147583;-574.359436;1930.469604;0.000217;0.000000;0.000000;0.000000;0.000000;2.000000;-245.183502;-333.206055;1845.604370;0.000938;0.000000;0.000000;0.000000;0.000000;2.000000;-206.587952;-352.034454;1624.464355;0.001503;0.000000;0.000000;0.000000;0.000000;2.000000;-186.344879;-382.137878;1531.875244;0.002250;0.000000;0.000000;0.000000;0.000000;2.000000;-174.103394;-419.485016;1625.856689;0.002066;0.000000;0.000000;0.000000;0.000000;2.000000;-158.455322;-401.563110;1534.054688;0.002957;0.000000;0.000000;0.000000;0.000000;2.000000;81.775581;-156.342819;2030.344604;0.000009;0.000000;0.000000;0.000000;0.000000;2.000000;261.570221;-11.246918;1723.662842;0.000169;0.000000;0.000000;0.000000;0.000000;2.000000;244.245880;349.787659;1786.994385;0.000178;0.000000;0.000000;0.000000;0.000000;2.000000;300.681305;469.414063;1665.381348;0.000230;0.000000;0.000000;0.000000;0.000000;2.000000;-73.740631;-144.280365;1972.636841;0.000007;0.000000;0.000000;0.000000;0.000000;2.000000;9.667717;53.989166;1655.071777;0.000260;0.000000;0.000000;0.000000;0.000000;2.000000;-129.282776;326.241455;1865.015381;0.000200;0.000000;0.000000;0.000000;0.000000;2.000000;-130.535095;467.586792;1779.288086;0.000379;0.000000;0.000000;0.000000;0.000000;2.000000;-14.546288;-732.030273;1956.371094;0.000204;0.000000;0.000000;0.000000;0.000000;2.000000;87.118996;-729.277161;1840.571289;0.000274;0.000000;0.000000;0.000000;0.000000;2.000000;102.759941;-752.608032;1886.320679;0.000276;0.000000;0.000000;0.000000;0.000000;2.000000;73.670067;-740.553467;2003.762085;0.000217;0.000000;0.000000;0.000000;0.000000;2.000000;71.136528;-774.293945;1854.004395;0.000264;0.000000;0.000000;0.000000;0.000000;2.000000;-28.396397;-822.744324;1913.480591;0.000257;0.000000;0.000000;0.000000;0.000000;2.000000;17765134336.000000
0.000000;-149.999985;2000.000000;0.000000;0.000000;0.000000;0.000000;0.000000;2.000000;-22.002640;-317.580322;2024.903687;0.010693;0.000000;0.000000;0.000000;0.000000;2.000000;-30.927006;-453.826904;2021.498047;0.024188;0.000000;0.000000;0.000000;0.000000;2.000000;-18.611332;-657.460266;1981.432251;0.106373;0.000000;0.000000;0.000000;0.000000;2.000000;10.136391;-624.161194;1997.798340;0.084596;0.000000;0.000000;0.000000;0.000000;2.000000;142.492035;-590.757507;2008.087036;0.328500;0.000000;0.000000;0.000000;0.000000;2.000000;172.399200;-359.262787;1883.411133;0.193949;0.000000;0.000000;0.000000;0.000000;2.000000;107.650658;-569.706665;1854.227295;0.371480;0.000000;0.000000;0.000000;0.000000;2.000000;109.848946;-661.044434;1866.697144;0.062753;0.000000;0.000000;0.000000;0.000000;2.000000;22.571579;-702.202759;1904.054199;0.032934;0.000000;0.000000;0.000000;0.000000;2.000000;81.456932;-653.841797;1964.975830;0.395326;0.000000;0.000000;0.000000;0.000000;2.000000;-51.865917;-623.870728;1980.229370;0.101627;0.000000;0.000000;0.000000;0.000000;2.000000;-155.076080;-573.367554;1928.683716;0.112574;0.000000;0.000000;0.000000;0.000000;2.000000;-240.413971;-335.170288;1835.502930;0.346137;0.000000;0.000000;0.000000;0.000000;2.000000;-186.595963;-364.359558;1619.079346;0.735332;0.000000;0.000000;0.000000;0.000000;2.000000;-184.500183;-377.976593;1520.754272;0.366713;0.000000;0.000000;0.000000;0.000000;2.000000;-170.139587;-405.707184;1617.549561;0.505661;0.000000;0.000000;0.000000;0.000000;2.000000;-152.310028;-393.658081;1517.649414;0.586531;0.000000;0.000000;0.000000;0.000000;2.000000;81.449715;-156.106689;2030.868896;0.020170;0.000000;0.000000;0.000000;0.000000;2.000000;263.394257;-10.268127;1726.572021;0.108963;0.000000;0.000000;0.000000;0.000000;2.000000;243.454590;350.428650;1787.678467;0.037438;0.000000;0.000000;0.000000;0.000000;2.000000;300.184631;468.286072;1664.897949;0.040402;0.000000;0.000000;0.000000;0.000000;2.000000;-73.446793;-144.493301;1972.164185;0.018185;0.000000;0.000000;0.000000;0.000000;2.000000;7.650787;54.733276;1655.328369;0.066073;0.000000;0.000000;0.000000;0.000000;2.000000;-129.225571;326.855835;1865.773071;0.029820;0.000000;0.000000;0.000000;0.000000;2.000000;-131.313965;468.226990;1780.607422;0.050673;0.000000;0.000000;0.000000;0.000000;2.000000;-10.600132;-730.450928;1954.464722;0.142163;0.000000;0.000000;0.000000;0.000000;2.000000;89.880821;-736.106812;1838.060547;0.237519;0.000000;0.000000;0.000000;0.000000;2.000000;105.439293;-757.195190;1884.816650;0.168492;0.000000;0.000000;0.000000;0.000000;2.000000;77.715584;-738.189209;2001.468750;0.159205;0.000000;0.000000;0.000000;0.000000;2.000000;73.141319;-779.915405;1854.036987;0.182139;0.000000;0.000000;0.000000;0.000000;2.000000;-26.646549;-822.916016;1916.769531;0.113813;0.000000;0.000000;0.000000;0.000000;2.000000;17765167104.000000
0.000000;-149.999985;2000.000000;0.000000;0.000000;0.000000;0.000000;0.000000;2.000000;-22.259121;-317.362305;2023.683472;0.038629;0.000000;0.000000;0.000000;0.000000;2.000000;-30.817524;-453.255554;2017.613159;0.119879;0.000000;0.000000;0.000000;0.000000;2.000000;-18.204548;-657.078979;1980.989990;0.021718;0.000000;0.000000;0.000000;0.000000;2.000000;10.405205;-623.554321;1996.850464;0.035314;0.000000;0.000000;0.000000;0.000000;2.000000;141.898346;-589.091919;2010.412109;0.089144;0.000000;0.000000;0.000000;0.000000;2.000000;172.589020;-357.936371;1886.463379;0.101728;0.000000;0.000000;0.000000;0.000000;2.000000;103.739876;-566.662842;1857.839355;0.187145;0.000000;0.000000;0.000000;0.000000;2.000000;108.490150;-658.199585;1865.971558;0.098728;0.000000;0.000000;0.000000;0.000000;2.000000;22.979111;-700.942078;1905.003418;0.049739;0.000000;0.000000;0.000000;0.000000;2.000000;81.742241;-653.541504;1966.873779;0.059284;0.000000;0.000000;0.000000;0.000000;2.000000;-51.423054;-623.620483;1979.156128;0.036245;0.000000;0.000000;0.000000;0.000000;2.000000;-153.952698;-577.301758;1923.152588;0.209959;0.000000;0.000000;0.000000;0.000000;2.000000;-242.034912;-338.931458;1834.705322;0.127336;0.000000;0.000000;0.000000;0.000000;2.000000;-182.800339;-360.578400;1619.297363;0.163636;0.000000;0.000000;0.000000;0.000000;2.000000;-185.037109;-371.741333;1520.873901;0.191024;0.000000;0.000000;0.000000;0.000000;2.000000;-167.635513;-391.983093;1618.798096;0.427442;0.000000;0.000000;0.000000;0.000000;2.000000;-149.240295;-385.435974;1516.502686;0.270113;0.000000;0.000000;0.000000;0.000000;2.000000;81.331978;-156.488525;2030.588379;0.014899;0.000000;0.000000;0.000000;0.000000;2.000000;263.310791;-9.896332;1727.678223;0.035705;0.000000;0.000000;0.000000;0.000000;2.000000;244.159027;350.204041;1787.996826;0.024567;0.000000;0.000000;0.000000;0.000000;2.000000;300.463837;468.427368;1665.917603;0.032550;0.000000;0.000000;0.000000;0.000000;2.000000;-73.340630;-144.148987;1972.417114;0.013435;0.000000;0.000000;0.000000;0.000000;2.000000;7.291084;54.946716;1656.340088;0.033410;0.000000;0.000000;0.000000;0.000000;2.000000;-128.026917;327.206421;1866.264893;0.040961;0.000000;0.000000;0.000000;0.000000;2.000000;-131.100677;469.097290;1782.670776;0.068650;0.000000;0.000000;0.000000;0.000000;2.000000;-10.061600;-730.339355;1955.293579;0.030356;0.000000;0.000000;0.000000;0.000000;2.000000;91.223915;-734.319824;1839.943604;0.089199;0.000000;0.000000;0.000000;0.000000;2.000000;106.558937;-755.507202;1886.601318;0.082386;0.000000;0.000000;0.000000;0.000000;2.000000;77.746132;-737.524902;2002.889404;0.047870;0.000000;0.000000;0.000000;0.000000;2.000000;74.800453;-778.290771;1855.477783;0.083398;0.000000;0.000000;0.000000;0.000000;2.000000;-24.888844;-822.523560;1916.978271;0.055330;0.000000;0.000000;0.000000;0.000000;2.000000;17765199872.000000
0.000000;-149.999985;2000.000000;0.000000;0.000000;0.000000;0.000000;0.000000;2.000000;-22.106789;-316.970825;2023.805786;0.013352;0.000000;0.000000;0.000000;0.000000;2.000000;-30.347214;-452.550598;2017.246826;0.028175;0.000000;0.000000;0.000000;0.000000;2.000000;-17.175972;-655.768188;1980.122192;0.057331;0.000000;0.000000;0.000000;0.000000;2.000000;11.357033;-622.228394;1995.773682;0.059674;0.000000;0.000000;0.000000;0.000000;2.000000;142.251617;-587.295898;2010.730469;0.056699;0.000000;0.000000;0.000000;0.000000;2.000000;172.831604;-356.903320;1886.609741;0.032690;0.000000;0.000000;0.000000;0.000000;2.000000;102.128883;-564.998352;1862.093994;0.147838;0.000000;0.000000;0.000000;0.000000;2.000000;106.155251;-656.572144;1867.318848;0.096097;0.000000;0.000000;0.000000;0.000000;2.000000;21.550499;-701.348511;1905.414551;0.047032;0.000000;0.000000;0.000000;0.000000;2.000000;80.644890;-654.340576;1968.745850;0.070570;0.000000;0.000000;0.000000;0.000000;2.000000;-50.482666;-622.530640;1978.661621;0.046449;0.000000;0.000000;0.000000;0.000000;2.000000;-154.101624;-575.413818;1926.072266;0.106204;0.000000;0.000000;0.000000;0.000000;2.000000;-240.377563;-336.432404;1839.367065;0.169156;0.000000;0.000000;0.000000;0.000000;2.000000;-184.370422;-359.498199;1623.773560;0.148468;0.000000;0.000000;0.000000;0.000000;2.000000;-187.468765;-364.812317;1525.110352;0.258719;0.000000;0.000000;0.000000;0.000000;2.000000;-169.133240;-383.654266;1622.904785;0.287056;0.000000;0.000000;0.000000;0.000000;2.000000;-149.848328;-381.366150;1516.991455;0.126462;0.000000;0.000000;0.000000;0.000000;2.000000;81.179329;-156.406967;2030.447876;0.006803;0.000000;0.000000;0.000000;0.000000;2.000000;263.105072;-9.439545;1728.785889;0.037100;0.000000;0.000000;0.000000;0.000000;2.000000;243.738098;350.070496;1787.510986;0.020036;0.000000;0.000000;0.000000;0.000000;2.000000;300.188446;468.569275;1666.364868;0.016604;0.000000;0.000000;0.000000;0.000000;2.000000;-73.202980;-144.222504;1972.543945;0.006137;0.000000;0.000000;0.000000;0.000000;2.000000;9.213142;53.560211;1657.151245;0.076444;0.000000;0.000000;0.000000;0.000000;2.000000;-129.117310;326.786255;1862.328857;0.125300;0.000000;0.000000;0.000000;0.000000;2.000000;-128.387421;470.453186;1782.537231;0.092655;0.000000;0.000000;0.000000;0.000000;2.000000;-8.950615;-728.765869;1954.242920;0.066958;0.000000;0.000000;0.000000;0.000000;2.000000;93.936928;-734.206665;1840.850464;0.087366;0.000000;0.000000;0.000000;0.000000;2.000000;108.298302;-755.210632;1887.761230;0.064440;0.000000;0.000000;0.000000;0.000000;2.000000;77.807182;-736.387695;2003.198975;0.036016;0.000000;0.000000;0.000000;0.000000;2.000000;76.936729;-777.854980;1856.317139;0.071297;0.000000;0.000000;0.000000;0.000000;2.000000;-23.878338;-820.828247;1916.278076;0.063908;0.000000;0.000000;0.000000;0.000000;2.000000;17765232640.000000
0.000000;-149.999985;2000.000000;0.000000;0.000000;0.000000;0.000000;0.000000;2.000000;-21.786945;-316.533142;2022.905273;0.030190;0.000000;0.000000;0.000000;0.000000;2.000000;-30.134171;-451.659088;2016.991699;0.027328;0.000000;0.000000;0.000000;0.000000;2.000000;-16.938000;-653.905273;1978.622192;0.069036;0.000000;0.000000;0.000000;0.000000;2.000000;11.495949;-620.571045;1994.405640;0.061854;0.000000;0.000000;0.000000;0.000000;2.000000;141.880371;-586.134399;2010.581543;0.035284;0.000000;0.000000;0.000000;0.000000;2.000000;172.367050;-357.231110;1885.638184;0.032333;0.000000;0.000000;0.000000;0.000000;2.000000;101.348648;-564.445251;1861.542114;0.031715;0.000000;0.000000;0.000000;0.000000;2.000000;105.030746;-655.698059;1866.997925;0.041934;0.000000;0.000000;0.000000;0.000000;2.000000;21.708565;-701.488708;1905.736572;0.011062;0.000000;0.000000;0.000000;0.000000;2.000000;80.347748;-654.605957;1967.097656;0.048703;0.000000;0.000000;0.000000;0.000000;2.000000;-50.149651;-620.794861;1977.432495;0.061834;0.000000;0.000000;0.000000;0.000000;2.000000;-153.469666;-576.016052;1923.279541;0.084041;0.000000;0.000000;0.000000;0.000000;2.000000;-244.847015;-338.608124;1840.468018;0.146236;0.000000;0.000000;0.000000;0.000000;2.000000;-185.345108;-359.625610;1626.418945;0.081058;0.000000;0.000000;0.000000;0.000000;2.000000;-185.127411;-363.057068;1527.969971;0.117517;0.000000;0.000000;0.000000;0.000000;2.000000;-165.551270;-379.972839;1625.509644;0.165419;0.000000;0.000000;0.000000;0.000000;2.000000;-150.373199;-381.859009;1515.322021;0.052220;0.000000;0.000000;0.000000;0.000000;2.000000;80.743866;-156.333649;2030.752808;0.015414;0.000000;0.000000;0.000000;0.000000;2.000000;261.919739;-8.932709;1730.541016;0.062549;0.000000;0.000000;0.000000;0.000000;2.000000;244.109238;349.675598;1787.326904;0.016439;0.000000;0.000000;0.000000;0.000000;2.000000;299.770447;468.102112;1666.665649;0.019971;0.000000;0.000000;0.000000;0.000000;2.000000;-72.810287;-144.288651;1972.269043;0.013899;0.000000;0.000000;0.000000;0.000000;2.000000;9.186615;53.118530;1658.144043;0.031219;0.000000;0.000000;0.000000;0.000000;2.000000;-128.776352;325.574463;1862.277832;0.036187;0.000000;0.000000;0.000000;0.000000;2.000000;-131.442749;469.450806;1784.102783;0.102723;0.000000;0.000000;0.000000;0.000000;2.000000;-8.732357;-726.468140;1952.335449;0.086003;0.000000;0.000000;0.000000;0.000000;2.000000;94.542038;-734.522583;1840.179688;0.027488;0.000000;0.000000;0.000000;0.000000;2.000000;108.189789;-755.204346;1887.234375;0.015451;0.000000;0.000000;0.000000;0.000000;2.000000;77.232742;-734.870117;2001.847046;0.060663;0.000000;0.000000;0.000000;0.000000;2.000000;76.838394;-777.608032;1855.884033;0.014596;0.000000;0.000000;0.000000;0.000000;2.000000;-24.695694;-818.343445;1915.282471;0.080390;0.000000;0.000000;0.000000;0.000000;2.000000;17765267456.000000
0.000000;-150.000000;2000.000000;0.000000;0.000000;0.000000;0.000000;0.000000;2.000000;-21.849754;-316.455505;2022.084717;0.025226;0.000000;0.000000;0.000000;0.000000;2.000000;-30.603199;-451.393555;2015.729736;0.041877;0.000000;0.000000;0.000000;0.000000;2.000000;-15.351002;-653.131592;1976.613525;0.081613;0.000000;0.000000;0.000000;0.000000;2.000000;12.742050;-619.582214;1992.407837;0.077935;0.000000;0.000000;0.000000;0.000000;2.000000;141.859955;-583.543518;2013.356812;0.115867;0.000000;0.000000;0.000000;0.000000;2.000000;172.418945;-356.493256;1885.656982;0.022580;0.000000;0.000000;0.000000;0.000000;2.000000;100.231781;-562.772644;1859.232178;0.093470;0.000000;0.000000;0.000000;0.000000;2.000000;105.400055;-653.771118;1865.975098;0.067524;0.000000;0.000000;0.000000;0.000000;2.000000;23.507309;-700.682495;1906.111572;0.061234;0.000000;0.000000;0.000000;0.000000;2.000000;81.245560;-652.734680;1965.251465;0.084772;0.000000;0.000000;0.000000;0.000000;2.000000;-48.890022;-620.415405;1975.657715;0.067419;0.000000;0.000000;0.000000;0.000000;2.000000;-153.975449;-579.384644;1922.238525;0.108700;0.000000;0.000000;0.000000;0.000000;2.000000;-246.299225;-343.002258;1838.451782;0.154053;0.000000;0.000000;0.000000;0.000000;2.000000;-185.063843;-352.103027;1624.296509;0.238688;0.000000;0.000000;0.000000;0.000000;2.000000;-185.325684;-355.865021;1525.962769;0.227952;0.000000;0.000000;0.000000;0.000000;2.000000;-162.231705;-368.719330;1623.243286;0.364679;0.000000;0.000000;0.000000;0.000000;2.000000;-142.817490;-369.715332;1514.350586;0.437479;0.000000;0.000000;0.000000;0.000000;2.000000;80.942657;-156.658646;2029.894409;0.028660;0.000000;0.000000;0.000000;0.000000;2.000000;262.869965;-8.427185;1731.052612;0.036369;0.000000;0.000000;0.000000;0.000000;2.000000;245.088165;349.919220;1787.065063;0.031806;0.000000;0.000000;0.000000;0.000000;2.000000;300.806152;469.418365;1667.769531;0.061216;0.000000;0.000000;0.000000;0.000000;2.000000;-72.989563;-143.995621;1973.042725;0.025834;0.000000;0.000000;0.000000;0.000000;2.000000;10.039948;52.103912;1658.850098;0.045839;0.000000;0.000000;0.000000;0.000000;2.000000;-127.145226;325.658905;1861.341064;0.057461;0.000000;0.000000;0.000000;0.000000;2.000000;-131.350739;470.726349;1785.839233;0.065813;0.000000;0.000000;0.000000;0.000000;2.000000;-6.453854;-725.428833;1950.060547;0.103251;0.000000;0.000000;0.000000;0.000000;2.000000;92.899261;-737.905151;1835.021484;0.194805;0.000000;0.000000;0.000000;0.000000;2.000000;108.064117;-756.847290;1882.281006;0.159309;0.000000;0.000000;0.000000;0.000000;2.000000;81.013046;-732.221313;1996.908081;0.206305;0.000000;0.000000;0.000000;0.000000;2.000000;75.682495;-780.285767;1852.876953;0.127842;0.000000;0.000000;0.000000;0.000000;2.000000;-23.768318;-818.471924;1917.030640;0.060519;0.000000;0.000000;0.000000;0.000000;2.000000;17765300224.000000
