posX0;posY0;posZ0;posVel0;rotX0;rotY0;rotZ0;rotVel0;confidence0;posX1;posY1;posZ1;posVel1;rotX1;rotY1;rotZ1;rotVel1;confidence1;posX2;posY2;posZ2;posVel2;rotX2;rotY2;rotZ2;rotVel2;confidence2;posX3;posY3;posZ3;posVel3;rotX3;rotY3;rotZ3;rotVel3;confidence3;posX4;posY4;posZ4;posVel4;rotX4;rotY4;rotZ4;rotVel4;confidence4;posX5;posY5;posZ5;posVel5;rotX5;rotY5;rotZ5;rotVel5;confidence5;posX6;posY6;posZ6;posVel6;rotX6;rotY6;rotZ6;rotVel6;confidence6;posX7;posY7;posZ7;posVel7;rotX7;rotY7;rotZ7;rotVel7;confidence7;posX8;posY8;posZ8;posVel8;rotX8;rotY8;rotZ8;rotVel8;confidence8;posX9;posY9;posZ9;posVel9;rotX9;rotY9;rotZ9;rotVel9;confidence9;posX10;posY10;posZ10;posVel10;rotX10;rotY10;rotZ10;rotVel10;confidence10;posX11;posY11;posZ11;posVel11;rotX11;rotY11;rotZ11;rotVel11;confidence11;posX12;posY12;posZ12;posVel12;rotX12;rotY12;rotZ12;rotVel12;confidence12;posX13;posY13;posZ13;posVel13;rotX13;rotY13;rotZ13;rotVel13;confidence13;posX14;posY14;posZ14;posVel14;rotX14;rotY14;rotZ14;rotVel14;confidence14;posX15;posY15;posZ15;posVel15;rotX15;rotY15;rotZ15;rotVel15;confidence15;posX16;posY16;posZ16;posVel16;rotX16;rotY16;rotZ16;rotVel16;confidence16;posX17;posY17;posZ17;posVel17;rotX17;rotY17;rotZ17;rotVel17;confidence17;posX18;posY18;posZ18;posVel18;rotX18;rotY18;rotZ18;rotVel18;confidence18;posX19;posY19;posZ19;posVel19;rotX19;rotY19;rotZ19;rotVel19;confidence19;posX20;posY20;posZ20;posVel20;rotX20;rotY20;rotZ20;rotVel20;confidence20;posX21;posY21;posZ21;posVel21;rotX21;rotY21;rotZ21;rotVel21;confidence21;posX22;posY22;posZ22;posVel22;rotX22;rotY22;rotZ22;rotVel22;confidence22;posX23;posY23;posZ23;posVel23;rotX23;rotY23;rotZ23;rotVel23;confidence23;posX24;posY24;posZ24;posVel24;rotX24;rotY24;rotZ24;rotVel24;confidence24;posX25;posY25;posZ25;posVel25;rotX25;rotY25;rotZ25;rotVel25;confidence25;posX26;posY26;posZ26;posVel26;rotX26;rotY26;rotZ26;rotVel26;confidence26;posX27;posY27;posZ27;posVel27;rotX27;rotY27;rotZ27;rotVel27;confidence27;posX28;posY28;posZ28;posVel28;rotX28;rotY28;rotZ28;rotVel28;confidence28;posX29;posY29;posZ29;posVel29;rotX29;rotY29;rotZ29;rotVel29;confidence29;posX30;posY30;posZ30;posVel30;rotX30;rotY30;rotZ30;rotVel30;confidence30;posX31;posY31;posZ31;posVel31;rotX31;rotY31;rotZ31;rotVel31;confidence31;TimeStamp
0.000000;-150.000000;2000.000000;0.000000;0.000000;0.000000;0.000000;0.000000;2.000000;5.704254;-343.052246;2009.588379;0.000000;0.000000;0.000000;0.000000;0.000000;2.000000;9.853317;-496.874725;1994.737671;0.000000;0.000000;0.000000;0.000000;0.000000;2.000000;14.708328;-730.835693;1969.946045;0.000000;0.000000;0.000000;0.000000;0.000000;2.000000;-22.469368;-692.888794;1970.557251;0.000000;0.000000;0.000000;0.000000;0.000000;2.000000;-169.643036;-650.539673;1947.001343;0.000000;0.000000;0.000000;0.000000;0.000000;2.000000;-263.604492;-374.446442;2015.271729;0.000000;0.000000;0.000000;0.000000;0.000000;2.000000;-243.104279;-162.737000;2149.283203;0.000000;0.000000;0.000000;0.000000;0.000000;2.000000;-224.608398;-103.495789;2233.199219;0.000000;0.000000;0.000000;0.000000;0.000000;0.000000;-212.636566;-50.741318;2337.078125;0.000000;0.000000;0.000000;0.000000;0.000000;0.000000;-198.630554;-85.938812;2254.684570;0.000000;0.000000;0.000000;0.000000;0.000000;0.000000;50.302753;-691.226563;1975.261963;0.000000;0.000000;0.000000;0.000000;0.000000;2.000000;185.666718;-646.597778;1973.310059;0.000000;0.000000;0.000000;0.000000;0.000000;2.000000;248.982819;-359.646210;2055.734375;0.000000;0.000000;0.000000;0.000000;0.000000;2.000000;217.562729;-132.190964;2165.676758;0.000000;0.000000;0.000000;0.000000;0.000000;2.000000;178.681839;-51.819038;2097.428711;0.000000;0.000000;0.000000;0.000000;0.000000;2.000000;185.211853;0.835579;1995.262939;0.000000;0.000000;0.000000;0.000000;0.000000;2.000000;158.888519;-63.986305;2055.235352;0.000000;0.000000;0.000000;0.000000;0.000000;2.000000;-98.776390;-152.832214;2001.739380;0.000000;0.000000;0.000000;0.000000;0.000000;2.000000;-88.241859;278.361450;2049.187500;0.000000;0.000000;0.000000;0.000000;0.000000;2.000000;-78.629021;692.653198;2064.812012;0.000000;0.000000;0.000000;0.000000;0.000000;2.000000;-100.251717;811.518799;2228.016602;0.000000;0.000000;0.000000;0.000000;0.000000;2.000000;89.071007;-147.446060;1998.431519;0.000000;0.000000;0.000000;0.000000;0.000000;2.000000;104.464615;283.840149;2038.933594;0.000000;0.000000;0.000000;0.000000;0.000000;2.000000;110.805542;702.812866;2044.682129;0.000000;0.000000;0.000000;0.000000;0.000000;2.000000;153.382843;825.676147;2178.826660;0.000000;0.000000;0.000000;0.000000;0.000000;2.000000;15.612823;-819.217651;1975.167847;0.000000;0.000000;0.000000;0.000000;0.000000;2.000000;50.790733;-833.966187;2145.110840;0.000000;0.000000;0.000000;0.000000;0.000000;2.000000;19.828537;-879.274170;2119.242188;0.000000;0.000000;0.000000;0.000000;0.000000;1.000000;-64.806847;-890.671265;2011.594482;0.000000;0.000000;0.000000;0.000000;0.000000;1.000000;75.515450;-871.770630;2111.879639;0.000000;0.000000;0.000000;0.000000;0.000000;2.000000;111.033203;-882.453247;1974.794434;0.000000;0.000000;0.000000;0.000000;0.000000;2.000000;13289566208.000000
0.000000;-150.000000;2000.000000;0.000000;0.000000;0.000000;0.000000;0.000000;2.000000;7.353821;-342.780579;2009.785767;0.049817;0.000000;0.000000;0.000000;0.000000;2.000000;13.638939;-496.376129;1995.046265;0.113363;0.000000;0.000000;0.000000;0.000000;2.000000;24.612320;-729.370605;1965.867188;0.319921;0.000000;0.000000;0.000000;0.000000;2.000000;-13.428169;-692.368530;1966.406860;0.294801;0.000000;0.000000;0.000000;0.000000;2.000000;-160.505554;-650.464478;1942.538086;0.300946;0.000000;0.000000;0.000000;0.000000;2.000000;-261.810974;-378.294586;2014.560425;0.127390;0.000000;0.000000;0.000000;0.000000;2.000000;-249.549561;-166.268448;2148.577148;0.218489;0.000000;0.000000;0.000000;0.000000;2.000000;-220.768768;-103.598846;2226.772949;0.221552;0.000000;0.000000;0.000000;0.000000;0.000000;-205.754486;-54.106895;2331.716309;0.276719;0.000000;0.000000;0.000000;0.000000;0.000000;-194.044861;-81.282059;2242.406738;0.411605;0.000000;0.000000;0.000000;0.000000;0.000000;59.089874;-689.090820;1972.712891;0.278035;0.000000;0.000000;0.000000;0.000000;2.000000;193.655914;-642.653687;1976.082520;0.276134;0.000000;0.000000;0.000000;0.000000;2.000000;248.540070;-354.334717;2058.580078;0.178800;0.000000;0.000000;0.000000;0.000000;2.000000;209.117767;-123.727493;2158.274170;0.416140;0.000000;0.000000;0.000000;0.000000;2.000000;172.154144;-46.415390;2085.756104;0.426855;0.000000;0.000000;0.000000;0.000000;2.000000;172.084534;12.284763;1986.866699;0.572227;0.000000;0.000000;0.000000;0.000000;2.000000;147.851990;-43.788216;2081.167480;1.026082;0.000000;0.000000;0.000000;0.000000;2.000000;-98.634239;-153.857162;1998.135254;0.110965;0.000000;0.000000;0.000000;0.000000;2.000000;-92.678810;276.740845;2047.532227;0.148120;0.000000;0.000000;0.000000;0.000000;2.000000;-85.654991;690.601685;2064.224121;0.217298;0.000000;0.000000;0.000000;0.000000;2.000000;-107.207344;811.298706;2225.817383;0.215978;0.000000;0.000000;0.000000;0.000000;2.000000;88.942825;-146.521820;2001.681396;0.100059;0.000000;0.000000;0.000000;0.000000;2.000000;99.060913;284.638000;2040.214966;0.166032;0.000000;0.000000;0.000000;0.000000;2.000000;102.316452;703.224731;2043.781616;0.252919;0.000000;0.000000;0.000000;0.000000;2.000000;143.171768;822.338501;2181.519043;0.327739;0.000000;0.000000;0.000000;0.000000;2.000000;27.520447;-817.699219;1969.389648;0.394245;0.000000;0.000000;0.000000;0.000000;2.000000;93.083931;-853.428833;2126.539307;1.483308;0.000000;0.000000;0.000000;0.000000;2.000000;61.478653;-897.297607;2099.163086;1.468575;0.000000;0.000000;0.000000;0.000000;1.000000;-39.668785;-901.269653;2006.457153;0.821508;0.000000;0.000000;0.000000;0.000000;1.000000;114.230408;-883.299683;2084.128662;1.450314;0.000000;0.000000;0.000000;0.000000;2.000000;125.644814;-870.313110;1943.323242;1.087840;0.000000;0.000000;0.000000;0.000000;2.000000;13289600000.000000
0.000000;-150.000000;2000.000000;0.000000;0.000000;0.000000;0.000000;0.000000;2.000000;5.994705;-342.719666;2008.368530;0.058137;0.000000;0.000000;0.000000;0.000000;2.000000;10.725922;-496.146423;1992.775146;0.109519;0.000000;0.000000;0.000000;0.000000;2.000000;18.921928;-729.429260;1966.881958;0.171060;0.000000;0.000000;0.000000;0.000000;2.000000;-18.657143;-692.023010;1967.031494;0.156175;0.000000;0.000000;0.000000;0.000000;2.000000;-166.420593;-653.681091;1942.333130;0.199343;0.000000;0.000000;0.000000;0.000000;2.000000;-260.396973;-378.123505;2010.165894;0.136707;0.000000;0.000000;0.000000;0.000000;2.000000;-246.285980;-163.986908;2140.160156;0.275550;0.000000;0.000000;0.000000;0.000000;2.000000;-224.534393;-105.405411;2223.501953;0.156990;0.000000;0.000000;0.000000;0.000000;0.000000;-207.500366;-52.032242;2326.090820;0.184803;0.000000;0.000000;0.000000;0.000000;0.000000;-199.448181;-83.625885;2242.268555;0.174343;0.000000;0.000000;0.000000;0.000000;0.000000;53.850773;-689.491272;1973.029907;0.155775;0.000000;0.000000;0.000000;0.000000;2.000000;187.338379;-640.794250;1980.017456;0.227022;0.000000;0.000000;0.000000;0.000000;2.000000;244.920074;-354.104614;2065.291016;0.225749;0.000000;0.000000;0.000000;0.000000;2.000000;211.480957;-125.020767;2169.973145;0.355266;0.000000;0.000000;0.000000;0.000000;2.000000;170.252533;-46.836929;2100.928955;0.452692;0.000000;0.000000;0.000000;0.000000;2.000000;169.179016;8.536705;2000.263428;0.420554;0.000000;0.000000;0.000000;0.000000;2.000000;149.426300;-42.324707;2097.849609;0.497752;0.000000;0.000000;0.000000;0.000000;2.000000;-98.590462;-153.058792;2000.182739;0.065047;0.000000;0.000000;0.000000;0.000000;2.000000;-94.275475;277.186401;2049.390137;0.073684;0.000000;0.000000;0.000000;0.000000;2.000000;-90.786888;690.696045;2066.607910;0.167475;0.000000;0.000000;0.000000;0.000000;2.000000;-113.220573;809.873108;2228.978027;0.205411;0.000000;0.000000;0.000000;0.000000;2.000000;88.903358;-147.241760;1999.835205;0.058653;0.000000;0.000000;0.000000;0.000000;2.000000;97.218430;283.610657;2037.842163;0.093956;0.000000;0.000000;0.000000;0.000000;2.000000;96.895805;701.825439;2042.098877;0.172993;0.000000;0.000000;0.000000;0.000000;2.000000;133.121735;825.293457;2177.040527;0.337140;0.000000;0.000000;0.000000;0.000000;2.000000;20.831978;-817.647095;1971.639893;0.208838;0.000000;0.000000;0.000000;0.000000;2.000000;52.167168;-850.839661;2139.368408;1.271276;0.000000;0.000000;0.000000;0.000000;2.000000;18.747276;-891.191345;2109.019531;1.310265;0.000000;0.000000;0.000000;0.000000;2.000000;-64.560997;-886.511841;2000.185791;0.876239;0.000000;0.000000;0.000000;0.000000;2.000000;74.809906;-886.812439;2102.958252;1.296985;0.000000;0.000000;0.000000;0.000000;2.000000;111.655830;-886.732361;1966.096436;0.928244;0.000000;0.000000;0.000000;0.000000;2.000000;13289633792.000000
0.000000;-150.000000;2000.000000;0.000000;0.000000;0.000000;0.000000;0.000000;2.000000;6.521912;-342.408264;2007.727905;0.027044;0.000000;0.000000;0.000000;0.000000;2.000000;11.637444;-495.543732;1991.928223;0.042191;0.000000;0.000000;0.000000;0.000000;2.000000;21.864441;-728.384766;1966.317505;0.096832;0.000000;0.000000;0.000000;0.000000;2.000000;-15.921349;-691.314575;1965.936035;0.092496;0.000000;0.000000;0.000000;0.000000;2.000000;-162.437012;-649.170776;1941.608521;0.184970;0.000000;0.000000;0.000000;0.000000;2.000000;-253.694672;-373.898102;2012.072510;0.248695;0.000000;0.000000;0.000000;0.000000;2.000000;-233.672882;-162.731598;2145.305176;0.417475;0.000000;0.000000;0.000000;0.000000;2.000000;-227.097809;-96.163330;2224.930664;0.295924;0.000000;0.000000;0.000000;0.000000;0.000000;-218.730042;-27.067429;2318.598633;0.866119;0.000000;0.000000;0.000000;0.000000;0.000000;-206.657471;-70.210060;2243.876953;0.467373;0.000000;0.000000;0.000000;0.000000;0.000000;56.357609;-688.257690;1972.907593;0.085345;0.000000;0.000000;0.000000;0.000000;2.000000;188.705414;-637.774658;1983.276733;0.141864;0.000000;0.000000;0.000000;0.000000;2.000000;249.438019;-352.703705;2069.973389;0.203117;0.000000;0.000000;0.000000;0.000000;2.000000;208.799866;-124.755310;2173.558105;0.136856;0.000000;0.000000;0.000000;0.000000;2.000000;167.746216;-47.714699;2103.435547;0.111442;0.000000;0.000000;0.000000;0.000000;2.000000;167.876816;7.521992;2002.906738;0.095107;0.000000;0.000000;0.000000;0.000000;2.000000;146.941193;-43.575081;2100.200195;0.111146;0.000000;0.000000;0.000000;0.000000;2.000000;-98.417595;-153.322449;2000.337158;0.010713;0.000000;0.000000;0.000000;0.000000;2.000000;-96.182945;276.264709;2049.105225;0.065233;0.000000;0.000000;0.000000;0.000000;2.000000;-94.030510;689.125488;2065.586914;0.114309;0.000000;0.000000;0.000000;0.000000;2.000000;-120.062584;811.474121;2224.606445;0.252554;0.000000;0.000000;0.000000;0.000000;2.000000;88.747467;-147.003998;1999.696045;0.009660;0.000000;0.000000;0.000000;0.000000;2.000000;95.439354;283.057281;2038.796021;0.063877;0.000000;0.000000;0.000000;0.000000;2.000000;93.373405;700.563965;2043.811035;0.125568;0.000000;0.000000;0.000000;0.000000;2.000000;128.930374;824.645996;2177.937500;0.132290;0.000000;0.000000;0.000000;0.000000;2.000000;24.346924;-816.437744;1971.140503;0.114458;0.000000;0.000000;0.000000;0.000000;2.000000;56.604279;-852.704956;2137.754883;0.154922;0.000000;0.000000;0.000000;0.000000;2.000000;25.385986;-893.714722;2106.169434;0.233540;0.000000;0.000000;0.000000;0.000000;2.000000;-57.506569;-890.085938;1997.265259;0.257270;0.000000;0.000000;0.000000;0.000000;2.000000;81.093124;-886.419189;2100.530029;0.205920;0.000000;0.000000;0.000000;0.000000;2.000000;118.339226;-880.668701;1964.141724;0.281783;0.000000;0.000000;0.000000;0.000000;2.000000;13289666560.000000
0.000000;-150.000000;2000.000000;0.000000;0.000000;0.000000;0.000000;0.000000;2.000000;7.571487;-341.720154;2008.140869;0.039099;0.000000;0.000000;0.000000;0.000000;2.000000;13.740112;-494.319214;1992.441284;0.073590;0.000000;0.000000;0.000000;0.000000;2.000000;26.866486;-726.259094;1967.001465;0.162105;0.000000;0.000000;0.000000;0.000000;2.000000;-11.262650;-689.792664;1966.633423;0.146495;0.000000;0.000000;0.000000;0.000000;2.000000;-157.573853;-648.061890;1943.604248;0.158985;0.000000;0.000000;0.000000;0.000000;2.000000;-252.597733;-374.107971;2009.974243;0.070342;0.000000;0.000000;0.000000;0.000000;2.000000;-229.419113;-163.257629;2141.645508;0.166785;0.000000;0.000000;0.000000;0.000000;2.000000;-219.239426;-99.598389;2222.811035;0.261435;0.000000;0.000000;0.000000;0.000000;0.000000;-205.159256;-32.590157;2316.835205;0.436708;0.000000;0.000000;0.000000;0.000000;0.000000;-195.396408;-79.507950;2244.146973;0.432232;0.000000;0.000000;0.000000;0.000000;0.000000;60.739761;-685.826782;1973.529053;0.149433;0.000000;0.000000;0.000000;0.000000;2.000000;192.227066;-634.350525;1983.591064;0.145654;0.000000;0.000000;0.000000;0.000000;2.000000;249.890320;-352.242920;2078.223145;0.244880;0.000000;0.000000;0.000000;0.000000;2.000000;217.387329;-122.913696;2179.575195;0.315051;0.000000;0.000000;0.000000;0.000000;2.000000;173.027924;-46.901878;2110.944336;0.272734;0.000000;0.000000;0.000000;0.000000;2.000000;168.880478;5.372849;2009.351196;0.203217;0.000000;0.000000;0.000000;0.000000;2.000000;151.732025;-45.001526;2100.980957;0.149719;0.000000;0.000000;0.000000;0.000000;2.000000;-98.071930;-153.899780;1999.371582;0.034828;0.000000;0.000000;0.000000;0.000000;2.000000;-95.207840;274.328308;2047.510864;0.079640;0.000000;0.000000;0.000000;0.000000;2.000000;-91.719345;685.823303;2064.018555;0.127989;0.000000;0.000000;0.000000;0.000000;2.000000;-115.210770;806.022827;2224.226074;0.216253;0.000000;0.000000;0.000000;0.000000;2.000000;88.435760;-146.483398;2000.566772;0.031407;0.000000;0.000000;0.000000;0.000000;2.000000;94.874138;282.202881;2039.194580;0.032529;0.000000;0.000000;0.000000;0.000000;2.000000;92.833138;698.362244;2041.901611;0.087713;0.000000;0.000000;0.000000;0.000000;2.000000;132.130692;818.968018;2177.303467;0.193790;0.000000;0.000000;0.000000;0.000000;2.000000;30.460419;-813.982910;1971.842529;0.196060;0.000000;0.000000;0.000000;0.000000;2.000000;56.247185;-849.777649;2139.093506;0.095839;0.000000;0.000000;0.000000;0.000000;2.000000;25.669373;-890.358887;2106.716309;0.100967;0.000000;0.000000;0.000000;0.000000;2.000000;-53.034775;-886.094604;1995.319580;0.186489;0.000000;0.000000;0.000000;0.000000;2.000000;81.455673;-883.904846;2103.017578;0.105216;0.000000;0.000000;0.000000;0.000000;2.000000;123.401176;-879.362183;1968.440430;0.200291;0.000000;0.000000;0.000000;0.000000;2.000000;13289700352.000000
0.000000;-150.000000;2000.000000;0.000000;0.000000;0.000000;0.000000;0.000000;2.000000;10.394592;-340.531464;2008.277954;0.093574;0.000000;0.000000;0.000000;0.000000;2.000000;18.839188;-492.239380;1993.184448;0.169582;0.000000;0.000000;0.000000;0.000000;2.000000;30.293621;-722.848206;1966.547241;0.148209;0.000000;0.000000;0.000000;0.000000;2.000000;-7.387199;-686.329468;1966.494385;0.158668;0.000000;0.000000;0.000000;0.000000;2.000000;-153.626923;-650.120300;1939.589233;0.182942;0.000000;0.000000;0.000000;0.000000;2.000000;-246.663956;-377.453522;2006.813477;0.229172;0.000000;0.000000;0.000000;0.000000;2.000000;-233.675674;-165.747894;2135.910645;0.230823;0.000000;0.000000;0.000000;0.000000;2.000000;-229.479630;-101.341553;2216.292480;0.374251;0.000000;0.000000;0.000000;0.000000;0.000000;-216.753891;-34.458496;2309.814209;0.417568;0.000000;0.000000;0.000000;0.000000;0.000000;-189.492233;-78.023285;2223.406494;0.659653;0.000000;0.000000;0.000000;0.000000;0.000000;64.265976;-682.897400;1973.168823;0.140332;0.000000;0.000000;0.000000;0.000000;2.000000;196.346130;-635.162415;1983.070557;0.129103;0.000000;0.000000;0.000000;0.000000;2.000000;249.538742;-356.111145;2083.897461;0.209851;0.000000;0.000000;0.000000;0.000000;2.000000;221.951309;-131.522751;2193.550781;0.519931;0.000000;0.000000;0.000000;0.000000;2.000000;177.559143;-52.881378;2129.013184;0.597061;0.000000;0.000000;0.000000;0.000000;2.000000;172.853943;2.281895;2029.697510;0.639644;0.000000;0.000000;0.000000;0.000000;2.000000;155.196045;-49.292191;2126.603271;0.799836;0.000000;0.000000;0.000000;0.000000;2.000000;-97.466141;-155.350174;1999.244751;0.048124;0.000000;0.000000;0.000000;0.000000;2.000000;-97.336700;270.404358;2048.405029;0.138944;0.000000;0.000000;0.000000;0.000000;2.000000;-96.624268;679.618896;2066.004395;0.248857;0.000000;0.000000;0.000000;0.000000;2.000000;-129.181763;799.947815;2223.117676;0.466153;0.000000;0.000000;0.000000;0.000000;2.000000;87.889519;-145.175507;2000.681152;0.043396;0.000000;0.000000;0.000000;0.000000;2.000000;91.252533;281.050568;2040.787598;0.125759;0.000000;0.000000;0.000000;0.000000;2.000000;85.440147;694.887390;2045.291016;0.269902;0.000000;0.000000;0.000000;0.000000;2.000000;119.963516;819.786499;2176.658691;0.372672;0.000000;0.000000;0.000000;0.000000;2.000000;33.303478;-810.140808;1970.860107;0.148912;0.000000;0.000000;0.000000;0.000000;2.000000;35.236622;-847.221069;2138.832520;0.645970;0.000000;0.000000;0.000000;0.000000;2.000000;12.644081;-888.700562;2101.959473;0.426194;0.000000;0.000000;0.000000;0.000000;2.000000;-47.810455;-887.034058;1980.462158;0.481481;0.000000;0.000000;0.000000;0.000000;2.000000;67.537827;-878.964355;2106.944824;0.466368;0.000000;0.000000;0.000000;0.000000;2.000000;128.948685;-869.543213;1981.188965;0.519438;0.000000;0.000000;0.000000;0.000000;2.000000;13289733120.000000
0.000000;-150.000000;2000.000000;0.000000;0.000000;0.000000;0.000000;0.000000;2.000000;12.970352;-340.212585;2009.537109;0.085367;0.000000;0.000000;0.000000;0.000000;2.000000;24.085045;-491.746826;1995.272339;0.167718;0.000000;0.000000;0.000000;0.000000;2.000000;36.744957;-722.400269;1970.728394;0.227888;0.000000;0.000000;0.000000;0.000000;2.000000;-1.003281;-686.010498;1969.547729;0.209627;0.000000;0.000000;0.000000;0.000000;2.000000;-147.372360;-651.655640;1941.406006;0.198023;0.000000;0.000000;0.000000;0.000000;2.000000;-242.789825;-379.106873;2004.980591;0.135940;0.000000;0.000000;0.000000;0.000000;2.000000;-231.324219;-168.446243;2135.667480;0.106162;0.000000;0.000000;0.000000;0.000000;2.000000;-226.596985;-106.201187;2217.636475;0.171873;0.000000;0.000000;0.000000;0.000000;0.000000;-217.532013;-32.963470;2306.638916;0.106382;0.000000;0.000000;0.000000;0.000000;0.000000;-190.325348;-79.238861;2223.691406;0.044418;0.000000;0.000000;0.000000;0.000000;0.000000;70.435463;-682.322998;1977.787476;0.228698;0.000000;0.000000;0.000000;0.000000;2.000000;203.335724;-637.543579;1989.323486;0.286338;0.000000;0.000000;0.000000;0.000000;2.000000;253.135254;-357.292419;2088.054199;0.166376;0.000000;0.000000;0.000000;0.000000;2.000000;227.137207;-132.323532;2197.006836;0.185939;0.000000;0.000000;0.000000;0.000000;2.000000;182.185822;-54.220604;2132.304443;0.172636;0.000000;0.000000;0.000000;0.000000;2.000000;185.850311;-9.458138;2027.911499;0.520971;0.000000;0.000000;0.000000;0.000000;2.000000;155.106445;-59.534058;2110.067627;0.575602;0.000000;0.000000;0.000000;0.000000;2.000000;-97.263977;-156.806686;1996.521973;0.091574;0.000000;0.000000;0.000000;0.000000;2.000000;-100.847458;268.473694;2047.629883;0.120765;0.000000;0.000000;0.000000;0.000000;2.000000;-102.111633;677.378662;2067.210449;0.178992;0.000000;0.000000;0.000000;0.000000;2.000000;-143.386841;801.196594;2219.349365;0.436475;0.000000;0.000000;0.000000;0.000000;2.000000;87.707214;-143.862106;2003.136230;0.082572;0.000000;0.000000;0.000000;0.000000;2.000000;87.131340;282.169067;2043.019287;0.142586;0.000000;0.000000;0.000000;0.000000;2.000000;79.327347;695.748108;2047.935547;0.198737;0.000000;0.000000;0.000000;0.000000;2.000000;111.811508;817.681763;2182.433838;0.302133;0.000000;0.000000;0.000000;0.000000;2.000000;39.890839;-809.601074;1975.792358;0.244050;0.000000;0.000000;0.000000;0.000000;2.000000;32.219536;-847.957092;2143.219727;0.159065;0.000000;0.000000;0.000000;0.000000;1.000000;8.545006;-887.550049;2105.026855;0.155285;0.000000;0.000000;0.000000;0.000000;1.000000;-46.406815;-880.976685;1981.185791;0.185246;0.000000;0.000000;0.000000;0.000000;1.000000;63.669621;-881.516663;2112.410156;0.212053;0.000000;0.000000;0.000000;0.000000;1.000000;130.834839;-875.256409;1989.514648;0.303979;0.000000;0.000000;0.000000;0.000000;1.000000;13289766912.000000
0.000000;-150.000000;2000.000000;0.000000;0.000000;0.000000;0.000000;0.000000;2.000000;11.569344;-340.533813;2011.253540;0.068322;0.000000;0.000000;0.000000;0.000000;2.000000;21.935406;-492.506622;1998.391479;0.117907;0.000000;0.000000;0.000000;0.000000;2.000000;37.982517;-723.666260;1977.072632;0.201008;0.000000;0.000000;0.000000;0.000000;2.000000;-0.233040;-687.705933;1974.563477;0.163278;0.000000;0.000000;0.000000;0.000000;2.000000;-146.851715;-659.396729;1940.255249;0.239363;0.000000;0.000000;0.000000;0.000000;2.000000;-244.258667;-385.355133;1996.279541;0.329966;0.000000;0.000000;0.000000;0.000000;2.000000;-236.226959;-172.421967;2124.312012;0.396482;0.000000;0.000000;0.000000;0.000000;2.000000;-239.694244;-112.330002;2208.149170;0.527795;0.000000;0.000000;0.000000;0.000000;0.000000;-232.650665;-52.380409;2306.988281;0.751076;0.000000;0.000000;0.000000;0.000000;0.000000;-203.041046;-83.498169;2215.464355;0.480121;0.000000;0.000000;0.000000;0.000000;0.000000;71.069290;-683.018433;1984.391113;0.203563;0.000000;0.000000;0.000000;0.000000;2.000000;204.259766;-638.316895;1995.792969;0.200828;0.000000;0.000000;0.000000;0.000000;2.000000;252.266144;-356.377960;2092.136963;0.130409;0.000000;0.000000;0.000000;0.000000;2.000000;221.873535;-129.972244;2197.912598;0.178091;0.000000;0.000000;0.000000;0.000000;2.000000;179.226349;-52.504211;2130.616699;0.116420;0.000000;0.000000;0.000000;0.000000;2.000000;186.012741;-7.955910;2026.078735;0.072489;0.000000;0.000000;0.000000;0.000000;2.000000;160.784851;-56.088333;2102.834473;0.299688;0.000000;0.000000;0.000000;0.000000;2.000000;-97.399284;-156.213974;1994.923706;0.052185;0.000000;0.000000;0.000000;0.000000;2.000000;-104.167488;269.511902;2048.049561;0.106927;0.000000;0.000000;0.000000;0.000000;2.000000;-109.103951;678.943604;2070.366699;0.238942;0.000000;0.000000;0.000000;0.000000;2.000000;-144.497925;804.481445;2223.024902;0.154210;0.000000;0.000000;0.000000;0.000000;2.000000;87.829216;-144.396591;2004.577515;0.047059;0.000000;0.000000;0.000000;0.000000;2.000000;82.687073;282.430298;2043.397461;0.136352;0.000000;0.000000;0.000000;0.000000;2.000000;71.598564;696.659302;2045.549194;0.248412;0.000000;0.000000;0.000000;0.000000;2.000000;102.172318;823.215210;2176.610352;0.382927;0.000000;0.000000;0.000000;0.000000;2.000000;42.078415;-810.898193;1983.338135;0.243006;0.000000;0.000000;0.000000;0.000000;2.000000;26.162003;-850.015015;2150.307617;0.291386;0.000000;0.000000;0.000000;0.000000;1.000000;1.641632;-887.987549;2110.864014;0.276214;0.000000;0.000000;0.000000;0.000000;1.000000;-48.412956;-877.396851;1984.989746;0.170762;0.000000;0.000000;0.000000;0.000000;1.000000;56.809071;-885.148560;2120.284668;0.337445;0.000000;0.000000;0.000000;0.000000;1.000000;128.749847;-881.838135;1999.728027;0.376220;0.000000;0.000000;0.000000;0.000000;1.000000;13289799680.000000
0.000000;-150.000000;2000.000000;0.000000;0.000000;0.000000;0.000000;0.000000;2.000000;12.138943;-340.351593;2013.830444;0.078284;0.000000;0.000000;0.000000;0.000000;2.000000;22.806507;-492.479797;2002.993896;0.138619;0.000000;0.000000;0.000000;0.000000;2.000000;39.925037;-723.678711;1982.652832;0.174854;0.000000;0.000000;0.000000;0.000000;2.000000;1.595047;-687.868591;1979.656372;0.160201;0.000000;0.000000;0.000000;0.000000;2.000000;-144.638367;-659.211426;1943.940063;0.127322;0.000000;0.000000;0.000000;0.000000;2.000000;-246.897064;-385.972992;1995.229248;0.086003;0.000000;0.000000;0.000000;0.000000;2.000000;-240.968903;-170.635925;2119.354004;0.209791;0.000000;0.000000;0.000000;0.000000;2.000000;-235.772278;-122.746613;2210.644287;0.337557;0.000000;0.000000;0.000000;0.000000;0.000000;-226.502167;-60.596642;2307.944336;0.304999;0.000000;0.000000;0.000000;0.000000;0.000000;-204.622375;-104.841705;2231.788086;0.796542;0.000000;0.000000;0.000000;0.000000;0.000000;72.792358;-682.875000;1990.136108;0.177543;0.000000;0.000000;0.000000;0.000000;2.000000;205.989532;-638.730408;2003.643555;0.238208;0.000000;0.000000;0.000000;0.000000;2.000000;255.105713;-356.879028;2099.797363;0.242220;0.000000;0.000000;0.000000;0.000000;2.000000;222.150055;-129.920990;2203.677002;0.170788;0.000000;0.000000;0.000000;0.000000;2.000000;180.961090;-52.888435;2134.965576;0.139022;0.000000;0.000000;0.000000;0.000000;2.000000;183.977631;-2.752747;2032.793213;0.258491;0.000000;0.000000;0.000000;0.000000;2.000000;153.829529;-56.570351;2117.545410;0.481755;0.000000;0.000000;0.000000;0.000000;2.000000;-97.427986;-156.525528;1995.699829;0.024764;0.000000;0.000000;0.000000;0.000000;2.000000;-108.120949;269.047241;2049.813721;0.128849;0.000000;0.000000;0.000000;0.000000;2.000000;-116.527672;678.407715;2073.273682;0.236464;0.000000;0.000000;0.000000;0.000000;2.000000;-152.032776;803.010437;2226.702148;0.251904;0.000000;0.000000;0.000000;0.000000;2.000000;87.855087;-144.115631;2003.877808;0.022326;0.000000;0.000000;0.000000;0.000000;2.000000;79.018005;282.493225;2044.931274;0.117698;0.000000;0.000000;0.000000;0.000000;2.000000;64.207710;696.595642;2052.293701;0.296101;0.000000;0.000000;0.000000;0.000000;2.000000;96.483383;821.860901;2184.215088;0.283891;0.000000;0.000000;0.000000;0.000000;2.000000;44.290771;-810.882141;1989.269897;0.187350;0.000000;0.000000;0.000000;0.000000;2.000000;21.029877;-851.352356;2155.072510;0.210985;0.000000;0.000000;0.000000;0.000000;1.000000;-4.042870;-887.537415;2114.307129;0.197123;0.000000;0.000000;0.000000;0.000000;1.000000;-49.393349;-872.808594;1987.056396;0.151717;0.000000;0.000000;0.000000;0.000000;1.000000;50.868019;-887.577271;2125.522949;0.245164;0.000000;0.000000;0.000000;0.000000;1.000000;126.780640;-886.274475;2007.368164;0.267861;0.000000;0.000000;0.000000;0.000000;1.000000;13289833472.000000
0.000000;-150.000000;2000.000000;0.000000;0.000000;0.000000;0.000000;0.000000;2.000000;12.320419;-340.186737;2015.213867;0.042877;0.000000;0.000000;0.000000;0.000000;2.000000;23.452148;-492.354767;2006.068970;0.095966;0.000000;0.000000;0.000000;0.000000;2.000000;40.227165;-723.641357;1987.147583;0.137483;0.000000;0.000000;0.000000;0.000000;2.000000;2.046852;-687.756592;1983.444336;0.116469;0.000000;0.000000;0.000000;0.000000;2.000000;-143.419067;-657.871094;1945.814575;0.079562;0.000000;0.000000;0.000000;0.000000;2.000000;-252.113220;-386.265320;1991.848022;0.189913;0.000000;0.000000;0.000000;0.000000;2.000000;-248.976135;-171.383621;2116.738281;0.258080;0.000000;0.000000;0.000000;0.000000;2.000000;-243.079651;-120.763580;2206.470459;0.263851;0.000000;0.000000;0.000000;0.000000;0.000000;-232.116547;-51.347755;2298.505859;0.438167;0.000000;0.000000;0.000000;0.000000;0.000000;-209.905426;-102.494415;2224.134277;0.292716;0.000000;0.000000;0.000000;0.000000;0.000000;73.089424;-682.895386;1994.870850;0.144778;0.000000;0.000000;0.000000;0.000000;2.000000;205.978455;-638.348389;2009.666382;0.184172;0.000000;0.000000;0.000000;0.000000;2.000000;249.458359;-356.877899;2109.350342;0.338665;0.000000;0.000000;0.000000;0.000000;2.000000;221.824783;-128.676666;2211.898682;0.253957;0.000000;0.000000;0.000000;0.000000;2.000000;176.075409;-52.774406;2144.879883;0.337321;0.000000;0.000000;0.000000;0.000000;2.000000;177.630066;-9.315598;2039.692627;0.349242;0.000000;0.000000;0.000000;0.000000;2.000000;148.653488;-57.161758;2127.264160;0.336518;0.000000;0.000000;0.000000;0.000000;2.000000;-97.308319;-156.768951;1994.183838;0.046999;0.000000;0.000000;0.000000;0.000000;2.000000;-113.042862;268.297455;2050.170898;0.152328;0.000000;0.000000;0.000000;0.000000;2.000000;-124.950211;677.301270;2076.395508;0.276195;0.000000;0.000000;0.000000;0.000000;2.000000;-168.781738;803.073608;2226.618164;0.511148;0.000000;0.000000;0.000000;0.000000;2.000000;87.747192;-143.896118;2005.244751;0.042378;0.000000;0.000000;0.000000;0.000000;2.000000;77.146820;282.426819;2047.718506;0.102470;0.000000;0.000000;0.000000;0.000000;2.000000;60.247707;696.350220;2054.866699;0.144314;0.000000;0.000000;0.000000;0.000000;2.000000;88.485451;825.616577;2183.755615;0.270013;0.000000;0.000000;0.000000;0.000000;2.000000;44.268402;-810.799072;1994.266357;0.152502;0.000000;0.000000;0.000000;0.000000;2.000000;14.728455;-851.685181;2158.918945;0.225528;0.000000;0.000000;0.000000;0.000000;1.000000;-10.721718;-886.390259;2117.135254;0.224094;0.000000;0.000000;0.000000;0.000000;1.000000;-51.852600;-868.609131;1988.880249;0.158603;0.000000;0.000000;0.000000;0.000000;1.000000;43.792442;-888.886597;2129.840576;0.256093;0.000000;0.000000;0.000000;0.000000;1.000000;122.913086;-889.801392;2013.847534;0.254194;0.000000;0.000000;0.000000;0.000000;1.000000;13289866240.000000
0.000000;-150.000000;2000.000000;0.000000;0.000000;0.000000;0.000000;0.000000;2.000000;13.303505;-339.019043;2016.444946;0.058031;0.000000;0.000000;0.000000;0.000000;2.000000;25.871344;-490.302612;2007.727783;0.105939;0.000000;0.000000;0.000000;0.000000;2.000000;45.172501;-720.152344;1988.525635;0.183687;0.000000;0.000000;0.000000;0.000000;2.000000;6.991058;-684.779846;1983.884033;0.171280;0.000000;0.000000;0.000000;0.000000;2.000000;-137.129211;-657.849854;1942.284668;0.213444;0.000000;0.000000;0.000000;0.000000;2.000000;-245.616882;-387.645264;1987.169189;0.240410;0.000000;0.000000;0.000000;0.000000;2.000000;-248.466187;-170.645676;2105.679199;0.328344;0.000000;0.000000;0.000000;0.000000;2.000000;-242.827118;-121.549438;2195.659668;0.320853;0.000000;0.000000;0.000000;0.000000;0.000000;-237.849884;-46.855850;2283.217773;0.501136;0.000000;0.000000;0.000000;0.000000;0.000000;-206.884674;-100.276871;2209.187012;0.456020;0.000000;0.000000;0.000000;0.000000;0.000000;77.261925;-679.359070;1997.299927;0.177102;0.000000;0.000000;0.000000;0.000000;2.000000;210.015320;-639.770508;2018.895752;0.301062;0.000000;0.000000;0.000000;0.000000;2.000000;249.305298;-358.771545;2116.904785;0.230518;0.000000;0.000000;0.000000;0.000000;2.000000;219.606735;-127.689758;2208.657227;0.119844;0.000000;0.000000;0.000000;0.000000;2.000000;179.288513;-54.120132;2136.686768;0.263463;0.000000;0.000000;0.000000;0.000000;2.000000;183.282272;-10.301186;2032.354492;0.275653;0.000000;0.000000;0.000000;0.000000;2.000000;154.148026;-57.648209;2118.677490;0.302017;0.000000;0.000000;0.000000;0.000000;2.000000;-96.545914;-157.532288;1991.526611;0.084869;0.000000;0.000000;0.000000;0.000000;2.000000;-112.866364;265.261688;2047.525757;0.119270;0.000000;0.000000;0.000000;0.000000;2.000000;-125.435791;672.010498;2075.271484;0.160707;0.000000;0.000000;0.000000;0.000000;2.000000;-160.711700;802.102600;2222.651855;0.267647;0.000000;0.000000;0.000000;0.000000;2.000000;87.059715;-143.207825;2007.640869;0.076529;0.000000;0.000000;0.000000;0.000000;2.000000;78.129715;281.020966;2049.056641;0.064381;0.000000;0.000000;0.000000;0.000000;2.000000;64.359825;692.949402;2053.111328;0.166238;0.000000;0.000000;0.000000;0.000000;2.000000;82.750069;826.003723;2178.508301;0.230328;0.000000;0.000000;0.000000;0.000000;2.000000;49.770836;-806.846008;1995.393311;0.203252;0.000000;0.000000;0.000000;0.000000;2.000000;15.644711;-850.686890;2157.445313;0.059243;0.000000;0.000000;0.000000;0.000000;1.000000;-9.695362;-883.448547;2114.488281;0.120982;0.000000;0.000000;0.000000;0.000000;1.000000;-47.269169;-861.476196;1986.537231;0.260310;0.000000;0.000000;0.000000;0.000000;1.000000;44.152527;-887.776367;2128.221680;0.059060;0.000000;0.000000;0.000000;0.000000;1.000000;125.343536;-888.077148;2014.559814;0.090669;0.000000;0.000000;0.000000;0.000000;1.000000;13289900032.000000
0.000000;-150.000000;2000.000000;0.000000;0.000000;0.000000;0.000000;0.000000;2.000000;15.221775;-338.289520;2016.668335;0.061092;0.000000;0.000000;0.000000;0.000000;2.000000;29.421265;-489.002686;2008.400391;0.113631;0.000000;0.000000;0.000000;0.000000;2.000000;46.857594;-718.534607;1992.041504;0.124915;0.000000;0.000000;0.000000;0.000000;2.000000;9.252174;-682.954712;1986.176147;0.109524;0.000000;0.000000;0.000000;0.000000;2.000000;-133.665771;-657.028992;1941.545898;0.107577;0.000000;0.000000;0.000000;0.000000;2.000000;-242.393250;-387.071228;1981.351685;0.197552;0.000000;0.000000;0.000000;0.000000;2.000000;-249.849243;-171.486572;2100.721191;0.154342;0.000000;0.000000;0.000000;0.000000;2.000000;-235.126801;-125.055542;2190.743652;0.289579;0.000000;0.000000;0.000000;0.000000;0.000000;-232.394470;-49.166885;2276.915527;0.255975;0.000000;0.000000;0.000000;0.000000;0.000000;-204.836609;-99.971603;2205.325684;0.129661;0.000000;0.000000;0.000000;0.000000;0.000000;79.039101;-678.079956;2001.111572;0.130084;0.000000;0.000000;0.000000;0.000000;2.000000;208.539063;-632.987793;2028.272827;0.345253;0.000000;0.000000;0.000000;0.000000;2.000000;246.745377;-353.112030;2127.211426;0.356111;0.000000;0.000000;0.000000;0.000000;2.000000;212.923050;-123.874451;2220.142090;0.409120;0.000000;0.000000;0.000000;0.000000;2.000000;171.309952;-50.528694;2149.187500;0.451544;0.000000;0.000000;0.000000;0.000000;2.000000;167.915680;0.514992;2048.545898;0.734047;0.000000;0.000000;0.000000;0.000000;2.000000;141.315872;-51.583061;2146.558105;0.925824;0.000000;0.000000;0.000000;0.000000;2.000000;-96.126190;-158.564713;1991.034668;0.036051;0.000000;0.000000;0.000000;0.000000;2.000000;-114.960434;262.883057;2046.809937;0.096144;0.000000;0.000000;0.000000;0.000000;2.000000;-130.284058;668.319885;2074.709473;0.181078;0.000000;0.000000;0.000000;0.000000;2.000000;-172.898422;799.814209;2218.053711;0.391360;0.000000;0.000000;0.000000;0.000000;2.000000;86.681213;-142.276810;2008.084473;0.032510;0.000000;0.000000;0.000000;0.000000;2.000000;77.760948;280.829956;2048.026855;0.032859;0.000000;0.000000;0.000000;0.000000;2.000000;62.380119;691.468201;2053.493896;0.074039;0.000000;0.000000;0.000000;0.000000;2.000000;78.037125;828.737793;2173.822754;0.212660;0.000000;0.000000;0.000000;0.000000;2.000000;50.437748;-804.936340;1999.873657;0.145472;0.000000;0.000000;0.000000;0.000000;2.000000;76.689934;-871.844055;2154.821289;1.913497;0.000000;0.000000;0.000000;0.000000;2.000000;46.811642;-905.146790;2115.604004;1.791550;0.000000;0.000000;0.000000;0.000000;2.000000;-31.236065;-880.161133;2008.633667;0.978998;0.000000;0.000000;0.000000;0.000000;2.000000;101.823303;-897.612183;2113.243164;1.787125;0.000000;0.000000;0.000000;0.000000;2.000000;142.844971;-866.623047;1983.809570;1.224497;0.000000;0.000000;0.000000;0.000000;2.000000;13289933824.000000
0.000000;-150.000000;2000.000000;0.000000;0.000000;0.000000;0.000000;0.000000;2.000000;16.355778;-337.705841;2016.118408;0.042386;0.000000;0.000000;0.000000;0.000000;2.000000;31.490459;-487.865112;2007.248657;0.080175;0.000000;0.000000;0.000000;0.000000;2.000000;52.231457;-716.338135;1989.144531;0.198001;0.000000;0.000000;0.000000;0.000000;2.000000;14.250580;-681.352295;1983.424683;0.180860;0.000000;0.000000;0.000000;0.000000;2.000000;-128.445190;-656.728821;1938.796875;0.180291;0.000000;0.000000;0.000000;0.000000;2.000000;-239.734253;-388.898224;1979.796875;0.109292;0.000000;0.000000;0.000000;0.000000;2.000000;-252.273865;-173.492401;2097.625488;0.134712;0.000000;0.000000;0.000000;0.000000;2.000000;-235.181091;-125.066269;2185.833008;0.149870;0.000000;0.000000;0.000000;0.000000;0.000000;-226.890686;-51.937592;2273.592529;0.213647;0.000000;0.000000;0.000000;0.000000;0.000000;-201.501038;-95.034454;2188.742676;0.537749;0.000000;0.000000;0.000000;0.000000;0.000000;83.701889;-675.617065;1998.655029;0.177533;0.000000;0.000000;0.000000;0.000000;2.000000;212.054565;-629.773071;2027.905884;0.145808;0.000000;0.000000;0.000000;0.000000;2.000000;247.024231;-354.717560;2138.351318;0.343581;0.000000;0.000000;0.000000;0.000000;2.000000;210.236053;-129.944138;2238.869385;0.606350;0.000000;0.000000;0.000000;0.000000;2.000000;174.010239;-52.822815;2169.459717;0.628038;0.000000;0.000000;0.000000;0.000000;0.000000;162.698318;15.145790;2080.428711;1.082318;0.000000;0.000000;0.000000;0.000000;2.000000;164.055695;-44.057793;2166.129639;0.943963;0.000000;0.000000;0.000000;0.000000;0.000000;-95.794685;-159.122116;1990.974487;0.019877;0.000000;0.000000;0.000000;0.000000;2.000000;-116.007164;261.183594;2045.772339;0.068650;0.000000;0.000000;0.000000;0.000000;2.000000;-132.834503;665.479553;2072.721191;0.131352;0.000000;0.000000;0.000000;0.000000;2.000000;-175.273956;794.939270;2217.188721;0.167587;0.000000;0.000000;0.000000;0.000000;2.000000;86.382278;-141.774185;2008.138550;0.017923;0.000000;0.000000;0.000000;0.000000;2.000000;76.290497;279.889008;2050.318604;0.087919;0.000000;0.000000;0.000000;0.000000;2.000000;59.266232;689.299866;2056.309082;0.144188;0.000000;0.000000;0.000000;0.000000;2.000000;75.156891;825.010559;2177.589600;0.184062;0.000000;0.000000;0.000000;0.000000;2.000000;57.006172;-802.498474;1996.267090;0.240479;0.000000;0.000000;0.000000;0.000000;2.000000;71.312263;-874.598267;2149.916016;0.237502;0.000000;0.000000;0.000000;0.000000;2.000000;44.864044;-906.473938;2107.437988;0.259378;0.000000;0.000000;0.000000;0.000000;2.000000;-24.468704;-877.985229;1995.912476;0.444720;0.000000;0.000000;0.000000;0.000000;2.000000;99.695320;-898.739746;2109.678223;0.131291;0.000000;0.000000;0.000000;0.000000;2.000000;150.457367;-863.165588;1985.400391;0.259728;0.000000;0.000000;0.000000;0.000000;2.000000;13289966592.000000
0.000000;-150.000000;2000.000000;0.000000;0.000000;0.000000;0.000000;0.000000;2.000000;16.818106;-338.099365;2013.200928;0.088186;0.000000;0.000000;0.000000;0.000000;2.000000;32.640617;-488.330383;2003.955933;0.104129;0.000000;0.000000;0.000000;0.000000;2.000000;57.544159;-716.881165;1989.216431;0.158051;0.000000;0.000000;0.000000;0.000000;2.000000;19.255991;-682.512207;1981.605347;0.161300;0.000000;0.000000;0.000000;0.000000;2.000000;-123.614410;-658.714050;1936.531982;0.168464;0.000000;0.000000;0.000000;0.000000;2.000000;-240.838974;-392.289368;1972.058716;0.252146;0.000000;0.000000;0.000000;0.000000;2.000000;-235.913559;-179.418091;2095.481934;0.518819;0.000000;0.000000;0.000000;0.000000;2.000000;-235.076401;-127.139069;2183.269531;0.097606;0.000000;0.000000;0.000000;0.000000;0.000000;-231.209732;-64.660873;2279.333252;0.432391;0.000000;0.000000;0.000000;0.000000;0.000000;-194.784073;-91.840500;2179.617676;0.348372;0.000000;0.000000;0.000000;0.000000;0.000000;88.030182;-675.535156;1999.516968;0.130624;0.000000;0.000000;0.000000;0.000000;2.000000;213.746445;-625.401611;2033.515991;0.216342;0.000000;0.000000;0.000000;0.000000;2.000000;242.692276;-352.011108;2150.519775;0.390538;0.000000;0.000000;0.000000;0.000000;2.000000;206.099442;-129.453690;2256.558350;0.537785;0.000000;0.000000;0.000000;0.000000;2.000000;177.724075;-40.977669;2197.645508;0.911410;0.000000;0.000000;0.000000;0.000000;0.000000;163.260727;36.636894;2117.218018;1.260958;0.000000;0.000000;0.000000;0.000000;2.000000;153.541687;-31.739944;2199.800781;1.105686;0.000000;0.000000;0.000000;0.000000;0.000000;-95.606644;-159.358734;1988.451538;0.075195;0.000000;0.000000;0.000000;0.000000;2.000000;-119.338425;261.202545;2043.446045;0.120240;0.000000;0.000000;0.000000;0.000000;2.000000;-138.217651;665.744141;2071.933105;0.161191;0.000000;0.000000;0.000000;0.000000;2.000000;-190.427872;797.204529;2211.610352;0.482545;0.000000;0.000000;0.000000;0.000000;2.000000;86.212723;-141.560822;2010.413574;0.067806;0.000000;0.000000;0.000000;0.000000;2.000000;72.496307;280.476257;2052.458496;0.130073;0.000000;0.000000;0.000000;0.000000;2.000000;53.485649;690.276184;2055.681885;0.174476;0.000000;0.000000;0.000000;0.000000;2.000000;63.415051;825.644287;2178.271729;0.348565;0.000000;0.000000;0.000000;0.000000;2.000000;63.335091;-802.970703;1997.490967;0.191271;0.000000;0.000000;0.000000;0.000000;2.000000;81.272583;-877.405029;2149.844971;0.306240;0.000000;0.000000;0.000000;0.000000;2.000000;52.259613;-907.996277;2108.011963;0.224089;0.000000;0.000000;0.000000;0.000000;2.000000;-20.423309;-876.074524;1999.411743;0.168083;0.000000;0.000000;0.000000;0.000000;2.000000;107.404282;-901.914734;2108.246582;0.250332;0.000000;0.000000;0.000000;0.000000;2.000000;154.537903;-866.317993;1982.387573;0.176730;0.000000;0.000000;0.000000;0.000000;2.000000;13290000384.000000
0.000000;-150.000000;2000.000000;0.000000;0.000000;0.000000;0.000000;0.000000;2.000000;14.836714;-338.362732;2011.877441;0.073159;0.000000;0.000000;0.000000;0.000000;2.000000;29.271603;-488.894470;2005.625977;0.116037;0.000000;0.000000;0.000000;0.000000;2.000000;54.574303;-717.414612;1990.929321;0.105886;0.000000;0.000000;0.000000;0.000000;2.000000;16.521534;-683.015808;1982.321777;0.087624;0.000000;0.000000;0.000000;0.000000;2.000000;-124.567863;-656.809082;1933.138550;0.122274;0.000000;0.000000;0.000000;0.000000;2.000000;-234.769440;-386.924866;1964.946167;0.328975;0.000000;0.000000;0.000000;0.000000;2.000000;-241.603424;-174.537201;2089.131836;0.299821;0.000000;0.000000;0.000000;0.000000;2.000000;-236.789856;-136.678574;2183.920898;0.296449;0.000000;0.000000;0.000000;0.000000;0.000000;-234.343903;-72.921440;2279.194092;0.269661;0.000000;0.000000;0.000000;0.000000;0.000000;-207.792816;-113.030090;2201.164551;1.004067;0.000000;0.000000;0.000000;0.000000;0.000000;84.755630;-676.102234;2002.225708;0.130840;0.000000;0.000000;0.000000;0.000000;2.000000;208.485443;-622.477844;2038.156494;0.231935;0.000000;0.000000;0.000000;0.000000;2.000000;249.982483;-348.474579;2149.863037;0.248086;0.000000;0.000000;0.000000;0.000000;2.000000;198.701965;-130.627823;2259.561279;0.246265;0.000000;0.000000;0.000000;0.000000;2.000000;177.261719;-42.665802;2197.047119;0.056450;0.000000;0.000000;0.000000;0.000000;0.000000;140.812500;24.312670;2114.051514;0.787470;0.000000;0.000000;0.000000;0.000000;2.000000;127.067032;-20.742130;2209.138184;0.920117;0.000000;0.000000;0.000000;0.000000;0.000000;-95.120934;-158.474533;1984.423828;0.126713;0.000000;0.000000;0.000000;0.000000;2.000000;-124.490944;261.560059;2040.851685;0.176388;0.000000;0.000000;0.000000;0.000000;2.000000;-146.733734;665.904968;2069.959229;0.266825;0.000000;0.000000;0.000000;0.000000;2.000000;-209.240387;795.380432;2207.254883;0.591922;0.000000;0.000000;0.000000;0.000000;2.000000;85.774734;-142.358124;2014.045776;0.114270;0.000000;0.000000;0.000000;0.000000;2.000000;67.788231;279.846130;2052.873047;0.145511;0.000000;0.000000;0.000000;0.000000;2.000000;45.974098;689.520508;2056.631836;0.232208;0.000000;0.000000;0.000000;0.000000;2.000000;53.543633;824.204895;2180.151855;0.309797;0.000000;0.000000;0.000000;0.000000;2.000000;60.119190;-803.533142;1999.111572;0.111231;0.000000;0.000000;0.000000;0.000000;2.000000;71.331024;-870.726624;2155.431641;0.403302;0.000000;0.000000;0.000000;0.000000;2.000000;44.095955;-903.258362;2113.864258;0.338927;0.000000;0.000000;0.000000;0.000000;2.000000;-23.776951;-876.491333;2000.841187;0.111979;0.000000;0.000000;0.000000;0.000000;2.000000;99.192230;-897.157715;2116.195801;0.377799;0.000000;0.000000;0.000000;0.000000;2.000000;151.781052;-867.498901;1990.953247;0.276964;0.000000;0.000000;0.000000;0.000000;2.000000;13290033152.000000
0.000000;-150.000000;2000.000000;0.000000;0.000000;0.000000;0.000000;0.000000;2.000000;15.014261;-338.654602;2011.519409;0.014645;0.000000;0.000000;0.000000;0.000000;2.000000;29.742058;-489.371216;2004.947632;0.028211;0.000000;0.000000;0.000000;0.000000;2.000000;54.253948;-718.460632;1992.565186;0.058237;0.000000;0.000000;0.000000;0.000000;2.000000;16.588562;-683.876404;1982.630249;0.027127;0.000000;0.000000;0.000000;0.000000;2.000000;-122.629257;-656.730835;1928.204224;0.156903;0.000000;0.000000;0.000000;0.000000;2.000000;-232.147919;-385.983948;1959.059204;0.192726;0.000000;0.000000;0.000000;0.000000;2.000000;-247.610321;-171.921219;2080.286621;0.325741;0.000000;0.000000;0.000000;0.000000;2.000000;-238.991119;-137.800385;2176.380859;0.234804;0.000000;0.000000;0.000000;0.000000;0.000000;-233.473114;-71.882065;2270.250244;0.267698;0.000000;0.000000;0.000000;0.000000;0.000000;-213.652634;-114.422867;2195.540527;0.243861;0.000000;0.000000;0.000000;0.000000;0.000000;84.371964;-677.163452;2004.434448;0.073399;0.000000;0.000000;0.000000;0.000000;2.000000;206.448898;-622.690674;2045.223267;0.217728;0.000000;0.000000;0.000000;0.000000;2.000000;241.597153;-346.352356;2154.522461;0.290745;0.000000;0.000000;0.000000;0.000000;2.000000;192.155777;-125.024368;2258.807861;0.255972;0.000000;0.000000;0.000000;0.000000;2.000000;165.829880;-44.394753;2188.473145;0.425961;0.000000;0.000000;0.000000;0.000000;0.000000;132.509491;25.706768;2106.519531;0.334299;0.000000;0.000000;0.000000;0.000000;2.000000;127.483749;-22.470123;2194.384521;0.439760;0.000000;0.000000;0.000000;0.000000;0.000000;-95.107063;-158.575287;1983.523315;0.026818;0.000000;0.000000;0.000000;0.000000;2.000000;-127.377945;262.177338;2037.746460;0.126795;0.000000;0.000000;0.000000;0.000000;2.000000;-152.468765;667.043274;2065.723633;0.213656;0.000000;0.000000;0.000000;0.000000;2.000000;-215.010010;802.062378;2198.001953;0.378457;0.000000;0.000000;0.000000;0.000000;2.000000;85.762222;-142.267303;2014.857788;0.024182;0.000000;0.000000;0.000000;0.000000;2.000000;68.840248;280.589905;2053.977051;0.050210;0.000000;0.000000;0.000000;0.000000;2.000000;47.093044;690.895874;2052.764648;0.125896;0.000000;0.000000;0.000000;0.000000;2.000000;51.276409;829.365906;2172.609619;0.278647;0.000000;0.000000;0.000000;0.000000;2.000000;59.109352;-804.673889;2001.521484;0.084372;0.000000;0.000000;0.000000;0.000000;2.000000;85.368530;-867.422119;2158.163086;0.434352;0.000000;0.000000;0.000000;0.000000;2.000000;54.416870;-901.226135;2120.245850;0.364095;0.000000;0.000000;0.000000;0.000000;2.000000;-24.064495;-877.785645;2013.275391;0.370049;0.000000;0.000000;0.000000;0.000000;2.000000;109.542839;-894.969910;2117.175293;0.314410;0.000000;0.000000;0.000000;0.000000;2.000000;149.992615;-868.807251;1986.530640;0.146386;0.000000;0.000000;0.000000;0.000000;2.000000;13290066944.000000
0.000000;-150.000000;2000.000000;0.000000;0.000000;0.000000;0.000000;0.000000;2.000000;13.862720;-338.673035;2009.776123;0.063762;0.000000;0.000000;0.000000;0.000000;2.000000;27.921318;-489.273651;2002.233765;0.099777;0.000000;0.000000;0.000000;0.000000;2.000000;52.842697;-718.113525;1989.847412;0.094054;0.000000;0.000000;0.000000;0.000000;2.000000;15.110855;-683.639282;1980.023804;0.091722;0.000000;0.000000;0.000000;0.000000;2.000000;-124.618698;-664.435059;1923.927368;0.275681;0.000000;0.000000;0.000000;0.000000;2.000000;-233.044647;-392.572113;1944.721680;0.482306;0.000000;0.000000;0.000000;0.000000;2.000000;-252.071274;-176.095825;2060.595703;0.629180;0.000000;0.000000;0.000000;0.000000;2.000000;-238.275864;-138.080582;2154.503418;0.668058;0.000000;0.000000;0.000000;0.000000;0.000000;-234.377335;-69.674744;2246.532227;0.727468;0.000000;0.000000;0.000000;0.000000;0.000000;-210.340332;-110.457092;2167.515625;0.869667;0.000000;0.000000;0.000000;0.000000;0.000000;82.884628;-676.788330;2001.607056;0.098165;0.000000;0.000000;0.000000;0.000000;2.000000;204.352951;-621.193481;2042.276245;0.119446;0.000000;0.000000;0.000000;0.000000;2.000000;230.390289;-348.389893;2161.803711;0.412566;0.000000;0.000000;0.000000;0.000000;2.000000;189.767792;-129.277908;2273.767578;0.480192;0.000000;0.000000;0.000000;0.000000;2.000000;163.367569;-46.094215;2206.661377;0.562520;0.000000;0.000000;0.000000;0.000000;0.000000;121.431808;18.300505;2124.120117;0.673705;0.000000;0.000000;0.000000;0.000000;2.000000;107.665070;-34.787201;2204.149414;0.771946;0.000000;0.000000;0.000000;0.000000;0.000000;-94.709442;-157.915970;1981.526611;0.065308;0.000000;0.000000;0.000000;0.000000;2.000000;-130.170090;262.632019;2032.289795;0.187573;0.000000;0.000000;0.000000;0.000000;2.000000;-156.283554;667.370239;2055.573242;0.331070;0.000000;0.000000;0.000000;0.000000;2.000000;-239.567825;799.168823;2179.112549;0.949616;0.000000;0.000000;0.000000;0.000000;2.000000;85.403664;-142.861832;2016.658203;0.058888;0.000000;0.000000;0.000000;0.000000;2.000000;62.975723;279.789673;2050.847656;0.204322;0.000000;0.000000;0.000000;0.000000;2.000000;38.498116;689.580322;2050.821289;0.271898;0.000000;0.000000;0.000000;0.000000;2.000000;32.629322;823.545044;2175.376709;0.602096;0.000000;0.000000;0.000000;0.000000;2.000000;57.896263;-804.238281;1998.803101;0.091812;0.000000;0.000000;0.000000;0.000000;2.000000;79.216988;-868.502563;2155.415527;0.208232;0.000000;0.000000;0.000000;0.000000;1.000000;47.641804;-900.924316;2116.892578;0.230881;0.000000;0.000000;0.000000;0.000000;1.000000;-28.099642;-874.112183;2008.893555;0.213573;0.000000;0.000000;0.000000;0.000000;1.000000;102.959099;-896.764404;2114.727539;0.221242;0.000000;0.000000;0.000000;0.000000;1.000000;146.425171;-871.668213;1984.976563;0.147394;0.000000;0.000000;0.000000;0.000000;1.000000;13290099712.000000
0.000000;-150.000000;2000.000000;0.000000;0.000000;0.000000;0.000000;0.000000;2.000000;14.299023;-338.913635;2009.099243;0.024872;0.000000;0.000000;0.000000;0.000000;2.000000;29.624001;-489.275940;1996.886719;0.166063;0.000000;0.000000;0.000000;0.000000;2.000000;58.628151;-718.028198;1986.534912;0.197301;0.000000;0.000000;0.000000;0.000000;2.000000;20.308849;-684.257385;1976.207642;0.191702;0.000000;0.000000;0.000000;0.000000;2.000000;-118.894165;-662.229736;1919.328125;0.226895;0.000000;0.000000;0.000000;0.000000;2.000000;-224.882050;-388.612366;1933.989746;0.415863;0.000000;0.000000;0.000000;0.000000;2.000000;-251.314087;-174.324234;2053.092773;0.229236;0.000000;0.000000;0.000000;0.000000;2.000000;-233.675842;-134.847763;2145.887695;0.304449;0.000000;0.000000;0.000000;0.000000;0.000000;-227.133835;-67.894859;2239.009033;0.313509;0.000000;0.000000;0.000000;0.000000;0.000000;-196.541229;-106.119644;2149.704102;0.679011;0.000000;0.000000;0.000000;0.000000;0.000000;87.917786;-676.036621;1998.124878;0.182478;0.000000;0.000000;0.000000;0.000000;2.000000;208.832642;-617.188049;2036.398438;0.248755;0.000000;0.000000;0.000000;0.000000;2.000000;243.890930;-345.825562;2157.827637;0.423345;0.000000;0.000000;0.000000;0.000000;2.000000;192.228867;-139.020187;2287.886230;0.512823;0.000000;0.000000;0.000000;0.000000;2.000000;170.515503;-49.369049;2227.541748;0.660263;0.000000;0.000000;0.000000;0.000000;0.000000;130.743042;18.092777;2146.193848;0.708988;0.000000;0.000000;0.000000;0.000000;2.000000;120.815598;-39.756752;2216.597900;0.555681;0.000000;0.000000;0.000000;0.000000;0.000000;-94.676178;-158.090561;1980.807007;0.021935;0.000000;0.000000;0.000000;0.000000;2.000000;-128.952667;263.468109;2028.381958;0.123627;0.000000;0.000000;0.000000;0.000000;2.000000;-155.823807;668.751831;2050.190674;0.165011;0.000000;0.000000;0.000000;0.000000;2.000000;-230.357300;798.689941;2181.452148;0.281578;0.000000;0.000000;0.000000;0.000000;2.000000;85.373672;-142.704376;2017.307129;0.019781;0.000000;0.000000;0.000000;0.000000;2.000000;63.652893;280.558472;2051.027100;0.030780;0.000000;0.000000;0.000000;0.000000;2.000000;38.243210;690.796204;2047.669067;0.100266;0.000000;0.000000;0.000000;0.000000;2.000000;41.036911;821.285400;2176.292969;0.259056;0.000000;0.000000;0.000000;0.000000;2.000000;65.138206;-804.082886;1996.249512;0.227289;0.000000;0.000000;0.000000;0.000000;2.000000;80.451286;-867.553772;2154.117188;0.059989;0.000000;0.000000;0.000000;0.000000;1.000000;48.187389;-899.003906;2115.245605;0.076589;0.000000;0.000000;0.000000;0.000000;1.000000;-24.200211;-870.015503;2005.314819;0.198063;0.000000;0.000000;0.000000;0.000000;1.000000;103.737503;-897.338684;2114.165527;0.033106;0.000000;0.000000;0.000000;0.000000;1.000000;150.920532;-875.636353;1984.913940;0.177454;0.000000;0.000000;0.000000;0.000000;1.000000;13290133504.000000
0.000000;-150.000000;2000.000000;0.000000;0.000000;0.000000;0.000000;0.000000;2.000000;14.145460;-338.146149;2012.217651;0.098118;0.000000;0.000000;0.000000;0.000000;2.000000;30.201672;-488.016052;2000.869873;0.128705;0.000000;0.000000;0.000000;0.000000;2.000000;58.855804;-716.116821;1991.467651;0.161591;0.000000;0.000000;0.000000;0.000000;2.000000;20.768234;-682.433716;1980.831787;0.152342;0.000000;0.000000;0.000000;0.000000;2.000000;-117.197060;-667.448730;1920.061157;0.168968;0.000000;0.000000;0.000000;0.000000;2.000000;-224.951767;-395.191895;1925.949951;0.317050;0.000000;0.000000;0.000000;0.000000;2.000000;-258.924835;-180.280991;2040.311401;0.489015;0.000000;0.000000;0.000000;0.000000;2.000000;-239.723480;-137.243988;2130.828613;0.500611;0.000000;0.000000;0.000000;0.000000;2.000000;-239.759583;-71.167801;2224.356934;0.598647;0.000000;0.000000;0.000000;0.000000;0.000000;-195.945496;-99.271194;2113.639648;1.120415;0.000000;0.000000;0.000000;0.000000;2.000000;88.040901;-674.261230;2003.061890;0.160156;0.000000;0.000000;0.000000;0.000000;2.000000;210.363220;-617.927979;2038.960693;0.093840;0.000000;0.000000;0.000000;0.000000;2.000000;239.832779;-349.167084;2165.232910;0.277143;0.000000;0.000000;0.000000;0.000000;2.000000;184.163345;-147.160919;2299.595215;0.499990;0.000000;0.000000;0.000000;0.000000;2.000000;160.260986;-57.040260;2241.453857;0.577056;0.000000;0.000000;0.000000;0.000000;0.000000;106.783958;-8.037601;2155.379395;1.117630;0.000000;0.000000;0.000000;0.000000;2.000000;114.292953;-61.918747;2213.933350;0.709689;0.000000;0.000000;0.000000;0.000000;0.000000;-93.872528;-158.442352;1978.675903;0.070331;0.000000;0.000000;0.000000;0.000000;2.000000;-131.973953;261.654053;2024.203979;0.166802;0.000000;0.000000;0.000000;0.000000;2.000000;-161.753586;665.528870;2044.343262;0.272517;0.000000;0.000000;0.000000;0.000000;2.000000;-246.952789;796.111633;2167.255127;0.671118;0.000000;0.000000;0.000000;0.000000;2.000000;84.648994;-142.387161;2019.228760;0.063418;0.000000;0.000000;0.000000;0.000000;2.000000;59.227718;279.377747;2052.189209;0.144199;0.000000;0.000000;0.000000;0.000000;2.000000;30.856163;688.127502;2050.397949;0.253750;0.000000;0.000000;0.000000;0.000000;2.000000;31.723087;819.432373;2177.384521;0.291714;0.000000;0.000000;0.000000;0.000000;2.000000;65.165886;-801.876160;2001.469482;0.172953;0.000000;0.000000;0.000000;0.000000;2.000000;74.069145;-870.227417;2157.192627;0.231086;0.000000;0.000000;0.000000;0.000000;1.000000;41.268692;-898.878479;2116.919189;0.217265;0.000000;0.000000;0.000000;0.000000;1.000000;-27.101009;-863.441895;2006.827637;0.224082;0.000000;0.000000;0.000000;0.000000;1.000000;96.669456;-899.870850;2116.981445;0.244709;0.000000;0.000000;0.000000;0.000000;1.000000;147.387756;-876.910828;1989.776733;0.187507;0.000000;0.000000;0.000000;0.000000;1.000000;13290166272.000000
0.000000;-150.000000;2000.000000;0.000000;0.000000;0.000000;0.000000;0.000000;2.000000;14.388110;-338.143921;2011.388062;0.025579;0.000000;0.000000;0.000000;0.000000;2.000000;30.615002;-487.910614;1999.323364;0.047475;0.000000;0.000000;0.000000;0.000000;2.000000;60.447086;-715.810913;1989.789063;0.069043;0.000000;0.000000;0.000000;0.000000;2.000000;22.202206;-682.323730;1979.147583;0.065539;0.000000;0.000000;0.000000;0.000000;2.000000;-115.850754;-668.820313;1918.300171;0.077139;0.000000;0.000000;0.000000;0.000000;2.000000;-223.491882;-396.514343;1918.292358;0.233987;0.000000;0.000000;0.000000;0.000000;2.000000;-259.714233;-181.026855;2030.763306;0.284377;0.000000;0.000000;0.000000;0.000000;2.000000;-234.032669;-128.480377;2114.367188;0.576995;0.000000;0.000000;0.000000;0.000000;2.000000;-230.898834;-58.012665;2204.551025;0.750890;0.000000;0.000000;0.000000;0.000000;0.000000;-199.708206;-83.195015;2078.081543;1.160166;0.000000;0.000000;0.000000;0.000000;2.000000;89.401031;-673.821411;2001.433838;0.064114;0.000000;0.000000;0.000000;0.000000;2.000000;210.451691;-615.853882;2038.905029;0.061456;0.000000;0.000000;0.000000;0.000000;2.000000;239.030411;-350.428772;2172.114258;0.208390;0.000000;0.000000;0.000000;0.000000;2.000000;181.909851;-151.289749;2310.013672;0.338278;0.000000;0.000000;0.000000;0.000000;2.000000;159.457245;-59.747932;2253.578613;0.368412;0.000000;0.000000;0.000000;0.000000;0.000000;103.477867;-16.930809;2165.839844;0.417919;0.000000;0.000000;0.000000;0.000000;0.000000;104.301933;-70.740517;2221.586182;0.454815;0.000000;0.000000;0.000000;0.000000;0.000000;-93.877983;-158.462952;1978.791260;0.003471;0.000000;0.000000;0.000000;0.000000;2.000000;-131.037140;261.920349;2021.624146;0.081604;0.000000;0.000000;0.000000;0.000000;2.000000;-161.027771;665.785156;2040.036377;0.129472;0.000000;0.000000;0.000000;0.000000;2.000000;-237.607697;795.442505;2169.372070;0.284245;0.000000;0.000000;0.000000;0.000000;2.000000;84.653900;-142.368591;2019.124878;0.003126;0.000000;0.000000;0.000000;0.000000;2.000000;59.459831;279.314697;2052.274658;0.007554;0.000000;0.000000;0.000000;0.000000;2.000000;30.897512;687.969604;2049.735352;0.020194;0.000000;0.000000;0.000000;0.000000;2.000000;30.785883;818.306885;2177.668213;0.044147;0.000000;0.000000;0.000000;0.000000;2.000000;67.189941;-801.527344;1999.735107;0.079552;0.000000;0.000000;0.000000;0.000000;2.000000;74.550552;-869.628418;2155.613281;0.051976;0.000000;0.000000;0.000000;0.000000;1.000000;41.614502;-897.975220;2115.251465;0.057052;0.000000;0.000000;0.000000;0.000000;1.000000;-25.798859;-861.985596;2004.781494;0.083717;0.000000;0.000000;0.000000;0.000000;1.000000;96.988464;-899.615601;2115.580811;0.043176;0.000000;0.000000;0.000000;0.000000;1.000000;148.566193;-877.530151;1988.595337;0.052672;0.000000;0.000000;0.000000;0.000000;1.000000;13290200064.000000
0.000000;-150.000000;2000.000000;0.000000;0.000000;0.000000;0.000000;0.000000;2.000000;15.069813;-338.034729;2011.032349;0.022983;0.000000;0.000000;0.000000;0.000000;2.000000;31.335644;-487.718628;1998.761719;0.027628;0.000000;0.000000;0.000000;0.000000;2.000000;64.560066;-715.113098;1990.736694;0.126599;0.000000;0.000000;0.000000;0.000000;2.000000;25.831440;-682.286804;1979.889648;0.109627;0.000000;0.000000;0.000000;0.000000;2.000000;-112.073204;-667.963745;1919.046021;0.116732;0.000000;0.000000;0.000000;0.000000;2.000000;-222.054718;-396.740448;1915.944946;0.081726;0.000000;0.000000;0.000000;0.000000;2.000000;-258.634064;-177.728043;2021.031372;0.305766;0.000000;0.000000;0.000000;0.000000;2.000000;-236.487915;-126.658203;2106.490723;0.250032;0.000000;0.000000;0.000000;0.000000;2.000000;-227.142334;-58.021187;2197.593262;0.233993;0.000000;0.000000;0.000000;0.000000;0.000000;-193.845413;-86.050507;2074.032715;0.227151;0.000000;0.000000;0.000000;0.000000;2.000000;92.873474;-672.635498;2002.087646;0.110297;0.000000;0.000000;0.000000;0.000000;2.000000;215.532944;-614.740234;2033.783447;0.216027;0.000000;0.000000;0.000000;0.000000;2.000000;238.912064;-354.095520;2176.812988;0.176412;0.000000;0.000000;0.000000;0.000000;2.000000;195.882889;-157.537918;2323.096191;0.595865;0.000000;0.000000;0.000000;0.000000;2.000000;169.309631;-64.789787;2270.648438;0.602029;0.000000;0.000000;0.000000;0.000000;0.000000;105.116737;-22.046532;2188.751465;0.696405;0.000000;0.000000;0.000000;0.000000;0.000000;102.081451;-74.448067;2248.811523;0.815761;0.000000;0.000000;0.000000;0.000000;0.000000;-94.266533;-158.676544;1980.882568;0.063263;0.000000;0.000000;0.000000;0.000000;2.000000;-131.124710;262.007996;2019.061523;0.075924;0.000000;0.000000;0.000000;0.000000;2.000000;-161.617020;665.788513;2034.665771;0.159885;0.000000;0.000000;0.000000;0.000000;2.000000;-237.268311;794.644226;2165.219727;0.125532;0.000000;0.000000;0.000000;0.000000;2.000000;85.004280;-142.175980;2017.239136;0.057045;0.000000;0.000000;0.000000;0.000000;2.000000;59.051575;279.081848;2052.918945;0.023600;0.000000;0.000000;0.000000;0.000000;2.000000;29.849262;687.512573;2048.856689;0.042677;0.000000;0.000000;0.000000;0.000000;2.000000;29.546108;819.205139;2175.286621;0.083784;0.000000;0.000000;0.000000;0.000000;2.000000;72.584305;-800.616150;2001.245972;0.167956;0.000000;0.000000;0.000000;0.000000;2.000000;74.845390;-871.539124;2155.943359;0.058040;0.000000;0.000000;0.000000;0.000000;1.000000;41.595875;-897.962402;2114.581543;0.019836;0.000000;0.000000;0.000000;0.000000;1.000000;-22.574512;-857.679504;2003.728882;0.162213;0.000000;0.000000;0.000000;0.000000;1.000000;96.837814;-901.634888;2115.775879;0.060200;0.000000;0.000000;0.000000;0.000000;1.000000;151.286514;-879.319031;1990.097534;0.106109;0.000000;0.000000;0.000000;0.000000;1.000000;13290233856.000000
0.000000;-150.000000;2000.000000;0.000000;0.000000;0.000000;0.000000;0.000000;2.000000;14.874336;-338.247711;2011.535645;0.017713;0.000000;0.000000;0.000000;0.000000;2.000000;31.388807;-488.106873;1999.507568;0.025712;0.000000;0.000000;0.000000;0.000000;2.000000;63.724785;-715.750732;1987.846924;0.093839;0.000000;0.000000;0.000000;0.000000;2.000000;25.324697;-682.490845;1976.855957;0.094070;0.000000;0.000000;0.000000;0.000000;2.000000;-111.742813;-669.531982;1913.418457;0.178568;0.000000;0.000000;0.000000;0.000000;2.000000;-218.577194;-396.660248;1912.673096;0.145734;0.000000;0.000000;0.000000;0.000000;2.000000;-266.786835;-179.672089;2017.955444;0.272459;0.000000;0.000000;0.000000;0.000000;2.000000;-233.023438;-120.470734;2093.995117;0.438464;0.000000;0.000000;0.000000;0.000000;2.000000;-223.437332;-41.061600;2176.042480;0.844511;0.000000;0.000000;0.000000;0.000000;0.000000;-199.448563;-80.648842;2051.012695;0.741580;0.000000;0.000000;0.000000;0.000000;2.000000;92.046455;-673.587097;2000.555054;0.060563;0.000000;0.000000;0.000000;0.000000;2.000000;213.957336;-616.958557;2037.694214;0.145392;0.000000;0.000000;0.000000;0.000000;2.000000;238.312943;-355.285034;2179.422363;0.089405;0.000000;0.000000;0.000000;0.000000;2.000000;194.328888;-157.209549;2323.869873;0.053916;0.000000;0.000000;0.000000;0.000000;2.000000;163.984894;-65.870125;2270.724609;0.165825;0.000000;0.000000;0.000000;0.000000;0.000000;104.752876;-10.168724;2192.788086;0.383004;0.000000;0.000000;0.000000;0.000000;0.000000;101.689049;-59.440178;2270.083008;0.794552;0.000000;0.000000;0.000000;0.000000;0.000000;-94.044052;-158.700607;1979.279785;0.049387;0.000000;0.000000;0.000000;0.000000;2.000000;-132.984177;262.518372;2015.072144;0.135222;0.000000;0.000000;0.000000;0.000000;2.000000;-165.039093;666.757019;2028.087891;0.228204;0.000000;0.000000;0.000000;0.000000;2.000000;-242.514908;792.238586;2161.195313;0.214731;0.000000;0.000000;0.000000;0.000000;2.000000;84.803665;-142.154312;2018.684448;0.044535;0.000000;0.000000;0.000000;0.000000;2.000000;55.478851;279.670532;2050.918457;0.126244;0.000000;0.000000;0.000000;0.000000;2.000000;24.848883;688.502014;2048.506836;0.155924;0.000000;0.000000;0.000000;0.000000;2.000000;18.778381;814.921082;2180.374023;0.386236;0.000000;0.000000;0.000000;0.000000;2.000000;71.146698;-801.577820;1996.913574;0.142361;0.000000;0.000000;0.000000;0.000000;2.000000;59.705978;-846.447021;2160.900635;0.907040;0.000000;0.000000;0.000000;0.000000;2.000000;41.910751;-886.270081;2120.646484;0.402083;0.000000;0.000000;0.000000;0.000000;2.000000;-7.269618;-880.295654;1995.675537;0.868860;0.000000;0.000000;0.000000;0.000000;2.000000;95.314186;-875.395508;2130.832520;0.924400;0.000000;0.000000;0.000000;0.000000;2.000000;166.449493;-858.233032;2012.726318;1.051240;0.000000;0.000000;0.000000;0.000000;2.000000;13290266624.000000
0.000000;-150.000000;2000.000000;0.000000;0.000000;0.000000;0.000000;0.000000;2.000000;15.440460;-338.204895;2010.883545;0.025586;0.000000;0.000000;0.000000;0.000000;2.000000;32.655720;-487.902710;1998.207397;0.054060;0.000000;0.000000;0.000000;0.000000;2.000000;64.772774;-715.648193;1989.057983;0.047491;0.000000;0.000000;0.000000;0.000000;2.000000;26.494640;-682.461121;1977.483398;0.039296;0.000000;0.000000;0.000000;0.000000;2.000000;-109.989365;-669.323853;1912.903442;0.054431;0.000000;0.000000;0.000000;0.000000;2.000000;-210.777222;-394.294922;1906.466675;0.303170;0.000000;0.000000;0.000000;0.000000;2.000000;-273.474304;-179.118286;2007.647339;0.363987;0.000000;0.000000;0.000000;0.000000;2.000000;-244.067337;-129.385956;2091.818359;0.424930;0.000000;0.000000;0.000000;0.000000;2.000000;-237.740692;-58.104706;2181.280273;0.676432;0.000000;0.000000;0.000000;0.000000;0.000000;-203.425476;-88.979752;2056.874268;0.323602;0.000000;0.000000;0.000000;0.000000;2.000000;93.058899;-673.400330;2001.522583;0.041809;0.000000;0.000000;0.000000;0.000000;2.000000;213.968567;-612.154663;2034.245972;0.174993;0.000000;0.000000;0.000000;0.000000;2.000000;233.252319;-352.556824;2180.384277;0.172499;0.000000;0.000000;0.000000;0.000000;2.000000;202.731766;-153.845596;2327.327881;0.286733;0.000000;0.000000;0.000000;0.000000;2.000000;158.013412;-65.830254;2278.984619;0.301626;0.000000;0.000000;0.000000;0.000000;0.000000;83.734657;-14.076492;2212.018066;0.850930;0.000000;0.000000;0.000000;0.000000;0.000000;95.533188;-70.882271;2277.612793;0.444399;0.000000;0.000000;0.000000;0.000000;0.000000;-93.782829;-158.948303;1978.309570;0.030624;0.000000;0.000000;0.000000;0.000000;2.000000;-125.349243;263.311676;2007.542969;0.318188;0.000000;0.000000;0.000000;0.000000;2.000000;-149.965973;668.152161;2013.992065;0.612105;0.000000;0.000000;0.000000;0.000000;2.000000;-233.413986;795.767395;2141.277100;0.656410;0.000000;0.000000;0.000000;0.000000;2.000000;84.568092;-141.930893;2019.559326;0.027615;0.000000;0.000000;0.000000;0.000000;2.000000;54.561150;279.790741;2051.456055;0.031675;0.000000;0.000000;0.000000;0.000000;2.000000;24.697083;688.603394;2049.501465;0.029925;0.000000;0.000000;0.000000;0.000000;2.000000;6.783452;811.764221;2183.312500;0.377211;0.000000;0.000000;0.000000;0.000000;1.000000;72.025307;-801.371826;1999.036865;0.068274;0.000000;0.000000;0.000000;0.000000;2.000000;59.641468;-848.349426;2162.330078;0.070445;0.000000;0.000000;0.000000;0.000000;1.000000;41.691624;-887.479797;2121.485840;0.044052;0.000000;0.000000;0.000000;0.000000;1.000000;-6.973848;-879.441772;1996.456665;0.035348;0.000000;0.000000;0.000000;0.000000;1.000000;95.129272;-877.159058;2132.006348;0.062930;0.000000;0.000000;0.000000;0.000000;1.000000;166.813156;-858.959778;2014.419067;0.055567;0.000000;0.000000;0.000000;0.000000;1.000000;13290300416.000000
0.000000;-150.000000;2000.000000;0.000000;0.000000;0.000000;0.000000;0.000000;2.000000;15.491065;-337.972168;2011.180176;0.011609;0.000000;0.000000;0.000000;0.000000;2.000000;32.765785;-487.503357;1998.621582;0.017877;0.000000;0.000000;0.000000;0.000000;2.000000;64.828529;-714.983765;1989.121216;0.020439;0.000000;0.000000;0.000000;0.000000;2.000000;26.584599;-681.814880;1977.640869;0.020484;0.000000;0.000000;0.000000;0.000000;2.000000;-109.803825;-668.525635;1913.285278;0.027591;0.000000;0.000000;0.000000;0.000000;2.000000;-210.333130;-393.752625;1906.677734;0.022339;0.000000;0.000000;0.000000;0.000000;2.000000;-273.151062;-178.148453;2006.196411;0.054166;0.000000;0.000000;0.000000;0.000000;2.000000;-244.302963;-128.287384;2090.347168;0.056493;0.000000;0.000000;0.000000;0.000000;2.000000;-238.573471;-56.928963;2179.625000;0.066971;0.000000;0.000000;0.000000;0.000000;0.000000;-203.579041;-87.920029;2055.577148;0.051330;0.000000;0.000000;0.000000;0.000000;2.000000;93.095886;-672.802429;2001.609741;0.018474;0.000000;0.000000;0.000000;0.000000;2.000000;214.002747;-611.976624;2034.466797;0.008719;0.000000;0.000000;0.000000;0.000000;2.000000;233.804672;-353.983459;2182.685791;0.084338;0.000000;0.000000;0.000000;0.000000;2.000000;192.650284;-162.520172;2336.049805;0.485370;0.000000;0.000000;0.000000;0.000000;2.000000;147.074844;-73.985786;2289.776611;0.530894;0.000000;0.000000;0.000000;0.000000;0.000000;76.635262;-16.388985;2223.647217;0.421746;0.000000;0.000000;0.000000;0.000000;0.000000;92.297562;-71.802841;2292.325928;0.460596;0.000000;0.000000;0.000000;0.000000;0.000000;-93.682045;-159.006607;1978.376465;0.004098;0.000000;0.000000;0.000000;0.000000;2.000000;-125.438148;262.866028;2006.118896;0.045618;0.000000;0.000000;0.000000;0.000000;2.000000;-149.973434;667.289185;2010.382202;0.113269;0.000000;0.000000;0.000000;0.000000;2.000000;-239.281021;794.452087;2133.739014;0.294261;0.000000;0.000000;0.000000;0.000000;2.000000;84.477226;-141.878357;2019.498779;0.003698;0.000000;0.000000;0.000000;0.000000;2.000000;54.250145;279.465118;2049.895264;0.049574;0.000000;0.000000;0.000000;0.000000;2.000000;24.138042;687.775879;2044.789673;0.146987;0.000000;0.000000;0.000000;0.000000;2.000000;8.006131;811.649841;2177.890137;0.169668;0.000000;0.000000;0.000000;0.000000;2.000000;72.077469;-800.627075;1998.957275;0.022913;0.000000;0.000000;0.000000;0.000000;2.000000;62.838203;-850.716553;2161.333984;0.125139;0.000000;0.000000;0.000000;0.000000;2.000000;44.582283;-889.195068;2120.103516;0.110913;0.000000;0.000000;0.000000;0.000000;2.000000;-6.167117;-879.273499;1996.203735;0.026307;0.000000;0.000000;0.000000;0.000000;2.000000;98.033722;-878.592407;2129.926270;0.117471;0.000000;0.000000;0.000000;0.000000;2.000000;167.511597;-857.552795;2011.672852;0.096549;0.000000;0.000000;0.000000;0.000000;2.000000;13290333184.000000
0.000000;-150.000000;2000.000000;0.000000;0.000000;0.000000;0.000000;0.000000;2.000000;15.300543;-338.265137;2012.952148;0.053448;0.000000;0.000000;0.000000;0.000000;2.000000;32.546997;-488.262512;2002.317505;0.111844;0.000000;0.000000;0.000000;0.000000;2.000000;62.839729;-716.335510;1990.129883;0.077168;0.000000;0.000000;0.000000;0.000000;2.000000;25.081087;-682.579834;1978.276123;0.053343;0.000000;0.000000;0.000000;0.000000;2.000000;-109.970566;-665.974426;1911.195435;0.097719;0.000000;0.000000;0.000000;0.000000;2.000000;-209.671753;-390.194763;1908.321899;0.117626;0.000000;0.000000;0.000000;0.000000;2.000000;-269.751434;-170.240509;2001.028076;0.297116;0.000000;0.000000;0.000000;0.000000;2.000000;-241.674866;-120.224701;2085.601563;0.287575;0.000000;0.000000;0.000000;0.000000;2.000000;-237.501633;-49.543106;2175.801758;0.248151;0.000000;0.000000;0.000000;0.000000;0.000000;-202.441483;-78.045425;2050.270996;0.333438;0.000000;0.000000;0.000000;0.000000;2.000000;91.256889;-674.519409;2003.892578;0.100534;0.000000;0.000000;0.000000;0.000000;2.000000;210.363892;-613.666687;2043.745483;0.299153;0.000000;0.000000;0.000000;0.000000;2.000000;230.005447;-353.702454;2189.761719;0.237816;0.000000;0.000000;0.000000;0.000000;2.000000;174.976013;-164.942078;2342.956543;0.566104;0.000000;0.000000;0.000000;0.000000;2.000000;142.091248;-72.192238;2293.738281;0.195733;0.000000;0.000000;0.000000;0.000000;0.000000;84.043678;-11.815449;2218.310059;0.302205;0.000000;0.000000;0.000000;0.000000;0.000000;81.621902;-64.661568;2297.014160;0.404618;0.000000;0.000000;0.000000;0.000000;0.000000;-93.642532;-159.164917;1977.405151;0.029147;0.000000;0.000000;0.000000;0.000000;2.000000;-127.018486;263.665405;2001.817139;0.137667;0.000000;0.000000;0.000000;0.000000;2.000000;-152.036133;668.914124;2003.346191;0.222243;0.000000;0.000000;0.000000;0.000000;2.000000;-244.954819;793.260864;2127.561279;0.250711;0.000000;0.000000;0.000000;0.000000;2.000000;84.441597;-141.735596;2020.374756;0.026286;0.000000;0.000000;0.000000;0.000000;2.000000;50.687962;280.377930;2048.445313;0.116975;0.000000;0.000000;0.000000;0.000000;2.000000;18.705631;689.402832;2044.306885;0.168422;0.000000;0.000000;0.000000;0.000000;2.000000;-7.332903;815.047302;2174.666016;0.474615;0.000000;0.000000;0.000000;0.000000;2.000000;69.114914;-802.353760;1998.870117;0.101507;0.000000;0.000000;0.000000;0.000000;2.000000;56.465054;-856.207886;2160.175781;0.251301;0.000000;0.000000;0.000000;0.000000;2.000000;40.235588;-894.277283;2117.565918;0.211670;0.000000;0.000000;0.000000;0.000000;2.000000;-7.334724;-882.835815;1992.244141;0.161360;0.000000;0.000000;0.000000;0.000000;2.000000;93.239426;-882.658630;2129.150146;0.187446;0.000000;0.000000;0.000000;0.000000;2.000000;165.647308;-857.481567;2013.148926;0.070400;0.000000;0.000000;0.000000;0.000000;2.000000;13290366976.000000
0.000000;-150.000000;2000.000000;0.000000;0.000000;0.000000;0.000000;0.000000;2.000000;14.400681;-337.887756;2016.361816;0.108232;0.000000;0.000000;0.000000;0.000000;2.000000;30.918633;-487.984070;2008.358765;0.191133;0.000000;0.000000;0.000000;0.000000;2.000000;64.835869;-715.217773;1994.352905;0.146573;0.000000;0.000000;0.000000;0.000000;2.000000;26.637661;-681.991882;1982.630005;0.142242;0.000000;0.000000;0.000000;0.000000;2.000000;-107.938652;-664.673706;1915.104614;0.140189;0.000000;0.000000;0.000000;0.000000;2.000000;-210.373398;-390.198914;1912.144653;0.118610;0.000000;0.000000;0.000000;0.000000;2.000000;-273.583252;-172.627701;2007.721802;0.246395;0.000000;0.000000;0.000000;0.000000;2.000000;-250.697281;-126.175735;2095.704590;0.451505;0.000000;0.000000;0.000000;0.000000;2.000000;-252.635574;-60.244423;2189.371094;0.701029;0.000000;0.000000;0.000000;0.000000;0.000000;-211.989639;-80.884277;2064.623535;0.533160;0.000000;0.000000;0.000000;0.000000;2.000000;92.500275;-673.120422;2008.592285;0.154379;0.000000;0.000000;0.000000;0.000000;2.000000;209.895996;-610.328796;2050.015625;0.217244;0.000000;0.000000;0.000000;0.000000;2.000000;228.752625;-352.258545;2198.880859;0.284343;0.000000;0.000000;0.000000;0.000000;2.000000;185.496323;-159.155640;2350.037598;0.425390;0.000000;0.000000;0.000000;0.000000;2.000000;136.843491;-72.441826;2303.168213;0.329427;0.000000;0.000000;0.000000;0.000000;0.000000;64.974907;-15.439396;2237.856445;0.840654;0.000000;0.000000;0.000000;0.000000;0.000000;80.792435;-69.078217;2312.739502;0.499110;0.000000;0.000000;0.000000;0.000000;0.000000;-93.627991;-159.115936;1977.724731;0.009877;0.000000;0.000000;0.000000;0.000000;2.000000;-125.526642;263.464325;2001.338989;0.048201;0.000000;0.000000;0.000000;0.000000;2.000000;-149.259094;668.403076;2001.430298;0.104135;0.000000;0.000000;0.000000;0.000000;2.000000;-249.189819;786.654907;2125.848633;0.245106;0.000000;0.000000;0.000000;0.000000;2.000000;84.428474;-141.779739;2020.086670;0.008903;0.000000;0.000000;0.000000;0.000000;2.000000;50.811588;279.801025;2050.107422;0.053824;0.000000;0.000000;0.000000;0.000000;2.000000;17.224953;688.312927;2047.189819;0.104349;0.000000;0.000000;0.000000;0.000000;2.000000;-6.092217;810.140015;2181.385254;0.256727;0.000000;0.000000;0.000000;0.000000;2.000000;72.424622;-801.116760;2002.370361;0.151780;0.000000;0.000000;0.000000;0.000000;2.000000;55.463997;-855.476929;2162.936035;0.092340;0.000000;0.000000;0.000000;0.000000;1.000000;38.760891;-892.718384;2119.859375;0.095851;0.000000;0.000000;0.000000;0.000000;1.000000;-6.324480;-879.029175;1993.984131;0.131398;0.000000;0.000000;0.000000;0.000000;1.000000;91.856216;-882.858765;2132.363770;0.106945;0.000000;0.000000;0.000000;0.000000;1.000000;166.837738;-859.293884;2017.828003;0.157381;0.000000;0.000000;0.000000;0.000000;1.000000;13290399744.000000
0.000000;-150.000000;2000.000000;0.000000;0.000000;0.000000;0.000000;0.000000;2.000000;15.180434;-337.602539;2016.376343;0.024574;0.000000;0.000000;0.000000;0.000000;2.000000;32.011997;-487.547424;2009.617920;0.051013;0.000000;0.000000;0.000000;0.000000;2.000000;67.342392;-714.279175;1995.388306;0.084925;0.000000;0.000000;0.000000;0.000000;2.000000;29.189487;-681.260071;1983.211426;0.080422;0.000000;0.000000;0.000000;0.000000;2.000000;-104.381706;-666.015381;1913.619141;0.120783;0.000000;0.000000;0.000000;0.000000;2.000000;-205.257095;-391.356018;1908.715576;0.185455;0.000000;0.000000;0.000000;0.000000;2.000000;-275.950623;-178.218750;2008.221680;0.180283;0.000000;0.000000;0.000000;0.000000;2.000000;-244.119797;-126.619705;2090.212646;0.253916;0.000000;0.000000;0.000000;0.000000;2.000000;-235.606018;-53.759521;2178.032715;0.635122;0.000000;0.000000;0.000000;0.000000;0.000000;-205.403839;-86.291023;2052.540771;0.437532;0.000000;0.000000;0.000000;0.000000;2.000000;94.524384;-672.130249;2010.169678;0.081397;0.000000;0.000000;0.000000;0.000000;2.000000;211.465118;-607.239990;2049.017578;0.106694;0.000000;0.000000;0.000000;0.000000;2.000000;229.568909;-350.562073;2199.673828;0.060453;0.000000;0.000000;0.000000;0.000000;2.000000;189.066299;-160.932419;2355.441895;0.198753;0.000000;0.000000;0.000000;0.000000;2.000000;143.520386;-71.777191;2310.365723;0.291195;0.000000;0.000000;0.000000;0.000000;0.000000;79.125122;-3.915154;2247.928955;0.616847;0.000000;0.000000;0.000000;0.000000;0.000000;82.837769;-66.964264;2326.384521;0.413070;0.000000;0.000000;0.000000;0.000000;0.000000;-93.506660;-159.498596;1977.865112;0.012585;0.000000;0.000000;0.000000;0.000000;2.000000;-121.900574;262.982758;1998.649292;0.134362;0.000000;0.000000;0.000000;0.000000;2.000000;-141.540817;667.656860;1995.896729;0.281908;0.000000;0.000000;0.000000;0.000000;2.000000;-252.140472;782.410828;2114.035156;0.381594;0.000000;0.000000;0.000000;0.000000;2.000000;84.319084;-141.434708;2019.960083;0.011347;0.000000;0.000000;0.000000;0.000000;2.000000;50.751759;279.704163;2049.238525;0.025933;0.000000;0.000000;0.000000;0.000000;2.000000;18.382227;687.838074;2046.975098;0.037559;0.000000;0.000000;0.000000;0.000000;2.000000;-13.724817;809.058777;2179.604736;0.234131;0.000000;0.000000;0.000000;0.000000;2.000000;75.270302;-800.062256;2003.224731;0.093299;0.000000;0.000000;0.000000;0.000000;2.000000;73.772774;-873.893982;2156.531250;0.791529;0.000000;0.000000;0.000000;0.000000;2.000000;53.483810;-905.876282;2110.937500;0.641212;0.000000;0.000000;0.000000;0.000000;2.000000;-3.152752;-877.831177;1992.496460;0.109566;0.000000;0.000000;0.000000;0.000000;2.000000;107.361588;-896.571777;2119.662598;0.718674;0.000000;0.000000;0.000000;0.000000;2.000000;171.096008;-857.727173;2002.701050;0.467353;0.000000;0.000000;0.000000;0.000000;2.000000;13290433536.000000
0.000000;-150.000000;2000.000000;0.000000;0.000000;0.000000;0.000000;0.000000;2.000000;15.688159;-336.924255;2015.434692;0.038657;0.000000;0.000000;0.000000;0.000000;2.000000;33.276260;-486.123657;2007.000366;0.098780;0.000000;0.000000;0.000000;0.000000;2.000000;71.108505;-711.620667;1993.567017;0.151265;0.000000;0.000000;0.000000;0.000000;2.000000;32.673981;-679.225525;1981.431641;0.134585;0.000000;0.000000;0.000000;0.000000;2.000000;-100.742851;-664.882019;1912.593628;0.120448;0.000000;0.000000;0.000000;0.000000;2.000000;-203.521576;-392.132416;1906.427246;0.090793;0.000000;0.000000;0.000000;0.000000;2.000000;-273.036072;-178.230316;2002.794312;0.188002;0.000000;0.000000;0.000000;0.000000;2.000000;-252.616669;-133.265915;2091.570801;0.331806;0.000000;0.000000;0.000000;0.000000;2.000000;-255.790283;-67.363342;2184.532227;0.768844;0.000000;0.000000;0.000000;0.000000;0.000000;-211.405746;-90.586273;2065.786621;0.462746;0.000000;0.000000;0.000000;0.000000;2.000000;97.733292;-669.256348;2008.048706;0.146532;0.000000;0.000000;0.000000;0.000000;2.000000;214.175812;-604.332764;2046.458374;0.144272;0.000000;0.000000;0.000000;0.000000;2.000000;229.858643;-352.491882;2203.208008;0.123204;0.000000;0.000000;0.000000;0.000000;2.000000;191.040466;-164.647949;2360.071777;0.190920;0.000000;0.000000;0.000000;0.000000;2.000000;132.992157;-80.494240;2321.176270;0.531828;0.000000;0.000000;0.000000;0.000000;0.000000;80.350243;8.617390;2278.244141;1.001784;0.000000;0.000000;0.000000;0.000000;0.000000;92.536133;-68.086914;2349.041992;0.752912;0.000000;0.000000;0.000000;0.000000;0.000000;-92.977470;-159.677444;1977.303833;0.024166;0.000000;0.000000;0.000000;0.000000;2.000000;-118.676796;261.441162;1996.698120;0.124249;0.000000;0.000000;0.000000;0.000000;2.000000;-135.065277;664.716919;1992.180176;0.244881;0.000000;0.000000;0.000000;0.000000;2.000000;-241.846786;789.227051;2102.437012;0.516945;0.000000;0.000000;0.000000;0.000000;2.000000;83.841873;-141.273407;2020.466309;0.021794;0.000000;0.000000;0.000000;0.000000;2.000000;53.738148;278.712067;2046.919067;0.119303;0.000000;0.000000;0.000000;0.000000;2.000000;25.431616;685.575684;2041.737671;0.276757;0.000000;0.000000;0.000000;0.000000;2.000000;-5.882287;808.016541;2172.478516;0.324944;0.000000;0.000000;0.000000;0.000000;2.000000;80.044754;-796.950562;2001.671875;0.180259;0.000000;0.000000;0.000000;0.000000;2.000000;73.302475;-872.119629;2153.470215;0.108924;0.000000;0.000000;0.000000;0.000000;2.000000;53.773544;-903.143005;2107.177246;0.142142;0.000000;0.000000;0.000000;0.000000;2.000000;0.957286;-872.981628;1988.064819;0.236487;0.000000;0.000000;0.000000;0.000000;2.000000;107.345818;-894.872131;2117.378418;0.086890;0.000000;0.000000;0.000000;0.000000;2.000000;174.527771;-855.986389;2003.007568;0.117804;0.000000;0.000000;0.000000;0.000000;2.000000;13290466304.000000
0.000000;-150.000000;2000.000000;0.000000;0.000000;0.000000;0.000000;0.000000;2.000000;15.927313;-337.149811;2015.555542;0.010365;0.000000;0.000000;0.000000;0.000000;2.000000;33.527222;-486.601105;2008.030762;0.034417;0.000000;0.000000;0.000000;0.000000;2.000000;71.796555;-712.468872;1997.008057;0.106836;0.000000;0.000000;0.000000;0.000000;2.000000;33.341316;-680.203979;1984.306885;0.092022;0.000000;0.000000;0.000000;0.000000;2.000000;-99.908142;-666.581299;1914.557983;0.080735;0.000000;0.000000;0.000000;0.000000;2.000000;-204.120651;-393.958344;1908.248779;0.078356;0.000000;0.000000;0.000000;0.000000;2.000000;-273.958832;-181.355164;2008.034546;0.182605;0.000000;0.000000;0.000000;0.000000;2.000000;-252.841553;-135.287674;2096.237305;0.150645;0.000000;0.000000;0.000000;0.000000;2.000000;-255.817719;-68.835197;2189.002441;0.139275;0.000000;0.000000;0.000000;0.000000;0.000000;-211.251053;-91.959976;2066.393555;0.044678;0.000000;0.000000;0.000000;0.000000;2.000000;98.310997;-669.871094;2011.257813;0.098193;0.000000;0.000000;0.000000;0.000000;2.000000;214.815506;-605.027588;2050.286621;0.116685;0.000000;0.000000;0.000000;0.000000;2.000000;232.566208;-350.702057;2203.524902;0.096505;0.000000;0.000000;0.000000;0.000000;2.000000;183.562912;-165.810135;2361.568604;0.228277;0.000000;0.000000;0.000000;0.000000;2.000000;139.055252;-74.561401;2320.467041;0.251909;0.000000;0.000000;0.000000;0.000000;0.000000;90.792000;13.149696;2269.805664;0.419321;0.000000;0.000000;0.000000;0.000000;0.000000;94.597939;-59.057823;2350.933838;0.279734;0.000000;0.000000;0.000000;0.000000;0.000000;-93.078003;-159.814453;1977.224243;0.005553;0.000000;0.000000;0.000000;0.000000;2.000000;-118.827454;261.854187;1997.016357;0.016061;0.000000;0.000000;0.000000;0.000000;2.000000;-135.751221;665.666748;1993.960083;0.063060;0.000000;0.000000;0.000000;0.000000;2.000000;-242.435654;784.868652;2110.478027;0.271223;0.000000;0.000000;0.000000;0.000000;2.000000;83.932526;-141.149887;2020.537964;0.005005;0.000000;0.000000;0.000000;0.000000;2.000000;53.592663;279.377625;2047.193970;0.021740;0.000000;0.000000;0.000000;0.000000;2.000000;25.003754;686.779419;2042.524048;0.044393;0.000000;0.000000;0.000000;0.000000;2.000000;-5.755198;808.080200;2174.791992;0.068591;0.000000;0.000000;0.000000;0.000000;2.000000;80.810425;-797.818359;2006.009155;0.132843;0.000000;0.000000;0.000000;0.000000;2.000000;72.925735;-875.372925;2156.804688;0.138311;0.000000;0.000000;0.000000;0.000000;1.000000;53.383347;-905.599365;2109.892578;0.108968;0.000000;0.000000;0.000000;0.000000;1.000000;1.208678;-873.238159;1990.871826;0.083744;0.000000;0.000000;0.000000;0.000000;1.000000;107.032524;-897.810059;2120.464844;0.126440;0.000000;0.000000;0.000000;0.000000;1.000000;175.047577;-857.536377;2006.843628;0.123399;0.000000;0.000000;0.000000;0.000000;1.000000;13290500096.000000
0.000000;-150.000000;2000.000000;0.000000;0.000000;0.000000;0.000000;0.000000;2.000000;15.931189;-337.148193;2015.555786;0.000128;0.000000;0.000000;0.000000;0.000000;2.000000;33.534317;-486.598145;2008.030762;0.000235;0.000000;0.000000;0.000000;0.000000;2.000000;71.820313;-712.461487;1997.005981;0.000762;0.000000;0.000000;0.000000;0.000000;2.000000;33.363129;-680.199463;1984.304932;0.000682;0.000000;0.000000;0.000000;0.000000;2.000000;-99.885498;-666.585815;1914.554810;0.000711;0.000000;0.000000;0.000000;0.000000;2.000000;-204.119751;-393.972992;1908.249512;0.000448;0.000000;0.000000;0.000000;0.000000;2.000000;-273.976532;-181.376785;2008.033081;0.000854;0.000000;0.000000;0.000000;0.000000;2.000000;-252.874023;-135.303345;2096.235840;0.001101;0.000000;0.000000;0.000000;0.000000;2.000000;-255.868744;-68.847900;2188.997070;0.001613;0.000000;0.000000;0.000000;0.000000;0.000000;-211.286987;-91.971466;2066.394775;0.001152;0.000000;0.000000;0.000000;0.000000;2.000000;98.331207;-669.862061;2011.256714;0.000676;0.000000;0.000000;0.000000;0.000000;2.000000;214.825958;-605.008606;2050.294922;0.000708;0.000000;0.000000;0.000000;0.000000;2.000000;232.537659;-350.692047;2203.548828;0.001177;0.000000;0.000000;0.000000;0.000000;2.000000;183.493317;-165.821320;2361.602051;0.002381;0.000000;0.000000;0.000000;0.000000;2.000000;139.024445;-74.548668;2320.513672;0.001749;0.000000;0.000000;0.000000;0.000000;0.000000;90.785347;13.174620;2269.851807;0.001613;0.000000;0.000000;0.000000;0.000000;0.000000;94.499153;-59.047745;2351.103271;0.005993;0.000000;0.000000;0.000000;0.000000;0.000000;-93.077240;-159.816406;1977.224609;0.000065;0.000000;0.000000;0.000000;0.000000;2.000000;-118.829430;261.849426;1997.016724;0.000158;0.000000;0.000000;0.000000;0.000000;2.000000;-135.756699;665.659302;1993.959473;0.000283;0.000000;0.000000;0.000000;0.000000;2.000000;-242.410614;784.871521;2110.492676;0.000890;0.000000;0.000000;0.000000;0.000000;2.000000;83.931839;-141.148117;2020.537598;0.000059;0.000000;0.000000;0.000000;0.000000;2.000000;53.580555;279.375977;2047.192017;0.000378;0.000000;0.000000;0.000000;0.000000;2.000000;24.981220;686.774414;2042.517090;0.000736;0.000000;0.000000;0.000000;0.000000;2.000000;-5.783265;808.075867;2174.781250;0.000927;0.000000;0.000000;0.000000;0.000000;2.000000;80.840317;-797.809814;2006.006226;0.000953;0.000000;0.000000;0.000000;0.000000;2.000000;73.094650;-875.285339;2156.848389;0.005958;0.000000;0.000000;0.000000;0.000000;2.000000;53.551071;-905.552856;2109.963867;0.005740;0.000000;0.000000;0.000000;0.000000;2.000000;1.289315;-873.298767;1990.953125;0.003954;0.000000;0.000000;0.000000;0.000000;2.000000;107.199417;-897.716431;2120.503418;0.005957;0.000000;0.000000;0.000000;0.000000;2.000000;175.123291;-857.454285;2006.824585;0.003457;0.000000;0.000000;0.000000;0.000000;2.000000;13290532864.000000
