posX0;posY0;posZ0;posVel0;rotX0;rotY0;rotZ0;rotVel0;confidence0;posX1;posY1;posZ1;posVel1;rotX1;rotY1;rotZ1;rotVel1;confidence1;posX2;posY2;posZ2;posVel2;rotX2;rotY2;rotZ2;rotVel2;confidence2;posX3;posY3;posZ3;posVel3;rotX3;rotY3;rotZ3;rotVel3;confidence3;posX4;posY4;posZ4;posVel4;rotX4;rotY4;rotZ4;rotVel4;confidence4;posX5;posY5;posZ5;posVel5;rotX5;rotY5;rotZ5;rotVel5;confidence5;posX6;posY6;posZ6;posVel6;rotX6;rotY6;rotZ6;rotVel6;confidence6;posX7;posY7;posZ7;posVel7;rotX7;rotY7;rotZ7;rotVel7;confidence7;posX8;posY8;posZ8;posVel8;rotX8;rotY8;rotZ8;rotVel8;confidence8;posX9;posY9;posZ9;posVel9;rotX9;rotY9;rotZ9;rotVel9;confidence9;posX10;posY10;posZ10;posVel10;rotX10;rotY10;rotZ10;rotVel10;confidence10;posX11;posY11;posZ11;posVel11;rotX11;rotY11;rotZ11;rotVel11;confidence11;posX12;posY12;posZ12;posVel12;rotX12;rotY12;rotZ12;rotVel12;confidence12;posX13;posY13;posZ13;posVel13;rotX13;rotY13;rotZ13;rotVel13;confidence13;posX14;posY14;posZ14;posVel14;rotX14;rotY14;rotZ14;rotVel14;confidence14;posX15;posY15;posZ15;posVel15;rotX15;rotY15;rotZ15;rotVel15;confidence15;posX16;posY16;posZ16;posVel16;rotX16;rotY16;rotZ16;rotVel16;confidence16;posX17;posY17;posZ17;posVel17;rotX17;rotY17;rotZ17;rotVel17;confidence17;posX18;posY18;posZ18;posVel18;rotX18;rotY18;rotZ18;rotVel18;confidence18;posX19;posY19;posZ19;posVel19;rotX19;rotY19;rotZ19;rotVel19;confidence19;posX20;posY20;posZ20;posVel20;rotX20;rotY20;rotZ20;rotVel20;confidence20;posX21;posY21;posZ21;posVel21;rotX21;rotY21;rotZ21;rotVel21;confidence21;posX22;posY22;posZ22;posVel22;rotX22;rotY22;rotZ22;rotVel22;confidence22;posX23;posY23;posZ23;posVel23;rotX23;rotY23;rotZ23;rotVel23;confidence23;posX24;posY24;posZ24;posVel24;rotX24;rotY24;rotZ24;rotVel24;confidence24;posX25;posY25;posZ25;posVel25;rotX25;rotY25;rotZ25;rotVel25;confidence25;posX26;posY26;posZ26;posVel26;rotX26;rotY26;rotZ26;rotVel26;confidence26;posX27;posY27;posZ27;posVel27;rotX27;rotY27;rotZ27;rotVel27;confidence27;posX28;posY28;posZ28;posVel28;rotX28;rotY28;rotZ28;rotVel28;confidence28;posX29;posY29;posZ29;posVel29;rotX29;rotY29;rotZ29;rotVel29;confidence29;posX30;posY30;posZ30;posVel30;rotX30;rotY30;rotZ30;rotVel30;confidence30;posX31;posY31;posZ31;posVel31;rotX31;rotY31;rotZ31;rotVel31;confidence31;TimeStamp
-231.096451;-53.73748;1810.736694;0;0.664837;-0.305745;0.182072;0;2;-220.967834;-220.63414;1839.414429;0;0.633028;-0.314014;0.167407;0;2;-221.154312;-352.939056;1869.230591;0;0.607137;-0.342077;0.224059;0;2;-227.68988;-555.225525;1909.934326;0;0.659817;-0.323007;0.250769;0;2;-203.634445;-518.385742;1925.312012;0;0.601143;-0.694001;-0.34706;0;2;-110.381836;-484.144592;2018.0979;0;0.508273;-0.738615;-0.015439;0;2;49.327843;-359.931824;1850.427124;0;-0.294845;0.685887;-0.274497;0;2;74.635727;-364.161194;1631.377441;0;-0.034188;-0.461651;-0.449549;0;2;23.094736;-338.477203;1560.188232;0;0.746629;0.363278;-0.532208;0;2;62.021164;-352.843903;1654.185913;0;0.746629;0.363278;-0.532208;0;2;-26.617863;-404.69101;1685.14502;0;-0.144631;0.38859;-0.077708;0;2;-250.853271;-524.872986;1882.612061;0;0.607128;0.593224;-0.426881;0;2;-306.006348;-508.891235;1771.522461;0;0.300413;0.795076;-0.517584;0;2;-425.095245;-304.382202;1646.299438;0;0.290358;0.745427;-0.586837;0;2;-487.616608;-125.212135;1528.530151;0;0.46073;0.705022;-0.460081;0;2;-522.525452;-81.311913;1447.449829;0;0.443558;0.676997;-0.500405;0;2;-553.847839;-40.429008;1360.573608;0;0.443558;0.676997;-0.500405;0;2;-525.818604;-76.619286;1437.652222;0;0.137893;0.732614;-0.119859;0;2;-175.283752;-39.225105;1875.4823;0;0.623385;-0.166742;0.041692;0;2;-111.643829;328.101013;1798.43396;0;0.684105;-0.162793;0.055248;0;2;-107.643112;687.480408;1741.97229;0;0.668234;-0.273002;0.230804;0;2;-6.169304;794.784546;1642.359375;0;0.935881;-0.030921;0.350858;0;2;-281.425201;-66.823929;1752.352539;0;0.622128;0.315456;0.333637;0;2;-291.64978;313.262787;1746.631348;0;0.563853;0.343702;0.304451;0;2;-338.662048;674.80542;1793.8927;0;0.530389;0.281634;0.201469;0;2;-273.36557;813.133362;1735.03418;0;-0.168711;0.347234;-0.054263;0;2;-221.523712;-632.428833;1915.863525;0;0.727331;-0.322389;0.267769;0;2;-122.711166;-651.319214;1800.856323;0;0.727331;-0.322389;0.267769;0;2;-118.554558;-684.653442;1842.139771;0;0.898588;-0.038622;0.417305;0;2;-145.203552;-679.250732;1959.579834;0;0.543465;0.267769;0.322389;0;2;-154.431244;-688.257141;1807.911133;0;0.898588;-0.038622;0.417305;0;2;-265.987762;-703.925842;1861.124268;0;0.727331;-0.322389;0.267769;0;2;9058533376
-231.79866;-55.191341;1810.727783;0;0.667882;-0.300507;0.180247;0;2;-221.404053;-221.970062;1838.383423;0;0.634172;-0.309154;0.164977;0;2;-222.018188;-354.151459;1867.758057;0;0.607064;-0.33227;0.213325;0;2;-231.325058;-555.791565;1909.453491;0;0.660411;-0.314093;0.239284;0;2;-207.542267;-519.082092;1925.334473;0;0.594348;-0.690594;-0.352778;0;2;-117.923492;-487.319885;2022.177979;0;0.503096;-0.74619;-0.012204;0;2;44.687038;-367.492157;1854.758911;0;-0.312744;0.700675;-0.256912;0;2;83.773674;-365.8414;1638.065308;0;-0.11799;-0.385551;-0.368937;0;2;23.498569;-366.05661;1569.331909;0;0.804489;0.296816;-0.443468;0;2;71.775658;-350.010834;1658.413574;0;0.804489;0.296816;-0.443468;0;2;-6.159674;-400.012665;1712.074829;0;-0.138629;0.455387;0.061387;0;2;-253.342926;-525.503784;1881.254639;0;0.599696;0.581544;-0.445706;0;2;-302.742126;-508.960602;1767.788696;0;0.328125;0.753396;-0.548397;0;2;-396.448822;-315.241364;1609.19812;0;0.315713;0.710577;-0.602847;0;2;-443.094543;-149.381348;1467.647583;0;0.462428;0.664113;-0.487211;0;2;-467.047302;-110.315292;1380.532227;0;0.482141;0.693417;-0.444515;0;2;-510.060425;-77.180893;1295.564453;0;0.482141;0.693417;-0.444515;0;2;-469.942993;-98.516785;1371.025757;0;0.129547;0.697079;-0.135206;0;2;-176.794189;-40.933796;1876.03479;0;0.628854;-0.170734;0.046604;0;2;-119.485199;327.029175;1800.052612;0;0.677114;-0.167364;0.057651;0;2;-109.673798;685.386536;1741.567505;0;0.66917;-0.271859;0.235911;0;2;-9.080455;793.590454;1642.542725;0;0.934931;-0.026498;0.35368;0;2;-281.398621;-68.048004;1751.837769;0;0.625586;0.304303;0.320242;0;2;-293.579742;311.402466;1748.296997;0;0.574851;0.32787;0.296062;0;2;-339.129272;673.320313;1789.137817;0;0.5262;0.259456;0.18318;0;2;-273.485443;813.542908;1736.168945;0;-0.182242;0.318654;-0.051551;0;2;-225.927917;-632.87323;1916.05896;0;0.732702;-0.354184;0.238378;0;2;-125.792297;-653.328369;1802.799805;0;0.732702;-0.354184;0.238378;0;2;-119.793732;-683.439148;1846.171753;0;0.89285;-0.081887;0.419005;0;2;-147.202225;-671.803162;1962.7854;0;0.529979;0.238378;0.354184;0;2;-155.173126;-691.525513;1812.307617;0;0.89285;-0.081887;0.419005;0;2;-265.619263;-710.369019;1866.337524;0;0.732702;-0.354184;0.238378;0;2;9058567168
-232.169922;-55.27887;1809.590088;0;0.669627;-0.297444;0.180261;0;2;-221.629044;-221.920944;1836.365845;0;0.636794;-0.305889;0.165526;0;2;-221.884109;-354.094086;1864.783813;0;0.612203;-0.321974;0.206702;0;2;-231.386246;-555.692566;1905.005249;0;0.665722;-0.304361;0.231857;0;2;-208.219284;-519.035461;1921.682739;0;0.590232;-0.686183;-0.365093;0;2;-121.708488;-485.999115;2020.604126;0;0.508217;-0.742395;-0.026047;0;2;40.398678;-359.849182;1858.060059;0;-0.321911;0.703891;-0.237414;0;2;83.9683;-350.245453;1642.785156;0;-0.110082;-0.29469;-0.399013;0;2;12.39562;-354.08847;1586.272705;0;0.829427;0.342243;-0.359059;0;2;74.89003;-335.612549;1665.289307;0;0.829427;0.342243;-0.359059;0;2;11.809234;-391.601379;1730.937134;0;-0.178963;0.530121;0.057035;0;2;-252.760712;-525.380676;1876.462158;0;0.587435;0.574612;-0.460355;0;2;-296.455139;-508.622345;1760.922729;0;0.330268;0.728272;-0.571551;0;2;-370.896118;-318.880066;1588.614136;0;0.313695;0.677847;-0.630534;0;2;-396.668549;-158.051239;1436.841064;0;0.469407;0.608098;-0.524872;0;2;-407.526062;-124.366318;1345.157349;0;0.469174;0.607765;-0.525258;0;2;-425.547455;-94.747116;1250.640503;0;0.469174;0.607765;-0.525258;0;2;-407.459076;-108.213615;1335.309692;0;0.149826;0.646051;-0.15751;0;2;-177.563766;-41.29718;1875.109863;0;0.632722;-0.166089;0.047523;0;2;-122.860535;327.179169;1802.778198;0;0.678618;-0.162848;0.057759;0;2;-113.462173;685.381409;1746.887329;0;0.662443;-0.270295;0.230352;0;2;-9.858467;790.149902;1647.775513;0;0.936802;-0.029371;0.348624;0;2;-281.410706;-67.88678;1750.508057;0;0.625323;0.304533;0.317911;0;2;-293.715118;310.97226;1748.554443;0;0.577003;0.326849;0.294915;0;2;-337.865692;672.561646;1788.636353;0;0.523922;0.262239;0.183687;0;2;-273.084869;812.964905;1735.880371;0;-0.184205;0.320979;-0.053138;0;2;-225.838837;-632.666748;1911.297852;0;0.734801;-0.344604;0.233765;0;2;-123.564934;-652.900208;1800.254883;0;0.734801;-0.344604;0.233765;0;2;-118.730148;-683.349487;1843.432739;0;0.898179;-0.078375;0.408969;0;2;-148.5448;-672.465088;1959.330688;0;0.535416;0.233765;0.344604;0;2;-153.363846;-690.901428;1808.797852;0;0.898179;-0.078375;0.408969;0;2;-264.913422;-709.357788;1860.178467;0;0.734801;-0.344604;0.233765;0;2;9058599936
-233.321823;-56.558048;1809.846191;0;0.673539;-0.289929;0.180613;0;2;-222.50766;-223.591675;1834.557129;0;0.641985;-0.298098;0.166786;0;2;-222.23999;-356.256714;1860.950073;0;0.625813;-0.293335;0.186489;0;2;-232.110504;-558.592651;1897.793335;0;0.679791;-0.277435;0.209412;0;2;-210.699905;-521.876892;1916.618652;0;0.580736;-0.666239;-0.39465;0;2;-134.47261;-490.145935;2024.149658;0;-0.4825;0.759828;0.054938;0;2;28.092623;-358.948059;1865.892944;0;-0.262653;0.715461;-0.261672;0;2;63.67065;-372.88623;1649.271729;0;-0.103724;-0.270403;-0.380535;0;2;-10.851171;-378.839081;1596.822388;0;0.847134;0.328115;-0.332062;0;2;55.819656;-357.095703;1671.547363;0;0.847134;0.328115;-0.332062;0;2;-4.025733;-409.5513;1742.9823;0;-0.165483;0.555619;0.070372;0;2;-251.713699;-528.131165;1868.119751;0;0.557342;0.561296;-0.492554;0;2;-283.064789;-509.622101;1748.828857;0;-0.343309;-0.639583;0.644925;0;2;-297.446136;-333.155212;1548.924805;0;-0.314733;-0.564251;0.71177;0;2;-260.663788;-192.876099;1379.849731;0;0.603396;0.731474;-0.309032;0;2;-333.923279;-152.013016;1328.547852;0;0.598301;0.712857;-0.349844;0;1;-407.682312;-114.686806;1270.993042;0;0.598301;0.712857;-0.349844;0;1;-366.75528;-126.16053;1358.460693;0;0.003999;0.972154;-0.084583;0;1;-179.413712;-43.260105;1876.141846;0;0.641479;-0.165312;0.056184;0;2;-132.959564;327.66275;1809.738525;0;0.677178;-0.162422;0.064143;0;2;-122.038544;686.494263;1757.007813;0;0.640456;-0.277439;0.230551;0;2;-14.319189;783.013672;1653.822754;0;0.934218;-0.034461;0.353813;0;2;-281.933136;-68.549377;1750.064331;0;0.625521;0.30694;0.310397;0;2;-292.940308;310.540375;1753.344971;0;0.587149;0.324433;0.292063;0;2;-329.606628;673.545654;1789.775024;0;0.553379;0.20906;0.149429;0;2;-252.464539;810.260864;1744.178589;0;-0.165322;0.259234;-0.04012;0;2;-226.054413;-635.61554;1903.496826;0;0.748116;-0.30225;0.203835;0;2;-112.489182;-654.033203;1803.556519;0;0.748116;-0.30225;0.203835;0;2;-112.718651;-685.83606;1846.057739;0;0.921055;-0.06959;0.357857;0;2;-154.853577;-677.964844;1958.385986;0;0.554453;0.203835;0.30225;0;2;-143.480804;-691.854553;1807.637085;0;0.921055;-0.06959;0.357857;0;2;-260.216187;-710.21698;1846.054077;0;0.748116;-0.30225;0.203835;0;2;9058666496
-228.361938;-51.386791;1812.161499;0;0.692793;-0.253473;0.153006;0;2;-215.575851;-217.514282;1833.920776;0;0.675539;-0.257349;0.146393;0;2;-209.513824;-350.194885;1854.043457;0;0.630938;-0.253258;0.145391;0;2;-225.701828;-550.576233;1891.442261;0;0.686547;-0.240783;0.165232;0;2;-206.491913;-514.068604;1912.164551;0;0.569911;-0.664067;-0.389859;0;2;-134.920776;-488.360016;2023.272461;0;0.548968;-0.733692;-0.056156;0;2;41.895554;-353.618927;1887.904053;0;-0.2948;0.672328;-0.299052;0;2;58.905243;-362.945007;1670.314819;0;-0.044448;-0.234719;-0.403033;0;2;-20.745821;-360.902435;1626.989746;0;0.862385;0.356257;-0.301015;0;2;54.69352;-348.170929;1694.104736;0;0.862385;0.356257;-0.301015;0;2;-0.002559;-400.297272;1768.633667;0;-0.156203;0.597974;0.020358;0;2;-241.152405;-520.525757;1859.490967;0;0.549551;0.566755;-0.503212;0;2;-271.677094;-497.728333;1741.630859;0;-0.297251;-0.634584;0.663608;0;2;-266.932587;-315.653687;1548.867798;0;-0.25003;-0.51654;0.759117;0;2;-191.421463;-176.158997;1394.671387;0;0.540347;0.511662;-0.633035;0;2;-193.72641;-133.986771;1306.62439;0;-0.495022;-0.393782;0.712367;0;2;-173.741501;-107.972328;1212.120728;0;-0.495022;-0.393782;0.712367;0;2;-180.028946;-124.807121;1298.542847;0;0.314513;0.589893;-0.321463;0;2;-181.526993;-38.505569;1882.985718;0;0.618118;-0.253127;0.143184;0;2;-140.912354;329.251099;1810.321045;0;0.640024;-0.248708;0.150765;0;2;-120.36277;684.323059;1752.387695;0;0.647366;-0.279619;0.218286;0;2;-14.020308;781.040894;1650.061035;0;0.936678;-0.04461;0.346636;0;2;-270.595062;-63.002354;1748.296143;0;0.625039;0.283523;0.286697;0;2;-292.396484;312.940765;1756.060791;0;0.599786;0.294063;0.275877;0;2;-331.566803;673.925659;1783.569458;0;0.574422;0.142858;0.114244;0;2;-245.745499;806.891663;1747.384155;0;-0.154169;0.187566;-0.018544;0;2;-221.189667;-627.041992;1898.657349;0;0.718963;-0.34821;0.188469;0;2;-112.116035;-659.594421;1798.911621;0;0.718963;-0.34821;0.188469;0;2;-111.899628;-686.337708;1844.342285;0;0.912315;-0.112953;0.379489;0;2;-150.00206;-665.042236;1955.479248;0;0.571245;0.188469;0.34821;0;2;-143.78273;-695.512085;1807.951538;0;0.912315;-0.112953;0.379489;0;2;-258.926239;-705.850525;1851.120728;0;0.718963;-0.34821;0.188469;0;2;9058700288
-228.045334;-51.359505;1813.123413;0;0.693273;-0.253282;0.152133;0;2;-215.072449;-217.428726;1834.992798;0;0.676156;-0.257107;0.145576;0;2;-208.820892;-350.069031;1855.168213;0;0.633043;-0.249672;0.140095;0;2;-224.662354;-550.400452;1892.789551;0;0.688681;-0.237634;0.159665;0;2;-205.869064;-513.776611;1913.67041;0;0.562974;-0.65738;-0.404437;0;2;-138.805283;-486.990509;2027.279663;0;0.53666;-0.751866;-0.084957;0;2;45.077904;-349.432404;1904.865601;0;-0.30864;0.708497;-0.265616;0;2;87.549599;-353.928436;1690.667358;0;-0.098923;-0.284095;-0.429302;0;2;14.913328;-354.864777;1636.392212;0;0.821657;0.373712;-0.354047;0;2;78.974342;-340.876923;1714.203369;0;0.821657;0.373712;-0.354047;0;2;21.702082;-407.290222;1774.925659;0;-0.230449;0.535761;0.011131;0;2;-239.826126;-520.486938;1860.584961;0;0.543914;0.562355;-0.508976;0;2;-267.588409;-497.952759;1742.015869;0;-0.292915;-0.621205;0.674682;0;2;-252.577835;-317.692291;1548.139771;0;-0.240375;-0.491838;0.774072;0;2;-163.966568;-183.09259;1396.642944;0;0.508624;0.478831;-0.658118;0;2;-153.547592;-147.826935;1306.196411;0;-0.451966;-0.356968;0.731417;0;2;-119.881439;-128.611282;1213.995728;0;-0.451966;-0.356968;0.731417;0;2;-137.514679;-137.785431;1300.124512;0;0.298385;0.524731;-0.317515;0;2;-181.341385;-38.377808;1883.997925;0;0.619301;-0.251968;0.142076;0;2;-141.39653;329.451447;1811.667725;0;0.641283;-0.247565;0.149653;0;2;-121.603828;684.553406;1754.042236;0;0.649211;-0.277738;0.215711;0;2;-14.930733;781.615601;1652.440918;0;0.937852;-0.045083;0.343476;0;2;-270.160309;-63.06567;1749.212891;0;0.624855;0.283088;0.286587;0;2;-292.316681;312.79245;1756.934204;0;0.599672;0.293589;0.275819;0;2;-331.782562;673.691284;1784.317505;0;0.574541;0.14135;0.113403;0;2;-245.885071;806.643982;1748.390259;0;-0.154295;0.185905;-0.018078;0;2;-219.931244;-626.818359;1900.226807;0;0.721883;-0.345916;0.176998;0;2;-108.516457;-659.24707;1803.102539;0;0.721883;-0.345916;0.176998;0;2;-109.039276;-685.609375;1848.74231;0;0.915355;-0.119443;0.369756;0;2;-149.660767;-663.733643;1958.847778;0;0.572624;0.176998;0.345916;0;2;-140.059891;-695.352905;1811.770264;0;0.915355;-0.119443;0.369756;0;2;-255.982346;-706.320801;1852.573853;0;0.721883;-0.345916;0.176998;0;2;9058733056
-231.708008;-54.622643;1813.151733;0;0.691929;-0.242602;0.134531;0;2;-221.098938;-222.06601;1837.71106;0;0.669153;-0.246983;0.126308;0;2;-218.727249;-355.596497;1860.963501;0;0.660624;-0.23223;0.110606;0;2;-223.495239;-558.388367;1898.815796;0;0.715054;-0.222612;0.128873;0;2;-208.417587;-520.221741;1920.867676;0;0.549002;-0.675244;-0.436389;0;2;-138.482925;-474.235535;2027.896362;0;-0.389196;0.789404;0.170276;0;2;5.782589;-313.027618;1878.948853;0;-0.177481;0.791048;-0.16247;0;2;75.1157;-325.680115;1670.072632;0;0.470211;0.200576;0.767069;0;2;38.937489;-329.655762;1586.098389;0;0.30153;0.721466;-0.328803;0;2;61.826305;-345.581879;1684.94165;0;0.30153;0.721466;-0.328803;0;2;94.847771;-445.341522;1663.160645;0;0.753777;-0.165145;-0.018675;0;2;-238.704208;-529.310486;1865.267822;0;0.494049;0.551711;-0.541768;0;2;-250.821198;-503.684509;1743.529297;0;-0.201517;-0.595106;0.726096;0;2;-194.492294;-302.533142;1576.239014;0;-0.138187;-0.428885;0.835119;0;2;-61.90683;-162.085007;1464.302002;0;-0.364439;-0.388997;0.753079;0;2;-12.456581;-130.462128;1385.146606;0;0.485913;0.651696;-0.541977;0;2;-44.925316;-80.064613;1303.928101;0;0.485913;0.651696;-0.541977;0;2;-29.516701;-147.699356;1367.219971;0;0.431865;0.438261;-0.26068;0;2;-187.545349;-41.069576;1886.477783;0;0.621744;-0.242422;0.134188;0;2;-145.944611;330.301086;1814.820923;0;0.641608;-0.238699;0.140743;0;2;-123.135788;688.482971;1756.330933;0;0.636842;-0.281122;0.218136;0;2;-13.498895;782.046387;1651.782837;0;0.935826;-0.045861;0.347592;0;2;-271.531433;-66.84404;1747.030396;0;0.62718;0.280891;0.276449;0;2;-292.623413;312.483704;1758.677124;0;0.602579;0.290752;0.266061;0;2;-331.105743;676.658997;1789.136841;0;0.582564;0.146573;0.113197;0;2;-241.800476;809.020508;1752.492188;0;-0.143863;0.189473;-0.021964;0;2;-214.045074;-635.017822;1906.976074;0;0.732666;-0.301951;0.206845;0;2;-101.159126;-660.263611;1807.249756;0;0.732666;-0.301951;0.206845;0;2;-102.957306;-691.51178;1850.266968;0;0.923808;-0.06725;0.359773;0;2;-144.858093;-680.090698;1962.659302;0;0.573796;0.206845;0.301951;0;2;-134.006058;-696.574768;1811.799072;0;0.923808;-0.06725;0.359773;0;2;-251.779587;-708.82135;1850.362427;0;0.732666;-0.301951;0.206845;0;2;9058766848
-231.9254;-62.914474;1811.611816;0;0.681488;-0.235121;0.123692;0;2;-227.37886;-232.023712;1838.90625;0;0.676701;-0.23598;0.122044;0;2;-223.655029;-367.223907;1860.677124;0;0.670703;-0.23296;0.080624;0;2;-222.753815;-570.65918;1906.47644;0;0.724643;-0.225744;0.099047;0;2;-209.757217;-530.768494;1927.835815;0;0.510887;-0.724713;-0.439668;0;2;-131.159836;-463.345062;2017.998169;0;-0.39685;0.688378;0.185585;0;2;-61.429962;-273.738892;1845.840942;0;-0.327558;0.705184;0.104989;0;2;-14.835346;-150.267532;1666.363647;0;0.686919;0.149271;0.709461;0;2;-10.613607;-117.946884;1579.808472;0;-0.168491;0.672881;-0.269903;0;2;-14.524736;-179.001175;1663.645142;0;-0.168491;0.672881;-0.269903;0;2;83.717979;-219.362671;1639.590454;0;0.897047;0.225311;-0.103526;0;2;-237.818695;-543.116211;1870.930786;0;-0.475357;-0.535572;0.550437;0;2;-241.052765;-520.184082;1746.756592;0;-0.039746;-0.551668;0.7546;0;2;-136.074188;-302.606476;1625.178223;0;-0.020891;-0.510707;0.782903;0;2;-28.356544;-125.549164;1536.069214;0;-0.299759;-0.190588;0.933361;0;2;51.201878;-98.474182;1482.641479;0;-0.291765;-0.582771;0.753567;0;2;66.555275;-3.756762;1448.002441;0;-0.291765;-0.582771;0.753567;0;2;35.570698;-61.477047;1463.55542;0;0.313425;0.528597;-0.553064;0;2;-189.077057;-49.622364;1886.828613;0;0.636472;-0.203224;0.090022;0;2;-147.853943;325.9617;1815.461304;0;0.656855;-0.200679;0.09562;0;2;-127.076538;687.899902;1755.354492;0;0.632398;-0.281709;0.222931;0;2;-16.000145;781.42041;1649.081787;0;0.934339;-0.042926;0.351416;0;2;-270.563629;-74.900558;1743.7854;0;0.63475;0.265238;0.25765;0;2;-291.106964;308.448883;1756.399292;0;0.608379;0.274969;0.247243;0;2;-331.410858;676.240662;1788.094604;0;0.591051;0.14776;0.112607;0;2;-238.365021;807.978333;1750.73938;0;-0.133298;0.18991;-0.02328;0;2;-210.817215;-647.343445;1918.009888;0;0.754994;-0.218718;0.256144;0;2;-94.500267;-655.474854;1816.888672;0;0.754994;-0.218718;0.256144;0;2;-98.143272;-694.883484;1853.274658;0;0.931691;0.026465;0.335778;0;2;-143.396103;-704.716431;1965.888916;0;0.562617;0.256144;0.218718;0;2;-128.520432;-691.53186;1813.426514;0;0.931691;0.026465;0.335778;0;2;-248.795212;-708.348999;1846.414185;0;0.754994;-0.218718;0.256144;0;2;9058833408
-231.084442;-67.94838;1807.268188;0;0.680274;-0.230317;0.130378;0;2;-227.892502;-236.141922;1831.871338;0;0.671943;-0.23188;0.127578;0;2;-226.463852;-370.527313;1852.171265;0;0.637887;-0.31444;0.133425;0;2;-224.789413;-569.936951;1907.285156;0;0.691185;-0.302728;0.158212;0;2;-206.452072;-530.139343;1923.460693;0;0.509067;-0.743716;-0.426659;0;2;-121.374199;-454.155853;1997.934204;0;-0.408136;0.677114;0.143566;0;2;-55.50745;-275.000336;1816.510742;0;-0.316655;0.690833;0.042956;0;2;-21.239393;-171.097473;1624.462769;0;0.768621;0.345084;0.4111;0;2;18.978884;-93.514687;1596.4646;0;-0.475037;0.345633;-0.410638;0;2;-12.917159;-190.963242;1605.927368;0;-0.475037;0.345633;-0.410638;0;2;47.050846;-64.863388;1602.198608;0;0.32998;0.702699;0.606914;0;2;-245.210434;-543.504456;1874.145996;0;0.585471;0.578402;-0.435556;0;1;-289.656555;-533.870483;1757.364624;0;-0.226508;-0.59874;0.717621;0;1;-241.248428;-336.627899;1582.006592;0;-0.121551;-0.323772;0.876722;0;1;-70.964531;-227.749191;1485.85022;0;0.114023;-0.426418;0.886834;0;1;-7.63268;-153.505341;1501.311035;0;0.092065;-0.555476;0.812253;0;1;29.405825;-59.332848;1499.315796;0;0.092065;-0.555476;0.812253;0;1;-20.374119;-121.996681;1484.730469;0;-0.149803;0.389539;-0.539507;0;1;-188.313095;-56.206673;1881.988159;0;0.651938;-0.176904;0.059922;0;2;-154.983276;317.449402;1812.598022;0;0.673278;-0.175113;0.065057;0;2;-143.292419;676.985596;1753.186646;0;0.654551;-0.26312;0.19975;0;2;-30.985147;775.283325;1655.225342;0;0.945459;-0.045962;0.321807;0;2;-269.653229;-78.536392;1739.889893;0;0.650973;0.233067;0.215707;0;2;-286.355347;301.876343;1755.343506;0;0.620628;0.242237;0.205363;0;2;-327.724884;666.394226;1789.394409;0;0.561021;0.183141;0.120709;0;2;-245.624664;803.625854;1751.892944;0;-0.164073;0.220664;-0.042265;0;2;-213.987595;-645.925781;1920.276001;0;0.760442;-0.208822;0.250344;0;2;-96.341385;-652.284668;1822.460938;0;0.760442;-0.208822;0.250344;0;2;-100.554626;-691.808594;1858.030273;0;0.934859;0.02936;0.32468;0;2;-147.873779;-703.053223;1968.615845;0;0.561649;0.250344;0.208822;0;2;-129.823959;-688.183533;1817.872803;0;0.934859;0.02936;0.32468;0;2;-249.764893;-705.827698;1847.744507;0;0.760442;-0.208822;0.250344;0;2;9058866176
-228.929459;-70.414063;1812.239502;0;0.677045;-0.210235;0.089518;0;2;-230.338394;-238.017776;1842.729492;0;0.652717;-0.213174;0.082274;0;2;-238.11174;-371.218201;1870.046753;0;0.705968;-0.206174;0.048203;0;2;-221.99379;-573.170776;1914.032471;0;0.757893;-0.201644;0.064582;0;2;-214.411972;-532.805115;1936.477783;0;-0.486705;0.703734;0.500479;0;2;-151.039368;-454.175354;2028.320801;0;-0.3005;0.743395;0.244203;0;2;-75.603195;-271.874786;1853.081665;0;-0.207207;0.773335;0.119265;0;2;-13.154689;-177.126144;1662.884521;0;0.652523;0.41466;0.592924;0;2;10.292005;-102.288483;1614.879639;0;0.441614;-0.40773;0.59771;0;1;-18.337475;-200.929947;1605.048584;0;0.441614;-0.40773;0.59771;0;1;42.945869;-76.210968;1605.177612;0;0.184562;0.743518;0.641925;0;1;-236.739273;-546.769165;1877.859619;0;-0.431066;-0.543616;0.54376;0;2;-232.051666;-523.652405;1754.514771;0;0.035837;-0.53014;0.797995;0;2;-115.002197;-290.679291;1688.822998;0;0.07516;-0.41363;0.86415;0;2;30.000151;-121.020958;1666.637329;0;-0.102048;-0.545077;0.780706;0;2;75.706215;-34.59795;1682.257935;0;-0.08723;-0.58417;0.751902;0;2;106.362846;59.679932;1703.658569;0;-0.08723;-0.58417;0.751902;0;2;56.337708;-21.015667;1667.308838;0;0.086429;0.673348;-0.672583;0;2;-192.76384;-56.532619;1890.217285;0;0.649976;-0.164642;0.032495;0;2;-154.210938;315.892303;1813.064819;0;0.672143;-0.163629;0.037427;0;2;-138.53833;674.539368;1745.224854;0;0.676772;-0.239545;0.165618;0;2;-22.607468;777.835266;1656.388184;0;0.958257;-0.053189;0.280906;0;2;-261.541595;-82.93158;1741.923584;0;0.631519;0.26825;0.26489;0;2;-283.862701;298.125458;1752.972412;0;0.602861;0.279096;0.253439;0;2;-327.178467;663.354858;1785.062622;0;0.559189;0.147935;0.105467;0;2;-244.665009;801.915283;1752.168091;0;-0.172807;0.184971;-0.028242;0;2;-204.043365;-648.16156;1925.807983;0;0.74637;-0.20048;0.27349;0;2;-89.33744;-657.207581;1824.292603;0;0.74637;-0.20048;0.27349;0;2;-94.420311;-697.556458;1858.974609;0;0.932697;0.051626;0.335148;0;2;-139.231079;-709.722961;1970.770264;0;0.572662;0.27349;0.20048;0;2;-124.648041;-691.455994;1819.710327;0;0.932697;0.051626;0.335148;0;2;-244.65596;-704.419189;1852.622314;0;0.74637;-0.20048;0.27349;0;2;9058899968
-225.702866;-72.125328;1814.025269;0;0.677073;-0.210177;0.085209;0;2;-227.118179;-240.136932;1845.628784;0;0.652292;-0.213016;0.077841;0;2;-235.088989;-373.628052;1873.865112;0;0.709167;-0.19412;0.037599;0;2;-219.04747;-576.367554;1917.727051;0;0.761154;-0.19048;0.053045;0;2;-212.418594;-535.903198;1940.638062;0;-0.476883;0.709802;0.501962;0;2;-149.064987;-455.220367;2031.427612;0;-0.262776;0.766351;0.227667;0;2;-66.259552;-287.631622;1843.852417;0;-0.112817;0.799205;0.019951;0;2;1.06632;-250.953293;1635.232422;0;0.818638;0.045738;0.502086;0;2;39.793564;-283.380676;1558.008179;0;0.686185;-0.118639;0.490008;0;2;36.671608;-369.935974;1501.259155;0;0.686185;-0.118639;0.490008;0;2;63.455009;-317.437103;1537.181763;0;0.576622;0.55468;0.285001;0;2;-232.846359;-549.819092;1881.073242;0;-0.411989;-0.536694;0.56216;0;2;-222.203674;-523.161316;1758.360718;0;0.07071;-0.53692;0.804599;0;2;-110.64875;-280.73407;1718.482666;0;0.102815;-0.423881;0.869476;0;2;28.787374;-104.097473;1714.47998;0;-0.023233;-0.523077;0.697635;0;2;81.048843;-32.781998;1759.805542;0;0.026636;-0.591332;0.640804;0;2;111.504868;41.701889;1822.125366;0;0.026636;-0.591332;0.640804;0;2;69.0756;-16.831688;1749.677246;0;-0.024572;-0.649527;0.755445;0;2;-189.906097;-57.681534;1892.415161;0;0.650648;-0.164621;0.02767;0;2;-151.882553;315.641174;1812.658813;0;0.672342;-0.163775;0.032499;0;2;-136.385712;675.086609;1742.074829;0;0.682966;-0.236665;0.159025;0;2;-20.504295;780.474792;1654.359497;0;0.960048;-0.055753;0.274188;0;2;-257.982391;-85.149933;1743.337769;0;0.632475;0.261841;0.263858;0;2;-282.06012;297.222473;1751.807739;0;0.60248;0.273098;0.25219;0;2;-328.324066;663.562988;1782.147705;0;0.561545;0.13003;0.095932;0;2;-244.235672;802.471375;1751.891479;0;-0.17295;0.165566;-0.022401;0;2;-200.943359;-651.557556;1929.826416;0;0.74044;-0.185248;0.290823;0;2;-87.102402;-660.006409;1826.479126;0;0.74044;-0.185248;0.290823;0;2;-93.032654;-701.631348;1859.783325;0;0.931525;0.074653;0.336633;0;2;-137.27504;-716.820496;1971.900513;0;0.576935;0.290823;0.185248;0;2;-123.549416;-693.161621;1820.959473;0;0.931525;0.074653;0.336633;0;2;-243.98938;-704.008423;1854.735596;0;0.74044;-0.185248;0.290823;0;2;9058933760
-218.296341;-71.78067;1812.875854;0;0.680349;-0.194038;0.069355;0;2;-220.466919;-239.797577;1844.312256;0;0.649618;-0.196829;0.060985;0;2;-231.202087;-373.014923;1872.855957;0;0.716512;-0.142173;-0.002377;0;2;-218.104721;-576.483582;1914.141602;0;0.76897;-0.141906;0.009032;0;2;-215.074448;-536.482361;1938.564453;0;-0.483678;0.662057;0.529612;0;2;-167.882507;-469.227692;2048.163574;0;-0.325831;0.765125;0.267668;0;2;-66.425133;-276.808197;1897.1875;0;-0.083968;0.805727;-0.088691;0;2;3.023118;-286.940887;1686.321655;0;0.516428;0.543207;0.342992;0;2;20.320869;-312.203644;1599.282959;0;0.536541;0.55524;0.323148;0;2;40.234741;-335.84314;1500.467896;0;0.536541;0.55524;0.323148;0;2;32.471077;-328.971802;1569.849365;0;0.082954;0.848922;0.033828;0;2;-227.413559;-549.269409;1876.578369;0;-0.374506;-0.510553;0.575693;0;2;-202.442886;-524.024658;1755.672852;0;0.157378;-0.569026;0.75961;0;2;-120.726051;-267.622711;1736.40979;0;0.215559;-0.380387;0.869542;0;2;18.284052;-96.463951;1781.45813;0;0.123906;-0.612154;0.669474;0;2;47.909931;-28.224035;1847.300049;0;0.052376;-0.486939;0.765387;0;2;100.85994;43.183208;1896.841187;0;0.052376;-0.486939;0.765387;0;2;36.222637;-10.906413;1839.68042;0;0.186191;-0.630309;0.728669;0;2;-186.204285;-57.236423;1892.825684;0;0.649813;-0.178518;0.038499;0;2;-151.009888;315.86795;1810.967407;0;0.671302;-0.177352;0.043706;0;2;-137.885605;675.109314;1739.072632;0;0.688705;-0.243874;0.167221;0;2;-26.335999;783.456055;1649.405762;0;0.956781;-0.055026;0.285103;0;2;-247.235153;-84.895851;1740.781494;0;0.623568;0.26628;0.273976;0;2;-278.087952;296.954437;1749.038696;0;0.59583;0.277097;0.263031;0;2;-328.620728;662.807434;1777.951294;0;0.555951;0.094112;0.07239;0;2;-245.378281;803.616394;1755.153442;0;-0.18474;0.12351;-0.013751;0;2;-200.657608;-651.711609;1926.900024;0;0.74216;-0.155388;0.283614;0;2;-82.045876;-660.292603;1829.101685;0;0.74216;-0.155388;0.283614;0;2;-90.759438;-702.706787;1860.748047;0;0.939886;0.09067;0.310421;0;2;-140.969543;-719.982056;1969.999146;0;0.58704;0.283614;0.155388;0;2;-119.044098;-692.214905;1820.752197;0;0.939886;0.09067;0.310421;0;2;-241.265259;-700.639648;1848.175171;0;0.74216;-0.155388;0.283614;0;2;9058966528
-213.126068;-67.843231;1809.78418;0;0.690503;-0.182666;0.063823;0;2;-212.030411;-235.540375;1838.979248;0;0.65035;-0.185956;0.053484;0;2;-223.59375;-368.270935;1866.692383;0;0.722401;-0.125098;-0.032256;0;2;-208.940628;-569.943909;1911.674927;0;0.77455;-0.127282;-0.02212;0;2;-208.365616;-529.71875;1935.523438;0;-0.459595;0.627736;0.5756;0;2;-179.646088;-462.721588;2050.807373;0;-0.298487;0.790501;0.28915;0;2;-66.803177;-271.371857;1908.77771;0;-0.024745;0.826693;-0.158361;0;2;14.649809;-323.408112;1709.703003;0;-0.116569;0.792143;-0.053177;0;2;34.84557;-324.436279;1620.07959;0;-0.077493;0.787004;-0.104608;0;2;60.698719;-331.775665;1520.545532;0;-0.077493;0.787004;-0.104608;0;2;45.556976;-341.816498;1593.442993;0;-0.451495;0.747809;-0.412317;0;2;-216.327652;-543.58313;1873.335693;0;-0.377923;-0.519198;0.553945;0;2;-194.341965;-521.659302;1751.759033;0;0.282156;-0.525402;0.701125;0;2;-116.786018;-264.473053;1747.714478;0;0.376747;-0.317835;0.816459;0;2;-1.579367;-97.385033;1842.740112;0;0.234841;-0.616728;0.663706;0;2;18.367466;-36.781342;1918.341064;0;0.170908;-0.493639;0.759723;0;2;64.397827;25.816069;1983.397461;0;0.170908;-0.493639;0.759723;0;2;6.786801;-16.211643;1906.663574;0;0.27061;-0.58514;0.723174;0;2;-183.305618;-53.636402;1890.269409;0;0.649538;-0.193432;0.052502;0;2;-152.224548;318.062012;1807.940552;0;0.670672;-0.191865;0.058082;0;2;-142.450272;675.887024;1736.342529;0;0.68952;-0.239909;0.149447;0;2;-28.696901;782.266052;1648.626709;0;0.960679;-0.064756;0.269677;0;2;-240.016479;-80.654152;1737.207031;0;0.620552;0.272404;0.277454;0;2;-271.084717;299.50531;1747.376953;0;0.591974;0.283689;0.265905;0;2;-322.055969;663.484558;1779.001465;0;0.542505;0.118388;0.084935;0;2;-244.192474;806.02948;1753.231201;0;-0.197594;0.149542;-0.021866;0;2;-190.838486;-644.263;1926.630615;0;0.707747;-0.184161;0.307893;0;2;-82.051308;-663.821106;1820.378296;0;0.707747;-0.184161;0.307893;0;2;-90.661095;-704.291687;1854.143677;0;0.93079;0.087492;0.347935;0;2;-132.347794;-714.448608;1967.235474;0;0.608589;0.307893;0.184161;0;2;-121.358727;-693.411865;1816.356567;0;0.93079;0.087492;0.347935;0;2;-240.635391;-692.921143;1853.783325;0;0.707747;-0.184161;0.307893;0;2;9059000320
-206.805588;-68.363312;1808.674194;0;0.690718;-0.182361;0.067543;0;2;-205.635925;-237.157898;1837.056274;0;0.648967;-0.185986;0.056804;0;2;-217.75235;-370.688263;1864.40918;0;0.717245;-0.138667;-0.034687;0;2;-204.618134;-572.493896;1914.308228;0;0.769627;-0.141002;-0.023455;0;2;-203.257797;-531.492065;1937.296997;0;-0.427087;0.660817;0.580048;0;2;-170.592636;-451.051697;2043.472778;0;-0.26402;0.756398;0.321057;0;2;-95.377762;-251.571625;1885.849243;0;-0.128106;0.812919;0.119907;0;2;-16.492367;-176.529404;1691.776733;0;0.626576;0.35709;0.633085;0;2;-4.30965;-166.465622;1600.751587;0;0.616641;0.335336;0.644872;0;2;-5.824052;-160.291397;1497.276001;0;0.616641;0.335336;0.644872;0;2;35.634438;-166.640198;1578.299194;0;0.251634;0.794414;0.395704;0;2;-212.29454;-546.8349;1875.234375;0;-0.387648;-0.525958;0.555308;0;2;-193.848297;-523.463135;1752.622314;0;0.306003;-0.518593;0.684629;0;2;-119.59906;-263.72641;1750.727173;0;0.420736;-0.273956;0.814005;0;2;-7.860027;-107.832939;1869.013306;0;-0.248052;0.728524;-0.452255;0;2;-17.982269;-65.453346;1958.4375;0;-0.165536;0.638367;-0.572511;0;2;-4.717576;-7.403996;2041.130981;0;-0.165536;0.638367;-0.572511;0;0;-32.711834;-50.676414;1953.930176;0;-0.418022;0.66559;-0.610242;0;2;-176.420258;-54.555496;1889.540161;0;0.657402;-0.191288;0.048354;0;2;-152.428818;319.81781;1807.093872;0;0.678332;-0.189843;0.053868;0;2;-149.620407;679.788391;1735.276855;0;0.678707;-0.23432;0.123186;0;2;-27.977757;780.068726;1648.945801;0;0.965709;-0.079415;0.247079;0;2;-234.205383;-80.814423;1735.753784;0;0.632063;0.261807;0.258898;0;2;-258.725464;301.912048;1747.167603;0;0.607889;0.270767;0.249516;0;2;-301.12796;669.291382;1775.955078;0;0.654518;0.144611;0.138082;0;2;-190.114334;781.507813;1726.655151;0;-0.048811;0.205647;-0.003472;0;2;-187.030151;-647.045898;1930.891235;0;0.699629;-0.184424;0.314515;0;2;-79.41037;-668.822083;1822.668335;0;0.699629;-0.184424;0.314515;0;2;-88.475212;-709.37207;1856.688599;0;0.929217;0.091988;0.352803;0;2;-129.168137;-718.860413;1970.914917;0;0.614482;0.314515;0.184424;0;2;-119.585335;-697.756042;1819.091797;0;0.929217;0.091988;0.352803;0;2;-239.008667;-694.849976;1858.226807;0;0.699629;-0.184424;0.314515;0;2;9059033088
-206.992676;-67.711502;1807.924072;0;0.690409;-0.181385;0.066959;0;2;-206.090698;-236.871948;1836.311035;0;0.648771;-0.184967;0.056315;0;2;-218.40593;-370.686066;1863.629517;0;0.718769;-0.12576;-0.044004;0;2;-205.758774;-573.161133;1912.767212;0;0.771175;-0.128884;-0.033777;0;2;-205.320236;-532.21344;1936.088745;0;-0.406461;0.673166;0.584446;0;2;-172.784134;-446.428864;2038.424438;0;-0.201009;0.791354;0.293538;0;2;-84.232491;-269.888885;1860.708496;0;-0.022388;0.843972;0.010764;0;2;10.669939;-260.487366;1659.134521;0;0.713419;0.035606;0.476399;0;2;20.985367;-323.612244;1592.201294;0;0.79641;0.123703;0.461434;0;2;52.062874;-373.114044;1506.313965;0;0.79641;0.123703;0.461434;0;2;62.82386;-353.073456;1584.842529;0;0.595035;0.579151;0.146942;0;2;-212.368042;-547.239075;1873.551147;0;-0.36745;-0.518418;0.571914;0;2;-188.034958;-520.468384;1752.396362;0;0.333078;-0.509082;0.678144;0;2;-117.705833;-259.190582;1761.040649;0;0.446441;-0.268325;0.804391;0;2;-14.420218;-104.097008;1888.602051;0;-0.265225;0.726724;-0.428385;0;2;-25.780298;-67.543114;1980.643311;0;-0.180003;0.641173;-0.548214;0;2;-14.241958;-14.354497;2067.046387;0;-0.180003;0.641173;-0.548214;0;0;-31.461329;-64.511597;1992.889893;0;0.496422;-0.576247;0.648593;0;2;-176.717316;-53.938557;1889.036133;0;0.656779;-0.191825;0.048235;0;2;-152.203445;321.092651;1805.968506;0;0.678044;-0.190359;0.05385;0;2;-149.246536;681.75769;1733.692383;0;0.666443;-0.244773;0.132212;0;2;-26.98522;778.073425;1643.041016;0;0.961788;-0.080545;0.26087;0;2;-234.293304;-80.131172;1734.781616;0;0.632953;0.266245;0.262799;0;2;-256.197052;303.578552;1745.64209;0;0.61044;0.274786;0.253856;0;2;-294.748199;672.273254;1773.058472;0;0.679928;0.174728;0.1835;0;2;-180.631302;772.374939;1706.581421;0;-0.001823;0.258949;0.007289;0;2;-188.272827;-647.885559;1929.461304;0;0.713041;-0.174664;0.299902;0;2;-75.815094;-666.737244;1825.219238;0;0.713041;-0.174664;0.299902;0;2;-85.272285;-707.721252;1858.788086;0;0.934965;0.088556;0.335569;0;2;-130.238174;-718.672302;1971.5448;0;0.609199;0.299902;0.174664;0;2;-115.221329;-696.635986;1819.967285;0;0.934965;0.088556;0.335569;0;2;-236.365265;-696.65564;1854.501587;0;0.713041;-0.174664;0.299902;0;2;9059066880
-208.922928;-64.727577;1807.33667;0;0.701016;-0.173165;0.057331;0;2;-203.997818;-233.254669;1835.213379;0;0.662907;-0.175999;0.047931;0;2;-212.085602;-367.083679;1861.453003;0;0.712209;-0.146932;-0.032127;0;2;-200.983215;-568.239563;1913.019775;0;0.764901;-0.149035;-0.020241;0;2;-198.766144;-527.112549;1935.556763;0;-0.446811;0.634813;0.580114;0;2;-170.66069;-456.44223;2049.422119;0;-0.155297;0.777727;0.321467;0;2;-102.381439;-281.550476;1862.832031;0;0.097671;0.838756;-0.068476;0;2;-7.717408;-330.126709;1667.80481;0;0.761771;0.479589;0.154625;0;2;54.285301;-375.605682;1616.866699;0;0.820915;0.499156;0.068975;0;2;141.859329;-414.134491;1577.384766;0;0.820915;0.499156;0.068975;0;2;88.689865;-402.235962;1635.835693;0;0.406713;0.896165;-0.062697;0;2;-208.836182;-542.890076;1873.873047;0;-0.385077;-0.512125;0.566569;0;2;-186.302078;-520.054382;1752.057861;0;0.252643;-0.567765;0.70884;0;2;-124.909294;-257.48877;1746.456787;0;0.379646;-0.168983;0.892332;0;2;22.365868;-159.537018;1885.487427;0;0.399695;-0.586907;0.703936;0;2;24.052061;-80.874405;1946.085938;0;0.396433;-0.456067;0.794977;0;1;51.488586;-11.413343;2015.168457;0;0.396433;-0.456067;0.794977;0;0;10.468254;-66.401466;1955.460938;0;0.511616;-0.265855;0.618208;0;1;-181.048676;-50.427155;1888.864258;0;0.666052;-0.138551;-0.005397;0;2;-152.535019;323.379028;1808.229126;0;0.690586;-0.138702;-0.000727;0;2;-149.710892;682.593933;1735.698608;0;0.660824;-0.241988;0.138122;0;2;-26.428394;777.003723;1645.760864;0;0.961477;-0.074448;0.263102;0;2;-234.05835;-77.622894;1733.819702;0;0.654788;0.21765;0.205596;0;2;-252.354294;304.786255;1746.401489;0;0.630147;0.224782;0.197779;0;2;-291.155975;672.089478;1773.369629;0;0.705622;0.178883;0.190973;0;2;-171.562119;761.441895;1702.863647;0;0.037281;0.267147;0.00944;0;2;-184.194183;-642.740173;1930.050415;0;0.68898;-0.182776;0.310586;0;2;-76.889511;-669.663696;1823.038208;0;0.68898;-0.182776;0.310586;0;2;-87.461594;-709.295654;1857.562988;0;0.931837;0.090375;0.348859;0;2;-129.044922;-715.657043;1971.473633;0;0.628837;0.310586;0.182776;0;2;-117.903076;-697.275146;1819.656616;0;0.931837;0.090375;0.348859;0;2;-237.198853;-689.867676;1857.917847;0;0.68898;-0.182776;0.310586;0;2;9059099648
-208.266846;-64.256691;1803.944702;0;0.701414;-0.169604;0.058565;0;2;-203.574615;-232.833893;1830.670532;0;0.661312;-0.172642;0.048887;0;2;-212.551636;-366.633362;1856.174316;0;0.706229;-0.133549;-0.035642;0;2;-206.547348;-568.439575;1905.295776;0;0.759637;-0.135977;-0.024817;0;2;-204.16713;-527.687134;1928.408325;0;-0.415766;0.645322;0.593914;0;2;-179.7314;-450.203949;2038.489136;0;-0.139879;0.780501;0.320057;0;2;-111.628723;-279.705475;1848.116699;0;0.101796;0.841789;-0.054858;0;2;-14.414139;-324.036285;1653.542358;0;0.254921;0.786335;0.161486;0;2;19.853216;-334.438171;1568.62561;0;0.269902;0.790544;0.139425;0;2;60.766098;-341.325104;1473.896851;0;0.269902;0.790544;0.139425;0;2;39.504768;-351.187408;1545.487549;0;-0.199681;0.913647;-0.147025;0;2;-212.887436;-542.468994;1866.329346;0;-0.380611;-0.501689;0.577471;0;2;-186.847687;-519.322327;1745.382446;0;0.260682;-0.54875;0.723686;0;2;-116.287392;-259.286011;1750.225464;0;0.417806;0.17286;0.891609;0;2;16.589441;-324.011322;1919.591431;0;0.531634;-0.224748;0.707262;0;2;44.035145;-251.754318;1981.818481;0;0.418068;-0.387993;0.632608;0;1;79.548058;-157.324814;1994.26001;0;0.418068;-0.387993;0.632608;0;0;2.990061;-185.93689;1934.425781;0;0.626598;0.043555;0.091214;0;1;-180.677933;-50.544476;1885.593018;0;0.666973;-0.134572;-0.005338;0;2;-152.296509;323.444092;1807.295532;0;0.691842;-0.134724;-0.000739;0;2;-149.950058;682.78479;1736.931396;0;0.65888;-0.238899;0.136441;0;2;-25.435329;776.239319;1647.994751;0;0.962355;-0.073461;0.259727;0;2;-233.144974;-76.621597;1730.318726;0;0.655315;0.219326;0.204591;0;2;-250.336349;305.481506;1744.079712;0;0.627733;0.227234;0.195777;0;2;-290.532837;672.10321;1773.927124;0;0.645569;0.227108;0.207312;0;2;-190.172897;781.036743;1701.304688;0;-0.034048;0.312808;-0.012505;0;2;-191.608948;-643.393555;1921.754883;0;0.727058;-0.183973;0.256106;0;2;-72.96785;-664.092896;1826.112427;0;0.727058;-0.183973;0.256106;0;2;-82.96003;-703.111389;1861.430908;0;0.945356;0.051006;0.311183;0;2;-134.057053;-708.877319;1971.325317;0;0.609877;0.256106;0.183973;0;2;-110.735168;-695.618774;1820.487793;0;0.945356;0.051006;0.311183;0;2;-233.120499;-698.222229;1847.678589;0;0.727058;-0.183973;0.256106;0;2;9059133440
-204.851608;-64.692589;1804.122925;0;0.716368;-0.141636;0.047442;0;2;-195.96199;-233.18576;1826.077759;0;0.6732;-0.14428;0.038662;0;2;-203.037292;-367.340332;1847.425293;0;0.696827;-0.130729;-0.0465;0;2;-202.827484;-567.861572;1899.043945;0;0.751014;-0.134037;-0.035867;0;2;-200.024338;-527.016357;1921.606567;0;-0.395889;0.639532;0.606898;0;2;-182.101669;-448.904388;2031.902344;0;-0.129812;0.784787;0.322629;0;2;-112.132263;-280.340912;1841.766602;0;0.128894;0.843945;-0.087964;0;2;-10.884471;-342.449982;1655.158936;0;0.165645;0.802083;0.167393;0;2;20.141451;-342.964813;1568.723145;0;0.092647;0.773398;0.270579;0;2;42.138836;-310.636353;1473.375732;0;0.092647;0.773398;0.270579;0;2;42.042774;-336.173828;1543.002319;0;-0.355188;0.864561;-0.083383;0;2;-207.675323;-542.358215;1859.755981;0;-0.388734;-0.501884;0.581374;0;2;-183.343399;-518.791626;1738.991943;0;0.275191;-0.552747;0.702549;0;2;-119.569817;-257.936188;1737.799927;0;0.42923;-0.043778;0.892854;0;2;21.035143;-215.606277;1906.962891;0;0.677161;0.058814;0.730405;0;2;23.49378;-239.725784;2002.827393;0;-0.477662;0.531285;-0.504664;0;0;21.381739;-138.507202;1999.498779;0;-0.477662;0.531285;-0.504664;0;0;27.826332;-131.532578;1999.040527;0;-0.425638;-0.233474;-0.25236;0;0;-182.151474;-52.669239;1887.204834;0;0.668252;-0.1184;-0.024708;0;2;-152.049255;319.668457;1808.230713;0;0.693263;-0.119232;-0.020638;0;2;-148.276291;677.313904;1735.970093;0;0.665017;-0.241172;0.14652;0;2;-27.383335;773.841675;1646.582153;0;0.960646;-0.067911;0.26849;0;2;-225.32132;-75.534569;1729.204346;0;0.661635;0.18941;0.171953;0;2;-245.430511;305.03595;1744.25647;0;0.633136;0.196169;0.164211;0;2;-290.162628;669.891357;1773.269653;0;0.640178;0.21842;0.192657;0;2;-189.942245;781.5802;1706.15686;0;-0.046222;0.296346;-0.01672;0;2;-190.052643;-642.652832;1916.723022;0;0.73807;-0.183447;0.221345;0;2;-66.082474;-663.694336;1829.114868;0;0.73807;-0.183447;0.221345;0;2;-77.106842;-701.491089;1865.163574;0;0.953523;0.026798;0.286231;0;2;-134.081161;-704.502258;1971.760864;0;0.610415;0.221345;0.183447;0;2;-102.56617;-696.272827;1822.607422;0;0.953523;0.026798;0.286231;0;2;-225.781204;-701.058289;1842.84729;0;0.73807;-0.183447;0.221345;0;2;9059166208
-205.66893;-66.554993;1807.170898;0;0.715684;-0.140729;0.042643;0;2;-197.166245;-235.712814;1830.239624;0;0.672507;-0.143077;0.03394;0;2;-204.623611;-370.357544;1852.366455;0;0.696904;-0.129226;-0.037677;0;2;-204.529221;-572.540222;1901.275146;0;0.75115;-0.131832;-0.027193;0;2;-201.358109;-531.85083;1924.508545;0;-0.428806;0.636927;0.579538;0;2;-176.827133;-462.815582;2040.233154;0;-0.217685;0.790134;0.315476;0;2;-85.905663;-275.681885;1876.47168;0;0.055436;0.840859;-0.129588;0;2;7.480525;-336.986755;1684.366211;0;0.199098;0.746535;0.2339;0;2;26.232063;-334.933563;1594.054443;0;0.194438;0.744667;0.239779;0;2;45.35091;-321.78598;1493.158325;0;0.194438;0.744667;0.239779;0;2;35.186382;-338.233612;1560.488525;0;-0.282898;0.837109;-0.112246;0;2;-209.712311;-546.330688;1862.234741;0;-0.388663;-0.501276;0.582849;0;2;-185.100464;-522.447876;1740.987915;0;0.287986;-0.542034;0.679325;0;2;-118.592163;-261.27356;1728.911865;0;0.480734;0.032903;0.868447;0;2;1.943484;-248.890625;1918.542358;0;0.688237;-0.033465;0.708053;0;2;0.796355;-228.67778;2015.796387;0;-0.405363;0.501017;-0.501439;0;0;18.02734;-129.921692;1998.303711;0;-0.405363;0.501017;-0.501439;0;0;19.686274;-145.229126;1988.761475;0;-0.400214;-0.209329;-0.202915;0;1;-183.547745;-54.044144;1890.75647;0;0.666438;-0.11547;-0.031672;0;2;-150.923096;319.373016;1809.378296;0;0.690156;-0.116492;-0.027921;0;2;-143.507965;678.101196;1734.297974;0;0.683391;-0.23496;0.14962;0;2;-26.354044;782.676208;1647.365234;0;0.96194;-0.061179;0.266304;0;2;-225.616577;-77.836578;1731.798096;0;0.663096;0.183242;0.165581;0;2;-246.097092;304.476868;1746.884033;0;0.633999;0.189866;0.157952;0;2;-292.027924;670.913147;1775.776978;0;0.599575;0.21502;0.166527;0;2;-200.899429;796.944824;1720.240845;0;-0.104588;0.275535;-0.032534;0;2;-191.755325;-647.966309;1917.808716;0;0.74298;-0.159985;0.244524;0;2;-67.798538;-663.100586;1827.756104;0;0.74298;-0.159985;0.244524;0;2;-78.676971;-703.452942;1861.361938;0;0.951156;0.059778;0.286031;0;2;-135.230423;-713.762451;1968.360962;0;0.602158;0.244524;0.159984;0;2;-104.522034;-695.288208;1819.233276;0;0.951156;0.059778;0.286031;0;2;-228.17746;-701.413879;1839.988403;0;0.74298;-0.159985;0.244524;0;2;9059200000
-206.187759;-63.267746;1807.799438;0;0.714548;-0.143216;0.044711;0;2;-198.00914;-232.137558;1830.963135;0;0.667903;-0.145854;0.035163;0;2;-206.918671;-366.380737;1853.566772;0;0.698056;-0.142132;-0.017012;0;2;-204.696442;-568.75824;1900.071289;0;0.75207;-0.143039;-0.005559;0;2;-200.384689;-528.401794;1923.540771;0;-0.474405;0.634642;0.542265;0;2;-165.426743;-470.54895;2042.400391;0;-0.270922;0.773585;0.31536;0;2;-74.587914;-273.085663;1891.987183;0;0.034922;0.82006;-0.159333;0;2;2.490699;-339.560394;1694.864258;0;0.115173;0.789073;0.168577;0;2;26.62015;-335.763458;1606.056885;0;0.109579;0.78741;0.176181;0;2;53.910538;-320.235321;1507.586426;0;0.109579;0.78741;0.176181;0;2;37.292336;-333.612122;1572.698975;0;-0.381209;0.814266;-0.160081;0;2;-211.700699;-542.154419;1861.683594;0;-0.408984;-0.51065;0.563087;0;2;-193.594513;-521.762817;1738.883789;0;0.244636;-0.562811;0.69404;0;2;-127.126663;-261.754028;1716.219238;0;0.425465;-0.01046;0.893498;0;2;16.147181;-230.161972;1886.35437;0;0.686117;0.032642;0.724794;0;2;15.858226;-233.654724;1985.464111;0;-0.073626;0.706443;-0.165319;0;2;14.94751;-199.689453;1889.723022;0;-0.073626;0.706443;-0.165319;0;2;20.249784;-237.222702;1994.379272;0;0.339864;0.385486;0.767773;0;0;-183.544754;-50.746296;1891.0896;0;0.665737;-0.117626;-0.031571;0;2;-150.645264;321.755005;1808.674805;0;0.690543;-0.118686;-0.027571;0;2;-144.010941;679.701416;1732.807129;0;0.676796;-0.239628;0.149524;0;2;-26.087627;781.446167;1644.196045;0;0.960809;-0.064605;0.269532;0;2;-226.605942;-74.558884;1732.693115;0;0.66128;0.191088;0.171257;0;2;-246.645065;307.076508;1749.100342;0;0.631845;0.198026;0.163195;0;2;-292.174225;672.77179;1779.956665;0;0.607587;0.223306;0.176893;0;2;-199.784348;795.659546;1720.428955;0;-0.090943;0.288705;-0.03109;0;2;-191.246399;-644.243958;1915.105103;0;0.738221;-0.19274;0.255674;0;2;-72.902115;-660.07074;1818.315918;0;0.738221;-0.19274;0.255674;0;2;-80.888954;-699.409973;1853.741211;0;0.94183;0.044501;0.317076;0;2;-130.54071;-707.176819;1964.095459;0;0.593728;0.255674;0.19274;0;2;-109.354897;-693.132202;1813.105225;0;0.94183;0.044501;0.317076;0;2;-231.167969;-700.806458;1841.540771;0;0.738221;-0.19274;0.255674;0;2;9059233792
-204.990463;-63.086926;1809.027344;0;0.709091;-0.162685;0.057807;0;2;-197.391357;-231.906693;1833.796631;0;0.653176;-0.166724;0.044845;0;2;-209.840027;-365.455505;1859.366821;0;0.693603;-0.175452;0.027967;0;2;-205.77005;-568.740906;1902.472656;0;0.747352;-0.172644;0.041947;0;2;-198.244064;-528.797485;1925.920044;0;0.523967;-0.651142;-0.485799;0;2;-143.905045;-478.912598;2041.19397;0;-0.273237;0.761608;0.299832;0;2;-62.04903;-285.025208;1880.891113;0;0.020626;0.808497;-0.127584;0;2;6.382093;-336.092346;1675.920776;0;0.106091;0.77852;0.205059;0;2;27.492453;-326.466919;1586.702393;0;0.143011;0.78999;0.155107;0;2;57.395809;-318.148834;1488.023071;0;0.143011;0.78999;0.155107;0;2;44.185818;-333.786407;1558.29834;0;-0.337481;0.84451;-0.147063;0;2;-216.537796;-541.403015;1865.445313;0;-0.425424;-0.516451;0.56135;0;2;-203.370178;-520.572937;1741.979248;0;0.151799;-0.586009;0.733798;0;2;-131.37027;-263.507782;1704.609131;0;0.292657;-0.105455;0.933137;0;2;49.966515;-195.533401;1818.872437;0;0.578293;0.021763;0.815351;0;2;77.446777;-203.500702;1913.91748;0;-0.183768;0.757422;-0.302627;0;2;55.593842;-136.385529;1840.726929;0;-0.183768;0.757422;-0.302627;0;2;79.214821;-211.894089;1922.084961;0;0.237058;0.345034;0.824192;0;2;-178.416733;-49.846687;1891.115967;0;0.668491;-0.121278;-0.028551;0;2;-148.973114;323.204285;1808.325806;0;0.693251;-0.122234;-0.024417;0;2;-145.704086;681.504395;1732.364746;0;0.665701;-0.248141;0.150567;0;2;-26.491858;778.967041;1640.411377;0;0.958353;-0.069984;0.276285;0;2;-228.953171;-75.02623;1735.004272;0;0.656381;0.208411;0.189734;0;2;-248.653183;306.965698;1751.321167;0;0.628401;0.215782;0.181316;0;2;-291.995544;673.201111;1782.789917;0;0.616032;0.2272;0.18662;0;2;-197.989029;793.04303;1719.315308;0;-0.07745;0.29831;-0.027006;0;2;-191.953003;-644.710571;1914.857422;0;0.727943;-0.187291;0.256936;0;2;-73.701187;-664.921875;1818.559326;0;0.727943;-0.187291;0.256936;0;2;-83.261078;-703.930603;1854.031372;0;0.944271;0.049246;0.314116;0;2;-133.711868;-709.755005;1964.259277;0;0.607458;0.256936;0.187291;0;2;-111.320953;-696.695007;1813.21875;0;0.944271;0.049246;0.314116;0;2;-233.56723;-699.970215;1841.119995;0;0.727943;-0.187291;0.256936;0;2;9059266560
-202.189087;-61.193192;1809.003418;0;0.696391;-0.180112;0.061713;0;2;-198.616943;-229.795074;1837.788574;0;0.639875;-0.184404;0.047372;0;2;-214.09285;-362.497131;1867.053833;0;0.697162;-0.187609;0.062047;0;2;-206.098389;-567.370239;1903.188599;0;0.750181;-0.182029;0.076893;0;2;-197.198868;-528.085449;1927.410278;0;0.545109;-0.639039;-0.480752;0;2;-140.85434;-481.476257;2043.359253;0;-0.225283;0.768445;0.212665;0;2;-65.988403;-328.012115;1840.713745;0;-0.035133;0.796154;-0.04327;0;2;-5.894791;-333.919861;1626.656372;0;0.053425;0.811765;0.176653;0;2;22.64418;-321.084351;1539.782227;0;0.07804;0.818825;0.140337;0;2;59.234192;-306.18396;1443.993042;0;0.07804;0.818825;0.140337;0;2;56.97702;-316.585754;1526.96106;0;-0.409506;0.866552;-0.067116;0;2;-219.491135;-538.883972;1867.820679;0;-0.436465;-0.544232;0.550353;0;2;-216.133926;-513.837341;1744.269043;0;0.057204;-0.592143;0.777332;0;2;-137.240952;-258.95459;1702.866333;0;0.145287;-0.16577;0.963015;0;2;66.09893;-176.903091;1754.319702;0;0.421721;0.022516;0.906323;0;2;125.728622;-188.975082;1832.954346;0;0.414503;-0.179334;0.888689;0;2;186.028122;-149.831848;1905.098877;0;0.414503;-0.179334;0.888689;0;2;139.86438;-165.347427;1844.287354;0;0.134261;0.142452;0.808128;0;2;-172.879333;-46.726479;1890.101563;0;0.670065;-0.117525;-0.033032;0;2;-144.316833;326.983521;1807.03894;0;0.695692;-0.118673;-0.028873;0;2;-142.901398;685.825806;1730.658569;0;0.668142;-0.244746;0.144194;0;2;-22.721975;783.790649;1639.926758;0;0.960197;-0.072059;0.269361;0;2;-228.618973;-74.238457;1735.873657;0;0.65144;0.217262;0.199603;0;2;-250.418808;308.255554;1752.619873;0;0.621243;0.225606;0.19013;0;2;-297.250732;674.467224;1786.478638;0;0.594414;0.23757;0.187318;0;2;-209.807373;800.342407;1724.611328;0;-0.102899;0.306133;-0.033664;0;2;-191.073303;-643.724121;1912.146606;0;0.730934;-0.216744;0.265254;0;2;-77.098679;-661.502808;1809.983276;0;0.730934;-0.216744;0.265254;0;2;-83.181755;-700.069092;1846.813721;0;0.93422;0.034302;0.340824;0;2;-127.587852;-705.286011;1959.858154;0;0.590253;0.265254;0.216744;0;2;-113.662964;-694.931641;1807.339966;0;0.93422;0.034302;0.340824;0;2;-234.24205;-702.448486;1841.830688;0;0.730934;-0.216744;0.265254;0;2;9059300352
-199.960754;-59.247158;1813.024658;0;0.69728;-0.185694;0.061384;0;2;-195.237167;-228.39772;1843.202271;0;0.642758;-0.189828;0.047069;0;2;-209.211899;-361.693146;1873.531372;0;0.688201;-0.208108;0.08309;0;2;-202.959244;-567.557678;1910.048706;0;0.741322;-0.200774;0.099511;0;2;-191.869461;-528.204224;1933.679321;0;0.576841;-0.649186;-0.430007;0;2;-121.851547;-490.523102;2046.137329;0;-0.237452;0.762448;0.177852;0;2;-48.522526;-345.60907;1835.166504;0;-0.056193;0.780888;-0.056318;0;2;1.954623;-349.703766;1617.519775;0;0.240535;0.774625;0.348389;0;2;34.397446;-328.493988;1533.230713;0;0.295184;0.810839;0.252899;0;2;85.324707;-312.689972;1443.817749;0;0.295184;0.810839;0.252899;0;2;63.966827;-308.476379;1523.732056;0;-0.290194;0.890226;0.170703;0;2;-217.92395;-538.774719;1875.255737;0;0.468027;0.564112;-0.528153;0;2;-227.368896;-514.119568;1751.332275;0;-0.000638;-0.58065;0.792604;0;2;-139.015076;-264.483093;1692.436768;0;0.073076;-0.219447;0.957715;0;2;63.062935;-163.705841;1707.115112;0;0.219159;0.040586;0.970307;0;2;149.748016;-173.060822;1755.86499;0;0.206668;-0.073166;0.968395;0;2;242.240189;-153.529541;1795.043579;0;0.206668;-0.073166;0.968395;0;2;163.017746;-172.545929;1740.93335;0;-0.166793;0.107372;0.82866;0;2;-169.941254;-43.934845;1894.153931;0;0.671589;-0.119993;-0.036781;0;2;-143.273499;330.96524;1807.50647;0;0.695307;-0.121189;-0.032848;0;2;-141.901047;690.778625;1727.443115;0;0.664923;-0.246506;0.137401;0;2;-19.895979;787.191162;1635.806641;0;0.960622;-0.078123;0.26578;0;2;-227.03067;-73.054947;1739.866699;0;0.649032;0.21145;0.196225;0;2;-253.265823;310.98468;1756.428833;0;0.616048;0.220314;0.186227;0;2;-306.864838;677.951904;1791.265747;0;0.585961;0.190134;0.14068;0;2;-217.228806;809.864014;1744.988525;0;-0.130005;0.2397;-0.033211;0;2;-188.813644;-644.522888;1918.430054;0;0.725353;-0.228133;0.300442;0;2;-82.15094;-658.570435;1807.101318;0;0.725353;-0.228133;0.300442;0;2;-85.340164;-698.446777;1843.264893;0;0.920059;0.05113;0.373759;0;2;-121.391457;-707.370239;1959.62085;0;0.575807;0.300442;0.228133;0;2;-118.842316;-692.298096;1806.153687;0;0.920059;0.05113;0.373759;0;2;-237.055771;-701.662598;1849.428467;0;0.725353;-0.228133;0.300442;0;2;9059333120
-199.978714;-59.236298;1812.991577;0;0.697276;-0.185679;0.061429;0;2;-195.25856;-228.395355;1843.15625;0;0.642737;-0.189818;0.047111;0;2;-209.242111;-361.696472;1873.477905;0;0.688125;-0.2081;0.083432;0;2;-203.033859;-567.586304;1909.901978;0;0.741249;-0.200739;0.099852;0;2;-191.921143;-528.2453;1933.545898;0;0.577132;-0.648994;-0.429723;0;2;-121.876991;-490.706909;2046.04126;0;-0.237765;0.762627;0.178178;0;2;-48.320667;-345.602142;1835.268921;0;-0.056904;0.781181;-0.055716;0;2;2.398372;-349.306702;1617.663452;0;0.237243;0.778622;0.342853;0;2;35.598129;-328.35321;1533.601929;0;0.292373;0.814459;0.245879;0;2;87.408302;-313.241486;1444.57312;0;0.292373;0.814459;0.245879;0;2;65.469566;-308.913513;1524.157104;0;-0.292742;0.891969;0.164541;0;2;-218.006485;-538.78241;1875.127563;0;0.468254;0.564333;-0.527968;0;2;-227.568726;-514.110718;1751.211914;0;-0.000996;-0.580902;0.792447;0;2;-139.371277;-264.442383;1692.173828;0;0.072638;-0.220081;0.957593;0;2;62.616573;-163.431076;1706.60437;0;0.219687;0.038762;0.970306;0;2;149.304916;-172.455353;1755.417969;0;0.206945;-0.077415;0.967989;0;2;241.645905;-152.075195;1794.530029;0;0.206945;-0.077415;0.967989;0;2;162.798676;-171.343613;1739.172729;0;-0.169401;0.09967;0.829679;0;2;-169.954376;-43.930962;1894.123779;0;0.671578;-0.119987;-0.036743;0;2;-143.2733;330.986511;1807.495728;0;0.695302;-0.121182;-0.032809;0;2;-141.894211;690.817383;1727.452759;0;0.664963;-0.246456;0.137401;0;2;-19.884876;787.249878;1635.830688;0;0.960636;-0.078087;0.265744;0;2;-227.052979;-73.037796;1739.831177;0;0.649016;0.211363;0.196078;0;2;-253.33342;311.010315;1756.436279;0;0.615964;0.220237;0.186065;0;2;-307.037292;677.968811;1791.340942;0;0.585726;0.189704;0.140127;0;2;-217.429184;809.975708;1745.259521;0;-0.130441;0.239006;-0.033297;0;2;-188.906876;-644.562134;1918.24292;0;0.724715;-0.227965;0.301485;0;2;-82.438896;-658.693115;1806.731079;0;0.724715;-0.227965;0.301485;0;2;-85.643135;-698.599854;1842.862549;0;0.919837;0.051987;0.374378;0;2;-121.530624;-707.571228;1959.269897;0;0.576131;0.301485;0.227965;0;2;-119.193077;-692.355652;1805.808105;0;0.919837;0.051987;0.374378;0;2;-237.359726;-701.551392;1849.259399;0;0.724715;-0.227965;0.301485;0;2;9059366912
-200.386658;-56.164623;1815.828003;0;0.696249;-0.200194;0.063972;0;2;-194.139847;-226.725708;1849.060181;0;0.644248;-0.204332;0.049176;0;2;-206.15416;-361.233063;1882.029419;0;0.668106;-0.224755;0.137695;0;2;-208.270172;-570.999939;1909.731445;0;0.721754;-0.212989;0.155275;0;2;-192.493164;-532.982361;1933.977783;0;0.588854;-0.649049;-0.409393;0;2;-117.810493;-500.575195;2047.045044;0;-0.228834;0.747724;0.155648;0;2;-57.773182;-363.48291;1823.121704;0;-0.137561;0.762485;0.04397;0;2;-12.423873;-309.101685;1608.444214;0;0.502752;0.750401;0.229821;0;2;50.571285;-317.847931;1539.429443;0;0.426714;0.694672;0.365171;0;2;85.251884;-304.811707;1440.848022;0;0.426714;0.694672;0.365171;0;2;70.582169;-315.973969;1507.234253;0;-0.084148;0.942199;0.094296;0;2;-225.070114;-539.53479;1877.428589;0;0.496568;0.5867;-0.523914;0;2;-248.346054;-507.459869;1755.53418;0;-0.107297;-0.567356;0.803127;0;2;-156.909164;-266.020081;1662.489868;0;-0.053357;-0.273531;0.944503;0;2;36.44812;-151.987701;1617.637207;0;0.24879;0.065027;0.966281;0;2;120.496674;-172.071274;1670.018066;0;0.247596;-0.094366;0.963858;0;2;209.47757;-151.819305;1718.884277;0;0.247596;-0.094366;0.963858;0;2;137.292618;-158.991043;1644.348511;0;-0.177859;0.033431;0.890468;0;2;-168.048538;-39.194553;1896.846436;0;0.673373;-0.116273;-0.046279;0;2;-142.258438;339.485168;1806.414917;0;0.698416;-0.117867;-0.042233;0;2;-143.509613;702.805481;1722.475586;0;0.668242;-0.241919;0.123533;0;2;-18.543915;800.353027;1631.887085;0;0.963633;-0.084634;0.252692;0;2;-229.547348;-71.467278;1742.77002;0;0.654391;0.180101;0.166715;0;2;-260.210327;316.781891;1758.138184;0;0.624483;0.186875;0.159095;0;2;-316.806885;688.148865;1787.688843;0;0.56945;0.075501;0.042815;0;2;-226.53598;829.126709;1773.650879;0;-0.171496;0.089504;-0.02172;0;2;-197.71434;-649.817627;1913.591431;0;0.742512;-0.246969;0.260437;0;2;-84.301262;-663.451111;1806.449585;0;0.742512;-0.246969;0.260437;0;2;-86.58522;-701.725281;1845.254761;0;0.924945;0.009523;0.35879;0;2;-127.539589;-706.276062;1961.737549;0;0.565558;0.260437;0.246969;0;2;-119.121819;-699.921692;1806.078369;0;0.924945;0.009523;0.35879;0;2;-239.67836;-714.63739;1845.52832;0;0.742512;-0.246969;0.260437;0;2;9059399680
-199.72261;-59.05658;1815.727051;0;0.69311;-0.210788;0.059745;0;2;-193.457306;-229.192963;1852.696045;0;0.636288;-0.214873;0.042789;0;2;-207.103409;-362.858063;1889.387939;0;0.663712;-0.232464;0.143703;0;2;-210.200592;-572.900269;1918.044556;0;0.717411;-0.220192;0.161882;0;2;-193.639389;-534.82959;1941.864502;0;0.590318;-0.623531;-0.415201;0;2;-127.395378;-512.086365;2062.620605;0;-0.308271;0.747407;0.121731;0;2;-44.469154;-367.182465;1850.608154;0;-0.169134;0.755497;-0.051569;0;2;0.549912;-336.498779;1630.764282;0;0.748427;0.389417;0.490965;0;2;47.996758;-330.076447;1549.833252;0;0.74547;0.382848;0.496105;0;2;90.689301;-325.723999;1453.435059;0;0.74547;0.382848;0.496105;0;2;62.808601;-331.754791;1515.010742;0;0.286865;0.76631;0.40542;0;2;-227.440552;-541.379944;1885.888062;0;0.506504;0.594039;-0.517137;0;2;-255.547287;-508.128113;1765.069336;0;-0.170739;-0.591775;0.773287;0;2;-189.198318;-270.615387;1643.454468;0;-0.123574;-0.360232;0.904656;0;2;-26.369303;-131.962891;1560.577026;0;0.171646;0.139406;0.975048;0;2;61.054619;-166.620056;1598.087158;0;0.158455;-0.366933;0.914064;0;2;131.635132;-94.783089;1622.891479;0;0.158455;-0.366933;0.914064;0;2;75.291267;-146.290619;1562.089478;0;-0.297428;0.003961;0.883368;0;2;-166.569595;-40.345135;1896.220947;0;0.673453;-0.122642;-0.038557;0;2;-142.002426;339.275391;1806.112427;0;0.697437;-0.123911;-0.034476;0;2;-143.32637;703.500122;1722.867676;0;0.674742;-0.235123;0.116352;0;2;-17.8179;803.312073;1634.814331;0;0.966269;-0.084836;0.242792;0;2;-229.618164;-75.929504;1743.141968;0;0.65745;0.170768;0.158885;0;2;-259.765106;313.174316;1757.118042;0;0.626918;0.177344;0.151519;0;2;-316.792603;685.353516;1784.934692;0;0.558342;0.065903;0.035374;0;2;-230.007828;829.123657;1773.567139;0;-0.185571;0.077439;-0.020161;0;2;-200.123581;-651.93103;1922.027344;0;0.736683;-0.277993;0.297473;0;2;-98.127556;-661.711792;1803.180664;0;0.736683;-0.277993;0.297473;0;2;-95.18161;-700.294861;1841.784302;0;0.902704;0.013774;0.406916;0;2;-123.498337;-706.619629;1962.133423;0;0.539932;0.297473;0.277993;0;2;-131.787125;-699.268372;1806.206543;0;0.902704;0.013774;0.406916;0;2;-247.245132;-717.770386;1858.143311;0;0.736683;-0.277993;0.297473;0;2;9059433472
-199.696396;-59.221745;1815.356812;0;0.692923;-0.21125;0.059815;0;2;-193.45192;-229.3564;1852.432495;0;0.636061;-0.215341;0.042811;0;2;-207.123993;-363.007324;1889.227539;0;0.662484;-0.236838;0.143964;0;2;-210.038712;-572.900513;1919.149414;0;0.716158;-0.22453;0.162493;0;2;-193.307236;-534.687317;1942.630737;0;0.58999;-0.625995;-0.413933;0;2;-126.304474;-511.398621;2062.881836;0;-0.307824;0.748038;0.120008;0;2;-43.008163;-367.307404;1850.421265;0;-0.169345;0.755769;-0.052676;0;2;2.234731;-336.98172;1630.546631;0;0.737758;0.39913;0.491031;0;2;48.262543;-332.051636;1548.684326;0;0.731474;0.386385;0.501121;0;2;87.171494;-330.40274;1450.601807;0;0.731474;0.386385;0.501121;0;2;57.758774;-335.950897;1510.584717;0;0.261942;0.76022;0.392232;0;2;-227.50148;-541.565063;1886.924194;0;0.516497;0.595875;-0.502547;0;2;-258.798553;-511.664337;1765.998169;0;-0.195523;-0.60013;0.756778;0;2;-202.911407;-280.15976;1628.504517;0;-0.140004;-0.363833;0.894704;0;2;-43.246464;-144.821091;1534.646973;0;0.168551;0.221461;0.960476;0;2;37.408398;-193.805283;1571.372925;0;0.146691;-0.312992;0.934663;0;2;116.350571;-130.582306;1594.41394;0;0.146691;-0.312992;0.934663;0;2;47.313858;-198.505997;1565.13562;0;-0.2587;0.24737;0.847117;0;2;-166.474884;-40.467079;1895.823975;0;0.67312;-0.123894;-0.038068;0;2;-141.796112;339.081635;1805.248169;0;0.696959;-0.125139;-0.033971;0;2;-142.851456;703.258301;1721.595825;0;0.672882;-0.237686;0.118605;0;2;-17.550066;802.488098;1632.551147;0;0.96536;-0.085076;0.246202;0;2;-229.653702;-76.133652;1742.796143;0;0.657641;0.171037;0.159671;0;2;-259.535614;313.047882;1756.441528;0;0.627332;0.177604;0.152342;0;2;-316.107758;685.368347;1783.89209;0;0.558953;0.067256;0.03708;0;2;-229.139236;829.004089;1771.95459;0;-0.184715;0.079602;-0.019907;0;2;-199.939316;-651.916748;1923.529541;0;0.735428;-0.283413;0.297404;0;2;-98.741562;-662.312866;1804.030518;0;0.735428;-0.283413;0.297404;0;2;-95.38662;-700.574646;1842.928589;0;0.90106;0.009893;0.410699;0;2;-122.831642;-706.018616;1963.536987;0;0.538863;0.297404;0.283413;0;2;-132.250687;-699.96405;1807.600342;0;0.90106;0.009893;0.410699;0;2;-247.285858;-718.443726;1860.510742;0;0.735428;-0.283413;0.297404;0;2;9059466240
-198.013824;-59.688095;1814.191284;0;0.690231;-0.219787;0.074144;0;2;-191.733841;-230.589783;1849.991821;0;0.654061;-0.22331;0.062741;0;2;-197.979584;-366.063599;1883.44751;0;0.635931;-0.289323;0.168743;0;2;-203.758026;-574.722656;1923.912231;0;0.689639;-0.274859;0.191402;0;2;-183.256134;-535.989258;1943.501221;0;0.582763;-0.681526;-0.385057;0;2;-98.109505;-498.125031;2047.98584;0;-0.352801;0.733148;0.038759;0;2;-10.436513;-371.964569;1825.179077;0;-0.223013;0.724921;-0.116177;0;2;23.747561;-345.252625;1602.210205;0;0.458176;0.560911;0.550212;0;2;36.05011;-327.111298;1510.487061;0;0.522517;0.646765;0.446148;0;2;76.544731;-302.654877;1415.824951;0;0.522517;0.646765;0.446148;0;2;62.762157;-328.15329;1483.035645;0;0.006602;0.853777;0.266042;0;2;-223.900818;-544.202759;1892.272339;0;0.566664;0.592223;-0.467019;0;2;-268.164642;-521.382935;1773.493042;0;-0.299485;-0.614032;0.715185;0;2;-249.813553;-303.562927;1605.382446;0;-0.274561;-0.502339;0.79761;0;2;-170.559616;-143.230347;1460.730957;0;-0.34812;0.187056;0.908614;0;2;-100.946884;-176.226105;1394.5802;0;0.073357;0.665415;-0.646369;0;2;-90.161819;-81.16127;1435.399414;0;0.073357;0.665415;-0.646369;0;2;-76.945015;-210.903137;1516.041626;0;0.213943;-0.447128;-0.581062;0;2;-161.968781;-41.669949;1893.882202;0;0.671784;-0.125452;-0.031787;0;2;-136.116882;339.410492;1805.388428;0;0.697134;-0.126545;-0.027379;0;2;-137.62291;705.210083;1724.213013;0;0.66285;-0.243789;0.126647;0;2;-11.276632;801.331116;1632.235962;0;0.962613;-0.083803;0.256224;0;2;-230.517227;-75.935844;1742.330566;0;0.661055;0.167541;0.158443;0;2;-257.882538;314.584595;1753.993042;0;0.629155;0.1744;0.150866;0;2;-313.731506;688.171875;1780.147095;0;0.577518;0.055294;0.031384;0;2;-220.025574;828.173706;1769.479614;0;-0.163243;0.067127;-0.015653;0;2;-195.573914;-653.985352;1931.027954;0;0.744781;-0.299372;0.308297;0;2;-99.044815;-657.679871;1806.79126;0;0.744781;-0.299372;0.308297;0;2;-91.869667;-696.161255;1845.166138;0;0.887632;0.006311;0.429687;0;2;-113.704056;-704.247803;1967.119019;0;0.51052;0.308297;0.299372;0;2;-130.336578;-697.266907;1811.387329;0;0.887632;0.006311;0.429687;0;2;-242.056732;-722.634766;1869.183472;0;0.744781;-0.299372;0.308297;0;2;9059500032
-198.269745;-59.650181;1811.916992;0;0.690081;-0.218541;0.075836;0;2;-192.257996;-230.544983;1847.012573;0;0.653197;-0.222215;0.064279;0;2;-198.949585;-365.977814;1880.013428;0;0.635008;-0.288286;0.169653;0;2;-205.475708;-574.493347;1920.084473;0;0.688803;-0.273753;0.192225;0;2;-184.868668;-535.900391;1939.733032;0;0.583108;-0.676818;-0.386517;0;2;-101.475914;-500.096252;2046.169312;0;-0.362256;0.738812;0.052417;0;2;-5.717442;-368.303192;1830.360962;0;-0.23214;0.732806;-0.107639;0;2;35.537975;-337.673218;1609.311279;0;0.137825;0.740241;0.285544;0;2;49.024887;-321.736053;1517.433594;0;0.208651;0.769386;0.193744;0;2;77.675133;-315.444397;1415.856079;0;0.208651;0.769386;0.193744;0;2;35.802444;-337.251892;1475.7229;0;-0.28432;0.764536;-0.186229;0;2;-225.474854;-543.877563;1888.51355;0;0.571258;0.592589;-0.458471;0;2;-271.155487;-523.226013;1770.001465;0;-0.310037;-0.630475;0.692902;0;2;-267.640686;-310.197174;1595.32666;0;-0.292182;-0.557656;0.752749;0;2;-220.000092;-143.093933;1444.919678;0;-0.319336;0.135428;0.937498;0;2;-142.036407;-174.305161;1388.004883;0;0.043787;0.883885;-0.340575;0;2;-200.892502;-108.847092;1443.243774;0;0.043787;0.883885;-0.340575;0;2;-125.423851;-188.741196;1513.137207;0;0.159;-0.450893;-0.524083;0;2;-162.189453;-42.019569;1891.587402;0;0.671048;-0.124735;-0.029792;0;2;-135.446365;338.970703;1804.565186;0;0.696979;-0.125777;-0.025313;0;2;-136.644379;704.757324;1724.916016;0;0.662767;-0.245876;0.133464;0;2;-11.571556;801.409607;1632.092529;0;0.96123;-0.080472;0.262539;0;2;-230.804916;-75.548477;1740.074585;0;0.660955;0.167901;0.156085;0;2;-258.154327;314.567596;1753.228638;0;0.627678;0.174927;0.148177;0;2;-315.217682;687.480408;1781.320679;0;0.571378;0.063248;0.033813;0;2;-223.734695;828.71582;1770.069946;0;-0.170196;0.074474;-0.019489;0;2;-197.580292;-653.723877;1927.064209;0;0.735156;-0.288774;0.313648;0;2;-100.538673;-661.035156;1803.570923;0;0.735156;-0.288774;0.313648;0;2;-95.340576;-699.957458;1841.747925;0;0.892514;0.017588;0.425977;0;2;-118.334114;-707.691101;1963.395142;0;0.527049;0.313648;0.288774;0;2;-133.549011;-699.188965;1807.737915;0;0.892514;0.017588;0.425977;0;2;-246.574966;-719.87262;1864.594116;0;0.735156;-0.288774;0.313648;0;2;9059533824
-198.772705;-57.572678;1807.884033;0;0.689527;-0.220001;0.089878;0;2;-192.811981;-228.156937;1839.722656;0;0.656573;-0.223987;0.079428;0;2;-198.020645;-363.57843;1869.760864;0;0.616997;-0.305602;0.181431;0;2;-209.666672;-569.92511;1913.711426;0;0.671317;-0.290068;0.205354;0;2;-187.109543;-531.920532;1931.668457;0;0.578126;-0.698584;-0.366829;0;2;-97.442001;-494.045013;2031.074951;0;-0.413303;0.72406;0.092239;0;2;7.492244;-337.0849;1839.539795;0;-0.189274;0.708634;-0.174954;0;2;24.641653;-336.931763;1614.461182;0;0.118518;0.760971;0.212503;0;2;41.753613;-328.556946;1522.701538;0;0.148455;0.770648;0.174172;0;2;66.138329;-318.896301;1420.86145;0;0.148455;0.770648;0.174172;0;2;18.63695;-326.166351;1478.336426;0;-0.364644;0.707169;-0.222562;0;2;-229.848312;-539.364807;1882.599854;0;0.605186;0.603447;-0.42616;0;2;-288.826538;-519.488037;1770.758911;0;-0.399929;-0.592338;0.695914;0;2;-294.749725;-308.899994;1595.505249;0;-0.341634;-0.276655;0.87099;0;2;-154.511688;-233.000275;1431.721191;0;-0.375495;0.655818;0.624693;0;2;-174.339035;-304.784851;1363.633179;0;0.128487;-0.501403;0.754277;0;2;-126.358154;-237.327057;1425.539185;0;0.128487;-0.501403;0.754277;0;1;-171.621094;-354.355499;1451.749878;0;0.698153;-0.528952;-0.242354;0;2;-161.059052;-41.562531;1886.602173;0;0.67131;-0.125188;-0.023122;0;2;-134.821533;338.141846;1803.276978;0;0.696061;-0.125958;-0.018841;0;2;-135.094498;702.653625;1727.229004;0;0.663282;-0.248073;0.144942;0;2;-12.57626;800.162598;1633.824585;0;0.959125;-0.073924;0.272242;0;2;-232.780762;-72.009727;1736.900391;0;0.662491;0.173661;0.161105;0;2;-256.870972;316.231781;1749.882324;0;0.623256;0.182167;0.151429;0;2;-315.84668;686.551331;1781.026978;0;0.568766;0.084992;0.04707;0;2;-226.028549;827.399719;1765.710815;0;-0.171518;0.099233;-0.025383;0;2;-204.132324;-648.821167;1921.789307;0;0.729506;-0.311339;0.30148;0;2;-108.502113;-661.149536;1798.660645;0;0.729506;-0.311339;0.30148;0;2;-102.553825;-697.82782;1838.495361;0;0.890003;-0.006971;0.433329;0;2;-124.369186;-699.658142;1959.917725;0;0.529149;0.30148;0.311339;0;2;-140.831329;-699.230042;1804.997192;0;0.890003;-0.006971;0.433329;0;2;-252.539841;-718.253845;1863.473755;0;0.729506;-0.311339;0.30148;0;2;9059566592
-200.005295;-55.248978;1798.937012;0;0.679566;-0.245672;0.139215;0;2;-194.55159;-225.053375;1824.9198;0;0.65817;-0.249884;0.131504;0;2;-195.757828;-360.309845;1849.062622;0;0.594725;-0.316351;0.177339;0;2;-215.764633;-562.055176;1900.459839;0;0.650347;-0.301111;0.202137;0;2;-191.648056;-524.80658;1916.600708;0;0.548803;-0.725678;-0.371738;0;2;-101.365021;-478.38559;2009.654785;0;-0.481963;0.711114;0.021884;0;2;25.337584;-338.863922;1821.637695;0;-0.262906;0.670356;-0.238295;0;2;33.603237;-333.682617;1598.414551;0;0.315269;0.683891;0.379988;0;2;50.236649;-324.37149;1507.630371;0;0.354382;0.710282;0.328019;0;2;77.319328;-313.653229;1407.69397;0;0.354382;0.710282;0.328019;0;2;20.291325;-321.305786;1462.709106;0;-0.237506;0.712996;-0.00549;0;2;-234.697159;-532.148376;1868.685913;0;0.611859;0.581331;-0.458803;0;2;-288.494415;-507.638336;1756.633911;0;-0.389714;-0.645573;0.654147;0;2;-325.73233;-290.960083;1597.759644;0;-0.376291;-0.538862;0.744513;0;2;-294.945282;-129.365097;1442.405518;0;0.679668;-0.542655;-0.476975;0;2;-348.043396;-170.704193;1368.595947;0;-0.07699;-0.297946;0.658185;0;2;-265.104401;-119.749458;1400.11853;0;-0.07699;-0.297946;0.658185;0;1;-340.214081;-134.233917;1342.018066;0;0.90628;0.119787;-0.372238;0;2;-154.161728;-42.479057;1872.769165;0;0.644103;-0.232509;0.109898;0;2;-130.19603;335.140625;1798.168823;0;0.66306;-0.229548;0.116005;0;2;-124.549675;698.376282;1735.914429;0;0.658388;-0.273195;0.188742;0;2;-13.11832;797.668701;1634.451538;0;0.944973;-0.060833;0.321102;0;2;-241.344452;-66.764175;1732.359131;0;0.653753;0.220565;0.207481;0;2;-259.804474;317.81015;1745.700562;0;0.610763;0.232751;0.193717;0;2;-314.030029;684.254639;1784.413696;0;0.561543;0.134042;0.079729;0;2;-228.641159;824.43927;1759.35498;0;-0.17381;0.157008;-0.036725;0;2;-213.621201;-639.954468;1911.4021;0;0.734484;-0.311377;0.272512;0;2;-112.777931;-655.041626;1794.928711;0;0.734484;-0.311377;0.272512;0;2;-108.547485;-689.973083;1835.786499;0;0.899697;-0.027481;0.412872;0;2;-136.201645;-688.113098;1954.725464;0;0.53788;0.272512;0.311377;0;2;-144.686752;-692.873474;1800.82312;0;0.899697;-0.027481;0.412872;0;2;-257.86911;-711.068787;1853.643433;0;0.734484;-0.311377;0.272512;0;2;9059600384
-197.287598;-54.596767;1798.966797;0;0.672734;-0.266874;0.169636;0;2;-191.183609;-224.243423;1822.52063;0;0.670878;-0.267343;0.168895;0;2;-185.283661;-359.927368;1840.614258;0;0.565379;-0.3531;0.199024;0;2;-209.110214;-558.397156;1900.102173;0;0.621166;-0.336003;0.226699;0;2;-182.17189;-521.919739;1912.781494;0;0.543681;-0.752366;-0.342081;0;2;-82.846428;-473.044373;1994.04541;0;-0.493228;0.693973;-0.012671;0;2;36.544197;-340.396057;1797.522095;0;0.289629;-0.649839;0.243861;0;2;39.295948;-325.952942;1575.201538;0;0.57648;0.476071;0.545766;0;2;58.384148;-320.472534;1484.856079;0;0.594853;0.503026;0.521027;0;2;80.573547;-309.133698;1384.09082;0;0.594853;0.503026;0.521027;0;2;19.127193;-321.829437;1444.127441;0;0.020673;-0.634886;-0.294421;0;2;-229.450821;-528.699646;1869.214966;0;0.646354;0.573183;-0.439999;0;2;-291.685608;-505.009949;1761.856812;0;0.318565;0.723951;-0.599482;0;2;-359.625946;-291.359894;1610.527344;0;0.3187;0.724614;-0.598681;0;2;-416.770233;-113.182739;1484.452759;0;0.785921;-0.336594;-0.476435;0;2;-463.837189;-121.393654;1397.061279;0;0.53528;-0.011081;-0.583235;0;2;-420.300812;-55.985638;1331.973999;0;0.53528;-0.011081;-0.583235;0;2;-439.602448;-97.018692;1362.547729;0;0.80834;0.351995;-0.471777;0;2;-146.022812;-43.023087;1869.041138;0;0.635857;-0.265098;0.150457;0;2;-126.479683;334.437408;1798.046753;0;0.650683;-0.261911;0.155973;0;2;-120.588196;697.110901;1738.752808;0;0.659215;-0.281927;0.201211;0;2;-13.600327;797.921875;1634.936035;0;0.939976;-0.058206;0.33613;0;2;-243.515335;-65.033264;1735.777588;0;0.643102;0.248783;0.249774;0;2;-262.359924;318.610565;1742.304077;0;0.596177;0.26502;0.232475;0;2;-317.577789;683.803467;1781.349976;0;0.548009;0.150675;0.097076;0;2;-237.810684;825.840759;1751.714722;0;-0.186535;0.180995;-0.036048;0;2;-209.307083;-635.738281;1913.37085;0;0.728599;-0.354474;0.270909;0;2;-114.95887;-653.384216;1792.477905;0;0.728599;-0.354474;0.270909;0;2;-106.803329;-685.493835;1834.828125;0;0.882689;-0.05909;0.442212;0;2;-127.61319;-677.71051;1954.565796;0;0.519712;0.270909;0.354474;0;2;-144.600555;-692.023804;1802.403809;0;0.882689;-0.05909;0.442212;0;2;-253.303085;-711.816956;1862.682983;0;0.728599;-0.354474;0.270909;0;2;9059633152
-195.608093;-54.864136;1796.814209;0;0.669774;-0.271793;0.175137;0;2;-189.93988;-224.373795;1820.37561;0;0.663742;-0.273355;0.172688;0;2;-185.762314;-359.862976;1839.474976;0;0.562236;-0.369989;0.20922;0;2;-205.929184;-558.087219;1900.478027;0;0.617313;-0.35202;0.238217;0;2;-178.681396;-521.464417;1911.857788;0;0.550352;-0.746748;-0.34336;0;2;-79.750984;-473.292023;1993.817871;0;-0.498136;0.690129;-0.005219;0;2;39.294228;-336.492249;1800.266235;0;0.279606;-0.643425;0.249617;0;2;35.810665;-324.908264;1577.983398;0;0.543783;0.470513;0.572148;0;2;47.180286;-317.145111;1486.592896;0;0.575848;0.51822;0.529324;0;2;67.954224;-301.566284;1386.186035;0;0.575848;0.51822;0.529324;0;2;12.54215;-316.509644;1448.073853;0;0.024995;-0.634228;-0.312861;0;2;-227.726517;-528.618591;1870.44043;0;0.659633;0.582502;-0.414921;0;2;-297.004181;-506.090271;1767.360962;0;0.315937;0.752874;-0.570659;0;2;-387.071045;-288.868896;1634.176758;0;0.316683;0.75777;-0.564142;0;2;-465.747528;-108.280029;1524.558105;0;0.783591;-0.218428;-0.555137;0;2;-497.236755;-113.806549;1430.321289;0;0.750521;-0.136372;-0.580768;0;2;-513.930298;-86.450462;1333.549561;0;0.750521;-0.136372;-0.580768;0;2;-485.20343;-95.869843;1406.167358;0;0.814887;0.373795;-0.434825;0;2;-143.275467;-43.493168;1866.031616;0;0.635329;-0.26603;0.151355;0;2;-123.613983;333.608734;1794.9823;0;0.65201;-0.262404;0.157592;0;2;-119.186974;696.151978;1736.762085;0;0.664927;-0.278826;0.199992;0;2;-12.952826;798.94281;1634.394775;0;0.941186;-0.056826;0.333073;0;2;-242.798721;-65.117836;1734.397827;0;0.638353;0.254414;0.254574;0;2;-264.123749;318.029572;1742.535522;0;0.596963;0.269119;0.238977;0;2;-316.972717;683.422852;1779.865967;0;0.552395;0.157581;0.106439;0;2;-236.326263;824.086487;1747.037231;0;-0.179579;0.192488;-0.034305;0;2;-205.146118;-635.318054;1913.961182;0;0.712675;-0.363853;0.281327;0;2;-114.787834;-658.410217;1791.125244;0;0.712675;-0.363853;0.281327;0;2;-106.574738;-689.93457;1833.84314;0;0.878478;-0.058355;0.456211;0;2;-123.882774;-679.182068;1953.800049;0;0.52968;0.281327;0.363853;0;2;-145.389236;-695.802063;1802.582642;0;0.878478;-0.058355;0.456211;0;2;-252.938507;-710.761475;1866.012207;0;0.712675;-0.363853;0.281327;0;2;9059666944
-193.509445;-56.167683;1791.272217;0;0.662865;-0.27942;0.178258;0;2;-189.531998;-225.36232;1816.576782;0;0.651936;-0.282263;0.173722;0;2;-188.252762;-360.430664;1838.26355;0;0.55367;-0.382616;0.225758;0;2;-208.397858;-558.563354;1899.111938;0;0.60837;-0.363279;0.255714;0;2;-180.202866;-522.391113;1909.452881;0;0.55696;-0.754726;-0.324159;0;2;-76.044678;-474.071289;1984.401245;0;-0.499685;0.681071;-0.031597;0;2;37.15974;-343.951111;1783.12793;0;0.306316;-0.636581;0.244174;0;2;36.743912;-322.570251;1561.689819;0;0.556055;0.399377;0.628696;0;2;39.458271;-314.980286;1469.680298;0;0.604525;0.488037;0.562655;0;2;60.939552;-293.456482;1370.598389;0;0.604525;0.488037;0.562655;0;2;10.992533;-312.426392;1434.838867;0;-0.03179;-0.607648;-0.405543;0;2;-231.073914;-528.666565;1870.218018;0;0.661654;0.580118;-0.423514;0;2;-300.281189;-502.60614;1768.027222;0;0.303795;0.797926;-0.51705;0;2;-423.963898;-289.713135;1657.030884;0;0.304039;0.800014;-0.513814;0;2;-528.704041;-112.64621;1565.216675;0;0.644539;0.25702;-0.668658;0;2;-516.689575;-114.100975;1466.507813;0;0.695647;0.53219;-0.479517;0;2;-571.121338;-54.456314;1404.394043;0;0.695647;0.53219;-0.479517;0;2;-522.072571;-81.557533;1444.902588;0;0.432615;0.616725;-0.271251;0;2;-140.026199;-44.703793;1859.516602;0;0.63843;-0.265084;0.153324;0;2;-123.024689;332.732117;1790.936523;0;0.653968;-0.261658;0.159131;0;2;-120.190773;695.328491;1734.466675;0;0.669115;-0.273716;0.194807;0;2;-13.234861;799.062195;1634.023804;0;0.943735;-0.056836;0.325779;0;2;-241.73764;-66.505173;1729.733154;0;0.622859;0.28195;0.279874;0;2;-266.708923;316.070618;1741.778076;0;0.590313;0.294948;0.266143;0;2;-314.573944;681.922424;1778.962158;0;0.543328;0.162073;0.109679;0;2;-237.19165;824.199524;1745.769531;0;-0.189396;0.19794;-0.03511;0;2;-208.070969;-635.818665;1912.172974;0;0.718397;-0.355071;0.269141;0;2;-113.665543;-658.424072;1792.454712;0;0.718397;-0.355071;0.269141;0;2;-106.767899;-689.953491;1835.357422;0;0.885735;-0.060762;0.441385;0;2;-128.071838;-679.421082;1954.609009;0;0.534222;0.269141;0.355071;0;2;-144.47818;-695.912964;1802.839966;0;0.885735;-0.060762;0.441385;0;2;-253.949219;-711.318726;1862.608643;0;0.718397;-0.355071;0.269141;0;2;9059699712
-195.695847;-57.698486;1789.398682;0;0.665705;-0.282588;0.181567;0;2;-189.791016;-227.284531;1814.088867;0;0.657409;-0.284813;0.178056;0;2;-186.148102;-362.767975;1834.671997;0;0.537286;-0.406223;0.241693;0;2;-205.974564;-560.089966;1899.59436;0;0.59157;-0.385533;0.273491;0;2;-176.488541;-524.242065;1907.653076;0;0.559304;-0.756415;-0.316851;0;2;-70.695274;-476.965668;1981.486328;0;0.510153;-0.678812;0.04901;0;2;46.726158;-352.122589;1778.57251;0;0.319803;-0.629319;0.259125;0;2;45.975655;-330.837219;1556.665283;0;0.522656;0.431618;0.624131;0;2;46.858704;-320.229462;1464.726929;0;0.58223;0.533509;0.539631;0;2;72.537125;-295.724091;1367.123779;0;0.58223;0.533509;0.539631;0;2;19.993784;-311.757996;1431.334717;0;0.014533;-0.623695;-0.400889;0;2;-229.93837;-530.09436;1871.699097;0;0.685818;0.587574;-0.389948;0;2;-309.720703;-503.355194;1777.373779;0;0.326906;0.80363;-0.497305;0;2;-446.492096;-287.085846;1689.264038;0;0.326904;0.805609;-0.494091;0;2;-562.018188;-107.215881;1616.716431;0;0.669374;0.280098;-0.672281;0;2;-559.223083;-91.808823;1518.301147;0;0.682126;0.472641;-0.5541;0;2;-597.746765;-29.219076;1447.451294;0;0.682126;0.472641;-0.5541;0;2;-569.096863;-75.43972;1504.821411;0;0.531267;0.617179;-0.292063;0;2;-141.50441;-45.931179;1857.263062;0;0.634671;-0.269913;0.157769;0;2;-122.773285;332.016693;1787.52417;0;0.652298;-0.265895;0.164482;0;2;-119.973;695.433777;1731.406006;0;0.667179;-0.274403;0.193536;0;2;-12.232683;798.46698;1630.418213;0;0.943794;-0.058235;0.325361;0;2;-244.562653;-68.309586;1728.202393;0;0.629034;0.274369;0.270525;0;2;-266.884644;315.236908;1739.791992;0;0.593505;0.287995;0.255974;0;2;-315.052277;681.706177;1778.124146;0;0.550176;0.167066;0.112479;0;2;-235.368408;822.779724;1743.567749;0;-0.18032;0.203461;-0.036692;0;2;-206.195816;-637.320374;1913.730469;0;0.709197;-0.350103;0.285729;0;2;-114.642273;-661.390015;1791.695435;0;0.709197;-0.350103;0.285729;0;2;-108.033432;-693.839661;1834.093262;0;0.884118;-0.045519;0.449601;0;2;-126.814278;-684.348511;1954.109863;0;0.541135;0.285729;0.350103;0;2;-146.594681;-698.033386;1802.143433;0;0.884118;-0.045519;0.449601;0;2;-255.641785;-710.616211;1863.861938;0;0.709197;-0.350103;0.285729;0;2;9059733504
-194.361847;-60.298096;1788.49292;0;0.661048;-0.286297;0.190348;0;2;-189.830002;-229.738068;1812.382935;0;0.651752;-0.288904;0.186366;0;2;-187.577881;-365.064819;1832.597656;0;0.530368;-0.419578;0.241547;0;2;-205.835571;-560.768433;1901.580444;0;0.584469;-0.398856;0.274417;0;2;-176.213028;-524.853943;1908.239624;0;0.554956;-0.760038;-0.318068;0;2;-70.426559;-476.029205;1980.613892;0;-0.487169;0.681064;-0.041989;0;2;36.257275;-350.391754;1772.924561;0;0.299157;-0.636337;0.246346;0;2;33.773582;-331.351501;1551.217163;0;0.622044;0.362231;0.636726;0;2;45.598362;-319.676086;1460.333252;0;0.653961;0.44576;0.581317;0;2;71.800606;-291.567749;1364.042114;0;0.653961;0.44576;0.581317;0;2;22.780943;-310.088348;1426.976318;0;0.104428;0.608017;0.527939;0;2;-230.413513;-531.344299;1873.751953;0;0.699967;0.589057;-0.367274;0;2;-315.444885;-506.393555;1783.925537;0;0.318637;0.813209;-0.485148;0;2;-457.4617;-285.933014;1719.004883;0;0.318516;0.814575;-0.482852;0;2;-576.892517;-102.45311;1665.563232;0;0.727105;0.364217;-0.577707;0;2;-602.170288;-53.237915;1582.889404;0;0.721371;0.399266;-0.554063;0;2;-638.813721;8.756295;1510.786499;0;0.721371;0.399266;-0.554063;0;2;-604.757568;-47.013176;1572.871338;0;0.557584;0.684148;-0.3248;0;2;-138.934875;-49.3965;1855.298218;0;0.636287;-0.267687;0.153038;0;2;-120.894859;327.737274;1784.683716;0;0.655228;-0.263487;0.160194;0;2;-119.976891;690.478333;1728.339111;0;0.687655;-0.258771;0.17932;0;2;-12.927383;799.667419;1633.85498;0;0.950664;-0.05704;0.30422;0;2;-244.342789;-70.128548;1728.251709;0;0.630164;0.272458;0.267199;0;2;-266.336395;312.745453;1740.423462;0;0.592744;0.286569;0.252009;0;2;-315.697418;678.221619;1780.390259;0;0.537664;0.155937;0.097348;0;2;-239.488983;822.110474;1751.445801;0;-0.198007;0.184904;-0.039494;0;2;-205.727402;-637.582764;1917.150757;0;0.71759;-0.360505;0.281009;0;2;-114.733856;-658.529907;1794.464233;0;0.71759;-0.360505;0.281009;0;2;-106.379333;-690.406067;1836.869751;0;0.878987;-0.056212;0.453619;0;2;-124.222534;-681.068665;1956.825317;0;0.525485;0.281009;0.360505;0;2;-145.008347;-696.315552;1805.415039;0;0.878987;-0.056212;0.453619;0;2;-252.605377;-712.950073;1868.260376;0;0.71759;-0.360505;0.281009;0;2;9059766272
-194.663879;-61.645817;1790.327637;0;0.658448;-0.288851;0.190251;0;2;-190.794327;-231.103195;1815.165771;0;0.646517;-0.292173;0.18511;0;2;-189.88176;-366.334717;1836.807983;0;0.526003;-0.424289;0.249315;0;2;-208.403275;-562.272827;1905.553711;0;0.579935;-0.402929;0.282537;0;2;-178.353287;-526.586426;1911.772949;0;0.563778;-0.758445;-0.2993;0;2;-70.437256;-484.644226;1985.512573;0;0.501667;-0.675102;0.030181;0;2;39.648628;-351.674683;1783.986084;0;0.310224;-0.632732;0.237326;0;2;38.129177;-326.166504;1562.74292;0;0.584204;0.440839;0.577796;0;2;53.107487;-319.536926;1471.741455;0;0.620787;0.502415;0.525135;0;2;81.702675;-302.660797;1373.439941;0;0.620787;0.502415;0.525135;0;2;27.744114;-317.133728;1432.983032;0;0.035585;0.657122;0.372715;0;2;-233.286163;-532.540283;1878.265259;0;0.705936;0.595507;-0.352935;0;2;-322.434235;-506.179688;1792.797852;0;0.315203;0.817015;-0.476713;0;2;-466.741608;-282.499268;1745.419678;0;0.315206;0.816995;-0.476746;0;2;-587.102478;-95.90937;1705.888184;0;0.684137;0.416316;-0.577407;0;2;-608.653564;-28.758175;1635.617065;0;0.701375;0.308965;-0.641294;0;2;-626.477966;16.924429;1546.192505;0;0.701375;0.308965;-0.641294;0;2;-625.908264;-28.624723;1633.454224;0;0.547287;0.739755;-0.307833;0;2;-138.916702;-50.609921;1856.935181;0;0.632465;-0.274747;0.15331;0;2;-120.078461;325.955078;1781.969116;0;0.652657;-0.27025;0.16114;0;2;-119.340736;688.47345;1722.383179;0;0.696484;-0.252983;0.16634;0;2;-12.055702;799.731873;1630.34021;0;0.954275;-0.062032;0.290912;0;2;-244.933563;-71.597374;1730.264771;0;0.631641;0.273118;0.272451;0;2;-265.236664;311.765289;1739.151123;0;0.592168;0.288331;0.256299;0;2;-314.391937;677.69696;1777.919434;0;0.530198;0.160174;0.100954;0;2;-240.828979;822.980164;1748.352417;0;-0.205837;0.190434;-0.039872;0;2;-208.610992;-639.19812;1920.886719;0;0.721491;-0.374515;0.274719;0;2;-118.348099;-659.227051;1797.356079;0;0.721491;-0.374515;0.274719;0;2;-108.413513;-690.087341;1840.223877;0;0.873296;-0.070566;0.459077;0;2;-125.154984;-679.26062;1960.311157;0;0.513536;0.274719;0.374515;0;2;-147.221115;-697.841553;1809.331177;0;0.873296;-0.070566;0.459077;0;2;-253.528839;-716.996094;1873.831055;0;0.721491;-0.374515;0.274719;0;2;9059800064
-196.503815;-61.932701;1789.66272;0;0.653174;-0.296181;0.190339;0;2;-193.531799;-230.194397;1816.578979;0;0.638082;-0.300347;0.183696;0;2;-194.256668;-364.290771;1840.685913;0;0.53349;-0.431872;0.255477;0;2;-206.688019;-560.455811;1906.85022;0;0.586375;-0.409994;0.289287;0;2;-177.447464;-524.373047;1912.800415;0;0.572739;-0.764128;-0.284634;0;2;-64.94429;-478.116119;1974.862793;0;0.516276;-0.694354;0.023306;0;2;66.343788;-350.156616;1784.923096;0;0.279197;-0.629889;0.293104;0;2;55.137451;-349.959564;1563.643066;0;0.268234;0.609643;0.528354;0;2;50.095196;-322.7854;1475.90686;0;0.355672;0.692202;0.414341;0;2;71.905327;-298.224396;1378.050659;0;0.355672;0.692202;0.414341;0;2;11.57608;-318.457733;1439.074829;0;0.23269;-0.615097;-0.112521;0;2;-232.743622;-531.090942;1880.706543;0;0.704533;0.59871;-0.340747;0;2;-321.894958;-510.014343;1794.738892;0;0.271762;0.847143;-0.437976;0;2;-478.71225;-291.541504;1789.549561;0;0.278928;0.819734;-0.487352;0;2;-590.790344;-98.152893;1770.043945;0;0.693644;0.204299;-0.497433;0;2;-593.906372;-16.542137;1714.011841;0;0.766358;0.11477;-0.525363;0;2;-614.295227;50.346992;1640.497803;0;0.766358;0.11477;-0.525363;0;2;-597.379395;-10.439377;1705.815674;0;0.620199;0.631859;-0.45926;0;2;-140.255737;-50.45969;1855.173218;0;0.641975;-0.245717;0.118806;0;2;-119.228737;323.687531;1778.85083;0;0.664921;-0.241774;0.126684;0;2;-119.649071;683.996094;1717.552246;0;0.703667;-0.24311;0.157517;0;2;-11.978149;796.656067;1629.56543;0;0.958047;-0.06121;0.277673;0;2;-247.225189;-72.278427;1730.588989;0;0.623725;0.297003;0.300707;0;2;-264.612549;309.299347;1736.492554;0;0.575331;0.317742;0.278702;0;2;-314.866791;672.303223;1782.404175;0;0.538201;0.202376;0.132476;0;2;-240.817368;814.009338;1743.075073;0;-0.186749;0.242549;-0.047323;0;2;-204.826111;-637.161011;1921.066162;0;0.704903;-0.387009;0.276258;0;2;-117.524712;-664.145203;1797.723755;0;0.704903;-0.387009;0.276258;0;2;-107.90802;-693.588257;1841.307617;0;0.870609;-0.078312;0.469;0;2;-122.429863;-678.067505;1960.530029;0;0.526325;0.276258;0.387009;0;2;-147.186249;-701.230896;1811.418579;0;0.870609;-0.078312;0.469;0;2;-252.478897;-714.800842;1877.71106;0;0.704903;-0.387009;0.276258;0;2;9059833856
-199.974442;-61.11187;1789.051147;0;0.645022;-0.300669;0.192472;0;2;-199.679291;-228.692032;1817.532837;0;0.632616;-0.304123;0.186966;0;2;-201.669785;-362.313568;1842.198486;0;0.539174;-0.442883;0.245879;0;2;-207.563431;-557.17804;1911.354614;0;0.591394;-0.421739;0.280603;0;2;-179.453918;-520.235291;1916.460938;0;0.565303;-0.762729;-0.307321;0;2;-70.130173;-466.397919;1977.299805;0;-0.460559;0.712807;0.004233;0;2;45.830338;-336.527283;1779.785278;0;-0.241444;0.667372;-0.250453;0;2;47.456848;-340.133881;1558.833374;0;0.754586;0.007201;0.656085;0;2;64.538994;-333.413757;1468.941284;0;0.748991;0.095951;0.649071;0;2;78.992378;-306.360657;1370.663086;0;0.748991;0.095951;0.649071;0;2;8.171521;-349.269653;1454.641235;0;0.321105;0.158305;0.830284;0;2;-234.650116;-529.106262;1885.060059;0;0.710935;0.60234;-0.317536;0;2;-326.933075;-512.507385;1801.939941;0;0.274129;0.822723;-0.461043;0;2;-462.155487;-281.304108;1817.206787;0;0.278278;0.812182;-0.479368;0;2;-568.264648;-84.380951;1823.664551;0;0.62;0.481516;-0.538471;0;2;-585.337891;3.054656;1780.977417;0;0.663942;0.380123;-0.61426;0;2;-602.604431;76.289841;1713.307861;0;0.663942;0.380123;-0.61426;0;2;-603.986511;12.696378;1789.215088;0;0.380331;0.845818;-0.360073;0;2;-143.105453;-50.009777;1853.783936;0;0.640144;-0.242854;0.113422;0;2;-119.275604;322.605042;1775.78479;0;0.666204;-0.238564;0.122236;0;2;-119.815689;681.885254;1714.113159;0;0.715336;-0.23303;0.147327;0;2;-13.045795;797.825256;1630.335571;0;0.96152;-0.061168;0.263321;0;2;-251.255722;-71.123116;1730.678711;0;0.615235;0.317722;0.324148;0;2;-266.907379;309.558899;1734.767944;0;0.564357;0.341572;0.298909;0;2;-314.66983;671.484558;1784.012451;0;0.502351;0.253453;0.157534;0;2;-254.141922;818.032898;1741.23645;0;-0.215248;0.296326;-0.065337;0;2;-203.265625;-633.357361;1926.712036;0;0.691272;-0.374306;0.308747;0;2;-121.915611;-660.71228;1799.926758;0;0.691272;-0.374306;0.308747;0;2;-112.724617;-692.19928;1841.976318;0;0.867428;-0.046357;0.482991;0;2;-122.467651;-680.360352;1961.786499;0;0.535456;0.308747;0.374306;0;2;-153.214905;-696.385437;1813.260498;0;0.867428;-0.046357;0.482991;0;2;-256.701294;-706.195129;1882.385986;0;0.691272;-0.374306;0.308747;0;2;9059866624
-203.338348;-61.636131;1789.481812;0;0.638715;-0.31788;0.193558;0;2;-202.137283;-227.479019;1821.705078;0;0.620786;-0.322859;0.185133;0;2;-204.947525;-359.335052;1850.842285;0;0.543103;-0.439893;0.256266;0;2;-210.135162;-554.555969;1915.122437;0;0.594901;-0.417926;0.290717;0;2;-182.148422;-517.959473;1920.77478;0;0.582441;-0.763128;-0.272705;0;2;-68.000099;-471.626038;1976.896851;0;-0.464529;0.700475;0.00013;0;2;40.054173;-339.851105;1778.293457;0;-0.276261;0.66685;-0.214419;0;2;49.283207;-322.804565;1559.508667;0;0.715469;0.034831;0.689647;0;2;57.264614;-325.961365;1468.724976;0;0.72295;0.156944;0.672454;0;2;66.942162;-300.996246;1369.963501;0;0.72295;0.156944;0.672454;0;2;15.102603;-323.580994;1449.766846;0;0.298735;0.287416;0.780878;0;2;-237.310562;-526.062622;1889.90564;0;0.704368;0.598072;-0.31531;0;2;-325.44046;-517.02832;1802.375488;0;0.230471;0.829209;-0.458769;0;2;-453.805878;-286.99823;1843.702271;0;0.24235;0.80254;-0.503971;0;2;-544.022339;-84.667999;1863.580322;0;0.662484;0.246918;-0.258817;0;2;-545.588623;12.998112;1853.625977;0;0.767046;0.198034;-0.297888;0;2;-571.252014;107.048073;1828.879883;0;0.767046;0.198034;-0.297888;0;2;-534.31665;28.620958;1843.956421;0;0.470596;0.685054;-0.45309;0;2;-145.017944;-49.083984;1851.909546;0;0.645426;-0.219916;0.08764;0;2;-118.432465;320.922516;1773.705688;0;0.673084;-0.216403;0.096052;0;2;-118.340012;677.715393;1710.684692;0;0.723665;-0.228096;0.149353;0;2;-14.367602;796.345093;1629.502441;0;0.961722;-0.056175;0.26128;0;2;-255.928421;-72.954956;1733.187866;0;0.617552;0.323765;0.341197;0;2;-266.384674;305.573486;1728.182007;0;0.553952;0.355212;0.308317;0;2;-315.417084;664.419312;1781.798218;0;0.467986;0.301776;0.17833;0;2;-267.543091;814.213135;1738.067993;0;-0.239558;0.345134;-0.084462;0;2;-205.715118;-630.604065;1928.584351;0;0.693275;-0.384441;0.309536;0;2;-126.607803;-656.696411;1801.237183;0;0.693275;-0.384441;0.309536;0;2;-116.015892;-687.552673;1843.013428;0;0.861543;-0.052966;0.490716;0;2;-123.767723;-675.347778;1962.191406;0;0.525132;0.309536;0.384441;0;2;-156.675415;-692.755859;1815.243164;0;0.861543;-0.052966;0.490716;0;2;-258.010864;-704.392151;1885.886841;0;0.693275;-0.384441;0.309536;0;2;9059900416
-205.895538;-61.758503;1796.832764;0;0.647576;-0.317827;0.179578;0;2;-200.867554;-227.961243;1831.163818;0;0.617644;-0.32539;0.165479;0;2;-204.30275;-359.378448;1864.955078;0;0.564748;-0.397226;0.245189;0;2;-214.432709;-558.22876;1920.145264;0;0.617505;-0.376284;0.276254;0;2;-187.121735;-521.713623;1929.977417;0;0.597834;-0.722768;-0.292857;0;2;-83.781845;-494.306213;2014.108887;0;-0.497844;0.713668;0.03146;0;2;51.485218;-353.723175;1837.747681;0;-0.258701;0.666327;-0.257528;0;2;56.304714;-355.219757;1617.075073;0;0.577395;0.433751;0.635625;0;2;68.696556;-333.781525;1528.843506;0;0.572209;0.421829;0.643599;0;2;69.799454;-311.318268;1428.49939;0;0.572209;0.421829;0.643599;0;2;15.635252;-332.417786;1497.495728;0;0.043037;-0.521368;-0.439409;0;2;-239.45639;-528.527527;1893.694824;0;0.685136;0.623537;-0.324391;0;2;-329.12088;-510.688721;1808.218628;0;0.196094;0.828726;-0.458896;0;2;-449.834137;-280.251434;1872.505249;0;0.241846;0.72299;-0.612092;0;2;-486.136505;-59.701366;1874.231812;0;0.556802;0.598814;-0.105982;0;2;-518.629944;19.890242;1922.660645;0;0.555988;0.598966;-0.105121;0;2;-552.568604;96.306061;1979.455566;0;0.555988;0.598966;-0.105121;0;0;-503.305023;48.705635;1914.173828;0;0.207969;0.869164;-0.386921;0;2;-148.818512;-46.884567;1860.481201;0;0.627415;-0.247469;0.105148;0;2;-114.445847;322.319458;1772.947021;0;0.662908;-0.241995;0.117256;0;2;-112.995758;680.297546;1706.414673;0;0.741824;-0.221734;0.135918;0;2;-12.590565;805.084351;1628.097534;0;0.963314;-0.060993;0.247257;0;2;-257.36441;-75.17099;1739.438354;0;0.604813;0.347909;0.379625;0;2;-267.382111;305.02594;1725.546997;0;0.533778;0.387915;0.33863;0;2;-314.92218;665.16864;1784.011963;0;0.461639;0.308613;0.179525;0;2;-268.829895;816.518555;1740.700562;0;-0.244651;0.350806;-0.088398;0;2;-210.87178;-635.17218;1930.660034;0;0.716858;-0.355325;0.30884;0;2;-126.090881;-651.353882;1804.420288;0;0.716858;-0.355325;0.30884;0;2;-116.282188;-684.789551;1844.710449;0;0.870541;-0.03287;0.469636;0;2;-128.790512;-680.486145;1964.629883;0;0.514273;0.30884;0.355325;0;2;-155.946884;-689.058167;1814.973267;0;0.870541;-0.03287;0.469636;0;2;-260.041107;-707.478638;1881.100586;0;0.716858;-0.355325;0.30884;0;2;9059933184
-207.947723;-57.425213;1796.33606;0;0.64244;-0.320661;0.187776;0;2;-204.549683;-222.645538;1829.777832;0;0.606822;-0.329967;0.170895;0;2;-210.724655;-352.787872;1864.326172;0;0.556114;-0.42335;0.257263;0;2;-215.914948;-549.545532;1922.272217;0;0.607838;-0.401356;0.290385;0;2;-188.47403;-512.993286;1929.801025;0;0.599235;-0.745645;-0.270551;0;2;-76.322815;-476.022888;1995.42981;0;-0.489363;0.724777;0.044077;0;2;61.977036;-335.881897;1823.851929;0;-0.222922;0.668506;-0.283452;0;2;60.483959;-355.38739;1605.531494;0;0.329719;0.576762;0.553438;0;2;56.009567;-332.744934;1517.504028;0;0.407727;0.659808;0.451222;0;2;76.757576;-308.693939;1420.451172;0;0.407727;0.659808;0.451222;0;2;-0.494264;-326.669434;1488.328247;0;0.221467;-0.529298;-0.144503;0;2;-242.592087;-520.560852;1897.260376;0;0.69533;0.622566;-0.310598;0;2;-334.830292;-503.633026;1815.697144;0;0.197123;0.802285;-0.475395;0;2;-431.967499;-268.918274;1894.967529;0;0.250726;0.697997;-0.618434;0;2;-454.192596;-48.371674;1906.622925;0;0.660365;0.403971;0.162369;0;2;-478.418152;21.896984;1970.470215;0;0.756642;0.42604;0.089698;0;0;-529.412415;88.318687;2025.814575;0;0.756642;0.42604;0.089698;0;0;-466.003876;61.41737;1959.696899;0;0.329706;0.779263;-0.216142;0;0;-150.117752;-43.61076;1858.710938;0;0.633858;-0.220916;0.075344;0;2;-112.721977;322.659088;1771.583374;0;0.673366;-0.216498;0.087311;0;2;-112.934349;677.917603;1704.272949;0;0.751541;-0.212408;0.128424;0;2;-14.428884;804.937622;1630.053711;0;0.965277;-0.059593;0.235357;0;2;-260.095551;-69.882309;1740.089966;0;0.602938;0.357695;0.400417;0;2;-266.535217;307.300903;1717.141602;0;0.516844;0.409039;0.347788;0;2;-314.443268;663.097961;1785.094971;0;0.454424;0.332456;0.187272;0;2;-271.168579;813.94696;1741.436646;0;-0.244826;0.37313;-0.099689;0;2;-211.19751;-625.781799;1933.476563;0;0.69894;-0.377152;0.295567;0;2;-127.747505;-651.960876;1809.328735;0;0.69894;-0.377152;0.295567;0;2;-118.516602;-682.554138;1851.48291;0;0.869644;-0.05769;0.475684;0;2;-130.458679;-669.964294;1970.027222;0;0.530923;0.295567;0.377152;0;2;-158.077438;-688.020813;1822.387207;0;0.869644;-0.05769;0.475684;0;2;-261.56308;-699.79718;1889.351807;0;0.69894;-0.377152;0.295567;0;2;9059966976
-208.74437;-54.242809;1796.349854;0;0.63877;-0.323352;0.186045;0;2;-206.347458;-218.924866;1831.246094;0;0.608944;-0.331127;0.171827;0;2;-211.612442;-348.984192;1865.479736;0;0.545174;-0.439976;0.281528;0;2;-215.799301;-545.99176;1921.554321;0;0.596001;-0.415983;0.315905;0;2;-187.462708;-509.946777;1927.654541;0;0.603481;-0.756749;-0.246901;0;2;-69.598343;-467.139404;1977.388184;0;-0.453919;0.738773;0.04102;0;2;61.742775;-333.797028;1795.803101;0;-0.209496;0.690242;-0.266522;0;2;70.638947;-355.703308;1578.212769;0;0.382579;0.489889;0.649469;0;2;57.41925;-331.437073;1491.647827;0;0.45399;0.596999;0.552623;0;2;70.168243;-297.805023;1396.234497;0;0.45399;0.596999;0.552623;0;2;4.595496;-319.61673;1471.829834;0;0.200226;-0.484326;-0.312542;0;2;-243.585648;-516.423828;1898.650391;0;0.701488;0.635555;-0.295325;0;2;-341.87854;-492.382629;1826.804077;0;0.213022;0.77616;-0.488371;0;2;-420.42337;-252.776291;1910.594238;0;-0.286013;-0.64032;0.656445;0;2;-416.794586;-31.206564;1906.266357;0;0.663732;0.473241;0.045718;0;2;-451.806396;43.480183;1958.885132;0;0.584509;0.46352;0.105814;0;0;-463.132385;110.685661;2032.374146;0;0.584509;0.46352;0.105814;0;0;-426.568085;85.360825;1951.016602;0;0.284944;0.804005;-0.329117;0;2;-150.848541;-40.242031;1858.445557;0;0.638664;-0.199627;0.050273;0;2;-111.364479;325.124023;1770.872314;0;0.683227;-0.196192;0.062462;0;2;-115.184944;679.602966;1702.438721;0;0.752938;-0.203336;0.110834;0;2;-13.879702;805.782349;1631.239624;0;0.969538;-0.065568;0.216461;0;2;-260.951569;-66.867928;1740.355469;0;0.604983;0.358458;0.407769;0;2;-265.105042;309.399475;1711.738525;0;0.504097;0.419115;0.345107;0;2;-316.349548;661.999573;1790.206543;0;0.469982;0.349909;0.206456;0;2;-269.994385;809.336304;1739.227295;0;-0.21877;0.399007;-0.098513;0;2;-211.442535;-622.290283;1931.639771;0;0.693654;-0.379823;0.28906;0;2;-127.242744;-651.784241;1809.025269;0;0.693654;-0.379823;0.28906;0;2;-118.765968;-681.595093;1851.795776;0;0.871947;-0.064179;0.472972;0;2;-131.669617;-666.560669;1969.774414;0;0.539465;0.28906;0.379823;0;2;-158.049927;-687.192139;1822.474731;0;0.871947;-0.064179;0.472972;0;2;-262.135925;-696.494873;1888.554199;0;0.693654;-0.379823;0.28906;0;2;9059999744
-208.769577;-54.469021;1796.615845;0;0.638614;-0.323569;0.18596;0;2;-206.392746;-219.115326;1831.593018;0;0.608606;-0.331384;0.171648;0;2;-211.722214;-349.128082;1865.935425;0;0.544629;-0.44062;0.281624;0;2;-215.918884;-546.053833;1922.2146;0;0.595457;-0.416616;0.316052;0;2;-187.562683;-510.018158;1928.240479;0;0.603279;-0.757102;-0.246367;0;2;-69.633179;-467.253632;1977.816162;0;-0.450341;0.739104;0.04497;0;2;60.261467;-332.755157;1796.084106;0;-0.205821;0.692407;-0.26243;0;2;69.798546;-354.650726;1578.544067;0;0.381293;0.501732;0.640325;0;2;58.48563;-329.995911;1491.829224;0;0.452768;0.606797;0.541801;0;2;73.412392;-296.658783;1396.640381;0;0.452768;0.606797;0.541801;0;2;9.288833;-320.274384;1467.468994;0;0.185082;-0.514746;-0.302365;0;2;-243.71907;-516.501343;1899.317749;0;0.702217;0.635705;-0.293986;0;2;-342.302307;-492.399261;1827.914429;0;0.212872;0.773974;-0.488972;0;2;-419.004669;-252.688644;1913.010864;0;-0.306543;-0.588805;0.701027;0;2;-392.702972;-34.330429;1885.767212;0;0.533826;0.326293;0.170314;0;2;-376.094543;39.584892;1947.664429;0;-0.478336;-0.313355;-0.193087;0;2;-341.419128;103.900177;2016.253418;0;-0.478336;-0.313355;-0.193087;0;0;-337.681946;57.794621;1948.118164;0;-0.152179;-0.634656;0.280001;0;2;-150.865555;-40.447021;1858.685913;0;0.638245;-0.200427;0.050427;0;2;-111.223953;324.763031;1770.712891;0;0.68251;-0.197008;0.062579;0;2;-114.568756;679.120239;1701.833984;0;0.751401;-0.204595;0.11143;0;2;-12.94455;804.742004;1630.152954;0;0.969407;-0.066052;0.21777;0;2;-260.984192;-67.113274;1740.644409;0;0.60502;0.358542;0.407947;0;2;-265.058624;309.105194;1711.916748;0;0.503965;0.41933;0.345142;0;2;-316.263458;661.647339;1790.485352;0;0.469657;0.349851;0.205978;0;2;-269.95752;809.046387;1739.698853;0;-0.219246;0.39863;-0.098809;0;2;-211.581375;-622.335205;1932.372925;0;0.695134;-0.378299;0.288867;0;2;-127.06488;-651.244385;1809.857666;0;0.695134;-0.378299;0.288867;0;2;-118.627518;-681.183716;1852.539063;0;0.872477;-0.063238;0.471758;0;2;-131.818573;-666.582825;1970.5271;0;0.538734;0.288867;0.378299;0;2;-157.831726;-686.75238;1823.114868;0;0.872477;-0.063238;0.471758;0;2;-262.034393;-696.477234;1888.92395;0;0.695134;-0.378299;0.288867;0;2;9060033536
-208.770294;-54.461002;1796.627319;0;0.6386;-0.323588;0.185953;0;2;-206.395279;-219.104156;1831.611572;0;0.608568;-0.331408;0.171628;0;2;-211.732834;-349.112122;1865.965576;0;0.544556;-0.440683;0.281606;0;2;-215.939194;-546.026001;1922.27832;0;0.595386;-0.41668;0.316039;0;2;-187.580185;-509.99176;1928.295532;0;0.603196;-0.75719;-0.246327;0;2;-69.642731;-467.203857;1977.828491;0;-0.450113;0.739081;0.04501;0;2;60.125626;-332.695435;1796.017456;0;-0.205446;0.692374;-0.262459;0;2;69.575218;-354.687592;1578.485352;0;0.38142;0.500973;0.640731;0;2;58.144131;-330.097046;1491.768799;0;0.452916;0.606112;0.542345;0;2;72.928665;-296.793213;1396.547241;0;0.452916;0.606112;0.542345;0;2;8.884129;-320.496155;1467.441162;0;0.184437;-0.514127;-0.302228;0;2;-243.738815;-516.475708;1899.378906;0;0.702298;0.635678;-0.293908;0;2;-342.340942;-492.367188;1828.005981;0;0.212877;0.773897;-0.488944;0;2;-418.979828;-252.665695;1913.177124;0;-0.306684;-0.588547;0.701138;0;2;-392.582245;-34.328476;1885.876099;0;0.533646;0.326087;0.170194;0;1;-375.908966;39.599838;1947.738647;0;-0.478142;-0.313159;-0.192951;0;1;-341.171967;103.921234;2016.289429;0;-0.478142;-0.313159;-0.192951;0;0;-337.487305;57.788925;1948.170288;0;-0.152164;-0.634412;0.28027;0;1;-150.865601;-40.43716;1858.695313;0;0.638205;-0.200534;0.050465;0;2;-111.21814;324.757996;1770.678711;0;0.682452;-0.197114;0.062617;0;2;-114.535187;679.103943;1701.759277;0;0.751268;-0.204761;0.111561;0;2;-12.902223;804.682007;1630.018555;0;0.969373;-0.066078;0.217981;0;2;-260.985504;-67.106918;1740.657959;0;0.605023;0.358559;0.407971;0;2;-265.047852;309.106873;1711.917358;0;0.503968;0.419353;0.345161;0;2;-316.235596;661.648865;1790.480713;0;0.46969;0.349788;0.205918;0;2;-269.914246;809.045471;1739.706299;0;-0.21924;0.398544;-0.098807;0;2;-211.606461;-622.305237;1932.449219;0;0.695197;-0.378277;0.288781;0;2;-127.066315;-651.202209;1809.949219;0;0.695197;-0.378277;0.288781;0;2;-118.63163;-681.139771;1852.631714;0;0.872507;-0.063284;0.471681;0;2;-131.844162;-666.540466;1970.616211;0;0.538714;0.288781;0.378277;0;2;-157.829773;-686.714233;1823.201416;0;0.872507;-0.063284;0.471681;0;2;-262.040802;-696.454041;1888.992676;0;0.695197;-0.378277;0.288781;0;2;9060066304
-208.778564;-54.459068;1796.643433;0;0.638584;-0.323603;0.185947;0;2;-206.406769;-219.101212;1831.634277;0;0.608515;-0.331432;0.171605;0;2;-211.757187;-349.105133;1866.002686;0;0.544442;-0.440734;0.281604;0;2;-215.995728;-546.007629;1922.354126;0;0.595277;-0.416732;0.316041;0;2;-187.629547;-509.977448;1928.362305;0;0.603108;-0.757288;-0.246258;0;2;-69.680771;-467.183746;1977.864014;0;-0.449947;0.739076;0.045038;0;2;60.006222;-332.671417;1795.997192;0;-0.20519;0.692364;-0.262477;0;2;69.403503;-354.732086;1578.46936;0;0.381522;0.500346;0.641088;0;2;57.874447;-330.189575;1491.752075;0;0.453028;0.605549;0.542818;0;2;72.540474;-296.906494;1396.504639;0;0.453028;0.605549;0.542818;0;2;8.558508;-320.692291;1467.45105;0;0.183895;-0.513594;-0.302135;0;2;-243.791687;-516.456665;1899.450928;0;0.702403;0.635613;-0.293844;0;2;-342.409882;-492.348633;1828.099609;0;0.212954;0.773738;-0.489045;0;2;-418.936157;-252.613419;1913.278564;0;-0.307334;-0.58695;0.702371;0;2;-391.883362;-34.442158;1885.296875;0;0.532963;0.325345;0.168561;0;2;-374.958313;39.633728;1946.914429;0;-0.477392;-0.312538;-0.191265;0;1;-339.999725;104.07016;2015.244507;0;-0.477392;-0.312538;-0.191265;0;0;-336.484314;57.704426;1947.274902;0;-0.152155;-0.633614;0.282338;0;1;-150.872559;-40.434025;1858.710083;0;0.638177;-0.200586;0.05047;0;2;-111.213463;324.753571;1770.664063;0;0.682414;-0.197167;0.062623;0;2;-114.508362;679.094971;1701.715942;0;0.751233;-0.204803;0.111559;0;2;-12.868985;804.659363;1629.959351;0;0.969368;-0.06611;0.21801;0;2;-260.994934;-67.106071;1740.675049;0;0.605031;0.35856;0.407978;0;2;-265.048828;309.108002;1711.925903;0;0.503972;0.41936;0.345163;0;2;-316.230133;661.651855;1790.488647;0;0.469674;0.349738;0.205844;0;2;-269.905792;809.055847;1739.737305;0;-0.219287;0.398456;-0.098824;0;2;-211.676331;-622.285767;1932.539551;0;0.695102;-0.378162;0.288948;0;2;-127.158463;-651.196167;1810.026855;0;0.695102;-0.378162;0.288948;0;2;-118.734108;-681.146301;1852.702759;0;0.872521;-0.063083;0.471718;0;2;-131.931061;-666.565063;1970.691406;0;0.538828;0.288948;0.378161;0;2;-157.937088;-686.697083;1823.274414;0;0.872521;-0.063083;0.471718;0;2;-262.147736;-696.403076;1889.071655;0;0.695102;-0.378162;0.288948;0;2;9060100096
-213.861984;-55.854546;1797.344604;0;0.624775;-0.340715;0.185334;0;2;-213.487762;-220.252777;1838.019287;0;0.597741;-0.347716;0.171841;0;2;-219.395126;-349.99411;1876.270752;0;0.526874;-0.452645;0.298258;0;2;-226.990021;-547.569275;1934.411499;0;0.577675;-0.427269;0.333596;0;2;-197.148346;-512.158936;1938.93811;0;0.605011;-0.77082;-0.199009;0;2;-72.248573;-472.805573;1974.520142;0;0.509571;-0.692688;0.009455;0;2;53.393803;-339.808441;1786.531372;0;0.26432;-0.63168;0.284405;0;2;39.692402;-340.819458;1566.789429;0;0.653678;0.262027;0.676829;0;2;46.871994;-331.091553;1476.184204;0;0.678226;0.35943;0.630528;0;2;65.166985;-300.617371;1379.966553;0;0.678226;0.35943;0.630528;0;2;-1.205459;-326.002411;1454.362305;0;0.104133;0.442251;0.630366;0;2;-255.063141;-517.139038;1912.441162;0;0.71252;0.629713;-0.288929;0;2;-355.989227;-491.439178;1843.605713;0;0.242911;0.75192;-0.504088;0;2;-422.484467;-243.553329;1918.260864;0;-0.363394;-0.482913;0.765691;0;2;-362.401794;-42.99979;1841.588379;0;-0.437723;-0.574658;0.071564;0;1;-365.847717;30.209761;1907.278564;0;-0.346487;-0.579093;-0.002266;0;1;-356.854584;81.50486;1993.609863;0;-0.346487;-0.579093;-0.002266;0;0;-333.609344;39.474548;1929.800293;0;-0.03192;0.782197;-0.417173;0;1;-153.847061;-40.745796;1857.858643;0;0.626921;-0.187299;0.025863;0;2;-99.20755;323.06604;1762.5896;0;0.699612;-0.183809;0.044492;0;2;-116.090614;679.164917;1693.202515;0;0.762098;-0.1851;0.072683;0;2;-11.441782;807.334778;1628.035278;0;0.97593;-0.079483;0.176506;0;2;-267.980072;-69.478775;1742.776245;0;0.620906;0.343452;0.382856;0;2;-265.335205;309.223022;1716.547119;0;0.518109;0.400433;0.322769;0;2;-317.6091;663.991577;1794.666138;0;0.474304;0.348373;0.204496;0;2;-269.412476;811.682922;1743.330933;0;-0.214712;0.396549;-0.098846;0;2;-224.467209;-624.349609;1944.964355;0;0.698244;-0.380142;0.275312;0;2;-136.635681;-654.314209;1823.904541;0;0.698244;-0.380142;0.275312;0;2;-128.649704;-683.648743;1867.479858;0;0.875931;-0.074126;0.463476;0;2;-144.479095;-667.260803;1985.644287;0;0.54051;0.275312;0.380142;0;2;-167.417923;-690.202759;1837.191772;0;0.875931;-0.074126;0.463476;0;2;-273.434753;-700.239624;1901.447266;0;0.698244;-0.380142;0.275312;0;2;9060132864
-213.185577;-54.652878;1799.683594;0;0.624054;-0.341667;0.184503;0;2;-212.895996;-218.858414;1840.82666;0;0.594834;-0.34916;0.169896;0;2;-219.466751;-348.232269;1879.994385;0;0.529044;-0.440575;0.29277;0;2;-230.577652;-545.765503;1937.388062;0;0.580552;-0.415678;0.327159;0;2;-200.595291;-510.643951;1942.915161;0;0.60571;-0.755675;-0.235003;0;2;-81.792427;-476.06189;1998.490356;0;0.502482;-0.709657;-0.024362;0;2;52.51223;-337.015839;1821.3396;0;0.240129;-0.650564;0.284559;0;2;44.103363;-348.5383;1601.727539;0;0.660583;0.274474;0.679;0;2;53.967808;-331.149811;1512.57312;0;0.675572;0.353611;0.641355;0;2;70.667328;-296.420135;1417.5625;0;0.675572;0.353611;0.641355;0;2;10.908547;-333.454132;1483.667725;0;-0.134353;-0.459614;-0.617745;0;2;-257.678802;-515.057678;1914.640625;0;0.705991;0.628202;-0.307845;0;2;-355.77475;-486.231628;1843.104126;0;0.252892;0.751646;-0.520895;0;2;-424.6651;-234.345078;1899.560059;0;-0.354008;-0.497032;0.767634;0;2;-367.774017;-33.374847;1821.834595;0;0.660703;0.532147;-0.299022;0;2;-408.233063;56.294205;1820.952148;0;-0.359133;-0.6104;-0.002458;0;2;-408.548462;107.09581;1907.988892;0;-0.359133;-0.6104;-0.002458;0;2;-374.101227;77.653122;1788.245605;0;0.3725;0.76605;-0.520618;0;2;-153.173828;-39.406151;1860.112183;0;0.622382;-0.196861;0.032449;0;2;-97.040138;323.317566;1762.259888;0;0.698861;-0.192383;0.053027;0;2;-115.495338;679.245361;1693.225952;0;0.755172;-0.19797;0.087727;0;2;-11.459931;805.404663;1623.523193;0;0.972934;-0.078048;0.196266;0;2;-267.300812;-68.40152;1745.192505;0;0.620401;0.343201;0.383557;0;2;-265.263641;310.121979;1718.736084;0;0.516118;0.400986;0.322648;0;2;-318.700714;664.301392;1797.980225;0;0.479486;0.350328;0.210848;0;2;-269.642792;810.70697;1744.069946;0;-0.206973;0.402408;-0.095759;0;2;-229.054001;-622.55304;1947.830811;0;0.685593;-0.412966;0.28738;0;2;-149.452728;-655.48645;1822.027466;0;0.685593;-0.412966;0.28738;0;2;-137.963165;-683.150085;1865.883301;0;0.856832;-0.088803;0.49522;0;2;-145.758362;-662.867859;1984.193115;0;0.52615;0.28738;0.412966;0;2;-178.622711;-691.301086;1838.652954;0;0.856832;-0.088803;0.49522;0;2;-279.664703;-700.566711;1910.487549;0;0.685593;-0.412966;0.28738;0;2;9060166656
-213.264221;-54.639793;1799.675903;0;0.624099;-0.341563;0.18452;0;2;-212.979401;-218.863937;1840.792114;0;0.594913;-0.349049;0.169934;0;2;-219.546005;-348.256775;1879.929565;0;0.529904;-0.440124;0.291564;0;2;-230.44838;-545.797302;1937.388428;0;0.581421;-0.415325;0.32592;0;2;-200.540741;-510.617249;1942.97522;0;0.605625;-0.755211;-0.236008;0;2;-81.947815;-476.178345;1999.1073;0;0.502845;-0.710967;-0.023787;0;2;53.533138;-337.815704;1822.291138;0;0.241879;-0.651695;0.285191;0;2;46.143173;-349.368011;1602.629028;0;0.66183;0.275643;0.677245;0;1;56.43045;-332.010986;1513.51001;0;0.676827;0.354448;0.639536;0;1;73.600739;-297.355774;1418.548584;0;0.676827;0.354448;0.639536;0;1;13.440113;-334.210236;1484.442749;0;-0.134742;-0.461528;-0.616904;0;1;-257.549103;-515.146057;1914.557861;0;0.705767;0.627745;-0.308141;0;2;-355.429565;-486.858093;1842.498291;0;0.253464;0.754398;-0.518995;0;2;-426.694;-235.388336;1897.942017;0;-0.352564;-0.502224;0.765664;0;2;-371.657349;-33.658787;1820.807251;0;0.666072;0.536792;-0.305901;0;2;-414.303467;54.9277;1817.159302;0;-0.380632;-0.617785;0.007904;0;2;-419.652924;108.701187;1902.232666;0;-0.380632;-0.617785;0.007904;0;2;-380.939362;76.501678;1785.649414;0;0.370884;0.771995;-0.51056;0;2;-153.256973;-39.402641;1860.119873;0;0.622505;-0.196364;0.032256;0;2;-97.087769;323.392487;1762.452759;0;0.699027;-0.191907;0.052794;0;2;-115.579453;679.367371;1693.542114;0;0.755608;-0.197133;0.086929;0;2;-11.498056;805.66571;1624.129517;0;0.97313;-0.078015;0.195109;0;2;-267.375397;-68.379807;1745.171021;0;0.620373;0.34327;0.383457;0;2;-265.328125;310.176361;1718.813599;0;0.516054;0.401052;0.322522;0;2;-318.778564;664.352417;1798.179077;0;0.479474;0.350407;0.210767;0;2;-269.708984;810.77533;1744.292847;0;-0.206978;0.402407;-0.095872;0;2;-228.813553;-622.58252;1947.870361;0;0.686539;-0.412864;0.285193;0;2;-148.655716;-655.478821;1822.398682;0;0.686539;-0.412864;0.285193;0;2;-137.252502;-683.052063;1866.338501;0;0.857526;-0.090277;0.493601;0;2;-145.538483;-662.62439;1984.598145;0;0.526186;0.285193;0.412864;0;2;-177.792175;-691.351257;1838.96814;0;0.857526;-0.090277;0.493601;0;2;-279.07962;-700.789673;1910.448486;0;0.686539;-0.412864;0.285193;0;2;9060200448
-215.778198;-52.801544;1801.09082;0;0.625866;-0.338667;0.182286;0;2;-215.427032;-216.835052;1841.876953;0;0.596974;-0.345987;0.167979;0;2;-221.894669;-346.132324;1880.613403;0;0.552143;-0.413382;0.263585;0;2;-232.341553;-543.911743;1936.14856;0;0.604445;-0.390913;0.295886;0;2;-204.056015;-508.025757;1944.435425;0;0.600126;-0.730812;-0.282312;0;2;-97.266106;-478.382751;2022.286865;0;-0.482753;0.763158;0.041859;0;2;67.920074;-353.579926;1862.017944;0;-0.257596;0.709711;-0.283678;0;2;98.704445;-375.135345;1645.509766;0;0.39434;0.470788;0.726906;0;1;84.346909;-335.759003;1564.475342;0;0.40199;0.489028;0.714762;0;1;64.024361;-288.658875;1475.879639;0;0.40199;0.489028;0.714762;0;1;37.596661;-348.530396;1527.725098;0;0.061309;-0.497927;-0.389285;0;1;-258.133392;-513.920166;1911.176392;0;0.68639;0.622125;-0.339661;0;2;-347.388397;-489.084656;1827.861206;0;0.238882;0.788984;-0.511127;0;2;-443.191376;-242.915115;1865.129517;0;-0.288144;-0.651353;0.677854;0;2;-446.434753;-23.037895;1831.042725;0;0.680263;0.561777;-0.176756;0;2;-499.87207;57.66116;1847.81897;0;0.583773;0.585269;-0.065551;0;2;-536.768311;131.046371;1905.949951;0;0.583773;0.585269;-0.065551;0;2;-469.292572;89.707253;1810.483643;0;0.354747;0.8141;-0.459604;0;2;-156.364182;-37.54895;1861.921997;0;0.616841;-0.204645;0.045141;0;2;-97.477348;324.463898;1765.266968;0;0.690076;-0.199114;0.065473;0;2;-108.969467;680.474426;1698.026245;0;0.749507;-0.200434;0.097318;0;2;-4.082657;804.986877;1627.322998;0;0.972236;-0.073078;0.20481;0;2;-269.354431;-66.555489;1746.236694;0;0.619617;0.345784;0.383224;0;2;-266.708191;311.494598;1721.240356;0;0.519989;0.401317;0.324595;0;2;-316.932526;666.191467;1797.682983;0;0.487925;0.357969;0.225286;0;2;-267.015961;809.963379;1738.475098;0;-0.191866;0.417982;-0.090978;0;2;-229.529587;-620.563599;1946.459717;0;0.684511;-0.39248;0.276281;0;2;-144.468292;-655.985657;1825.266479;0;0.684511;-0.39248;0.276281;0;2;-136.374649;-684.059875;1869.521729;0;0.872012;-0.082165;0.472886;0;2;-149.914734;-663.739624;1987.12207;0;0.548701;0.276281;0.39248;0;2;-175.679611;-690.74054;1840.123413;0;0.872012;-0.082165;0.472886;0;2;-280.608704;-696.59906;1906.190918;0;0.684511;-0.39248;0.276281;0;2;9060233216
-221.159149;-52.260952;1801.500732;0;0.632228;-0.330304;0.175179;0;2;-220.038116;-215.978653;1841.341675;0;0.602142;-0.337605;0.16066;0;2;-226.359848;-345.029541;1879.445435;0;0.564338;-0.403;0.260844;0;2;-234.685242;-543.372314;1930.791016;0;0.61638;-0.380784;0.292322;0;2;-207.26149;-507.31778;1940.334351;0;0.606834;-0.728501;-0.282171;0;2;-99.530357;-475.791656;2015.361572;0;0.510895;-0.723388;-0.016678;0;2;48.874958;-345.717041;1844.550659;0;-0.248331;0.653967;-0.30967;0;2;44.205135;-364.373352;1626.338745;0;0.66041;0.30241;0.67999;0;2;56.688419;-335.565521;1540.983765;0;0.651752;0.25392;0.699545;0;2;54.495533;-318.761841;1440.346069;0;0.651752;0.25392;0.699545;0;2;13.991084;-340.09314;1508.728394;0;0.132432;0.460905;0.6426;0;2;-260.356445;-513.412598;1905.93042;0;0.673522;0.629178;-0.349016;0;2;-347.177307;-487.201874;1821.061157;0;0.260642;0.797546;-0.517901;0;2;-455.686676;-244.413391;1819.947266;0;0.281178;0.718276;-0.623203;0;2;-497.82608;-29.725731;1783.308594;0;0.736047;0.513128;-0.167866;0;2;-556.858215;47.912472;1792.056152;0;0.641834;0.536065;-0.064137;0;2;-596.846375;124.93512;1842.366211;0;0.641834;0.536065;-0.064137;0;2;-547.295959;76.886543;1778.683472;0;0.369771;0.871562;-0.311464;0;2;-163.477112;-36.767963;1863.542725;0;0.612527;-0.203211;0.053041;0;2;-100.32093;324.358948;1771.008301;0;0.680532;-0.197471;0.071612;0;2;-101.852287;679.82135;1706.049438;0;0.750751;-0.217518;0.150101;0;2;-6.497778;808.243225;1630.40564;0;0.960741;-0.04792;0.254363;0;2;-273.173584;-66.231659;1745.554688;0;0.625081;0.33935;0.369867;0;2;-268.728119;310.833435;1724.140625;0;0.52943;0.39057;0.315286;0;2;-317.774628;665.201721;1797.316528;0;0.491114;0.352319;0.220932;0;2;-266.576874;808.32196;1739.038696;0;-0.190902;0.410926;-0.090095;0;2;-230.839996;-619.915039;1939.664185;0;0.661881;-0.417512;0.271835;0;2;-149.981552;-664.767822;1819.317993;0;0.661881;-0.417512;0.271835;0;2;-141.410126;-690.109436;1864.913452;0;0.864065;-0.10301;0.487442;0;2;-151.440109;-662.204895;1980.916138;0;0.560092;0.271834;0.417512;0;2;-181.46991;-697.661133;1837.045532;0;0.864065;-0.10301;0.487442;0;2;-284.450439;-696.848938;1905.655884;0;0.661881;-0.417512;0.271835;0;2;9060267008
-222.079437;-54.647434;1799.49939;0;0.640159;-0.322818;0.172442;0;2;-219.235046;-218.73053;1837.369019;0;0.601181;-0.332;0.154025;0;2;-226.875839;-347.502838;1875.947754;0;0.566733;-0.404922;0.249768;0;2;-233.461182;-545.014832;1930.27832;0;0.618851;-0.383588;0.281435;0;2;-206.597885;-508.504639;1939.574951;0;0.599274;-0.724022;-0.300463;0;2;-103.134232;-476.063049;2019.91626;0;-0.498458;0.720679;0.012837;0;2;36.611065;-345.970215;1842.143433;0;-0.281768;0.673027;-0.258027;0;2;50.781353;-343.87558;1623.657227;0;0.701748;0.155978;0.69458;0;2;59.255676;-314.569183;1538.025757;0;0.702296;0.131442;0.699638;0;2;61.397179;-295.344757;1437.869873;0;0.702296;0.131442;0.699638;0;2;5.562812;-329.338318;1518.090942;0;0.220796;0.263795;0.800271;0;2;-259.171906;-515.771973;1904.657471;0;0.677782;0.621026;-0.341125;0;2;-344.850555;-496.222839;1816.963623;0;0.279437;0.800845;-0.516451;0;2;-461.509003;-258.868683;1790.329346;0;0.291399;0.734079;-0.60762;0;2;-516.4021;-50.249023;1739.071167;0;0.741704;0.582399;-0.212119;0;2;-590.139465;13.454955;1729.871094;0;0.563614;0.61745;0.054203;0;2;-630.026306;68.458023;1803.606689;0;0.563614;0.61745;0.054203;0;2;-586.478821;31.828016;1711.158447;0;0.374843;0.891478;-0.222396;0;2;-165.535965;-39.122856;1862.517944;0;0.604848;-0.248591;0.114293;0;2;-110.84108;324.259644;1774.247192;0;0.646461;-0.241729;0.128224;0;2;-93.753418;679.229248;1709.765381;0;0.740874;-0.236444;0.203672;0;2;-5.407423;809.121643;1628.523193;0;0.946501;-0.023587;0.305787;0;2;-273.067169;-68.646622;1742.672852;0;0.600781;0.352309;0.359447;0;2;-284.348328;308.7005;1744.834229;0;0.556904;0.376153;0.334411;0;2;-319.654694;669.11438;1790.305786;0;0.482037;0.301827;0.186158;0;2;-268.24231;815.947388;1742.630249;0;-0.22246;0.3507;-0.07904;0;2;-228.816437;-621.322144;1940.394653;0;0.687839;-0.388192;0.276199;0;2;-143.261963;-655.293091;1819.821411;0;0.687839;-0.388192;0.276199;0;2;-135.374039;-683.63916;1863.710938;0;0.873608;-0.079191;0.469796;0;2;-149.602539;-664.484192;1980.984619;0;0.547629;0.276199;0.388193;0;2;-174.347916;-690.141235;1834.131958;0;0.873608;-0.079191;0.469796;0;2;-279.262817;-696.861877;1899.296265;0;0.687839;-0.388192;0.276199;0;2;9060299776
-222.031342;-55.184826;1799.00708;0;0.65015;-0.316424;0.174651;0;2;-216.231613;-219.982361;1833.609985;0;0.607165;-0.326708;0.15456;0;2;-222.866867;-349.330261;1870.613647;0;0.567234;-0.395609;0.237908;0;2;-232.301926;-546.351685;1926.60376;0;0.620099;-0.375256;0.268867;0;2;-205.569366;-509.867004;1936.45752;0;0.591385;-0.729148;-0.302638;0;2;-102.587196;-476.530212;2017.145142;0;0.529315;-0.707706;0.021296;0;2;44.097424;-355.24231;1838.578735;0;-0.300404;0.641172;-0.300331;0;2;44.686253;-355.493896;1619.532715;0;0.711142;0.117815;0.693095;0;2;53.618534;-334.8638;1531.413574;0;0.71048;0.151598;0.686498;0;2;59.285046;-309.13678;1432.82312;0;0.71048;0.151598;0.686498;0;2;4.898064;-332.656799;1516.223633;0;0.255582;0.278489;0.852686;0;2;-256.992584;-517.224365;1899.838135;0;0.677617;0.61118;-0.346452;0;2;-339.638184;-501.220215;1808.516113;0;0.299872;0.803601;-0.51019;0;2;-464.992615;-273.072235;1754.207153;0;0.30502;0.742524;-0.595589;0;2;-529.045105;-72.831261;1683.462524;0;0.757964;0.574669;-0.26512;0;2;-604.656555;-17.704847;1654.617554;0;0.643663;0.632134;-0.030647;0;2;-667.628967;41.746799;1705.22998;0;0.643663;0.632134;-0.030647;0;2;-592.354187;4.433591;1630.701172;0;0.378759;0.853997;-0.252848;0;2;-166.052063;-39.857018;1862.623779;0;0.605432;-0.251737;0.124397;0;2;-113.059402;324.763855;1777.811646;0;0.641779;-0.245279;0.136741;0;2;-92.854637;679.976379;1714.737305;0;0.728901;-0.240834;0.20945;0;2;-1.564264;806.299927;1630.999878;0;0.945748;-0.022721;0.312984;0;2;-272.510315;-69.006584;1741.640991;0;0.600746;0.350534;0.355873;0;2;-284.769989;308.455475;1745.419678;0;0.559794;0.372567;0.332735;0;2;-319.695129;669.260925;1789.278198;0;0.484748;0.293331;0.181961;0;2;-267.112488;815.983521;1742.311768;0;-0.222265;0.341734;-0.076038;0;2;-228.391998;-622.610107;1937.606689;0;0.690463;-0.415933;0.257793;0;2;-142.795914;-657.849182;1817.347412;0;0.690463;-0.415933;0.257793;0;2;-132.7948;-683.593323;1862.420288;0;0.86493;-0.111822;0.476396;0;2;-146.399094;-659.546387;1978.915527;0;0.532732;0.257793;0.415933;0;2;-171.790161;-693.564697;1833.817383;0;0.86493;-0.111822;0.476396;0;2;-275.325317;-702.632874;1900.972046;0;0.690463;-0.415933;0.257793;0;2;9060333568
-220.637619;-52.73782;1800.546997;0;0.652041;-0.313175;0.174035;0;2;-214.652328;-219.204544;1834.729126;0;0.60746;-0.323775;0.153416;0;2;-221.769989;-349.800293;1871.804321;0;0.567543;-0.385836;0.239273;0;2;-234.315887;-549.122437;1925.969482;0;0.620797;-0.365405;0.269443;0;2;-207.104309;-512.706787;1936.739868;0;0.588194;-0.723215;-0.315418;0;2;-106.546013;-478.991821;2022.275391;0;0.526678;-0.729236;-0.019175;0;2;56.322815;-350.544159;1859.947021;0;-0.322144;0.682168;-0.258456;0;2;86.887894;-342.55661;1641.148315;0;0.543667;0.269119;0.771602;0;1;70.46965;-320.386353;1553.612061;0;0.547484;0.284913;0.76591;0;1;45.940113;-295.757568;1456.664551;0;0.547484;0.284913;0.76591;0;1;19.330353;-335.32077;1532.566284;0;-0.054923;-0.360162;-0.565461;0;1;-258.487213;-519.166748;1898.892944;0;0.66843;0.607701;-0.368406;0;2;-337.73175;-499.822296;1803.718628;0;0.318461;0.796206;-0.514426;0;2;-464.062012;-280.342102;1714.86731;0;0.31706;0.748302;-0.581912;0;2;-535.915405;-89.625839;1622.236938;0;0.761802;0.593035;-0.240177;0;2;-617.652771;-43.880505;1590.73877;0;0.653916;0.63941;0.023036;0;2;-685.772583;6.592903;1646.05835;0;0.653916;0.63941;0.023036;0;2;-610.313049;-22.79364;1568.813477;0;0.364038;0.869107;-0.184885;0;2;-164.540054;-37.456676;1865.143555;0;0.613352;-0.25442;0.123255;0;2;-119.46125;331.674164;1779.647217;0;0.642717;-0.249269;0.133415;0;2;-101.388573;689.695496;1712.739502;0;0.72181;-0.232589;0.163585;0;2;1.301587;809.730286;1629.492188;0;0.95834;-0.049327;0.274563;0;2;-271.223267;-66.517502;1742.297363;0;0.606056;0.337135;0.342043;0;2;-285.735046;314.338287;1747.229126;0;0.568566;0.356347;0.321977;0;2;-322.400757;678.771179;1787.717896;0;0.522211;0.237267;0.159526;0;2;-255.720886;821.772095;1741.957764;0;-0.195388;0.286287;-0.05264;0;2;-231.371307;-626.23822;1936.289307;0;0.703984;-0.403699;0.255088;0;2;-142.158386;-656.543945;1815.540527;0;0.703984;-0.403699;0.255088;0;2;-132.341644;-683.631531;1860.440796;0;0.86952;-0.105084;0.465833;0;2;-148.628662;-663.065796;1978.389893;0;0.525703;0.255088;0.403699;0;2;-170.970062;-693.628784;1830.586426;0;0.86952;-0.105084;0.465833;0;2;-276.429626;-706.812378;1896.15918;0;0.703984;-0.403699;0.255088;0;2;9060366336
-222.138626;-52.382534;1804.111572;0;0.658224;-0.300946;0.164587;0;2;-216.006058;-218.98761;1837.39502;0;0.619364;-0.309753;0.147345;0;2;-221.567322;-350.289459;1872.053833;0;0.586677;-0.358614;0.222598;0;2;-233.408249;-550.898254;1921.223022;0;0.640211;-0.339608;0.250639;0;2;-207.810944;-514.178406;1934.56604;0;0.587399;-0.707175;-0.338559;0;2;-113.780128;-481.053314;2027.397827;0;0.546058;-0.702891;0.004086;0;2;40.130959;-351.483215;1857.492065;0;-0.317577;0.642317;-0.285483;0;2;46.065956;-343.194092;1636.708496;0;0.739381;0.081529;0.667264;0;2;61.192959;-331.864838;1546.915527;0;0.740268;0.125022;0.660498;0;2;74.29615;-313.228607;1446.49939;0;0.740268;0.125022;0.660498;0;2;25.415707;-334.477295;1519.830444;0;0.329499;0.333044;0.762748;0;2;-256.315338;-520.878845;1893.154297;0;0.643395;0.618564;-0.394772;0;2;-330.649902;-494.848907;1795.676514;0;0.326285;0.78576;-0.522011;0;2;-450.792023;-285.274475;1678.894165;0;0.32147;0.748675;-0.573934;0;2;-524.140137;-104.746552;1568.786865;0;0.632464;0.679161;-0.363459;0;2;-589.494202;-62.057396;1508.223267;0;0.545431;0.757684;0.138844;0;2;-664.7099;-46.877197;1574.221558;0;0.545431;0.757684;0.138844;0;2;-592.584961;-58.346794;1498.12439;0;0.279802;0.8377;-0.107762;0;2;-168.265198;-37.12579;1870.554932;0;0.608843;-0.259701;0.12704;0;2;-121.063255;331.214783;1783.192139;0;0.637306;-0.254576;0.13707;0;2;-99.893829;688.605774;1714.290894;0;0.729678;-0.232471;0.169012;0;2;-0.802241;812.06073;1631.771729;0;0.956526;-0.045345;0.27834;0;2;-270.718658;-66.140213;1744.196655;0;0.615263;0.317545;0.323056;0;2;-286.431763;314.58728;1748.851318;0;0.578948;0.334875;0.305054;0;2;-325.247437;679.070923;1786.002197;0;0.515654;0.231783;0.155199;0;2;-260.406311;823.459961;1742.127441;0;-0.204726;0.279346;-0.051796;0;2;-229.484375;-628.123718;1930.177368;0;0.715662;-0.342197;0.25627;0;2;-131.243561;-653.957581;1815.596924;0;0.715662;-0.342197;0.25627;0;2;-127.095924;-685.131226;1858.67688;0;0.896597;-0.06076;0.42318;0;2;-153.108429;-673.218811;1976.044678;0;0.552318;0.25627;0.342197;0;2;-163.264542;-690.297729;1824.803101;0;0.896597;-0.06076;0.42318;0;2;-274.875275;-702.263428;1879.468384;0;0.715662;-0.342197;0.25627;0;2;9060400128
-221.585876;-51.373932;1804.207886;0;0.665214;-0.286957;0.164253;0;2;-215.144409;-218.463379;1833.851318;0;0.625885;-0.295872;0.147593;0;2;-220.777466;-350.361572;1865.519165;0;0.583955;-0.353805;0.219925;0;2;-235.344391;-550.486694;1914.969727;0;0.637949;-0.335029;0.247589;0;2;-209.557968;-514.044983;1928.530151;0;0.581095;-0.713013;-0.341202;0;2;-115.379219;-478.47052;2020.077026;0;0.571483;-0.704527;0.011138;0;2;54.522434;-356.137604;1860.826782;0;0.318402;-0.622768;0.329609;0;2;49.762714;-357.620117;1640.1073;0;0.698901;0.177575;0.689576;0;2;59.890678;-338.461914;1551.046509;0;0.701636;0.217938;0.677902;0;2;68.075928;-311.773224;1452.052368;0;0.701636;0.217938;0.677902;0;2;10.064837;-328.806213;1537.453003;0;0.208508;0.339382;0.82986;0;2;-257.552704;-520.33252;1886.57251;0;0.6381;0.616246;-0.412426;0;2;-329.389923;-489.819244;1788.700439;0;0.362697;0.758159;-0.532046;0;2;-440.004761;-293.583832;1643.47168;0;0.35755;0.732724;-0.566563;0;2;-513.660645;-127.065094;1513.740967;0;0.767965;0.526523;-0.314476;0;2;-580.254883;-120.237457;1441.224854;0;0.651553;0.586191;0.180283;0;2;-634.472534;-82.783295;1517.897583;0;0.651553;0.586191;0.180283;0;2;-577.181641;-112.909195;1424.002075;0;0.416757;0.753601;-0.023629;0;2;-169.271866;-37.325756;1872.02478;0;0.608842;-0.262104;0.130802;0;2;-123.076431;330.894348;1785.45105;0;0.636654;-0.256948;0.14071;0;2;-102.209068;688.018433;1717.19751;0;0.709956;-0.247983;0.187116;0;2;-1.875959;805.76239;1628.488892;0;0.950824;-0.043714;0.302148;0;2;-268.759705;-64.041794;1743.054443;0;0.614263;0.314623;0.320373;0;2;-286.798096;316.150085;1748.658936;0;0.579121;0.331198;0.303205;0;2;-327.225586;680.101379;1785.288818;0;0.52783;0.226051;0.157689;0;2;-258.729095;821.956726;1739.424683;0;-0.191307;0.277053;-0.046069;0;2;-232.354996;-627.640991;1924.151001;0;0.713546;-0.387275;0.219257;0;2;-133.082504;-658.776306;1812.029053;0;0.713546;-0.387275;0.219257;0;2;-126.902657;-685.089722;1857.942383;0;0.887173;-0.118807;0.428883;0;2;-153.293365;-663.025635;1973.607178;0;0.541106;0.219257;0.387275;0;2;-162.721573;-695.866272;1825.113892;0;0.887173;-0.118807;0.428883;0;2;-273.115326;-709.098694;1881.614258;0;0.713546;-0.387275;0.219257;0;2;9060432896
-222.947372;-51.1628;1804.839355;0;0.66634;-0.286318;0.163021;0;2;-216.127701;-218.178268;1834.485352;0;0.627374;-0.295094;0.146538;0;2;-221.377228;-350.069397;1866.051147;0;0.589944;-0.343571;0.210986;0;2;-236.003464;-550.348511;1914.558716;0;0.644145;-0.325545;0.237859;0;2;-210.886139;-513.779541;1928.952026;0;0.581657;-0.70337;-0.345168;0;2;-120.277069;-482.328583;2025.410889;0;0.571159;-0.698757;-0.02103;0;2;45.113468;-345.376587;1873.635498;0;0.310089;-0.630507;0.301934;0;2;42.330322;-341.216919;1652.991455;0;0.71787;0.078311;0.677486;0;2;52.536785;-344.180298;1561.981689;0;0.731305;0.213976;0.64756;0;2;69.109856;-314.396851;1464.975342;0;0.731305;0.213976;0.64756;0;2;25.564312;-335.681305;1535.556519;0;0.320294;0.395741;0.72329;0;2;-257.569397;-520.283325;1885.603882;0;0.626533;0.607047;-0.430868;0;2;-322.904938;-491.02359;1782.963257;0;0.36904;0.734382;-0.553287;0;2;-416.953064;-300.088989;1620.219238;0;0.361064;0.702973;-0.592683;0;2;-472.6203;-138.955872;1475.695313;0;0.703038;0.505644;-0.410008;0;2;-514.830322;-135.151566;1386.604248;0;0.675108;0.640444;0.116681;0;2;-588.797791;-102.8974;1447.453613;0;0.675108;0.640444;0.116681;0;2;-503.061768;-122.136513;1369.314087;0;0.365298;0.667233;-0.087713;0;2;-170.862946;-36.978611;1872.766968;0;0.611864;-0.259766;0.128527;0;2;-126.56395;331.536346;1787.028931;0;0.639269;-0.254767;0.138219;0;2;-107.320679;688.71405;1719.238281;0;0.714248;-0.23703;0.163755;0;2;-3.090307;805.674133;1634.182983;0;0.957837;-0.052414;0.277816;0;2;-269.914185;-63.953312;1743.58606;0;0.614208;0.312061;0.319124;0;2;-289.220245;316.050262;1748.972656;0;0.581323;0.327526;0.303228;0;2;-329.533752;680.119751;1783.223877;0;0.541023;0.19041;0.137546;0;2;-255.303024;820.446655;1742.015503;0;-0.1848;0.237636;-0.035309;0;2;-232.753998;-627.478027;1923.636719;0;0.723259;-0.374368;0.223014;0;2;-132.261917;-654.014038;1811.489136;0;0.723259;-0.374368;0.223014;0;2;-126.220657;-681.732239;1856.565796;0;0.890242;-0.107023;0.422412;0;2;-153.80368;-663.684387;1972.605591;0;0.535734;0.223014;0.374368;0;2;-161.638885;-691.774597;1823.101563;0;0.890242;-0.107023;0.422412;0;2;-272.339844;-707.869629;1878.14563;0;0.723259;-0.374368;0.223014;0;2;9060466688
-224.808182;-42.509007;1805.041016;0;0.692277;-0.246291;0.143685;0;2;-213.435104;-209.591827;1827.934082;0;0.684871;-0.247872;0.14094;0;2;-205.200378;-343.147705;1846.77063;0;0.582705;-0.324316;0.184641;0;2;-228.581863;-540.612793;1899.401855;0;0.638723;-0.308465;0.210055;0;2;-203.644379;-504.445496;1914.453735;0;0.558852;-0.701287;-0.355532;0;2;-121.266243;-476.809845;2018.345093;0;0.579365;-0.703134;0.014581;0;2;51.563843;-357.195404;1862.238647;0;-0.341413;0.62624;-0.320053;0;2;55.404621;-351.718536;1642.596802;0;0.689205;0.213299;0.687375;0;2;65.968559;-330.77121;1554.434204;0;0.68975;0.217895;0.685932;0;2;70.72567;-311.346161;1454.032715;0;0.68975;0.217895;0.685932;0;2;25.231876;-332.11969;1527.22168;0;0.204233;0.409291;0.713888;0;2;-247.15538;-511.002533;1868.312744;0;0.624294;0.590466;-0.452591;0;2;-306.561279;-481.474701;1762.844971;0;0.388404;0.732318;-0.541894;0;2;-406.411346;-298.463257;1596.405518;0;0.382461;0.709725;-0.571165;0;2;-473.162598;-144.303894;1450.47168;0;0.543828;0.482595;-0.488916;0;2;-471.790283;-144.867477;1352.252686;0;0.656627;0.638989;0.25225;0;2;-540.108948;-136.169434;1425.619263;0;0.656627;0.638989;0.25225;0;2;-467.296143;-146.249268;1342.563232;0;0.32965;0.519535;-0.02543;0;2;-179.41304;-29.507187;1877.381958;0;0.609874;-0.266657;0.126073;0;2;-136.214081;336.29422;1786.918091;0;0.635975;-0.261992;0.135553;0;2;-116.715759;690.826538;1713.972046;0;0.697118;-0.230725;0.120322;0;2;-1.133829;796.755432;1630.768311;0;0.966784;-0.078742;0.242507;0;2;-265.742981;-54.233322;1739.808105;0;0.637165;0.244577;0.245505;0;2;-291.660583;323.6521;1748.860596;0;0.609496;0.254163;0.235569;0;2;-338.485352;685.895203;1776.442383;0;0.586788;0.101353;0.07974;0;2;-246.299957;818.139648;1750.358154;0;-0.146448;0.133859;-0.013856;0;2;-228.09938;-617.16571;1910.761841;0;0.705076;-0.382126;0.182166;0;2;-121.91317;-655.962219;1808.796875;0;0.705076;-0.382126;0.182166;0;2;-119.876488;-679.844727;1856.100586;0;0.900847;-0.141393;0.399015;0;2;-154.237534;-651.357117;1967.606567;0;0.568914;0.182166;0.382126;0;2;-153.203674;-691.537415;1821.368408;0;0.900847;-0.141393;0.399015;0;2;-267.309204;-699.50354;1869.592285;0;0.705076;-0.382126;0.182166;0;2;9060500480
-227.023819;-48.936424;1809.014404;0;0.692833;-0.248576;0.136028;0;2;-214.892395;-217.404221;1834.449585;0;0.683167;-0.250518;0.132417;0;2;-206.847427;-352.038452;1855.795044;0;0.593935;-0.318727;0.163754;0;2;-226.503342;-551.368103;1911.356812;0;0.649786;-0.304569;0.188786;0;2;-202.944321;-513.855957;1926.849121;0;0.551063;-0.697425;-0.376424;0;2;-123.542976;-481.396515;2033.49707;0;0.536077;-0.709342;-0.012897;0;2;30.198515;-346.784424;1865.441162;0;-0.287171;0.645916;-0.293471;0;2;30.053883;-348.889038;1643.391602;0;0.715214;0.248991;0.632592;0;2;51.109745;-337.595459;1554.349243;0;0.723058;0.283443;0.617924;0;2;72.452652;-319.690247;1454.718018;0;0.723058;0.283443;0.617924;0;2;22.70867;-339.999786;1518.312012;0;0.233815;0.518746;0.597036;0;2;-245.006866;-522.501526;1878.814453;0;0.62434;0.59054;-0.438165;0;2;-305.075562;-498.782196;1770.72876;0;0.315888;0.770959;-0.545623;0;2;-409.760406;-287.341827;1640.316406;0;-0.288205;-0.631571;0.702282;0;2;-401.639923;-108.297974;1504.50708;0;0.563831;0.563756;-0.495685;0;1;-421.233826;-87.303894;1409.486328;0;0.648242;0.750514;0.015938;0;1;-519.563354;-72.927353;1431.048584;0;0.648242;0.750514;0.015938;0;1;-443.182861;-113.389343;1408.970337;0;0.421217;0.665043;0.041325;0;1;-181.790237;-34.615414;1882.294312;0;0.614818;-0.261869;0.115246;0;2;-140.837585;334.900787;1789.07605;0;0.641618;-0.25747;0.124823;0;2;-124.694344;692.96283;1713.513672;0;0.700785;-0.212618;0.082233;0;2;-2.053685;798.774902;1636.483765;0;0.974728;-0.092758;0.20268;0;2;-267.812927;-61.850311;1742.934692;0;0.637561;0.246719;0.250228;0;2;-292.811401;320.136353;1750.295288;0;0.60954;0.256646;0.240036;0;2;-339.150726;686.409973;1776.995117;0;0.595671;0.098572;0.081548;0;2;-243.153061;817.826721;1749.67627;0;-0.135594;0.133168;-0.010678;0;2;-224.159668;-628.494995;1924.104614;0;0.730755;-0.346022;0.226219;0;2;-119.621452;-651.813171;1813.665894;0;0.730755;-0.346022;0.226219;0;2;-115.613754;-681.883911;1857.84082;0;0.900838;-0.084713;0.404636;0;2;-147.132675;-668.644958;1974.300171;0;0.543223;0.226219;0.346022;0;2;-150.213593;-689.74939;1822.531982;0;0.900838;-0.084713;0.404636;0;2;-263.730225;-706.414917;1873.244995;0;0.730755;-0.346022;0.226219;0;2;9060533248
-226.995514;-53.853245;1805.940674;0;0.693425;-0.247615;0.136553;0;2;-214.717865;-222.776199;1831.034058;0;0.682456;-0.249823;0.132471;0;2;-207.014633;-357.761139;1852.384521;0;0.590997;-0.325159;0.165318;0;2;-226.43483;-557.130676;1909.721436;0;0.646792;-0.310854;0.190861;0;2;-202.546173;-519.473328;1924.688599;0;0.545187;-0.707447;-0.381763;0;2;-120.859268;-480.940674;2027.956543;0;0.515712;-0.712487;-0.023616;0;2;24.260715;-342.020142;1854.819336;0;-0.278302;0.66069;-0.267738;0;2;30.477184;-341.017853;1632.317017;0;0.739746;0.257121;0.603596;0;2;58.760811;-329.124146;1545.14624;0;0.74373;0.274338;0.595968;0;2;85.390381;-314.984039;1445.925415;0;0.74373;0.274338;0.595968;0;2;34.629238;-336.95993;1504.874634;0;-0.261597;-0.546116;-0.558757;0;2;-245.331558;-528.382751;1877.135742;0;0.628222;0.59504;-0.43546;0;2;-308.118073;-502.346283;1770.790283;0;-0.457309;-0.604426;0.651985;0;2;-348.361328;-294.63208;1602.692139;0;-0.39618;-0.236487;0.857023;0;2;-218.924576;-244.235733;1425.165894;0;0.415602;0.65212;-0.633944;0;2;-230.087601;-161.369568;1371.226685;0;0.365249;0.882147;-0.221271;0;1;-313.995087;-106.787971;1390.469238;0;0.365249;0.882147;-0.221271;0;1;-317.769897;-205.383621;1409.976807;0;0.539999;-0.796886;-0.190858;0;1;-181.703247;-39.640903;1879.454346;0;0.621606;-0.255366;0.114059;0;2;-144.517014;332.235474;1790.356567;0;0.648858;-0.250914;0.1236;0;2;-132.748764;692.196472;1718.861328;0;0.68372;-0.222473;0.097027;0;2;-7.695347;792.449951;1637.401855;0;0.971342;-0.08944;0.220138;0;2;-267.837555;-66.669136;1739.650024;0;0.637166;0.256733;0.252086;0;2;-289.412689;316.356567;1750.676758;0;0.610205;0.266418;0.24183;0;2;-331.467377;683.783508;1780.71582;0;0.591192;0.108815;0.082582;0;2;-236.775085;816.592346;1753.184204;0;-0.140152;0.141158;-0.01713;0;2;-224.087585;-634.356079;1923.010498;0;0.743473;-0.328472;0.222751;0;2;-116.07505;-652.46814;1814.440674;0;0.743473;-0.328472;0.222751;0;2;-112.739159;-683.997009;1857.803223;0;0.90633;-0.074756;0.389774;0;2;-147.58902;-675.078003;1974.027344;0;0.538271;0.222751;0.328472;0;2;-146.352448;-691.226746;1821.25708;0;0.90633;-0.074756;0.389774;0;2;-261.152832;-711.320251;1868.460449;0;0.743473;-0.328472;0.222751;0;2;9060567040
-226.370895;-54.227283;1806.366577;0;0.693944;-0.247437;0.135945;0;2;-213.867645;-223.269226;1831.528687;0;0.684259;-0.249384;0.132339;0;2;-205.542969;-358.367859;1852.663086;0;0.597214;-0.318266;0.160052;0;2;-223.760635;-558.391785;1908.737671;0;0.65292;-0.304406;0.185059;0;2;-200.541229;-520.515808;1924.317993;0;0.552579;-0.698903;-0.375541;0;2;-119.856689;-487.173828;2030.297729;0;0.531291;-0.706342;-0.024637;0;2;29.416018;-346.187836;1862.089478;0;-0.287813;0.65215;-0.272446;0;2;33.041222;-342.479401;1639.371582;0;0.731376;0.207249;0.639465;0;2;54.395222;-328.92514;1550.406372;0;0.733455;0.219529;0.635354;0;2;72.277649;-315.330902;1449.078613;0;0.733455;0.219529;0.635354;0;2;26.863907;-334.992065;1513.83606;0;0.276415;0.483144;0.626597;0;2;-242.415649;-529.668213;1875.93396;0;0.615953;0.590048;-0.45049;0;2;-299.9039;-503.539856;1766.533081;0;-0.443454;-0.575529;0.68628;0;2;-314.986847;-297.976959;1591.430908;0;-0.381496;-0.207565;0.871281;0;2;-174.494217;-255.723862;1420.051025;0;-0.384333;-0.640973;0.663945;0;2;-177.784317;-171.676392;1366.734131;0;0.337839;0.896944;-0.217166;0;1;-263.201294;-119.187088;1385.606445;0;0.337839;0.896944;-0.217166;0;1;-275.378113;-209.484573;1409.962036;0;0.562479;-0.791514;-0.145388;0;1;-181.138031;-39.923183;1879.986572;0;0.621912;-0.257055;0.114166;0;2;-144.878799;332.191345;1790.112671;0;0.648546;-0.252701;0.123561;0;2;-133.463867;692.283875;1717.644775;0;0.678443;-0.225139;0.095711;0;2;-7.152751;790.356628;1635.144409;0;0.970793;-0.092298;0.221087;0;2;-267.159332;-67.125916;1739.980225;0;0.636769;0.2577;0.252882;0;2;-288.758698;316.217072;1751.152344;0;0.610017;0.267348;0.242663;0;2;-330.650543;683.971069;1781.265747;0;0.590799;0.109024;0.082662;0;2;-236.01181;816.984436;1753.702759;0;-0.140612;0.141362;-0.017218;0;2;-220.784225;-635.716797;1921.706177;0;0.753581;-0.320528;0.206411;0;2;-108.514885;-651.176453;1816.927002;0;0.753581;-0.320528;0.206411;0;2;-106.019241;-682.757935;1860.363647;0;0.911526;-0.080692;0.372602;0;2;-145.196411;-674.894897;1975.386719;0;0.535511;0.206411;0.320528;0;2;-138.171738;-690.645691;1822.601563;0;0.911526;-0.080692;0.372602;0;2;-254.198517;-713.412048;1865.69519;0;0.753581;-0.320528;0.206411;0;2;9060599808
-226.246811;-54.196033;1806.408813;0;0.694;-0.247432;0.135787;0;2;-213.719437;-223.214844;1831.599487;0;0.684295;-0.24938;0.132175;0;2;-205.38237;-358.294891;1852.760376;0;0.597394;-0.317637;0.158871;0;2;-223.677155;-558.251709;1908.973145;0;0.65313;-0.303874;0.183832;0;2;-200.513794;-520.356567;1924.576294;0;0.551624;-0.698743;-0.376872;0;2;-120.188004;-486.794128;2030.741455;0;0.530173;-0.707901;-0.02578;0;2;29.610403;-345.97348;1862.903564;0;-0.287621;0.654189;-0.27171;0;2;34.37236;-342.567169;1640.224243;0;0.733625;0.209708;0.635796;0;2;56.536503;-329.168243;1551.443237;0;0.735844;0.2226;0.631398;0;2;75.427666;-315.511414;1450.317627;0;0.735844;0.2226;0.631398;0;2;30.070406;-333.780243;1514.880737;0;0.279171;0.489981;0.628542;0;2;-242.254074;-529.568726;1876.096191;0;0.615063;0.588816;-0.452229;0;2;-299.093048;-503.552551;1766.34436;0;-0.442338;-0.571473;0.690283;0;2;-311.124146;-298.704254;1590.212402;0;-0.378871;-0.199147;0.873735;0;2;-168.200241;-259.696014;1420.107422;0;-0.398909;-0.628695;0.667097;0;2;-170.625366;-177.083099;1364.56665;0;0.349819;0.888347;-0.226088;0;2;-254.583603;-122.315689;1383.456909;0;0.349819;0.888347;-0.226088;0;1;-262.972351;-216.978012;1397.249878;0;0.534011;-0.789078;-0.19793;0;2;-181.037872;-39.872738;1880.029419;0;0.622001;-0.257078;0.11402;0;2;-144.875931;332.19928;1790.101685;0;0.648683;-0.25272;0.123435;0;2;-133.600403;692.253357;1717.603882;0;0.678758;-0.224991;0.095415;0;2;-7.337168;790.420532;1635.181152;0;0.97086;-0.092399;0.220772;0;2;-267.013702;-67.111977;1740.021851;0;0.636744;0.257813;0.253043;0;2;-288.590393;316.195435;1751.162842;0;0.610005;0.267464;0.242822;0;2;-330.443481;683.919434;1781.246704;0;0.590903;0.109138;0.082834;0;2;-235.787903;816.888428;1753.625366;0;-0.14046;0.141564;-0.017177;0;2;-220.708771;-635.555664;1922.022095;0;0.754363;-0.319291;0.205183;0;2;-108.062744;-650.801941;1817.639038;0;0.754363;-0.319291;0.205183;0;2;-105.692276;-682.421631;1861.048218;0;0.912156;-0.080687;0.370859;0;2;-145.283096;-674.712158;1975.927368;0;0.535621;0.205183;0.319291;0;2;-137.699173;-690.301208;1823.167603;0;0.912156;-0.080687;0.370859;0;2;-253.84584;-713.218567;1865.819946;0;0.754363;-0.319291;0.205183;0;2;9060633600
-224.270782;-54.837105;1805.091309;0;0.682308;-0.259511;0.140643;0;2;-215.128784;-223.614685;1833.052856;0;0.662919;-0.263424;0.13317;0;2;-212.708786;-358.167694;1858.522583;0;0.606142;-0.336306;0.170493;0;2;-221.499069;-558.883423;1914.218262;0;0.660349;-0.321551;0.196914;0;2;-198.864471;-520.315552;1928.903809;0;0.558656;-0.722648;-0.370273;0;2;-107.076996;-472.782043;2019.239136;0;-0.402579;0.736229;0.08114;0;2;1.248956;-326.151123;1826.401855;0;-0.189885;0.71835;-0.180528;0;2;24.449772;-329.407013;1604.909912;0;0.811134;-0.109775;0.5706;0;2;57.935646;-322.763214;1518.972778;0;0.801768;-0.057621;0.5782;0;2;88.266472;-306.423004;1421.095093;0;0.801768;-0.057621;0.5782;0;2;33.983803;-325.38501;1487.382202;0;0.524281;0.217058;0.771986;0;2;-242.636932;-530.678467;1882.50415;0;0.621816;0.600669;-0.423568;0;2;-305.139343;-508.889252;1774.951416;0;-0.359397;-0.490608;0.79063;0;2;-234.763748;-312.924713;1602.451172;0;-0.319753;-0.221701;0.903682;0;2;-77.509178;-248.337708;1454.225098;0;0.651853;0.474563;-0.586935;0;2;-99.907982;-184.504715;1381.172852;0;0.31137;0.752764;0.05523;0;2;-133.281067;-156.314163;1473.336548;0;0.31137;0.752764;0.05523;0;2;-165.211548;-189.589172;1466.358765;0;-0.432169;0.90137;0.006087;0;2;-177.069931;-40.301754;1877.39502;0;0.632268;-0.241597;0.097815;0;2;-144.878036;332.549347;1789.418579;0;0.656724;-0.238178;0.105934;0;2;-136.071228;692.577271;1716.689575;0;0.67395;-0.223785;0.092517;0;2;-7.974937;788.619873;1634.643799;0;0.97128;-0.093627;0.217864;0;2;-266.833832;-67.944267;1739.891724;0;0.63929;0.258314;0.249304;0;2;-285.713959;315.413727;1752.396851;0;0.612324;0.267912;0.238964;0;2;-325.278809;683.225952;1783.876099;0;0.593256;0.131179;0.097661;0;2;-230.63736;815.049072;1751.288452;0;-0.134034;0.167635;-0.02221;0;2;-215.309006;-636.099182;1926.580322;0;0.760303;-0.339512;0.220935;0;2;-108.638977;-646.062256;1815.523926;0;0.760303;-0.339512;0.220935;0;2;-102.169029;-677.540039;1858.609131;0;0.896683;-0.083846;0.396296;0;2;-135.019409;-671.702942;1975.686157;0;0.507798;0.220935;0.339512;0;2;-136.012573;-686.89502;1822.721436;0;0.896683;-0.083846;0.396296;0;2;-248.147781;-715.202393;1872.267212;0;0.760303;-0.339512;0.220935;0;2;9060666368
-223.86525;-61.812931;1803.439087;0;0.669242;-0.284895;0.120592;0;2;-215.996643;-228.964981;1843.268188;0;0.631149;-0.291085;0.104772;0;2;-220.655441;-360.822083;1882.029053;0;0.637365;-0.316363;0.161048;0;2;-218.708282;-564.518372;1930.203003;0;0.690157;-0.302429;0.1859;0;2;-199.073776;-525.053711;1947.243164;0;0.579536;-0.719934;-0.356493;0;2;-101.444435;-476.177887;2031.365356;0;-0.424214;0.727852;0.034041;0;2;10.313906;-341.427063;1830.512817;0;-0.232354;0.701248;-0.197935;0;2;30.769888;-336.553497;1607.879517;0;0.762232;-0.242631;0.55674;0;2;55.275543;-321.489655;1519.606201;0;0.755712;-0.227065;0.563268;0;2;80.833313;-309.546051;1419.31665;0;0.755712;-0.227065;0.563268;0;2;40.28194;-323.003082;1487.942993;0;0.577367;0.093618;0.794487;0;2;-240.476822;-536.366333;1898.582642;0;0.576168;0.587215;-0.450871;0;2;-285.310059;-519.824341;1781.135376;0;-0.297514;-0.543943;0.778553;0;2;-222.538055;-305.605164;1626.633667;0;-0.261539;-0.320491;0.894038;0;2;-73.58387;-196.204605;1495.767334;0;0.524418;-0.074998;-0.741334;0;2;-29.901712;-172.179962;1409.120728;0;0.050368;-0.574096;0.474988;0;2;4.480701;-123.191536;1492.214233;0;0.050368;-0.574096;0.474988;0;2;-12.119438;-176.672226;1398.09729;0;0.627746;0.281517;-0.721639;0;2;-175.833466;-42.613495;1874.525024;0;0.645744;-0.20851;0.064801;0;2;-145.311386;332.552856;1789.055664;0;0.669912;-0.206268;0.071711;0;2;-138.913574;694.177979;1716.512695;0;0.679652;-0.215178;0.090218;0;2;-10.139868;792.920105;1637.185547;0;0.9735;-0.089109;0.210154;0;2;-267.177643;-79.1259;1739.337891;0;0.624735;0.296103;0.295318;0;2;-284.1651;305.982513;1747.632568;0;0.586333;0.312461;0.277954;0;2;-327.839752;674.000977;1787.744995;0;0.566593;0.16968;0.118874;0;2;-242.860519;811.705078;1749.884521;0;-0.159586;0.209835;-0.034113;0;2;-208.031525;-641.928894;1940.03418;0;0.766114;-0.349425;0.268048;0;2;-113.181236;-641.660828;1817.532349;0;0.766114;-0.349425;0.268048;0;2;-100.97274;-675.17981;1858.026489;0;0.872724;-0.057542;0.436619;0;2;-121.384438;-676.823975;1978.527466;0;0.468104;0.268048;0.349425;0;2;-138.253693;-684.082764;1825.284424;0;0.872724;-0.057542;0.436619;0;2;-243.788666;-719.699829;1884.882324;0;0.766114;-0.349425;0.268048;0;2;9060700160
-224.850647;-62.503517;1805.188477;0;0.67024;-0.279599;0.109263;0;2;-217.558792;-229.884872;1846.752075;0;0.61772;-0.286973;0.088093;0;2;-227.51889;-360.781982;1889.305908;0;0.648909;-0.290361;0.162238;0;2;-225.975967;-567.035645;1929.099243;0;0.701697;-0.276415;0.185;0;2;-207.209885;-528.080811;1948.57959;0;0.607188;-0.696101;-0.339326;0;2;-109.494621;-492.609375;2039.819214;0;-0.434039;0.730787;0.039192;0;2;9.456836;-355.349945;1843.600708;0;-0.243818;0.705125;-0.19592;0;2;34.882099;-347.715332;1620.763306;0;0.700793;-0.324351;0.520936;0;2;48.571686;-324.255707;1531.640991;0;0.713782;-0.34342;0.508568;0;2;75.215462;-310.396271;1431.498047;0;0.713782;-0.34342;0.508568;0;2;40.460571;-315.943756;1499.882446;0;0.602694;0.027399;0.796961;0;2;-246.799698;-537.592346;1897.766479;0;0.559637;0.595103;-0.454714;0;2;-289.386322;-519.260437;1779.269531;0;-0.241054;-0.518554;0.817861;0;2;-195.125824;-296.585205;1653.760254;0;-0.217452;-0.298052;0.92139;0;2;-29.739603;-183.839539;1546.149048;0;-0.430639;-0.011203;0.775255;0;2;34.015892;-149.876129;1476.540771;0;-0.024784;-0.514455;0.58007;0;2;82.25827;-85.327225;1540.312134;0;-0.024784;-0.514455;0.58007;0;2;53.75407;-133.039719;1479.139648;0;-0.450424;-0.409167;0.792492;0;2;-178.444244;-42.522625;1877.512207;0;0.643487;-0.206599;0.060272;0;2;-144.944916;333.318726;1789.987061;0;0.668916;-0.204401;0.067455;0;2;-136.97023;695.891663;1715.722046;0;0.685874;-0.211547;0.086632;0;2;-8.60253;797.280273;1637.631348;0;0.974676;-0.089017;0.205045;0;2;-266.697327;-80.521164;1739.970947;0;0.625938;0.293451;0.297612;0;2;-283.790649;305.996429;1745.331787;0;0.582249;0.312088;0.278005;0;2;-331.363678;674.686401;1787.05481;0;0.557098;0.174101;0.119698;0;2;-249.283371;814.921265;1749.510742;0;-0.170281;0.213538;-0.03658;0;2;-215.102982;-645.006897;1936.109375;0;0.790537;-0.324057;0.256006;0;2;-114.816101;-634.206726;1817.792236;0;0.790537;-0.324057;0.256006;0;2;-102.884148;-669.463806;1857.130615;0;0.878759;-0.048119;0.410167;0;2;-128.462692;-678.48407;1976.75415;0;0.452216;0.256006;0.324057;0;2;-138.427353;-678.128113;1822.191772;0;0.878759;-0.048119;0.410167;0;2;-245.168716;-721.345154;1875.196167;0;0.790537;-0.324057;0.256006;0;2;9060732928
-222.955597;-59.999523;1804.880371;0;0.666287;-0.287548;0.112575;0;2;-215.944275;-226.211578;1847.510254;0;0.610787;-0.295518;0.08959;0;2;-226.825439;-355.759979;1891.650757;0;0.659084;-0.274113;0.146493;0;2;-223.587326;-561.12323;1930.267456;0;0.711881;-0.261482;0.168004;0;2;-206.503418;-522.166931;1950.680786;0;0.614438;-0.688091;-0.335888;0;2;-109.902107;-490.721924;2043.498779;0;-0.414058;0.743504;0.103878;0;2;9.39934;-336.239563;1862.768188;0;-0.187814;0.727328;-0.185963;0;2;38.102444;-343.519684;1641.47644;0;0.686562;-0.370832;0.531337;0;2;54.008255;-330.631775;1551.072876;0;0.683051;-0.365216;0.535212;0;2;74.798927;-323.401154;1449.414551;0;0.683051;-0.365216;0.535212;0;2;45.298256;-324.976898;1518.962158;0;0.608323;-0.008149;0.790818;0;1;-243.343033;-532.010437;1898.3125;0;0.54266;0.589174;-0.465631;0;2;-279.195587;-514.249817;1778.208374;0;-0.147352;-0.544137;0.819679;0;2;-180.426605;-280.58844;1682.75708;0;-0.112982;-0.292729;0.939291;0;2;1.144394;-163.35083;1616.3927;0;-0.34476;-0.158297;0.908219;0;2;76.581207;-129.74144;1560.352539;0;-0.277161;-0.419577;0.820899;0;2;127.115265;-43.973282;1537.051514;0;-0.277161;-0.419577;0.820899;0;2;79.678986;-124.905556;1550.55481;0;-0.46399;-0.358269;0.732657;0;2;-175.526581;-39.780384;1875.91333;0;0.64409;-0.209097;0.06253;0;2;-143.597885;334.250519;1788.800537;0;0.669261;-0.206838;0.069739;0;2;-136.74231;695.000793;1714.97168;0;0.694675;-0.222657;0.108576;0;2;-15.764072;800.83783;1633.220215;0;0.970086;-0.081335;0.228469;0;2;-265.724426;-78.232002;1740.826782;0;0.605762;0.326177;0.333818;0;2;-286.250641;306.122955;1746.961182;0;0.567847;0.344856;0.314482;0;2;-329.886383;673.42688;1788.081787;0;0.539202;0.217307;0.154445;0;2;-256.635559;814.839111;1741.548096;0;-0.180026;0.26859;-0.042281;0;2;-211.769257;-638.538757;1937.356689;0;0.776283;-0.364453;0.25574;0;2;-117.813507;-634.572876;1814.544922;0;0.776283;-0.364453;0.25574;0;2;-103.466499;-666.606262;1855.422974;0;0.864474;-0.076872;0.438543;0;2;-123.163696;-667.548096;1975.850952;0;0.446268;0.25574;0.364453;0;2;-140.239304;-678.214111;1823.080933;0;0.864474;-0.076872;0.438543;0;2;-243.024017;-719.037781;1883.706909;0;0.776283;-0.364453;0.25574;0;2;9060766720
-222.422806;-63.341587;1804.679932;0;0.66699;-0.284627;0.108746;0;2;-215.679382;-229.443024;1847.557129;0;0.612905;-0.292126;0.086607;0;2;-226.392563;-359.041992;1891.450073;0;0.665893;-0.265701;0.136321;0;2;-221.297073;-564.327271;1929.9104;0;0.718574;-0.253913;0.15719;0;2;-205.307602;-525.177917;1950.799805;0;0.597578;-0.69902;-0.356881;0;2;-110.189087;-483.511871;2041.02063;0;-0.405141;0.748062;0.042124;0;2;8.803494;-353.862946;1841.654785;0;-0.242574;0.730026;-0.16862;0;2;49.77269;-342.081146;1622.57251;0;0.652088;-0.299854;0.590814;0;2;48.739857;-322.811127;1531.942139;0;0.675104;-0.338398;0.569614;0;2;63.355133;-317.34729;1429.139404;0;0.675104;-0.338398;0.569614;0;2;41.752441;-325.493408;1498.318237;0;0.560069;0.000364;0.82148;0;2;-240.605804;-535.45752;1897.488525;0;0.532297;0.597316;-0.475083;0;2;-276.072144;-512.982239;1778.105225;0;-0.057923;-0.540637;0.823162;0;2;-165.330139;-276.950836;1704.340576;0;-0.012001;-0.300458;0.937875;0;2;19.814058;-150.510803;1675.739746;0;-0.213289;-0.290489;0.881735;0;2;98.824234;-93.168159;1655.160522;0;-0.239099;-0.21225;0.903765;0;2;180.135193;-40.04808;1623.336792;0;-0.239099;-0.21225;0.903765;0;2;100.808517;-84.997414;1646.665405;0;-0.297138;-0.442392;0.805199;0;2;-175.733398;-43.001621;1876.131714;0;0.646888;-0.198842;0.053306;0;2;-143.375336;331.137207;1790.206543;0;0.670799;-0.19702;0.059804;0;2;-135.119919;691.736084;1716.382568;0;0.703237;-0.225904;0.125056;0;2;-19.220613;802.25238;1633.601318;0;0.967137;-0.071938;0.242467;0;2;-264.524689;-81.683029;1740.248657;0;0.609135;0.322185;0.335151;0;2;-283.882355;302.649139;1742.447388;0;0.563886;0.344386;0.312292;0;2;-331.081024;669.068848;1786.327148;0;0.507136;0.245525;0.162718;0;2;-268.957062;815.963074;1740.795166;0;-0.210697;0.294361;-0.0561;0;2;-208.590881;-641.55481;1937.224365;0;0.775216;-0.342251;0.274428;0;2;-114.93029;-635.555237;1814.333374;0;0.775216;-0.342251;0.274428;0;2;-101.726379;-669.962158;1853.613159;0;0.869559;-0.047958;0.436058;0;2;-121.098366;-675.703003;1973.920166;0;0.454526;0.274428;0.342251;0;2;-139.00116;-678.630859;1820.951538;0;0.869559;-0.047958;0.436058;0;2;-243.087219;-718.196045;1880.087524;0;0.775216;-0.342251;0.274428;0;2;9060800512
-216.428787;-63.175499;1808.018188;0;0.665412;-0.274182;0.109854;0;2;-212.444595;-229.24942;1848.60376;0;0.62233;-0.280376;0.092915;0;2;-221.772186;-359.718201;1888.367432;0;0.664653;-0.269468;0.134108;0;2;-216.543121;-563.856567;1928.452271;0;0.717352;-0.257846;0.155286;0;2;-200.576614;-524.675354;1948.878906;0;0.579761;-0.727439;-0.348918;0;2;-100.469345;-473.209045;2027.016357;0;-0.397674;0.750942;0.050522;0;2;17.169804;-342.553528;1828.892212;0;-0.221982;0.731526;-0.177021;0;2;54.699738;-338.948364;1609.793945;0;0.635729;-0.301518;0.601157;0;2;49.855488;-320.481964;1519.48999;0;0.673448;-0.365632;0.564461;0;2;67.922813;-320.425934;1417.504395;0;0.673448;-0.365632;0.564461;0;2;48.133751;-321.753052;1483.954956;0;0.570603;0.010507;0.812919;0;2;-235.863815;-535.388489;1895.953735;0;0.534072;0.600337;-0.476899;0;2;-272.580933;-511.17926;1777.817627;0;0.029944;-0.550319;0.808685;0;2;-166.645935;-267.631073;1729.807495;0;0.083584;-0.31527;0.925974;0;2;10.587126;-129.024628;1737.651245;0;-0.148929;-0.11198;-0.060093;0;2;101.698936;-94.262558;1756.804565;0;-0.33855;-0.121599;-0.036939;0;2;177.157089;-30.9093;1782.434326;0;-0.33855;-0.121599;-0.036939;0;2;116.74633;-80.57386;1737.479858;0;-0.145204;-0.35602;0.473847;0;2;-170.79425;-44.448395;1880.168579;0;0.650511;-0.18495;0.034004;0;2;-138.077499;327.747894;1792.696167;0;0.675989;-0.183687;0.040444;0;2;-131.25827;686.465515;1716.754517;0;0.708337;-0.233299;0.140728;0;2;-20.728991;799.802551;1631.998291;0;0.962927;-0.066074;0.258821;0;2;-257.579437;-80.062553;1742.957031;0;0.607976;0.31181;0.325686;0;2;-282.985626;302.390228;1747.372681;0;0.570438;0.329642;0.307623;0;2;-331.855896;667.806396;1785.042969;0;0.51095;0.228253;0.159076;0;2;-268.569336;813.633301;1740.041992;0;-0.210305;0.279564;-0.046524;0;2;-203.846344;-640.712097;1936.37915;0;0.772679;-0.327105;0.27454;0;2;-107.635925;-636.334412;1816.178101;0;0.772679;-0.327105;0.27454;0;2;-96.552971;-671.549438;1855.107666;0;0.878479;-0.037169;0.425427;0;2;-118.759857;-678.17627;1974.392334;0;0.469678;0.27454;0.327105;0;2;-133.202911;-678.476074;1821.63562;0;0.878479;-0.037169;0.425427;0;2;-239.479111;-715.074341;1877.65564;0;0.772679;-0.327105;0.27454;0;2;9060833280
-216.531296;-66.619026;1809.47644;0;0.66475;-0.27271;0.107264;0;2;-213.124313;-232.936569;1850.550903;0;0.619583;-0.278994;0.089659;0;2;-223.616776;-363.39386;1890.993408;0;0.671687;-0.247652;0.124203;0;2;-219.184433;-568.62146;1927.617554;0;0.724623;-0.236894;0.143663;0;2;-204.362274;-529.677612;1949.522461;0;0.598569;-0.70563;-0.345634;0;2;-106.552238;-488.349609;2036.561523;0;-0.425714;0.735572;0.070459;0;2;11.448078;-342.822845;1848.570068;0;-0.22839;0.7173;-0.177512;0;2;41.15625;-335.051422;1627.935181;0;0.65896;-0.348206;0.580603;0;2;47.491928;-324.894043;1536.229492;0;0.658423;-0.347257;0.581172;0;2;58.722672;-321.843933;1433.104004;0;0.658423;-0.347257;0.581172;0;2;50.754868;-327.859558;1500.733887;0;0.62013;0.004278;0.769618;0;2;-237.154755;-539.584595;1894.712646;0;0.510024;0.594858;-0.50254;0;2;-265.948151;-511.138092;1775.065308;0;0.070843;-0.552425;0.805695;0;2;-163.288025;-262.68045;1745.685791;0;0.12551;-0.299173;0.929954;0;2;14.805391;-127.363205;1774.993896;0;-0.193194;-0.430168;0.076676;0;2;72.063148;-80.801407;1841.848633;0;-0.342877;-0.410306;0.150244;0;2;115.740097;-10.053672;1900.949097;0;-0.342877;-0.410306;0.150244;0;2;90.461754;-61.754055;1828.335205;0;0.073839;0.624188;-0.54686;0;2;-171.218658;-47.777622;1882.010132;0;0.650058;-0.18456;0.032383;0;2;-137.873291;324.949158;1793.68103;0;0.676169;-0.183321;0.038968;0;2;-131.120239;684.268738;1717.051025;0;0.708637;-0.229788;0.132691;0;2;-18.85499;797.258606;1633.360962;0;0.964929;-0.069256;0.250633;0;2;-257.391693;-83.609138;1744.069702;0;0.610243;0.308785;0.324649;0;2;-282.169891;299.665466;1746.856567;0;0.571524;0.327092;0.306192;0;2;-331.460327;665.838867;1783.892944;0;0.506406;0.217396;0.149362;0;2;-268.843933;813.251648;1742.02063;0;-0.218894;0.265027;-0.045725;0;2;-206.44368;-645.707458;1934.738037;0;0.785088;-0.31432;0.267132;0;2;-107.177895;-636.24585;1816.944458;0;0.785088;-0.31432;0.267132;0;2;-96.291931;-672.268982;1855.333984;0;0.881852;-0.033366;0.411149;0;2;-121.375587;-682.405029;1974.047363;0;0.462039;0.267132;0.31432;0;2;-132.006454;-679.12439;1820.706421;0;0.881852;-0.033366;0.411149;0;2;-239.04744;-719.432861;1873.172363;0;0.785088;-0.31432;0.267132;0;2;9060867072
-210.714569;-66.823265;1805.266235;0;0.6686;-0.257209;0.094203;0;2;-208.413193;-233.496613;1845.866455;0;0.62241;-0.262771;0.077343;0;2;-220.366974;-364.251831;1885.513672;0;0.67732;-0.247003;0.10766;0;2;-212.901413;-568.909119;1926.105957;0;0.730037;-0.237574;0.127121;0;2;-199.319733;-529.243408;1947.643555;0;0.581621;-0.71377;-0.363563;0;2;-103.70993;-480.551788;2033.58313;0;-0.415541;0.73374;0.052625;0;2;8.459478;-341.881866;1836.586426;0;-0.237679;0.716201;-0.167929;0;2;39.433136;-328.279175;1616.126953;0;0.705724;-0.330462;0.573083;0;2;56.50959;-322.109283;1525.325073;0;0.694163;-0.30551;0.586765;0;2;72.137344;-318.431;1422.663208;0;0.694163;-0.30551;0.586765;0;2;54.221928;-323.484833;1491.575928;0;0.617403;0.045813;0.764782;0;2;-230.66391;-540.794922;1892.216309;0;0.512959;0.590206;-0.486354;0;2;-258.858429;-518.772583;1770.916138;0;0.123992;-0.563611;0.777503;0;2;-168.438263;-264.683838;1746.843994;0;0.205779;-0.245276;0.928444;0;2;11.120707;-144.303528;1812.276611;0;-0.038042;-0.604384;0.272702;0;2;44.177814;-102.014664;1896.298584;0;-0.131062;-0.565618;0.34601;0;2;77.45372;-42.305378;1972.188843;0;-0.131062;-0.565618;0.34601;0;2;67.773193;-93.53891;1896.117432;0;0.13644;-0.6449;0.676845;0;2;-168.485489;-48.08622;1879.792603;0;0.654985;-0.16941;0.022022;0;2;-135.919647;325.998291;1794.885742;0;0.677685;-0.168686;0.027266;0;2;-126.877815;686.042725;1719.704346;0;0.706983;-0.228592;0.140887;0;2;-14.544688;799.3573;1636.060547;0;0.964133;-0.062641;0.255609;0;2;-248.794357;-83.719284;1738.062622;0;0.605907;0.301707;0.311925;0;2;-280.98172;299.381866;1747.418823;0;0.578743;0.314037;0.299509;0;2;-330.383362;666.454895;1779.757568;0;0.50871;0.177702;0.124985;0;2;-265.421173;814.769043;1744.317017;0;-0.225723;0.219739;-0.035037;0;2;-198.856766;-645.687256;1934.967651;0;0.759055;-0.350063;0.275757;0;2;-105.703362;-647.716614;1811.693848;0;0.759055;-0.350063;0.275757;0;2;-93.781082;-681.320679;1852.015015;0;0.872329;-0.052542;0.442522;0;2;-112.765717;-682.273132;1972.433228;0;0.474605;0.275757;0.350063;0;2;-131.526443;-689.461121;1819.813599;0;0.872329;-0.052542;0.442522;0;2;-236.827347;-722.57843;1880.557129;0;0.759055;-0.350063;0.275757;0;2;9060899840
-210.944397;-67.425629;1806.113281;0;0.668575;-0.257421;0.09356;0;2;-208.616776;-234.144531;1846.936523;0;0.623018;-0.262874;0.076916;0;2;-220.354462;-364.980865;1886.650513;0;0.681466;-0.246461;0.103408;0;2;-210.64653;-569.555237;1927.793335;0;0.733906;-0.237374;0.122839;0;2;-197.662704;-529.656067;1949.327148;0;0.576589;-0.713701;-0.373631;0;2;-103.628899;-477.917633;2035.350586;0;-0.412349;0.730395;0.056868;0;2;4.593998;-337.081055;1837.481323;0;-0.227611;0.712958;-0.168526;0;2;31.425745;-325.541931;1616.234131;0;0.674269;-0.381859;0.563236;0;2;46.229652;-321.90274;1524.844971;0;0.667491;-0.368802;0.571871;0;2;63.188889;-323.795807;1422.286255;0;0.667491;-0.368802;0.571871;0;2;41.516449;-331.285492;1492.300415;0;0.612996;-0.046417;0.769077;0;2;-228.560944;-541.720093;1893.716064;0;0.510179;0.591238;-0.483181;0;2;-256.360291;-520.531311;1772.101685;0;0.143139;-0.568329;0.761858;0;2;-171.553665;-264.525085;1746.247925;0;0.240793;-0.219591;0.924773;0;2;6.43687;-151.359253;1827.396851;0;-0.004096;-0.694013;0.091503;0;2;15.981373;-132.133331;1924.820557;0;-0.112715;-0.672006;0.196046;0;2;23.278633;-88.960869;2017.159912;0;-0.112715;-0.672006;0.196046;0;0;3.166519;-131.099976;1932.604248;0;-0.320846;0.799631;-0.389084;0;2;-168.739975;-48.576778;1880.68396;0;0.65564;-0.167383;0.020276;0;2;-136.291779;325.797485;1796.016724;0;0.678309;-0.166715;0.02545;0;2;-127.381088;686.081665;1720.943848;0;0.707576;-0.227265;0.139522;0;2;-14.758259;799.585693;1637.727051;0;0.964622;-0.062659;0.253703;0;2;-249.001999;-84.42247;1738.869507;0;0.606329;0.301241;0.312721;0;2;-281.031158;298.930878;1747.393066;0;0.579475;0.313477;0.300454;0;2;-330.09201;666.352173;1778.712402;0;0.510395;0.179619;0.128358;0;2;-264.737152;814.313293;1742.097046;0;-0.223143;0.223475;-0.034008;0;2;-195.718353;-646.180847;1936.922852;0;0.759754;-0.34198;0.272745;0;2;-100.433884;-648.520081;1815.182861;0;0.759754;-0.34198;0.272745;0;2;-89.586327;-682.529602;1855.508057;0;0.877399;-0.048956;0.434676;0;2;-110.660706;-684.013977;1975.643188;0;0.481076;0.272745;0.34198;0;2;-126.88427;-690.03656;1822.594604;0;0.877399;-0.048956;0.434676;0;2;-233.647354;-722.330383;1881.345093;0;0.759754;-0.34198;0.272745;0;2;9060933632
-210.062927;-68.332535;1808.10437;0;0.669025;-0.258802;0.094457;0;2;-207.267014;-235.817719;1849.138672;0;0.627489;-0.263886;0.079152;0;2;-217.370758;-367.585785;1888.43811;0;0.684448;-0.260253;0.104496;0;2;-202.964508;-572.298523;1932.382935;0;0.73621;-0.251035;0.12503;0;2;-190.132172;-531.684204;1953.139648;0;0.567683;-0.723966;-0.377446;0;2;-94.397041;-472.723785;2033.481079;0;-0.381384;0.738403;0.080784;0;2;7.484414;-328.732971;1832.862671;0;-0.17658;0.723213;-0.169494;0;2;31.796299;-332.564789;1610.009033;0;0.695564;-0.403834;0.507424;0;2;54.742374;-323.305115;1520.27356;0;0.694975;-0.402868;0.508191;0;2;85.095322;-320.986633;1420.35376;0;0.694975;-0.402868;0.508191;0;2;45.884392;-334.140076;1488.488281;0;0.626368;-0.086792;0.76491;0;2;-222.264725;-545.147522;1898.200562;0;0.531347;0.593607;-0.439007;0;2;-256.512787;-535.011475;1776.192261;0;0.101745;-0.602475;0.755402;0;2;-187.555313;-274.147827;1740.39209;0;0.234977;0.066447;0.963947;0;2;12.414098;-291.952148;1846.436646;0;-0.350307;0.6631;-0.087737;0;2;8.0236;-324.157196;1941.245972;0;0.230952;-0.63774;0.201711;0;2;16.226896;-331.251404;2043.342773;0;0.230952;-0.63774;0.201711;0;0;-15.047945;-318.299622;1944.946411;0;0.612539;-0.614869;0.434289;0;1;-167.428909;-49.303658;1882.867798;0;0.658138;-0.162551;0.017871;0;2;-136.135468;327.310181;1799.508301;0;0.680169;-0.16198;0.022758;0;2;-127.900215;689.552673;1725.341064;0;0.690548;-0.241963;0.158755;0;2;-14.508374;798.677734;1635.729736;0;0.958657;-0.059633;0.277739;0;2;-248.507874;-85.491714;1740.687012;0;0.607686;0.299563;0.31339;0;2;-280.191803;299.726074;1747.559082;0;0.580035;0.312188;0.300814;0;2;-329.598907;668.927063;1778.068237;0;0.521981;0.179313;0.133522;0;2;-260.358215;815.285522;1738.739014;0;-0.209273;0.22691;-0.030207;0;2;-186.377991;-648.867126;1942.264038;0;0.740956;-0.28841;0.325901;0;2;-93.23925;-650.762329;1817.963867;0;0.740956;-0.28841;0.325901;0;2;-86.404739;-690.072632;1854.509521;0;0.885593;0.02651;0.434383;0;2;-106.148392;-701.372803;1974.927368;0;0.511461;0.325901;0.28841;0;2;-124.93235;-689.260925;1821.807373;0;0.885593;0.02651;0.434383;0;2;-234.795181;-713.621826;1879.930664;0;0.740956;-0.28841;0.325901;0;2;9060966400
-210.834732;-67.007248;1810.37915;0;0.672402;-0.261823;0.100863;0;2;-205.916534;-234.798126;1850.097046;0;0.632669;-0.267099;0.085923;0;2;-213.751724;-367.078217;1888.280762;0;0.681481;-0.266667;0.093859;0;2;-199.627518;-570.665955;1937.445435;0;0.733419;-0.258281;0.114942;0;2;-186.924347;-529.53363;1957.262939;0;0.557209;-0.735185;-0.373869;0;2;-89.900581;-468.359863;2034.389771;0;-0.422891;0.748705;0.150303;0;2;38.028419;-297.973816;1873.163452;0;-0.103687;0.716089;-0.265267;0;2;48.584034;-353.534973;1656.155884;0;0.60419;-0.298254;0.609736;0;2;35.698929;-333.214233;1566.2146;0;0.682241;-0.427075;0.527581;0;2;66.591499;-341.564117;1466.76001;0;0.682241;-0.427075;0.527581;0;2;40.376556;-333.882477;1527.220459;0;0.578471;0.00868;0.80789;0;2;-218.712646;-544.377563;1902.463257;0;0.552512;0.586028;-0.406912;0;2;-256.528198;-544.288025;1781.060913;0;0.084286;-0.612851;0.749303;0;2;-192.653946;-283.405121;1736.584961;0;0.230313;0.12989;0.959255;0;2;2.68589;-329.579834;1842.802979;0;0.452731;-0.55348;0.170529;0;2;8.958261;-372.187225;1933.327881;0;0.32797;-0.515403;0.264158;0;2;35.000229;-394.497772;2030.126343;0;0.32797;-0.515403;0.264158;0;0;15.929762;-384.376984;1943.095825;0;0.601492;-0.355827;0.621472;0;2;-167.255173;-48.146687;1884.660522;0;0.663355;-0.141864;-0.000019;0;2;-136.417068;329.166901;1803.958252;0;0.684745;-0.141851;0.004122;0;2;-128.276413;691.741943;1731.025757;0;0.68029;-0.250038;0.175592;0;2;-15.539214;798.665771;1637.925537;0;0.953844;-0.053549;0.295402;0;2;-250.132324;-84.014656;1743.396362;0;0.624819;0.269971;0.281742;0;2;-278.52655;301.569672;1748.450073;0;0.594013;0.282363;0.269319;0;2;-328.931702;670.844971;1777.352661;0;0.535472;0.159554;0.119536;0;2;-254.226715;815.352539;1741.154785;0;-0.197944;0.203078;-0.026288;0;2;-183.102509;-646.976563;1949.351196;0;0.755976;-0.333012;0.332776;0;2;-100.369942;-639.629456;1818.047974;0;0.755976;-0.333012;0.332776;0;2;-85.871147;-677.125305;1854.278809;0;0.856164;-0.000167;0.470784;0;2;-94.645523;-688.569763;1976.001221;0;0.454822;0.332776;0.333012;0;2;-126.630066;-681.680176;1824.723755;0;0.856164;-0.000167;0.470784;0;2;-227.776031;-718.363892;1891.598267;0;0.755976;-0.333012;0.332776;0;2;9061000192
-211.36618;-66.848282;1812.514282;0;0.672315;-0.26154;0.100025;0;2;-206.524399;-235.194778;1852.527344;0;0.632163;-0.266816;0.084955;0;2;-214.605881;-367.876343;1891.019165;0;0.683159;-0.267183;0.097161;0;2;-199.348557;-572.371765;1939.224854;0;0.734902;-0.258531;0.118274;0;2;-186.636261;-531.147644;1959.243896;0;0.564783;-0.727678;-0.375214;0;2;-89.960655;-471.626923;2038.930908;0;-0.439346;0.73448;0.114263;0;2;34.712502;-307.774231;1867.166992;0;-0.142234;0.698773;-0.253445;0;2;38.544468;-345.639984;1645.36438;0;0.712659;-0.234242;0.591103;0;2;48.044319;-323.797607;1555.020142;0;0.733187;-0.278638;0.571518;0;2;72.200668;-320.111328;1453.064087;0;0.733187;-0.278638;0.571518;0;2;50.200901;-328.578857;1518.361694;0;0.597237;0.111687;0.771858;0;2;-218.817108;-545.886841;1904.373047;0;0.551926;0.586965;-0.402823;0;2;-256.880859;-546.713135;1782.582886;0;0.114458;-0.609265;0.73101;0;2;-193.664352;-285.520752;1733.367432;0;0.284705;0.10314;0.946014;0;2;-7.5645;-314.992004;1861.560669;0;0.503097;-0.526212;0.247172;0;2;-5.216676;-355.2388;1953.72876;0;0.384176;-0.475185;0.33495;0;2;20.878244;-379.225372;2050.495605;0;0.384176;-0.475185;0.33495;0;0;22.151178;-389.691193;1951.98938;0;0.555254;-0.174135;0.713377;0;2;-167.754333;-47.863194;1887.112793;0;0.66334;-0.142029;0.002051;0;2;-136.828949;330.985657;1807.102295;0;0.684867;-0.141953;0.006224;0;2;-128.805756;695.044189;1734.944458;0;0.662698;-0.257464;0.176518;0;2;-12.370438;795.466553;1637.994751;0;0.951617;-0.058294;0.301305;0;2;-250.692902;-83.967979;1745.245728;0;0.627385;0.265788;0.279824;0;2;-278.432404;303.045959;1748.510742;0;0.5942;0.278999;0.266652;0;2;-330.264954;673.459351;1777.35022;0;0.548321;0.147605;0.114426;0;2;-250.635773;816.126465;1741.650635;0;-0.184893;0.191027;-0.021578;0;2;-182.399933;-648.945984;1950.679321;0;0.752547;-0.300266;0.340903;0;2;-95.022911;-641.766357;1821.749634;0;0.752547;-0.300266;0.340903;0;2;-84.003487;-681.639282;1856.937378;0;0.86925;0.028734;0.453375;0;2;-97.304626;-697.296448;1978.214233;0;0.476759;0.340903;0.300266;0;2;-124.170616;-682.420044;1825.961182;0;0.86925;0.028734;0.453375;0;2;-229.821243;-715.248962;1888.583984;0;0.752547;-0.300266;0.340903;0;2;9061032960
-210.192978;-63.961723;1814.025757;0;0.685595;-0.247809;0.10442;0;2;-201.572235;-232.876511;1848.405396;0;0.63233;-0.255013;0.08533;0;2;-211.271469;-365.658203;1884.646606;0;0.678558;-0.267681;0.08553;0;2;-198.586639;-568.661072;1937.014771;0;0.730797;-0.25996;0.10672;0;2;-185.922897;-527.268738;1956.373901;0;0.555568;-0.729039;-0.382533;0;2;-91.839905;-467.997223;2038.598022;0;-0.472783;0.727136;0.086519;0;2;43.033577;-310.452209;1869.900146;0;-0.195029;0.685718;-0.256912;0;2;46.733768;-332.402802;1646.626831;0;0.708952;-0.241712;0.630076;0;2;57.056545;-325.163391;1554.328369;0;0.696394;-0.206117;0.642601;0;2;62.795101;-317.306122;1450.248047;0;0.696394;-0.206117;0.642601;0;2;35.572376;-330.687775;1526.136475;0;0.506583;0.062035;0.831564;0;2;-217.169189;-542.80249;1901.411133;0;0.559756;0.561522;-0.388786;0;2;-249.900116;-554.091064;1778.986938;0;0.224776;-0.556354;0.694694;0;2;-173.658554;-294.955658;1743.827148;0;0.438602;0.091877;0.885261;0;2;-37.695782;-307.103607;1925.474365;0;0.477907;-0.409089;0.247122;0;2;-8.794851;-358.319122;2006.729126;0;0.342594;-0.359934;0.314438;0;0;43.212578;-392.005341;2088.692627;0;0.342594;-0.359934;0.314438;0;0;37.192898;-397.799805;1957.588013;0;0.308218;0.025344;0.769879;0;1;-167.987122;-46.450459;1889.47937;0;0.661857;-0.149972;0.010157;0;2;-137.427216;331.232849;1809.373657;0;0.681785;-0.149684;0.014229;0;2;-127.978203;694.142151;1737.225586;0;0.655486;-0.267984;0.190231;0;2;-14.174282;792.998962;1636.615112;0;0.946054;-0.056118;0.318479;0;2;-248.251862;-79.752403;1745.98584;0;0.650666;0.224443;0.234348;0;2;-268.569794;306.587463;1747.22937;0;0.599514;0.240824;0.217476;0;2;-330.34848;673.88031;1781.501709;0;0.545232;0.190033;0.138129;0;2;-253.519302;815.661682;1739.078979;0;-0.179802;0.237785;-0.034659;0;2;-182.521713;-644.896729;1950.24707;0;0.74852;-0.308051;0.332908;0;2;-94.603645;-641.511292;1822.087524;0;0.74852;-0.308051;0.332908;0;2;-83.998383;-680.36731;1858.278931;0;0.871332;0.017576;0.453227;0;2;-98.051788;-692.710693;1979.485962;0;0.48373;0.332908;0.308051;0;2;-123.864174;-681.798706;1827.181641;0;0.871332;0.017576;0.453227;0;2;-229.715286;-712.426514;1889.820801;0;0.74852;-0.308051;0.332908;0;2;9061066752
-209.057541;-66.031448;1814.668091;0;0.685927;-0.247646;0.104582;0;2;-200.29248;-235.263016;1848.994507;0;0.633049;-0.254819;0.085633;0;2;-209.78479;-368.337921;1885.149536;0;0.678707;-0.26141;0.088856;0;2;-198.390381;-572.418579;1935.066406;0;0.731095;-0.253442;0.109533;0;2;-185.588913;-531.270508;1955.052246;0;0.576479;-0.719631;-0.362642;0;2;-88.555672;-480.565552;2039.947266;0;-0.483836;0.719073;0.092728;0;2;45.974693;-317.827393;1875.19751;0;-0.193275;0.676946;-0.25963;0;2;44.001762;-339.402802;1651.465088;0;0.726947;-0.264145;0.598885;0;2;60.936302;-332.234161;1559.973511;0;0.714091;-0.229977;0.612818;0;2;74.092377;-324.620239;1456.362671;0;0.714091;-0.229977;0.612818;0;2;43.063484;-338.190063;1529.804077;0;0.546021;0.05763;0.808903;0;2;-216.691727;-545.963867;1899.641479;0;0.560033;0.56459;-0.389223;0;2;-250.440598;-556.31134;1777.175293;0;0.196997;-0.564612;0.709527;0;2;-172.721298;-297.594147;1738.584473;0;0.407633;0.139083;0.896031;0;2;-29.549494;-334.324554;1911.690186;0;0.477679;-0.39525;0.344555;0;2;1.226744;-376.841278;1997.373291;0;0.347926;-0.329366;0.407993;0;0;56.906097;-404.843414;2079.292969;0;0.347926;-0.329366;0.407993;0;0;29.929533;-405.333649;1983.168945;0;0.39484;-0.103055;0.817605;0;0;-166.78363;-48.508263;1890.26416;0;0.66265;-0.150245;0.010992;0;2;-137.047836;329.994904;1810.387451;0;0.683131;-0.149921;0.015192;0;2;-128.998016;693.687622;1738.637695;0;0.661932;-0.264375;0.187614;0;2;-15.554935;794.953674;1639.445313;0;0.947701;-0.055359;0.31407;0;2;-247.17778;-81.832878;1746.499756;0;0.650729;0.222039;0.233352;0;2;-268.300507;305.1539;1747.139893;0;0.601289;0.237825;0.217238;0;2;-329.667877;673.359009;1779.575073;0;0.548943;0.175497;0.129127;0;2;-250.841263;815.077637;1739.50647;0;-0.178743;0.221151;-0.030819;0;2;-182.757675;-649.035706;1947.423828;0;0.759848;-0.29015;0.330338;0;2;-91.459961;-640.545959;1821.548706;0;0.759848;-0.29015;0.330338;0;2;-81.442528;-680.622559;1856.705933;0;0.875909;0.028418;0.438751;0;2;-98.51815;-697.288452;1977.226318;0;0.478875;0.330338;0.29015;0;2;-120.556038;-681.274536;1824.50061;0;0.875909;0.028418;0.438751;0;2;-227.906052;-714.899475;1883.396118;0;0.759848;-0.29015;0.330338;0;2;9061099520
-205.684769;-65.617462;1814.613037;0;0.68282;-0.241427;0.101661;0;2;-199.462326;-234.887955;1848.717163;0;0.626023;-0.248791;0.082005;0;2;-212.230728;-367.551483;1885.020508;0;0.679194;-0.270297;0.095001;0;2;-198.568924;-571.295959;1935.145752;0;0.731196;-0.261808;0.116371;0;2;-185.552612;-530.052673;1954.716431;0;0.565936;-0.73399;-0.361496;0;2;-86.139915;-472.482788;2031.98645;0;-0.474354;0.710351;0.091114;0;2;36.763294;-307.852081;1860.464478;0;-0.188246;0.673575;-0.243304;0;2;31.884205;-324.641357;1636.517822;0;0.674768;-0.36901;0.575074;0;2;45.36795;-321.288269;1544.300049;0;0.670573;-0.360472;0.580464;0;2;62.029778;-324.537292;1441.036621;0;0.670573;-0.360472;0.580464;0;2;33.720432;-331.117798;1513.381714;0;0.580294;-0.05187;0.794273;0;2;-217.809525;-545.054443;1900.105469;0;0.556014;0.569651;-0.395034;0;2;-251.855728;-552.682129;1777.610962;0;0.181055;-0.564869;0.713303;0;2;-171.059631;-296.069214;1733.046875;0;0.384956;0.061197;0.907818;0;2;-12.710452;-294.251556;1896.342896;0;0.476336;-0.437937;0.5856;0;2;9.55782;-295.522675;1994.247803;0;0.418388;-0.369282;0.631147;0;0;48.354332;-293.944641;2089.501465;0;0.418388;-0.369282;0.631147;0;0;23.501635;-365.631653;1987.024536;0;0.399129;0.101615;0.896104;0;0;-164.343704;-48.747402;1890.801758;0;0.664409;-0.149338;0.007867;0;2;-136.227341;329.428406;1810.057861;0;0.684332;-0.149112;0.011934;0;2;-129.220337;692.677856;1737.247681;0;0.671977;-0.256615;0.177493;0;2;-15.587397;796.664978;1641.366211;0;0.951794;-0.056931;0.301398;0;2;-242.963821;-80.829941;1745.910156;0;0.649486;0.215724;0.223676;0;2;-267.465149;305.682068;1749.34375;0;0.604588;0.229437;0.209584;0;2;-328.74707;673.758423;1780.468872;0;0.548741;0.175104;0.129022;0;2;-250.034485;815.428101;1740.470581;0;-0.179053;0.220798;-0.030615;0;2;-182.241531;-647.741211;1947.327881;0;0.762251;-0.309889;0.31784;0;2;-91.633064;-640.592529;1821.001465;0;0.762251;-0.309889;0.31784;0;2;-80.169167;-679.003174;1857.494629;0;0.8721;0.005622;0.443871;0;2;-96.379921;-691.952759;1978.505981;0;0.471085;0.31784;0.309889;0;2;-119.282524;-682.138916;1825.48938;0;0.8721;0.005622;0.443871;0;2;-225.206528;-717.300476;1885.867065;0;0.762251;-0.309889;0.31784;0;2;9061133312
-205.560089;-64.819656;1816.718262;0;0.685609;-0.245432;0.099709;0;2;-197.358093;-233.460068;1851.73291;0;0.636536;-0.251802;0.082309;0;2;-206.025604;-366.28772;1887.575073;0;0.674567;-0.269961;0.102138;0;2;-195.092224;-570.144165;1936.094971;0;0.726881;-0.260901;0.123458;0;2;-181.319168;-529.323792;1955.799805;0;0.576773;-0.712562;-0.373206;0;2;-87.252548;-478.549408;2043.339966;0;-0.440363;0.721961;0.106844;0;2;27.674496;-314.338196;1866.808472;0;-0.17757;0.699301;-0.208855;0;2;36.889454;-327.262054;1643.200317;0;0.662644;-0.388911;0.559038;0;2;49.476578;-321.808319;1551.147949;0;0.668053;-0.398738;0.552072;0;2;71.467987;-325.942749;1449.136841;0;0.668053;-0.398738;0.552072;0;2;44.084492;-328.409302;1518.232178;0;0.608059;-0.055672;0.778728;0;2;-214.173065;-543.424683;1901.463623;0;0.562681;0.579972;-0.398409;0;2;-253.062073;-546.754028;1780.497437;0;0.080651;-0.592205;0.748946;0;2;-175.34407;-292.787292;1721.146851;0;0.213596;-0.135258;0.945162;0;2;22.644476;-214.694336;1800.108154;0;0.18715;-0.584617;0.440853;0;2;55.511162;-188.114716;1890.966187;0;0.070183;-0.498859;0.535974;0;2;106.060959;-142.981888;1968.073975;0;0.070183;-0.498859;0.535974;0;2;73.425529;-187.722458;1896.039185;0;0.283045;-0.506844;0.793398;0;2;-164.178543;-47.077137;1892.477539;0;0.659924;-0.168975;0.021783;0;2;-136.360214;329.47406;1807.914429;0;0.680905;-0.168318;0.026638;0;2;-130.416092;691.47406;1732.663086;0;0.680696;-0.248696;0.155798;0;2;-15.15194;796.300903;1640.409912;0;0.957566;-0.066566;0.280392;0;2;-242.875641;-80.818871;1748.40271;0;0.646958;0.22037;0.232654;0;2;-268.294678;304.855957;1749.919067;0;0.599306;0.235498;0.217325;0;2;-332.098816;671.671631;1781.691284;0;0.544085;0.177533;0.131897;0;2;-255.303802;813.858398;1741.219849;0;-0.183874;0.224537;-0.030256;0;2;-179.866287;-646.755249;1947.597412;0;0.755841;-0.292144;0.324204;0;2;-87.460846;-641.648621;1822.873535;0;0.755841;-0.292144;0.324204;0;2;-78.345383;-681.126343;1858.720825;0;0.879604;0.02267;0.435824;0;2;-96.79277;-695.432861;1979.00354;0;0.488106;0.324204;0.292144;0;2;-117.034821;-681.831909;1826.221069;0;0.879604;0.02267;0.435824;0;2;-225.106171;-712.955261;1884.428711;0;0.755841;-0.292144;0.324204;0;2;9061167104
-195.805847;-62.430462;1814.093262;0;0.677967;-0.257592;0.106637;0;2;-189.127274;-228.920914;1850.436646;0;0.622225;-0.265198;0.085994;0;2;-200.723083;-359.252655;1888.747803;0;0.663997;-0.258025;0.128327;0;2;-198.38739;-563.078552;1927.74231;0;0.71719;-0.246903;0.148605;0;2;-182.661163;-524.256287;1948.739014;0;0.59865;-0.697545;-0.35072;0;2;-88.385338;-486.683197;2040.248169;0;-0.459697;0.70943;0.078611;0;2;24.999275;-328.887146;1861.291016;0;-0.206642;0.680589;-0.215103;0;2;27.616264;-332.484131;1639.622559;0;0.693495;-0.381545;0.551794;0;2;47.437305;-329.982666;1549.768311;0;0.691792;-0.37799;0.554235;0;2;72.527168;-335.081146;1449.700073;0;0.691792;-0.37799;0.554235;0;2;37.109024;-332.931;1518.130005;0;0.60519;-0.02581;0.781307;0;2;-216.535919;-534.346619;1894.988892;0;0.55472;0.59329;-0.434678;0;2;-256.690735;-523.765259;1776.331543;0;0.045965;-0.55029;0.782927;0;2;-151.682053;-284.748199;1710.828247;0;0.154848;-0.198399;0.936179;0;2;44.395359;-184.280457;1754.060181;0;-0.114623;-0.381534;0.154826;0;2;114.892052;-146.896423;1812.843872;0;-0.203997;-0.364238;0.192016;0;2;181.031113;-95.903961;1870.580078;0;-0.203997;-0.364238;0.192016;0;2;137.830048;-134.156158;1795.144287;0;-0.058227;-0.526646;0.641321;0;2;-152.659698;-44.630535;1887.706543;0;0.660126;-0.187957;0.040997;0;2;-130.535599;328.127686;1803.9646;0;0.681175;-0.186718;0.046457;0;2;-129.704254;686.432739;1730.635986;0;0.701732;-0.250207;0.165202;0;2;-23.858488;799.10437;1640.236938;0;0.954958;-0.060827;0.288145;0;2;-234.712631;-78.481445;1747.712891;0;0.633557;0.240442;0.256577;0;2;-265.901733;302.51358;1750.121094;0;0.591211;0.255439;0.241648;0;2;-328.893463;665.325623;1781.565308;0;0.49784;0.208554;0.145099;0;2;-269.186981;813.633972;1741.727173;0;-0.230771;0.255747;-0.042455;0;2;-186.624084;-639.876404;1935.563843;0;0.746889;-0.351497;0.260331;0;2;-90.200363;-650.466675;1816.46228;0;0.746889;-0.351497;0.260331;0;2;-81.034286;-682.659729;1858.204102;0;0.882274;-0.064464;0.432627;0;2;-103.857079;-678.025269;1977.129272;0;0.500835;0.260331;0.351497;0;2;-117.77803;-690.567322;1825.260498;0;0.882274;-0.064464;0.432627;0;2;-225.627823;-716.901733;1883.238403;0;0.746889;-0.351497;0.260331;0;2;9061199872
-191.503082;-63.247478;1815.538696;0;0.67891;-0.253321;0.095846;0;2;-185.134705;-230.034439;1853.649536;0;0.623253;-0.260062;0.075668;0;2;-197.163635;-360.581665;1892.968384;0;0.669344;-0.244363;0.119836;0;2;-194.723373;-565.522278;1930.380493;0;0.722626;-0.233966;0.139046;0;2;-179.880524;-526.640076;1952.295898;0;0.590763;-0.687637;-0.374672;0;2;-91.577751;-487.455963;2049.692627;0;-0.430763;0.722765;0.103926;0;2;18.711708;-326.453979;1870.140259;0;-0.190483;0.706251;-0.185472;0;2;34.324841;-329.127075;1648.130371;0;0.660079;-0.391921;0.565313;0;2;46.724552;-325.779816;1556.621338;0;0.650004;-0.373493;0.577654;0;2;59.582962;-326.985474;1453.736084;0;0.650004;-0.373493;0.577654;0;2;51.920059;-331.16629;1521.850342;0;0.645641;-0.025436;0.743729;0;2;-212.066376;-536.501892;1897.183105;0;0.534523;0.592159;-0.460974;0;2;-246.485764;-520.053589;1776.884644;0;-0.009245;-0.544818;0.799612;0;2;-136.735046;-285.889374;1698.574585;0;0.074643;-0.25013;0.934687;0;2;57.94178;-172.380066;1702.817749;0;-0.054137;-0.308086;0.407785;0;2;141.671158;-137.19693;1743.448853;0;-0.094651;-0.288453;0.421901;0;2;224.8069;-95.906067;1785.541748;0;-0.094651;-0.288453;0.421901;0;2;166.068695;-141.211212;1722.842163;0;-0.09202;-0.384978;0.823368;0;2;-149.861694;-44.59692;1890.202026;0;0.658795;-0.19659;0.04607;0;2;-128.853836;329.204742;1804.053223;0;0.680465;-0.19515;0.051965;0;2;-129.673523;688.619995;1729.077637;0;0.689751;-0.252614;0.151077;0;2;-18.359631;795.584717;1636.949829;0;0.957152;-0.072597;0.279808;0;2;-229.052948;-80.065506;1748.211426;0;0.630486;0.242447;0.264469;0;2;-262.598969;302.227203;1748.313965;0;0.584522;0.259172;0.248096;0;2;-330.244843;665.586487;1780.661377;0;0.500343;0.190231;0.134949;0;2;-268.859192;814.519165;1743.119263;0;-0.232199;0.235619;-0.036748;0;2;-182.662491;-642.609192;1937.934814;0;0.747678;-0.285542;0.30105;0;2;-84.342194;-646.284058;1819.199341;0;0.747678;-0.285542;0.30105;0;2;-78.987999;-684.447571;1856.615112;0;0.895303;0.010966;0.414783;0;2;-104.239342;-693.261169;1975.293457;0;0.518471;0.30105;0.285542;0;2;-115.628754;-684.706909;1822.340576;0;0.895303;0.010966;0.414783;0;2;-227.141006;-708.668396;1875.25061;0;0.747678;-0.285542;0.30105;0;2;9061233664
-191.489441;-63.238205;1815.490356;0;0.678923;-0.253277;0.095904;0;2;-185.122726;-230.031372;1853.576904;0;0.623294;-0.26002;0.075739;0;2;-197.143661;-360.586823;1892.872559;0;0.66929;-0.244391;0.120134;0;2;-194.72789;-565.541626;1930.21167;0;0.722572;-0.23397;0.139346;0;2;-179.867142;-526.670044;1952.134155;0;0.590998;-0.687593;-0.374375;0;2;-91.50444;-487.560974;2049.507324;0;-0.431028;0.722565;0.104032;0;2;18.752888;-326.446167;1870.035156;0;-0.190877;0.706154;-0.185119;0;2;34.372028;-328.877899;1648.022217;0;0.661048;-0.391264;0.564357;0;2;46.913788;-325.274078;1556.54187;0;0.652669;-0.37593;0.574685;0;2;60.870975;-326.756958;1453.803223;0;0.652669;-0.37593;0.574685;0;2;51.923161;-330.293884;1521.769775;0;0.645442;-0.024121;0.744514;0;2;-212.08017;-536.506042;1897.032471;0;0.534752;0.592288;-0.460626;0;2;-246.600204;-520.103394;1776.756348;0;-0.009484;-0.544741;0.79925;0;2;-136.806168;-286.117432;1697.972778;0;0.074815;-0.250304;0.934286;0;2;57.820663;-172.516815;1702.107544;0;-0.054938;-0.306646;0.408382;0;2;141.685211;-137.287445;1742.419189;0;-0.09724;-0.286106;0.423026;0;2;224.994904;-95.682831;1783.855103;0;-0.09724;-0.286106;0.423026;0;2;166.227783;-141.573029;1721.371826;0;-0.094625;-0.38209;0.82454;0;2;-149.846268;-44.599041;1890.155884;0;0.658843;-0.196405;0.04605;0;2;-128.831055;329.225067;1804.100098;0;0.680535;-0.194964;0.051945;0;2;-129.667664;688.660522;1729.215576;0;0.690002;-0.252358;0.151027;0;2;-18.368744;795.722717;1637.181641;0;0.957221;-0.07245;0.279592;0;2;-229.040924;-80.045959;1748.161133;0;0.630473;0.24249;0.26443;0;2;-262.583649;302.248413;1748.309692;0;0.584528;0.259206;0.248063;0;2;-330.211639;665.609619;1780.688354;0;0.500423;0.190415;0.135063;0;2;-268.805328;814.525146;1743.109375;0;-0.232066;0.235831;-0.036798;0;2;-182.679153;-642.633911;1937.733398;0;0.747738;-0.285562;0.30159;0;2;-84.479042;-646.174805;1818.893799;0;0.747738;-0.285562;0.30159;0;2;-79.071877;-684.366821;1856.273193;0;0.895054;0.011334;0.415179;0;2;-104.198112;-693.28656;1974.970581;0;0.51806;0.30159;0.285562;0;2;-115.747826;-684.612305;1822.036011;0;0.895054;0.011334;0.415179;0;2;-227.196945;-708.659485;1875.041016;0;0.747738;-0.285562;0.30159;0;2;9061266432
-188.121658;-63.130848;1817.335083;0;0.677806;-0.264509;0.106219;0;2;-180.260056;-229.531342;1855.254761;0;0.628402;-0.271332;0.08733;0;2;-188.867569;-360.247437;1893.912964;0;0.659295;-0.257157;0.14146;0;2;-189.291992;-565.062622;1929.634644;0;0.712684;-0.244985;0.161627;0;2;-172.555618;-526.783936;1951.031982;0;0.600145;-0.703036;-0.341715;0;2;-75.514259;-488.892334;2039.844971;0;-0.454892;0.708187;0.146313;0;2;34.814819;-308.916229;1880.259033;0;-0.155863;0.693442;-0.205119;0;2;37.104912;-325.512726;1658.781372;0;0.677708;-0.417847;0.535492;0;2;57.672737;-324.200714;1568.900757;0;0.647943;-0.365191;0.572699;0;2;68.681526;-321.260956;1466.053345;0;0.647943;-0.365191;0.572699;0;2;47.574963;-325.849365;1537.000977;0;0.6138;-0.057971;0.777304;0;2;-207.519531;-535.451416;1897.593994;0;0.536812;0.589245;-0.474877;0;2;-241.618088;-515.402405;1778.02832;0;-0.118491;-0.54358;0.798168;0;2;-138.895309;-296.192108;1659.279175;0;-0.053227;-0.313399;0.913418;0;2;40.568977;-173.50415;1601.572144;0;-0.11468;-0.227054;0.300692;0;2;128.672668;-136.346573;1628.314697;0;-0.135756;-0.220089;0.305826;0;2;216.780685;-97.350403;1660.892578;0;-0.135756;-0.220089;0.305826;0;2;152.390625;-149.166183;1569.367676;0;-0.269983;-0.229801;0.804275;0;2;-144.241409;-44.392735;1890.465088;0;0.663723;-0.196762;0.048225;0;2;-128.326447;329.308136;1806.379272;0;0.683512;-0.19539;0.053639;0;2;-132.258728;688.218567;1732.841553;0;0.692644;-0.252844;0.151942;0;2;-22.250906;796.151428;1641.004517;0;0.956871;-0.072126;0.280586;0;2;-227.69043;-80.027832;1751.390625;0;0.620526;0.26397;0.298087;0;2;-262.361969;301.327515;1746.307251;0;0.569334;0.285197;0.277839;0;2;-332.354034;663.227722;1781.069824;0;0.511988;0.183436;0.13762;0;2;-267.398041;809.759766;1741.652466;0;-0.219664;0.2327;-0.03014;0;2;-178.663254;-642.298828;1936.033447;0;0.736957;-0.327638;0.310195;0;2;-89.210388;-649.143555;1811.010376;0;0.736957;-0.327638;0.310195;0;2;-79.937843;-685.075806;1849.687988;0;0.877005;-0.012335;0.451016;0;2;-96.288956;-688.500854;1969.934082;0;0.503316;0.310195;0.327638;0;2;-118.826782;-688.187378;1818.305786;0;0.877005;-0.012335;0.451016;0;2;-225.180542;-712.651428;1880.218384;0;0.736957;-0.327638;0.310195;0;2;9061300224
-192.122665;-68.107979;1816.572144;0;0.687779;-0.263559;0.090763;0;2;-179.751633;-234.454208;1857.008667;0;0.632767;-0.269897;0.069691;0;2;-187.101364;-365.065277;1898.418701;0;0.660175;-0.212775;0.123298;0;2;-195.795197;-571.658081;1927.910034;0;0.714963;-0.202202;0.139964;0;2;-180.192169;-534.268738;1952.039063;0;0.604978;-0.639992;-0.368578;0;2;-104.389687;-518.906982;2065.758789;0;0.501267;-0.689753;-0.063811;0;2;16.324848;-357.292694;1892.584961;0;-0.278741;0.665839;-0.191021;0;2;25.713741;-331.308472;1671.165283;0;0.705089;-0.294028;0.568086;0;2;38.134148;-314.296509;1580.952026;0;0.731839;-0.348627;0.536315;0;2;70.80291;-317.409698;1482.312988;0;0.731839;-0.348627;0.536315;0;2;48.895969;-316.164063;1544.660645;0;0.647756;0.090443;0.73715;0;2;-210.262131;-540.55835;1895.048218;0;0.515723;0.581023;-0.503585;0;2;-236.466675;-515.841675;1773.763672;0;-0.19668;-0.542129;0.795126;0;2;-145.766388;-302.291718;1633.942749;0;-0.154703;-0.370218;0.888295;0;2;7.437766;-169.294418;1534.450317;0;-0.075176;-0.342678;0.086718;0;2;85.150032;-143.424484;1591.380005;0;-0.129085;-0.337076;0.106431;0;2;160.705734;-111.652;1652.394165;0;-0.129085;-0.337076;0.106431;0;2;114.504761;-150.184006;1476.109741;0;-0.359897;-0.102522;0.770532;0;2;-150.177338;-46.978233;1890.662354;0;0.646475;-0.234804;0.090858;0;2;-129.427597;328.09433;1805.646973;0;0.667894;-0.232005;0.097851;0;2;-129.360947;689.162476;1734.139648;0;0.689481;-0.253608;0.149167;0;2;-17.683544;796.065002;1641.493042;0;0.957192;-0.074651;0.279153;0;2;-229.946609;-87.161598;1749.761963;0;0.627612;0.252833;0.283523;0;2;-262.401764;296.169708;1745.046143;0;0.576319;0.272944;0.264211;0;2;-331.850983;660.029541;1778.688477;0;0.509553;0.162182;0.117694;0;2;-266.2005;808.542419;1745.058594;0;-0.227699;0.203605;-0.029272;0;2;-187.6129;-649.653931;1932.981934;0;0.766501;-0.286966;0.299796;0;2;-89.630257;-644.192078;1813.531494;0;0.766501;-0.286966;0.299796;0;2;-81.654213;-682.931458;1850.073486;0;0.888588;0.009072;0.414903;0;2;-105.738541;-696.234619;1968.891479;0;0.490152;0.299796;0.286966;0;2;-118.475853;-684.689758;1815.850952;0;0.888588;0.009072;0.414903;0;2;-228.245728;-717.034973;1868.699585;0;0.766501;-0.286966;0.299796;0;2;9061332992
-189.711349;-64.651466;1814.849243;0;0.687393;-0.267676;0.095594;0;2;-176.78801;-230.610703;1854.857178;0;0.634731;-0.274155;0.07502;0;2;-182.803558;-361.087982;1895.750244;0;0.651853;-0.256883;0.137874;0;2;-187.35463;-565.888733;1933.711182;0;0.705894;-0.244999;0.158031;0;2;-170.010696;-527.625549;1954.865112;0;0.593029;-0.700463;-0.34819;0;2;-76.088387;-491.766083;2048.198486;0;-0.472415;0.688076;0.061508;0;2;28.195351;-332.179016;1863.863403;0;0.249233;-0.665614;0.184906;0;2;30.492111;-311.666016;1642.251221;0;0.736141;-0.384685;0.51047;0;2;62.598625;-309.781403;1555.624146;0;0.711841;-0.334773;0.544509;0;2;87.233566;-304.616089;1455.034302;0;0.711841;-0.334773;0.544509;0;2;45.998947;-319.498505;1525.084839;0;0.61568;-0.049356;0.768635;0;2;-204.833206;-536.223145;1901.162598;0;0.554334;0.593542;-0.459289;0;2;-245.110825;-517.761841;1782.995728;0;-0.27983;-0.536242;0.76924;0;2;-172.621201;-325.988251;1606.993652;0;-0.22467;-0.343977;0.872333;0;2;-23.322403;-217.5672;1477.553223;0;-0.109035;-0.316778;0.18064;0;2;56.162045;-181.430283;1525.254639;0;-0.237207;-0.288423;0.22314;0;2;129.656708;-124.77314;1567.403442;0;-0.237207;-0.288423;0.22314;0;2;78.517586;-216.785019;1408.373047;0;-0.397513;-0.021881;0.81443;0;2;-146.903778;-43.632565;1888.211304;0;0.651474;-0.229276;0.085924;0;2;-129.221313;330.938995;1804.723145;0;0.671275;-0.226834;0.092248;0;2;-130.736252;691.142456;1733.667236;0;0.685002;-0.258711;0.155254;0;2;-19.839495;796.593201;1639.322021;0;0.954958;-0.074005;0.28708;0;2;-228.31282;-83.605141;1748.695435;0;0.625469;0.254505;0.284403;0;2;-262.095703;298.644836;1745.099365;0;0.572284;0.275343;0.264274;0;2;-333.832397;660.862061;1781.171631;0;0.51444;0.175498;0.128408;0;2;-267.309784;807.721008;1744.224976;0;-0.21911;0.220594;-0.031093;0;2;-178.212738;-643.398804;1941.017334;0;0.732381;-0.354589;0.319135;0;2;-95.320625;-650.414429;1811.180786;0;0.732381;-0.354589;0.319135;0;2;-82.772072;-685.181702;1850.1521;0;0.86141;-0.02507;0.476395;0;2;-92.481194;-686.264648;1971.412354;0;0.485837;0.319135;0.354589;0;2;-123.266441;-690.266479;1820.969238;0;0.86141;-0.02507;0.476395;0;2;-225.46492;-716.633118;1889.295166;0;0.732381;-0.354589;0.319135;0;2;9061366784
-186.223618;-64.997963;1812.124146;0;0.681874;-0.27184;0.120069;0;2;-175.064407;-232.105469;1847.644409;0;0.638883;-0.278796;0.10289;0;2;-178.929825;-364.055084;1883.807373;0;0.636727;-0.27114;0.157084;0;2;-188.439194;-568.600891;1922.241699;0;0.691176;-0.25767;0.178321;0;2;-168.871948;-530.931213;1942.504028;0;0.585398;-0.713203;-0.342613;0;2;-72.473648;-492.289276;2032.132446;0;0.505533;-0.689573;-0.06159;0;2;50.083385;-331.70462;1860.326172;0;0.238051;-0.650122;0.238003;0;2;40.881134;-328.397827;1637.965942;0;0.729719;0.065592;0.66162;0;2;54.062748;-336.207062;1546.838501;0;0.745742;0.168924;0.643046;0;2;71.621399;-320.286682;1445.890503;0;0.745742;0.168924;0.643046;0;2;40.24931;-323.788116;1517.291992;0;0.367392;0.444961;0.686853;0;2;-206.43779;-538.372314;1890.503418;0;0.55149;0.577364;-0.491755;0;2;-241.141083;-515.066772;1771.425293;0;-0.335963;-0.534162;0.748324;0;2;-186.127487;-336.1745;1576.535156;0;-0.298379;-0.405809;0.825007;0;2;-75.10379;-219.717361;1418.695557;0;-0.147956;-0.212748;0.155123;0;2;11.562936;-180.262955;1447.533813;0;0.295164;-0.259716;0.043272;0;2;81.976898;-233.233688;1498.762329;0;0.295164;-0.259716;0.043272;0;2;7.962436;-214.147934;1327.995117;0;-0.498251;0.007661;0.760427;0;2;-140.098877;-46.603653;1884.170532;0;0.656328;-0.230278;0.09303;0;2;-127.64724;329.127625;1805.03186;0;0.672084;-0.228188;0.098107;0;2;-130.412903;689.830933;1736.563232;0;0.683263;-0.26003;0.159373;0;2;-19.782774;795.043945;1641.635376;0;0.953958;-0.072045;0.290938;0;2;-227.81633;-81.584923;1747.156616;0;0.621167;0.26127;0.29053;0;2;-263.038086;300.551941;1744.869019;0;0.569778;0.28192;0.270532;0;2;-334.179901;662.813721;1781.730347;0;0.530041;0.163437;0.122807;0;2;-262.063141;807.11554;1745.193115;0;-0.203405;0.208125;-0.026668;0;2;-181.5224;-646.37207;1929.22583;0;0.745835;-0.365677;0.279159;0;2;-91.408836;-654.143311;1804.334473;0;0.745835;-0.365677;0.279159;0;2;-79.171303;-686.515198;1845.412476;0;0.868032;-0.061177;0.455967;0;2;-95.414101;-683.110657;1965.93042;0;0.481749;0.279159;0.365677;0;2;-117.684341;-695.047974;1814.407471;0;0.868032;-0.061177;0.455967;0;2;-221.911606;-724.201172;1878.403564;0;0.745835;-0.365677;0.279159;0;2;9061399552
-190.24472;-59.423862;1815.916016;0;0.695491;-0.239326;0.10123;0;2;-178.405289;-227.815186;1848.004639;0;0.691282;-0.239955;0.099729;0;2;-168.671631;-362.443604;1873.516479;0;0.62636;-0.284303;0.153548;0;2;-180.624496;-566.374817;1918.161987;0;0.681233;-0.271074;0.175853;0;2;-160.137955;-528.296082;1937.107422;0;0.566432;-0.707352;-0.372645;0;2;-71.692673;-486.885529;2034.160645;0;-0.495034;0.682885;-0.012109;0;2;40.833145;-349.757843;1835.733643;0;0.295278;-0.64246;0.231784;0;2;40.808052;-328.152802;1613.393311;0;0.749721;-0.14407;0.645136;0;2;58.50687;-332.830109;1522.474365;0;0.74276;-0.0782;0.656385;0;2;70.539101;-327.042755;1419.262939;0;0.74276;-0.0782;0.656385;0;2;38.872627;-332.693115;1492.736328;0;0.487821;0.215904;0.772623;0;2;-198.717621;-536.698547;1885.705566;0;0.576576;0.585807;-0.469067;0;2;-243.204208;-514.275269;1769.250854;0;-0.396565;-0.544036;0.719682;0;2;-217.841797;-338.428192;1564.36145;0;-0.348146;-0.36798;0.823716;0;2;-107.726974;-241.41127;1392.210938;0;0.062028;0.16252;0.56547;0;2;-16.523048;-271.82843;1365.221313;0;0.611663;-0.282703;0.515992;0;2;-7.122737;-308.166962;1460.381714;0;0.611663;-0.282703;0.515992;0;2;-31.902592;-306.663666;1330.03186;0;-0.315681;0.191207;0.857586;0;2;-149.719009;-42.099453;1891.876953;0;0.645215;-0.24014;0.094883;0;2;-129.645432;333.242188;1805.929688;0;0.665366;-0.237397;0.101616;0;2;-128.959839;694.489807;1733.211914;0;0.669959;-0.263276;0.148262;0;2;-13.387136;793.624207;1636.404053;0;0.95485;-0.082291;0.285338;0;2;-226.788513;-75.046051;1747.418701;0;0.62711;0.238685;0.25819;0;2;-265.12204;308.193451;1750.489014;0;0.590522;0.251738;0.245478;0;2;-330.593292;673.675232;1778.715698;0;0.562216;0.112318;0.092686;0;2;-245.688004;813.224854;1749.120239;0;-0.174211;0.150718;-0.012224;0;2;-174.714493;-644.290894;1927.331055;0;0.741536;-0.347181;0.286903;0;2;-82.733231;-653.139587;1803.179077;0;0.741536;-0.347181;0.286903;0;2;-72.512024;-687.068298;1843.80603;0;0.875967;-0.042623;0.448365;0;2;-90.550842;-685.717529;1964.557739;0;0.497269;0.286903;0.347181;0;2;-111.00489;-693.229797;1811.929443;0;0.875967;-0.042623;0.448365;0;2;-217.772842;-719.380371;1873.906006;0;0.741536;-0.347181;0.286903;0;2;9061433344
-189.478043;-57.954475;1811.2771;0;0.694699;-0.244876;0.129264;0;2;-176.889282;-229.240829;1837.882202;0;0.679434;-0.24775;0.123666;0;2;-170.50029;-366.043396;1861.31604;0;0.6123;-0.301318;0.156564;0;2;-185.722107;-570.734985;1912.310791;0;0.667585;-0.287792;0.180224;0;2;-163.603226;-532.21051;1929.819702;0;0.555356;-0.7147;-0.374859;0;2;-74.69529;-488.629517;2027.744507;0;-0.457811;0.698227;0.011347;0;2;31.431049;-348.736908;1823.691406;0;-0.266187;0.66781;-0.204153;0;2;39.034851;-330.420563;1598.618652;0;0.724533;0.118954;0.661825;0;2;53.180115;-330.866699;1505.887085;0;0.739795;0.232011;0.631137;0;2;74.469658;-303.660522;1406.454346;0;0.739795;0.232011;0.631137;0;2;24.815229;-334.011566;1474.158936;0;0.309988;0.423484;0.653844;0;2;-204.338425;-541.180725;1879.242676;0;0.590698;0.578777;-0.47112;0;2;-251.460281;-517.752808;1762.436768;0;-0.379678;-0.582;0.690793;0;2;-242.068176;-338.814789;1554.755737;0;-0.341677;-0.460558;0.777049;0;2;-163.751282;-215.620605;1378.57019;0;-0.390625;0.37759;0.619018;0;2;-128.481171;-223.735443;1284.275024;0;-0.467248;0.520717;-0.50459;0;2;-126.301407;-218.277847;1387.574463;0;-0.467248;0.520717;-0.50459;0;2;-109.140144;-222.19899;1275.352783;0;0.621423;0.080732;-0.745587;0;2;-144.644852;-42.97821;1886.482178;0;0.644141;-0.256088;0.120242;0;2;-129.434341;338.091858;1804.942627;0;0.661379;-0.253109;0.126441;0;2;-130.54245;704.412231;1736.218628;0;0.656567;-0.271329;0.153707;0;2;-12.443341;799.830078;1634.956177;0;0.951505;-0.084255;0.294895;0;2;-229.906097;-71.459236;1743.461426;0;0.620927;0.255543;0.265006;0;2;-268.198761;316.109009;1753.041992;0;0.591425;0.266496;0.25399;0;2;-327.855103;686.705078;1783.905273;0;0.581552;0.14858;0.124965;0;2;-237.415527;821.994324;1742.541626;0;-0.143554;0.199176;-0.015024;0;2;-181.187134;-649.388855;1923.510986;0;0.744327;-0.380049;0.257116;0;2;-86.931236;-661.3927;1799.109131;0;0.744327;-0.380049;0.257116;0;2;-74.83345;-692.093811;1842.516479;0;0.869416;-0.086926;0.450544;0;2;-93.95858;-683.370117;1964.21106;0;0.485213;0.257116;0.380049;0;2;-113.102821;-702.881348;1810.684814;0;0.869416;-0.086926;0.450544;0;2;-219.73645;-731.387268;1874.776001;0;0.744327;-0.380049;0.257116;0;2;9061467136
-190.324051;-58.091835;1809.537842;0;0.69398;-0.246239;0.130724;0;2;-177.889496;-228.764771;1836.046753;0;0.679188;-0.249059;0.125268;0;2;-171.436279;-365.081146;1859.312866;0;0.608517;-0.315536;0.16365;0;2;-184.834625;-568.611145;1912.255249;0;0.663453;-0.301397;0.188427;0;2;-162.251175;-530.081543;1928.652954;0;0.55163;-0.710843;-0.388328;0;2;-76.336388;-483.943878;2027.358032;0;-0.442575;0.7085;0.045323;0;2;29.798157;-336.654724;1829.90686;0;-0.235409;0.683306;-0.192664;0;2;39.849461;-325.577362;1605.279175;0;0.761578;0.066565;0.637934;0;2;61.414345;-324.499573;1514.342407;0;0.767209;0.142902;0.625275;0;2;84.284798;-305.820679;1413.703979;0;0.767209;0.142902;0.625275;0;2;36.150665;-333.147125;1480.653076;0;0.380686;0.38748;0.666515;0;2;-204.469589;-539.437317;1879.695679;0;0.609134;0.591596;-0.442851;0;2;-260.897705;-517.315002;1767.35437;0;-0.433887;-0.581789;0.667983;0;2;-275.512268;-343.905914;1556.619141;0;-0.337111;-0.279778;0.840479;0;2;-135.042923;-285.70224;1386.756836;0;-0.295158;0.536886;0.585983;0;2;-117.642159;-321.300385;1294.249878;0;0.471072;-0.483923;0.630429;0;2;-108.588722;-295.570099;1393.666992;0;0.471072;-0.483923;0.630429;0;1;-94.99041;-314.689209;1285.324219;0;0.612906;-0.061117;-0.730079;0;2;-145.331955;-43.204285;1884.284546;0;0.643707;-0.254624;0.119644;0;2;-129.16124;336.498718;1803.307861;0;0.661492;-0.251565;0.125996;0;2;-129.797867;701.582764;1735.321777;0;0.665993;-0.264423;0.151073;0;2;-12.791827;800.219788;1637.111816;0;0.95405;-0.081151;0.288145;0;2;-230.895401;-71.516586;1742.13562;0;0.621396;0.258388;0.266589;0;2;-267.462097;314.79306;1751.93103;0;0.589433;0.270311;0.254493;0;2;-327.129639;683.81665;1784.900513;0;0.570986;0.153273;0.122592;0;2;-240.376251;821.233215;1745.153687;0;-0.15612;0.200822;-0.019939;0;2;-179.917252;-646.885193;1923.898926;0;0.74776;-0.355915;0.292122;0;2;-90.259499;-651.620789;1796.361938;0;0.74776;-0.355915;0.292122;0;2;-77.686584;-685.707275;1836.755127;0;0.867009;-0.045108;0.458232;0;2;-92.720314;-685.839966;1958.882202;0;0.478376;0.292122;0.355915;0;2;-117.059235;-693.074036;1805.595581;0;0.867009;-0.045108;0.458232;0;2;-221.987671;-723.683655;1870.604126;0;0.74776;-0.355915;0.292122;0;2;9061499904
-189.917587;-56.612671;1808.206299;0;0.693535;-0.247673;0.132243;0;2;-177.479111;-226.831482;1834.607056;0;0.679002;-0.25048;0.126848;0;2;-170.917007;-362.788025;1857.744019;0;0.603479;-0.328732;0.175202;0;2;-183.250107;-565.638733;1911.30481;0;0.658074;-0.313624;0.200999;0;2;-159.954758;-527.297729;1926.751831;0;0.562215;-0.717288;-0.36621;0;2;-68.459625;-483.833527;2021.034668;0;-0.455163;0.698429;0.024462;0;2;35.856068;-340.33139;1820.819702;0;0.242007;-0.665631;0.212925;0;2;36.588737;-330.829895;1596.499878;0;0.758666;0.085638;0.638565;0;2;58.004066;-328.168884;1505.817627;0;0.764781;0.162864;0.623357;0;2;81.312019;-307.465271;1405.971313;0;0.764781;0.162864;0.623357;0;2;26.794556;-330.880341;1474.735718;0;0.352136;0.382538;0.701638;0;2;-203.892395;-536.493286;1879.54126;0;0.625219;0.60211;-0.417535;0;2;-268.420166;-515.265808;1771.872925;0;0.444433;0.645305;-0.603894;0;2;-330.532349;-338.248199;1574.133667;0;-0.395452;-0.478821;0.742857;0;2;-278.534851;-221.463501;1386.112061;0;0.636618;-0.567739;-0.302269;0;2;-330.594757;-206.616852;1301.597656;0;0.309734;-0.200205;0.611238;0;2;-255.748962;-226.053619;1369.356323;0;0.309734;-0.200205;0.611238;0;2;-191.568069;-281.701508;1301.239502;0;-0.274833;0.071149;0.953049;0;1;-144.718399;-41.778126;1882.557007;0;0.643059;-0.256909;0.121573;0;2;-128.850739;336.865997;1801.550293;0;0.66031;-0.253897;0.127792;0;2;-129.200714;700.893494;1733.323364;0;0.66393;-0.268232;0.155012;0;2;-13.297692;798.819092;1634.000366;0;0.952364;-0.081084;0.293633;0;2;-230.67569;-69.989639;1741.161011;0;0.621289;0.257045;0.266268;0;2;-267.783325;315.234131;1750.533081;0;0.588392;0.269274;0.253895;0;2;-328.628235;683.032898;1783.612183;0;0.562944;0.162453;0.128585;0;2;-245.190826;821.588379;1742.622925;0;-0.163922;0.211539;-0.022104;0;2;-178.280899;-643.710205;1922.841675;0;0.744263;-0.378215;0.3093;0;2;-97.255615;-646.49115;1790.087524;0;0.744263;-0.378215;0.3093;0;2;-81.029594;-679.789612;1829.63147;0;0.848267;-0.04873;0.486146;0;2;-88.024765;-679.543701;1952.151001;0;0.455368;0.3093;0.378215;0;2;-121.986839;-688.593079;1801.230469;0;0.848267;-0.04873;0.486146;0;2;-221.144791;-721.962646;1872.928955;0;0.744263;-0.378215;0.3093;0;2;9061533696
-184.88649;-54.733139;1804.187134;0;0.689895;-0.254531;0.156889;0;2;-173.022766;-224.340698;1826.021484;0;0.686648;-0.255299;0.155637;0;2;-162.979294;-359.941132;1843.102295;0;0.574919;-0.359447;0.185668;0;2;-180.397156;-558.12384;1905.832153;0;0.6301;-0.3434;0.213895;0;2;-154.763107;-520.542114;1918.016846;0;0.549732;-0.73906;-0.348557;0;2;-59.051193;-475.973602;2005.873901;0;0.502739;-0.668387;0.022794;0;2;46.884544;-337.838318;1805.382935;0;0.26697;-0.613506;0.266216;0;2;23.557743;-328.068542;1583.970215;0;0.790299;0.002158;0.612471;0;2;50.481762;-317.821747;1496.047852;0;0.788448;0.032699;0.611602;0;2;75.963737;-304.372711;1396.303833;0;0.788448;0.032699;0.611602;0;2;19.563961;-318.583557;1466.352539;0;0.432454;0.289267;0.781763;0;2;-201.577927;-529.644714;1874.352783;0;0.643122;0.574033;-0.436246;0;2;-263.019165;-508.293213;1766.02063;0;0.425013;0.675736;-0.578254;0;2;-337.286133;-335.598267;1571.459473;0;0.423082;0.669156;-0.585856;0;2;-394.502808;-191.734421;1407.270752;0;0.5956;-0.646453;-0.113902;0;2;-455.721039;-154.293839;1338.172119;0;-0.254406;0.484551;0.442816;0;2;-414.801361;-161.209625;1244.94104;0;-0.254406;0.484551;0.442816;0;2;-368.37973;-159.98317;1298.647827;0;0.500823;0.237466;-0.757808;0;2;-136.517838;-42.08799;1876.132935;0;0.641348;-0.276074;0.14755;0;2;-126.93483;334.868195;1800.158813;0;0.654553;-0.273265;0.152727;0;2;-129.224335;696.723816;1735.39917;0;0.67415;-0.265672;0.155098;0;2;-16.520805;797.947205;1638.175781;0;0.953174;-0.079129;0.291886;0;2;-228.502609;-66.135826;1739.310547;0;0.617598;0.261856;0.27004;0;2;-266.929871;316.02597;1750.139282;0;0.587647;0.273198;0.258562;0;2;-326.391785;681.27063;1782.655884;0;0.559612;0.139939;0.108551;0;2;-243.41571;820.449463;1748.432495;0;-0.172969;0.181472;-0.02042;0;2;-178.050537;-635.211121;1920.403931;0;0.73049;-0.402749;0.295768;0;2;-98.045509;-646.78302;1788.862061;0;0.73049;-0.402749;0.295768;0;2;-81.888031;-677.229492;1830.144409;0;0.845699;-0.075647;0.493926;0;2;-88.451027;-669.0047;1951.495728;0;0.46551;0.295768;0.402749;0;2;-122.646973;-687.700439;1802.70874;0;0.845699;-0.075647;0.493926;0;2;-220.915146;-715.860474;1876.18335;0;0.73049;-0.402749;0.295768;0;2;9061566464
-184.922256;-56.729004;1805.844482;0;0.68918;-0.25912;0.160954;0;2;-172.503342;-227.227676;1827.759888;0;0.691364;-0.258583;0.161816;0;2;-160.149185;-363.539825;1843.60498;0;0.562735;-0.380601;0.201647;0;2;-176.86937;-562.01886;1909.296265;0;0.617503;-0.363205;0.231519;0;2;-149.903412;-524.52124;1919.731079;0;0.551338;-0.739459;-0.346643;0;2;-53.019978;-479.684784;2007.336914;0;-0.495366;0.670499;-0.011548;0;2;51.071255;-337.772614;1806.602417;0;0.263463;-0.621422;0.252066;0;2;31.164232;-326.093842;1583.731201;0;0.798741;0.026059;0.600417;0;2;60.886864;-311.536926;1496.793579;0;0.7972;0.047483;0.599103;0;2;89.652222;-296.048187;1397.651611;0;0.7972;0.047483;0.599103;0;2;32.552883;-319.966919;1462.826416;0;0.438658;0.312451;0.74745;0;2;-199.526932;-533.324097;1878.662964;0;0.661412;0.579547;-0.416196;0;2;-268.980774;-510.886078;1774.675415;0;0.42631;0.703762;-0.552566;0;2;-365.284393;-330.139984;1595.658691;0;0.417718;0.669894;-0.593172;0;2;-421.213287;-179.730408;1435.245972;0;0.644963;-0.647131;-0.099463;0;2;-494.32547;-145.525467;1375.942993;0;-0.386261;0.52579;0.39015;0;2;-479.068665;-136.122147;1274.915405;0;-0.386261;0.52579;0.39015;0;2;-458.662872;-140.073563;1326.205811;0;0.757159;0.06635;-0.457605;0;2;-135.37648;-43.904846;1877.538208;0;0.637273;-0.287765;0.155419;0;2;-126.810699;334.649475;1798.830566;0;0.650572;-0.28477;0.160876;0;2;-130.017517;698.136353;1731.915039;0;0.668685;-0.269242;0.148331;0;2;-15.138216;796.932922;1632.942139;0;0.953195;-0.086476;0.289601;0;2;-229.599884;-68.293106;1741.194946;0;0.623103;0.254216;0.264344;0;2;-266.005432;316.224213;1749.621094;0;0.587495;0.267302;0.251105;0;2;-328.304535;682.931213;1783.456787;0;0.564345;0.132556;0.101683;0;2;-242.902908;822.126404;1750.944092;0;-0.168796;0.171408;-0.02012;0;2;-174.781662;-639.433899;1924.460693;0;0.740759;-0.382749;0.297058;0;2;-91.388512;-646.215637;1793.704224;0;0.740759;-0.382749;0.297058;0;2;-76.17054;-678.469482;1834.347778;0;0.852836;-0.060593;0.480697;0;2;-85.518021;-674.911255;1956.406982;0;0.465334;0.297058;0.382749;0;2;-116.540939;-687.777283;1805.455933;0;0.852836;-0.060593;0.480697;0;2;-217.069534;-718.586487;1875.922974;0;0.740759;-0.382749;0.297058;0;2;9061600256
-184.391022;-57.349644;1800.30249;0;0.691381;-0.257636;0.158169;0;2;-171.199905;-227.745529;1822.312988;0;0.683799;-0.259435;0.155199;0;2;-161.592697;-363.954437;1840.546143;0;0.559719;-0.389074;0.202645;0;2;-176.984009;-561.788147;1908.349976;0;0.614296;-0.37157;0.233193;0;2;-149.906616;-524.1698;1917.991577;0;0.550213;-0.741248;-0.346656;0;2;-52.652031;-478.474731;2004.697266;0;-0.485063;0.668158;-0.03508;0;2;44.35508;-345.187012;1794.778931;0;0.308602;-0.631806;0.220199;0;2;41.852158;-314.039337;1572.947876;0;0.719934;0.141314;0.659181;0;2;55.986351;-313.860229;1481.021606;0;0.73351;0.211481;0.640129;0;2;73.261375;-298.83902;1379.196533;0;0.73351;0.211481;0.640129;0;2;19.770994;-325.639618;1450.05188;0;-0.272513;-0.414392;-0.607416;0;2;-200.168076;-533.414673;1877.825439;0;0.673691;0.579518;-0.392709;0;2;-273.765045;-516.128113;1775.750244;0;0.433558;0.722199;-0.532302;0;2;-387.741119;-326.914124;1617.098511;0;0.427138;0.685957;-0.578256;0;2;-457.151794;-168.729446;1470.047974;0;0.668047;-0.667657;-0.061854;0;2;-540.67218;-138.065582;1424.085449;0;-0.457021;0.571797;0.3502;0;2;-548.021301;-124.350533;1322.686768;0;-0.457021;0.571797;0.3502;0;2;-503.348053;-123.102158;1370.878418;0;0.765757;0.090593;-0.414151;0;2;-135.350861;-44.25642;1872.274536;0;0.639225;-0.282485;0.156605;0;2;-126.384811;334.957886;1797.228027;0;0.652065;-0.279578;0.161772;0;2;-128.86232;698.945801;1733.460083;0;0.669541;-0.267492;0.154843;0;2;-14.620416;798.837158;1634.911011;0;0.952685;-0.080635;0.29299;0;2;-228.612686;-69.15638;1735.4021;0;0.62272;0.251576;0.254737;0;2;-266.411072;315.037628;1748.07019;0;0.591478;0.262636;0.243321;0;2;-327.037231;681.917542;1782.297852;0;0.558662;0.141644;0.10498;0;2;-243.737045;822.192688;1749.140259;0;-0.17425;0.180166;-0.024148;0;2;-174.550156;-639.040039;1924.202637;0;0.745395;-0.377136;0.305439;0;2;-92.557175;-642.020874;1792.457031;0;0.745395;-0.377136;0.305439;0;2;-76.682938;-675.149658;1832.120483;0;0.850232;-0.050697;0.482653;0;2;-84.723068;-674.657227;1954.300781;0;0.457015;0.305439;0.377136;0;2;-117.294159;-684.026489;1803.447754;0;0.850232;-0.050697;0.482653;0;2;-216.820435;-717.256653;1874.194336;0;0.745395;-0.377136;0.305439;0;2;9061633024
-180.473801;-61.492783;1797.694946;0;0.683035;-0.272627;0.179314;0;2;-168.334167;-233.312302;1818.566528;0;0.688347;-0.271154;0.181534;0;2;-155.204437;-370.681763;1832.637573;0;0.533042;-0.417262;0.203457;0;2;-173.373016;-565.437317;1912.150757;0;0.588051;-0.399602;0.236263;0;2;-144.533661;-528.019165;1918.517578;0;0.530048;-0.765666;-0.339283;0;2;-42.43306;-475.390564;1996.840088;0;-0.490285;0.661271;-0.040454;0;2;53.060173;-340.528381;1784.890137;0;0.286648;-0.61476;0.246952;0;2;35.058575;-319.525574;1561.023682;0;0.796586;0.032987;0.603598;0;2;64.895332;-309.43512;1472.829956;0;0.79558;0.067819;0.600682;0;2;93.804459;-294.114777;1372.964966;0;0.79558;0.067819;0.600682;0;2;23.218733;-314.727173;1444.265015;0;0.400605;0.275219;0.78717;0;2;-197.313904;-537.758362;1881.061157;0;0.706049;0.576071;-0.366797;0;2;-281.821014;-517.54248;1787.20874;0;0.462128;0.733865;-0.496757;0;2;-419.902496;-326.322144;1648.080322;0;0.456115;0.67795;-0.57071;0;2;-496.496582;-166.531235;1503.934937;0;0.714036;-0.603779;-0.030537;0;2;-577.412598;-124.298927;1461.079956;0;-0.451686;0.512471;0.320712;0;2;-570.522217;-97.027901;1361.689087;0;-0.451686;0.512471;0.320712;0;2;-551.410645;-98.53698;1430.551758;0;0.787218;0.062066;-0.210588;0;2;-127.156151;-49.247585;1867.48877;0;0.639197;-0.286264;0.169178;0;2;-119.773926;333.613586;1797.119263;0;0.653058;-0.28284;0.174872;0;2;-124.598648;701.091064;1738.893066;0;0.655026;-0.285905;0.182262;0;2;-13.553567;798.943481;1632.64209;0;0.942463;-0.07443;0.325477;0;2;-228.552673;-72.534813;1734.758789;0;0.6168;0.263974;0.267369;0;2;-267.348083;314.206665;1748.500366;0;0.587393;0.274992;0.256028;0;2;-327.019562;683.782166;1783.638062;0;0.564073;0.165429;0.128239;0;2;-242.794312;822.761658;1742.521729;0;-0.162183;0.213407;-0.024456;0;2;-172.501282;-642.323669;1932.128906;0;0.738471;-0.404225;0.333108;0;2;-102.79882;-642.527344;1792.256958;0;0.738471;-0.404225;0.333108;0;2;-81.867195;-675.168701;1830.462158;0;0.822429;-0.050287;0.521373;0;2;-78.308647;-674.69342;1953.701416;0;0.424619;0.333108;0.404225;0;2;-124.93998;-685.70343;1805.576172;0;0.822429;-0.050287;0.521373;0;2;-216.640305;-722.740234;1885.926758;0;0.738471;-0.404225;0.333108;0;2;9061666816
-181.136566;-61.606174;1797.43811;0;0.687788;-0.278997;0.170729;0;2;-165.558807;-232.372787;1820.921631;0;0.673463;-0.282661;0.164591;0;2;-156.307251;-368.79425;1842.105103;0;0.556033;-0.386546;0.197249;0;2;-174.330612;-566.667419;1911.976685;0;0.611089;-0.369483;0.227612;0;2;-146.934204;-529.019775;1921.628784;0;0.548163;-0.739781;-0.340559;0;2;-50.478256;-488.09256;2012.47998;0;0.517125;-0.652888;0.038699;0;2;53.36845;-348.557678;1808.478516;0;0.282396;-0.594679;0.272245;0;2;23.393417;-332.230591;1586.074585;0;0.777606;0.124781;0.606612;0;2;52.124222;-328.200348;1497.277466;0;0.785016;0.217944;0.579697;0;2;86.454895;-299.379517;1402.518066;0;0.785016;0.217944;0.579697;0;2;15.65457;-318.073212;1469.365479;0;0.341715;0.401775;0.746327;0;2;-196.982971;-538.282043;1880.743408;0;0.693843;0.602341;-0.347147;0;2;-284.818512;-518.170227;1790.424072;0;0.4275;0.774159;-0.466814;0;2;-438.922882;-320.144775;1682.472168;0;0.424491;0.710025;-0.559555;0;2;-522.923462;-148.898941;1557.823608;0;0.691296;-0.608528;-0.039657;0;2;-598.857056;-104.252785;1509.266357;0;0.500205;-0.551255;-0.260764;0;2;-610.00293;-70.507408;1412.551636;0;0.500205;-0.551255;-0.260764;0;2;-572.143372;-75.39109;1505.509277;0;0.768921;-0.046112;-0.026912;0;2;-128.375397;-47.231491;1866.968384;0;0.633103;-0.296779;0.1769;0;2;-119.751305;334.184479;1794.281738;0;0.647268;-0.293111;0.182941;0;2;-123.366585;700.462341;1734.342041;0;0.661463;-0.279944;0.171964;0;2;-11.516869;799.397278;1630.746826;0;0.946205;-0.077429;0.313949;0;2;-228.713638;-74.568466;1734.739624;0;0.618591;0.264777;0.271354;0;2;-265.366638;311.493408;1745.881958;0;0.585057;0.277508;0.258322;0;2;-325.901794;679.906006;1781.751221;0;0.557623;0.153531;0.11542;0;2;-243.200974;820.57251;1745.232178;0;-0.172971;0.195942;-0.025115;0;2;-172.753952;-644.113708;1928.69873;0;0.746577;-0.385613;0.309315;0;2;-93.24131;-645.553955;1794.620361;0;0.746577;-0.385613;0.309315;0;2;-75.746506;-678.43927;1834.129761;0;0.84275;-0.053951;0.491388;0;2;-81.170128;-677.960449;1956.994019;0;0.445252;0.309315;0.385613;0;2;-116.955864;-688.239929;1806.229248;0;0.84275;-0.053951;0.491388;0;2;-214.638916;-723.605957;1879.464844;0;0.746577;-0.385613;0.309315;0;2;9061699584
-179.38826;-60.708668;1794.14624;0;0.685678;-0.28033;0.172284;0;2;-164.610535;-230.815338;1817.716064;0;0.669622;-0.284452;0.165389;0;2;-156.53862;-366.658234;1839.395874;0;0.546306;-0.395527;0.212209;0;2;-176.011719;-563.651733;1908.76416;0;0.601256;-0.377235;0.243244;0;2;-147.668793;-526.752625;1917.579102;0;0.554703;-0.745115;-0.320422;0;2;-47.428398;-489.237427;2004.870361;0;0.5124;-0.659648;0.012069;0;2;58.132381;-343.086548;1807.945679;0;0.288574;-0.614041;0.241317;0;2;40.349556;-319.758575;1585.788574;0;0.735328;0.137826;0.644617;0;2;58.357998;-319.699249;1494.514893;0;0.748589;0.21141;0.624366;0;2;80.298042;-303.286896;1393.777954;0;0.748589;0.21141;0.624366;0;2;20.892914;-328.917664;1463.640869;0;0.281882;0.412597;0.62605;0;2;-199.060959;-534.794373;1878.571655;0;0.700821;0.605915;-0.338758;0;2;-290.106842;-511.876526;1792.960083;0;0.403569;0.801689;-0.438164;0;2;-456.362915;-309.915405;1718.288574;0;0.406432;0.727958;-0.55206;0;2;-544.912292;-129.542984;1612.844971;0;0.696161;-0.62726;0.105029;0;2;-625.542786;-74.192871;1591.181763;0;-0.414113;0.587673;0.24316;0;2;-629.000732;-48.177837;1491.979492;0;-0.414113;0.587673;0.24316;0;2;-609.356628;-55.174759;1547.876465;0;0.781189;0.011702;-0.167791;0;2;-126.50518;-46.551167;1863.166016;0;0.631986;-0.292378;0.174021;0;2;-114.817398;333.214508;1790.758789;0;0.649626;-0.287869;0.181412;0;2;-118.427368;698.332886;1733.19751;0;0.665688;-0.28104;0.183805;0;2;-10.08226;799.953186;1629.781982;0;0.943769;-0.069813;0.323136;0;2;-227.075256;-73.475105;1731.908081;0;0.62043;0.266297;0.271678;0;2;-261.193665;311.228943;1742.783325;0;0.581266;0.281102;0.256331;0;2;-323.283508;677.415588;1782.529907;0;0.545527;0.175797;0.125727;0;2;-245.603058;819.570679;1743.942505;0;-0.183143;0.218967;-0.033418;0;2;-175.409531;-640.874207;1925.042114;0;0.750946;-0.380177;0.299269;0;2;-92.806602;-642.148743;1793.5979;0;0.750946;-0.380177;0.299269;0;2;-76.33609;-674.862915;1833.383301;0;0.848791;-0.057211;0.480441;0;2;-84.888802;-674.395264;1955.563965;0;0.449426;0.299269;0.380177;0;2;-116.627029;-684.707642;1804.549805;0;0.848791;-0.057211;0.480441;0;2;-215.68399;-720.126221;1874.957275;0;0.750946;-0.380177;0.299269;0;2;9061733376
-178.162018;-58.927074;1790.043213;0;0.681094;-0.285114;0.180911;0;2;-164.557663;-229.509171;1813.04834;0;0.665864;-0.289228;0.174259;0;2;-157.101074;-365.720093;1834.140381;0;0.526322;-0.422499;0.227333;0;2;-176.290634;-561.035522;1909.192627;0;0.580922;-0.402908;0.260482;0;2;-146.547516;-524.584045;1915.27002;0;0.550485;-0.762463;-0.30595;0;2;-40.18774;-482.63443;1993.172729;0;0.50427;-0.655958;0.023475;0;2;58.536858;-339.513367;1789.953857;0;0.266277;-0.602729;0.259902;0;2;28.990101;-325.45752;1567.880371;0;0.77667;0.019048;0.62957;0;2;52.709675;-317.103149;1478.144165;0;0.775234;0.064234;0.626574;0;2;74.694382;-300.922882;1377.193359;0;0.775234;0.064234;0.626574;0;2;13.833937;-319.2099;1451.565796;0;0.390654;0.274074;0.795534;0;2;-200.713669;-532.224609;1879.919922;0;0.715674;0.602612;-0.329808;0;2;-296.25589;-504.601593;1800.495728;0;0.389793;0.804619;-0.437655;0;2;-459.406433;-292.40329;1749.369019;0;0.398193;0.748834;-0.527448;0;2;-559.110352;-103.808998;1670.868896;0;0.716166;-0.563958;0.409222;0;2;-625.781067;-58.391876;1730.543579;0;-0.442256;0.679537;0.154083;0;2;-658.131653;-28.573698;1637.643555;0;-0.442256;0.679537;0.154083;0;2;-599.61676;-18.455379;1701.260498;0;0.598798;-0.250151;0.47654;0;2;-123.72213;-45.398079;1858.166626;0;0.6339;-0.290846;0.176705;0;2;-113.199005;335.579559;1788.437744;0;0.651116;-0.286371;0.183895;0;2;-117.612862;701.697205;1733.238647;0;0.65584;-0.284702;0.185361;0;2;-7.437542;799.814148;1627.84668;0;0.942254;-0.071385;0.326829;0;2;-227.252869;-71.12677;1728.613525;0;0.623536;0.25934;0.263001;0;2;-261.269775;314.239471;1739.996094;0;0.581937;0.274443;0.247203;0;2;-325.651184;680.532349;1781.141479;0;0.550303;0.145528;0.09834;0;2;-244.612061;823.114624;1750.64856;0;-0.184343;0.178237;-0.031539;0;2;-176.32135;-638.025452;1927.155151;0;0.737403;-0.404163;0.295176;0;2;-96.274529;-646.335266;1794.0802;0;0.737403;-0.404163;0.295176;0;2;-78.982544;-676.994385;1835.256104;0;0.842172;-0.077065;0.494508;0;2;-85.056366;-670.09137;1957.602417;0;0.453607;0.295176;0.404163;0;2;-119.926918;-688.296753;1807.755981;0;0.842172;-0.077065;0.494508;0;2;-217.714005;-719.875793;1882.050171;0;0.737403;-0.404163;0.295176;0;2;9061767168
-178.340393;-59.870125;1788.358765;0;0.673423;-0.297595;0.185586;0;2;-165.773422;-230.180267;1813.712402;0;0.663345;-0.300412;0.180992;0;2;-157.421417;-366.232086;1835.391846;0;0.526193;-0.420757;0.222136;0;2;-177.290482;-561.018433;1911.571655;0;0.581019;-0.401588;0.255162;0;2;-147.630051;-524.515137;1917.702271;0;0.549289;-0.762454;-0.302038;0;2;-41.648952;-485.171448;1997.433472;0;0.505985;-0.653149;0.020578;0;2;56.025585;-340.004669;1795.197754;0;0.275433;-0.604104;0.249168;0;2;29.453205;-320.400055;1573.192993;0;0.725092;0.045327;0.68345;0;2;40.102268;-317.605225;1480.661987;0;0.726356;0.164514;0.664901;0;2;51.532917;-286.07074;1381.622559;0;0.726356;0.164514;0.664901;0;1;15.3464;-313.864624;1451.907593;0;0.356288;0.361946;0.741763;0;2;-201.422852;-532.423828;1881.8573;0;0.718908;0.598606;-0.326099;0;2;-296.911011;-507.628143;1801.462524;0;0.360766;0.810379;-0.431406;0;2;-453.240387;-284.79126;1789.243774;0;0.381966;0.733301;-0.552354;0;2;-536.713623;-82.230133;1728.735718;0;0.838006;-0.464168;0.235087;0;2;-623.434204;-39.984921;1756.331421;0;0.526437;-0.504889;-0.125715;0;2;-630.022339;19.733456;1672.939697;0;0.526437;-0.504889;-0.125715;0;2;-619.881226;-23.035734;1761.81189;0;0.820998;0.052955;0.360236;0;2;-122.107773;-45.816654;1854.889038;0;0.634554;-0.292059;0.176646;0;2;-112.777191;335.088531;1784.822754;0;0.652801;-0.287298;0.184316;0;2;-119.211159;701.200745;1730.049683;0;0.662296;-0.273943;0.169336;0;2;-6.04447;800.022095;1628.592041;0;0.948389;-0.07503;0.307842;0;2;-229.047821;-72.542755;1728.365601;0;0.619065;0.274517;0.280264;0;2;-261.090088;312.983093;1738.629395;0;0.574994;0.291707;0.262327;0;2;-324.16153;679.149902;1782.477661;0;0.536541;0.190085;0.130994;0;2;-249.682465;823.089478;1743.041016;0;-0.190926;0.23279;-0.039696;0;2;-177.471436;-637.875549;1930.057495;0;0.733144;-0.427925;0.297595;0;2;-102.688599;-647.183594;1794.038208;0;0.733144;-0.427925;0.297595;0;2;-82.718163;-676.138184;1835.228394;0;0.827294;-0.092157;0.51302;0;2;-84.028786;-666.129272;1957.490845;0;0.436826;0.297595;0.427925;0;2;-124.343338;-689.499573;1809.758545;0;0.827294;-0.092157;0.51302;0;2;-217.899384;-722.205322;1888.837036;0;0.733144;-0.427925;0.297595;0;2;9061799936
-177.048355;-63.050873;1786.437988;0;0.66745;-0.304368;0.179352;0;2;-165.854752;-232.590027;1815.586426;0;0.649821;-0.309021;0.171212;0;2;-160.964142;-367.71582;1842.247925;0;0.535118;-0.424027;0.232129;0;2;-175.661469;-564.267578;1914.0896;0;0.588952;-0.404046;0.265386;0;2;-146.5811;-527.428894;1920.447998;0;0.55937;-0.756486;-0.30936;0;2;-40.173454;-484.149872;1997.161255;0;-0.475801;0.679743;0.010789;0;2;60.461937;-338.425873;1797.312988;0;0.253601;-0.641584;0.224807;0;2;49.678722;-324.854675;1573.86792;0;0.686567;0.071784;0.718033;0;2;51.204376;-320.342834;1480.943726;0;0.691572;0.195381;0.694658;0;2;54.638653;-287.425568;1381.916626;0;0.691572;0.195381;0.694658;0;1;13.064668;-312.254303;1461.986084;0;0.266989;0.323852;0.795155;0;2;-200.899902;-535.482605;1885.616943;0;0.7118;0.605895;-0.324441;0;2;-295.894165;-511.718628;1804.624512;0;0.284503;0.840481;-0.421113;0;2;-452.256897;-290.030029;1825.375366;0;0.316606;0.738055;-0.582254;0;2;-518.057068;-76.783043;1784.097168;0;0.83663;-0.420969;0.255032;0;2;-597.866394;-21.792858;1809.464966;0;-0.466508;0.484181;0.088458;0;2;-588.02655;39.788422;1727.956299;0;-0.466508;0.484181;0.088458;0;2;-570.545105;14.689922;1801.178589;0;0.707514;0.111305;0.248336;0;2;-120.795715;-47.969936;1852.552612;0;0.643857;-0.2724;0.152475;0;2;-112.094833;332.145721;1781.283203;0;0.662971;-0.268117;0.159919;0;2;-120.536842;697.401672;1724.780396;0;0.679156;-0.25607;0.152382;0;2;-6.117381;801.066833;1630.276855;0;0.956188;-0.074209;0.283175;0;2;-227.773849;-76.650017;1726.819458;0;0.610026;0.291685;0.303126;0;2;-260.842255;308.260101;1735.281738;0;0.565479;0.310703;0.283601;0;2;-323.378693;673.831909;1780.146729;0;0.516519;0.219372;0.15126;0;2;-257.119629;820.283081;1736.548828;0;-0.206641;0.26778;-0.04584;0;2;-174.064209;-641.410706;1930.725708;0;0.737036;-0.420004;0.312794;0;2;-102.299599;-646.084778;1793.113525;0;0.737036;-0.420004;0.312794;0;2;-81.507507;-676.373535;1832.805542;0;0.823268;-0.075809;0.518166;0;2;-80.216171;-670.527039;1955.156738;0;0.427241;0.312794;0.420004;0;2;-123.61055;-688.848633;1807.824341;0;0.823268;-0.075809;0.518166;0;2;-215.350601;-724.175049;1887.600464;0;0.737036;-0.420004;0.312794;0;2;9061833728
-178.460617;-65.237404;1786.593018;0;0.662547;-0.300347;0.174068;0;2;-170.393188;-234.363739;1817.099243;0;0.643457;-0.305163;0.16548;0;2;-168.428238;-369.013977;1845.083374;0;0.527772;-0.455758;0.245936;0;2;-174.623428;-564.436707;1919.950562;0;0.580062;-0.434568;0.281693;0;2;-145.718506;-527.212952;1923.570313;0;0.56173;-0.764428;-0.305997;0;2;-35.464218;-475.183197;1987.921387;0;-0.449378;0.675831;-0.013842;0;2;49.11322;-340.282562;1774.227173;0;0.267668;-0.644863;0.202708;0;2;43.519337;-316.546387;1551.893433;0;0.759878;-0.163645;0.625324;0;2;64.483467;-317.359039;1461.434814;0;0.745384;-0.084605;0.640821;0;2;77.561905;-303.326172;1359.013916;0;0.745384;-0.084605;0.640821;0;2;32.20459;-330.255615;1435.759766;0;0.475815;0.11673;0.801529;0;2;-202.372696;-536.40448;1893.280518;0;0.720581;0.590413;-0.316777;0;2;-295.669067;-521.572449;1808.666504;0;0.249685;0.83984;-0.425938;0;2;-441.032837;-296.715851;1853.81189;0;0.289797;0.737571;-0.585443;0;2;-499.013397;-78.652336;1834.112427;0;0.761245;-0.36679;0.524318;0;2;-544.625916;-31.495211;1909.560913;0;-0.387109;0.638919;-0.035038;0;2;-556.521545;25.732939;1825.453857;0;-0.387109;0.638919;-0.035038;0;2;-522.072998;28.658226;1857.296875;0;0.53734;0.142549;0.063329;0;2;-123.121399;-50.559761;1853.331055;0;0.648925;-0.25072;0.125216;0;2;-110.739388;328.102753;1779.13562;0;0.669086;-0.247046;0.13236;0;2;-117.164337;692.069336;1719.00708;0;0.69477;-0.251888;0.159869;0;2;-7.805415;802.457458;1626.849121;0;0.955755;-0.065838;0.285541;0;2;-228.362411;-78.472878;1726.412231;0;0.608721;0.294305;0.305339;0;2;-261.407501;305.652893;1735.262451;0;0.564238;0.31346;0.28564;0;2;-323.580505;670.455933;1780.656616;0;0.5051;0.231696;0.156402;0;2;-261.597015;818.339294;1736.879028;0;-0.216732;0.280114;-0.050809;0;2;-170.634155;-641.183411;1937.255127;0;0.718449;-0.438007;0.343787;0;2;-110.507957;-648.150085;1794.605713;0;0.718449;-0.438007;0.343787;0;2;-87.057755;-678.361206;1832.695679;0;0.802801;-0.066623;0.552812;0;2;-75.746788;-671.503113;1954.22998;0;0.416883;0.343787;0.438007;0;2;-131.148346;-690.36084;1811.384521;0;0.802801;-0.066623;0.552812;0;2;-216.438614;-723.487976;1898.518921;0;0.718449;-0.438007;0.343787;0;2;9061866496
-181.121765;-68.187309;1785.113037;0;0.658526;-0.310108;0.178437;0;2;-172.816177;-236.670013;1816.890747;0;0.635714;-0.315976;0.167827;0;2;-171.730392;-370.56662;1846.930908;0;0.535314;-0.43756;0.237372;0;2;-181.38649;-566.280823;1919.301392;0;0.588311;-0.417115;0.271697;0;2;-152.726898;-529.204407;1924.597046;0;0.56904;-0.756159;-0.293161;0;2;-43.907822;-489.500305;1998.758911;0;-0.485767;0.67783;-0.002472;0;2;60.012115;-347.831818;1799.195923;0;0.269262;-0.636633;0.232719;0;2;50.105091;-331.73996;1576.838013;0;0.697231;0.081055;0.711771;0;2;54.129906;-317.798584;1485.33252;0;0.695514;0.163562;0.697449;0;2;56.311665;-286.062256;1386.353638;0;0.695514;0.163562;0.697449;0;1;7.840648;-315.616028;1469.797241;0;0.259745;0.271198;0.838128;0;2;-207.820374;-538.022644;1891.741211;0;0.719586;0.602432;-0.303234;0;2;-304.170563;-521.892517;1811.321899;0;0.229544;0.813822;-0.456893;0;2;-420.662445;-286.079681;1876.259521;0;0.273062;0.724517;-0.58833;0;2;-465.62796;-64.645874;1880.011963;0;0.683968;-0.446364;0.538058;0;2;-502.236115;5.971529;1940.215576;0;-0.381232;0.689539;-0.115254;0;0;-526.925842;69.346848;1863.946411;0;-0.381232;0.689539;-0.115254;0;2;-466.999176;34.138073;1907.782837;0;-0.466174;0.095127;-0.435079;0;2;-124.479134;-53.084244;1850.384033;0;0.648968;-0.244571;0.115574;0;2;-109.821915;324.204376;1774.185425;0;0.671996;-0.240687;0.123507;0;2;-116.822433;687.156921;1713.131348;0;0.717966;-0.231909;0.140573;0;2;-8.938641;804.594055;1629.109863;0;0.962638;-0.065119;0.257733;0;2;-232.198929;-81.806412;1726.255371;0;0.61694;0.288245;0.298917;0;2;-260.133026;301.896027;1732.634644;0;0.564589;0.31012;0.276155;0;2;-323.419678;665.23053;1781.214111;0;0.498222;0.239547;0.154834;0;2;-263.63797;814.024719;1738.916992;0;-0.223243;0.284565;-0.057415;0;2;-178.227615;-643.026306;1935.958008;0;0.730781;-0.421592;0.325739;0;2;-110.255981;-648.171143;1797.187988;0;0.730781;-0.421592;0.325739;0;2;-89.022194;-678.782532;1836.076782;0;0.818496;-0.067779;0.528443;0;2;-84.638687;-673.461609;1957.856201;0;0.426748;0.325739;0.421592;0;2;-131.724182;-690.498779;1812.20459;0;0.818496;-0.067779;0.528443;0;2;-221.581604;-724.664246;1893.753418;0;0.730781;-0.421592;0.325739;0;2;9061900288
-186.062881;-70.247375;1787.753906;0;0.655861;-0.322402;0.178038;0;2;-176.251282;-238.269562;1822.297852;0;0.627311;-0.329666;0.164198;0;2;-175.652161;-371.39093;1856.148682;0;0.544934;-0.430686;0.244377;0;2;-183.471344;-569.332153;1923.048462;0;0.59744;-0.409702;0.278128;0;2;-155.160187;-532.103088;1929.432861;0;0.57739;-0.747636;-0.301957;0;2;-47.131226;-490.353455;2003.867676;0;-0.444887;0.697401;0.04848;0;2;50.962387;-339.800049;1807.55188;0;0.208914;-0.666686;0.21035;0;2;45.653351;-338.62674;1584.247437;0;0.70583;0.061692;0.704364;0;2;51.374043;-329.542084;1492.134399;0;0.702614;0.183068;0.68295;0;2;57.030987;-291.82309;1395.312256;0;0.702614;0.183068;0.68295;0;1;14.760308;-328.938538;1468.949585;0;0.303034;0.309158;0.787323;0;2;-210.173325;-540.546204;1896.225098;0;0.703613;0.6115;-0.323635;0;2;-303.644531;-519.296143;1813.444214;0;0.18846;0.800185;-0.479305;0;2;-398.99588;-279.877625;1897.829102;0;0.232815;0.7184;-0.594921;0;2;-430.800232;-57.535873;1924.629028;0;0.731517;-0.29035;0.551013;0;2;-460.1026;9.475127;1992.608276;0;-0.322795;0.594492;-0.185737;0;0;-451.432037;79.125351;1918.20105;0;-0.322795;0.594492;-0.185737;0;2;-430.480194;46.708973;1967.774048;0;-0.476565;-0.127144;-0.305517;0;0;-128.243713;-53.714848;1851.745972;0;0.642709;-0.251838;0.120327;0;2;-110.120705;323.237061;1772.831177;0;0.668289;-0.247332;0.129382;0;2;-115.856812;686.411072;1710.86792;0;0.718043;-0.233559;0.141237;0;2;-8.330978;804.010193;1626.250244;0;0.962116;-0.065817;0.259371;0;2;-238.200989;-85.155479;1730.049561;0;0.609872;0.31282;0.336081;0;2;-261.463043;299.269714;1727.815308;0;0.551368;0.340956;0.307493;0;2;-320.845917;663.346619;1778.419189;0;0.49141;0.237228;0.149775;0;2;-262.882782;813.627502;1738.286255;0;-0.232114;0.27935;-0.059321;0;2;-179.570831;-646.552979;1937.564209;0;0.737702;-0.403106;0.33188;0;2;-109.864525;-647.436157;1799.400513;0;0.737702;-0.403106;0.33188;0;2;-89.498047;-679.784363;1837.407715;0;0.824253;-0.050364;0.519714;0;2;-86.576256;-679.057251;1959.460449;0;0.427968;0.33188;0.403106;0;2;-132.08374;-690.043823;1812.576294;0;0.824253;-0.050364;0.519714;0;2;-223.478622;-726.053955;1891.773315;0;0.737702;-0.403106;0.33188;0;2;9061933056
-188.802414;-68.225357;1788.055054;0;0.643313;-0.329194;0.181246;0;2;-183.055527;-235.567062;1825.057251;0;0.618167;-0.335681;0.168929;0;2;-184.482452;-368.128845;1859.971802;0;0.544228;-0.445454;0.256633;0;2;-187.176193;-566.172729;1925.68042;0;0.595641;-0.423439;0.291529;0;2;-159.049835;-528.756042;1931.015259;0;0.580203;-0.757473;-0.292775;0;2;-46.269051;-477.74588;1990.664917;0;-0.424149;0.707499;0.04232;0;2;49.595402;-334.828125;1788.338867;0;-0.20733;0.679771;-0.200644;0;2;51.857666;-333.308533;1565.422607;0;0.566485;0.364156;0.658717;0;2;51.808678;-324.025116;1473.334595;0;0.616197;0.473147;0.585363;0;2;73.321625;-296.178253;1375.617676;0;0.616197;0.473147;0.585363;0;2;18.407833;-320.150024;1441.641602;0;-0.039806;-0.562815;-0.462719;0;2;-215.314713;-537.562805;1900.343506;0;0.700719;0.611618;-0.331004;0;2;-307.611786;-514.588135;1817.086548;0;0.178826;0.790186;-0.489243;0;2;-392.252869;-274.077301;1907.841431;0;0.225823;0.706654;-0.60365;0;2;-414.988739;-51.705597;1939.45166;0;0.716426;-0.177228;0.586745;0;2;-430.589783;12.220357;2014.293945;0;-0.290815;0.532225;-0.303999;0;0;-403.60553;88.877831;1952.509766;0;-0.290815;0.532225;-0.303999;0;2;-376.196991;57.920143;1947.342163;0;-0.293741;-0.176618;0.176978;0;2;-129.875275;-52.295792;1850.94397;0;0.648979;-0.232138;0.095041;0;2;-110.683403;323.418945;1770.093262;0;0.676559;-0.228293;0.103997;0;2;-117.927887;685.390564;1705.59375;0;0.727211;-0.215976;0.114444;0;2;-7.478908;804.261719;1627.524902;0;0.969269;-0.072195;0.22793;0;2;-241.939621;-82.589737;1731.345459;0;0.605924;0.323817;0.348017;0;2;-263.463531;301.173096;1728.025879;0;0.54543;0.354199;0.317038;0;2;-320.728119;664.472351;1781.231445;0;0.498727;0.269114;0.177962;0;2;-262.619019;811.742859;1732.430176;0;-0.212831;0.321786;-0.061877;0;2;-181.823135;-643.286011;1939.451294;0;0.714791;-0.407945;0.335613;0;2;-112.699059;-654.482483;1801.786133;0;0.714791;-0.407945;0.335613;0;2;-94.41507;-686.36261;1841.076538;0;0.829485;-0.051146;0.525775;0;2;-91.241058;-680.650146;1962.751831;0;0.458278;0.335613;0.407945;0;2;-137.530212;-694.900818;1816.711304;0;0.829485;-0.051146;0.525775;0;2;-230.720016;-721.529663;1897.123779;0;0.714791;-0.407945;0.335613;0;2;9061966848
-188.895828;-67.679611;1789.386719;0;0.643441;-0.32984;0.180292;0;2;-182.962662;-234.50322;1826.619385;0;0.618971;-0.336128;0.168279;0;2;-184.031708;-366.698456;1861.52832;0;0.546753;-0.444377;0.253272;0;2;-185.977188;-564.171326;1927.248291;0;0.598153;-0.422635;0.288092;0;2;-158.177643;-526.683716;1932.708374;0;0.579863;-0.755523;-0.297262;0;2;-46.609177;-475.882263;1993.966187;0;-0.424759;0.70556;0.049021;0;2;47.82687;-330.37384;1793.738159;0;-0.200353;0.678165;-0.200773;0;2;47.8489;-330.518158;1571.38916;0;0.558705;0.400887;0.62839;0;2;51.336823;-322.3797;1479.502319;0;0.613375;0.503926;0.549221;0;2;78.304863;-298.223358;1382.447632;0;0.613375;0.503926;0.549221;0;2;21.13904;-319.426697;1444.952637;0;-0.026812;-0.602432;-0.409476;0;2;-214.047974;-535.826111;1901.771484;0;0.699037;0.61035;-0.333162;0;2;-305.119049;-513.953491;1817.377441;0;0.175102;0.789216;-0.492197;0;2;-388.000092;-273.726654;1908.397095;0;-0.266347;-0.598338;0.712117;0;2;-356.003998;-51.518841;1891.116821;0;0.636397;-0.002044;0.737061;0;2;-343.913605;-26.903261;1986.65332;0;-0.131436;0.633616;-0.376556;0;0;-327.366821;39.42691;1911.196167;0;-0.131436;0.633616;-0.376556;0;2;-284.569092;23.479195;1915.231689;0;-0.090333;-0.077505;0.165364;0;2;-130.161514;-51.594742;1852.09668;0;0.64839;-0.233833;0.094286;0;2;-111.03968;322.839874;1770.089478;0;0.675774;-0.230047;0.103243;0;2;-118.076447;683.619507;1704.383911;0;0.72804;-0.215905;0.11149;0;2;-7.91806;802.247009;1626.620972;0;0.969566;-0.074221;0.225783;0;2;-241.859131;-82.184044;1732.838379;0;0.605262;0.324289;0.349864;0;2;-263.707062;300.546326;1728.923462;0;0.544545;0.354968;0.318688;0;2;-321.133148;662.871704;1781.804688;0;0.488193;0.280391;0.183545;0;2;-267.03299;811.136108;1732.87561;0;-0.221287;0.333686;-0.065806;0;2;-180.275192;-641.036438;1941.095093;0;0.7042;-0.396467;0.345489;0;2;-111.36544;-655.22644;1804.053345;0;0.7042;-0.396467;0.345489;0;2;-94.999695;-688.093689;1843.182983;0;0.835253;-0.036047;0.524642;0;2;-92.11084;-683.068726;1964.576294;0;0.477026;0.345489;0.396467;0;2;-138.273422;-694.250427;1818.652588;0;0.835253;-0.036047;0.524642;0;2;-232.855484;-716.245422;1898.321167;0;0.7042;-0.396467;0.345489;0;2;9061999616
-194.622345;-66.228416;1793.912476;0;0.64241;-0.330843;0.179388;0;2;-188.920486;-232.784256;1831.686157;0;0.617831;-0.337118;0.167298;0;2;-190.191711;-364.734863;1867.040527;0;0.559507;-0.4149;0.244178;0;2;-196.848679;-563.632507;1927.354492;0;0.611809;-0.393983;0.276664;0;2;-169.420151;-526.430359;1935.585327;0;0.586158;-0.741273;-0.30323;0;2;-61.780468;-484.525543;2009.107788;0;-0.472213;0.714912;0.057898;0;2;62.137573;-334.523376;1829.657104;0;0.178391;-0.659259;0.282542;0;2;47.228973;-363.894562;1609.958862;0;0.226566;0.644896;0.619383;0;2;47.461128;-310.85553;1534.504028;0;0.292097;0.74544;0.493806;0;2;76.647636;-255.178101;1452.286499;0;0.292097;0.74544;0.493806;0;1;11.704436;-333.993622;1479.113281;0;0.138141;-0.647666;-0.148807;0;2;-223.099625;-534.571533;1900.842163;0;0.688663;0.618725;-0.332039;0;2;-313.056946;-514.175415;1815.060669;0;0.166343;0.782173;-0.49865;0;2;-388.282288;-273.786133;1911.439941;0;-0.295873;-0.485341;0.7905;0;2;-308.687805;-70.804062;1856.008789;0;0.726098;-0.229278;0.622708;0;2;-329.346588;-22.816837;1940.462402;0;-0.395966;0.598049;-0.287526;0;2;-332.286987;63.304977;1886.393311;0;-0.395966;0.598049;-0.287526;0;1;-293.541779;27.764399;1903.738403;0;-0.388887;-0.120256;-0.267764;0;1;-135.913879;-50.02232;1856.508423;0;0.639188;-0.242991;0.097365;0;2;-111.071098;322.593445;1769.481689;0;0.670554;-0.238494;0.107976;0;2;-115.850952;682.606201;1701.215698;0;0.733314;-0.214531;0.106261;0;2;-6.982193;802.722046;1624.290161;0;0.969983;-0.076892;0.221102;0;2;-247.562332;-80.842178;1737.467041;0;0.599348;0.344142;0.382873;0;2;-264.682465;301.548645;1723.280029;0;0.528625;0.384083;0.342781;0;2;-318.775299;663.303833;1781.070068;0;0.477607;0.284475;0.176492;0;2;-267.39328;813.497803;1735.716431;0;-0.233399;0.331601;-0.073619;0;2;-192.227264;-640.777466;1939.56189;0;0.716201;-0.39149;0.334215;0;2;-119.746033;-651.856506;1804.238281;0;0.716201;-0.39149;0.334215;0;2;-103.525055;-684.668213;1843.4104;0;0.839666;-0.040499;0.513151;0;2;-103.705246;-680.796753;1964.773315;0;0.471267;0.334215;0.39149;0;2;-145.985748;-691.649109;1817.793823;0;0.839666;-0.040499;0.513151;0;2;-241.802155;-716.773682;1894.844971;0;0.716201;-0.39149;0.334215;0;2;9062033408
-204.207901;-62.780624;1800.480225;0;0.637928;-0.337042;0.180653;0;2;-199.036896;-228.845291;1839.746582;0;0.59913;-0.346713;0.161315;0;2;-204.728058;-359.152008;1879.942017;0;0.589235;-0.394289;0.242323;0;2;-204.152527;-560.829407;1929.82251;0;0.640448;-0.373587;0.273162;0;2;-178.785294;-522.956055;1940.872314;0;0.615704;-0.727616;-0.277795;0;2;-67.018402;-487.808167;2011.48291;0;-0.438884;0.735682;0.17103;0;2;56.658657;-308.284485;1861.802612;0;-0.065186;0.693988;-0.298093;0;2;50.385857;-381.244446;1652.283569;0;0.285455;0.668338;0.520649;0;2;61.276764;-346.659393;1567.571655;0;0.359087;0.748758;0.396372;0;2;100.482758;-314.359253;1477.508911;0;0.359087;0.748758;0.396372;0;2;34.955421;-343.016174;1523.119385;0;-0.23243;0.693694;0.149759;0;2;-230.808685;-531.654114;1903.925659;0;0.667915;0.638398;-0.318173;0;2;-319.823273;-516.232117;1816.31311;0;0.160405;0.752471;-0.528238;0;2;-369.369965;-270.983887;1916.304932;0;-0.392135;0.103068;0.913578;0;2;-218.509659;-307.787384;1753.816772;0;0.163507;0.058884;0.833276;0;2;-128.516113;-298.948059;1794.641968;0;0.497766;0.81756;-0.171498;0;2;-213.112976;-294.049438;1738.523682;0;0.497766;0.81756;-0.171498;0;1;-118.542099;-309.294067;1790.724609;0;0.172421;-0.263295;-0.489765;0;2;-144.780899;-46.332588;1862.216064;0;0.624057;-0.215543;0.054434;0;2;-95.672432;320.828613;1764.534668;0;0.696022;-0.20905;0.075733;0;2;-116.283821;680.375916;1698.624512;0;0.737628;-0.209447;0.097973;0;2;-7.404871;801.498474;1623.706055;0;0.971605;-0.079102;0.21163;0;2;-257.795807;-77.612549;1744.810303;0;0.591478;0.373573;0.430761;0;2;-265.905945;303.6427;1712.815918;0;0.49482;0.436551;0.366773;0;2;-313.688812;662.226074;1790.359619;0;0.472661;0.361183;0.222666;0;2;-267.63147;810.101379;1733.646729;0;-0.208929;0.418391;-0.095002;0;2;-196.376175;-638.150574;1938.268555;0;0.718792;-0.398455;0.308677;0;2;-118.718185;-652.953857;1806.378784;0;0.718792;-0.398455;0.308677;0;2;-103.502396;-683.995178;1847.290527;0;0.846855;-0.063482;0.500018;0;2;-108.345779;-675.676331;1968.220093;0;0.478842;0.308677;0.398455;0;2;-144.807953;-692.623169;1820.409058;0;0.846855;-0.063482;0.500018;0;2;-242.987503;-716.495178;1894.642578;0;0.718792;-0.398455;0.308677;0;2;9062066176
-207.291458;-58.602478;1803.630737;0;0.641595;-0.34418;0.175379;0;2;-198.86203;-223.940918;1844.750244;0;0.598044;-0.35466;0.153081;0;2;-203.383133;-353.290924;1887.712769;0;0.594643;-0.392563;0.23842;0;2;-200.721512;-554.898132;1937.103516;0;0.645646;-0.372179;0.269133;0;2;-175.924515;-516.774597;1948.422241;0;0.615099;-0.729665;-0.279657;0;2;-63.635906;-478.654724;2016.398682;0;0.512613;-0.716819;-0.053225;0;2;82.534546;-331.270386;1852.913574;0;0.209959;-0.647793;0.31149;0;2;66.442574;-359.047974;1633.4823;0;0.314822;0.571724;0.520513;0;2;58.516415;-342.16098;1543.321167;0;0.38909;0.639221;0.434969;0;2;70.913231;-324.972717;1442.201416;0;0.38909;0.639221;0.434969;0;2;16.59119;-348.267975;1506.777222;0;0.16117;-0.609541;-0.074704;0;2;-227.513199;-526.013733;1911.090576;0;0.667827;0.637824;-0.306966;0;2;-316.241516;-515.42511;1822.62146;0;0.172534;0.755862;-0.526661;0;2;-370.675812;-268.690887;1915.578857;0;-0.388784;0.108135;0.91488;0;2;-219.243484;-310.99707;1755.229004;0;0.161402;0.046308;0.823397;0;2;-128.826965;-299.374298;1794.183228;0;0.505794;0.802847;-0.188581;0;1;-210.148987;-294.621887;1733.543091;0;0.505794;0.802847;-0.188581;0;1;-118.718307;-309.329407;1790.850708;0;0.163421;-0.257879;-0.471024;0;1;-147.901443;-40.36285;1864.795898;0;0.615012;-0.203105;0.03441;0;2;-86.267044;323.352997;1762.64856;0;0.71179;-0.196686;0.061378;0;2;-119.432915;681.882874;1697.982422;0;0.744176;-0.19322;0.070907;0;2;-7.967681;803.975281;1629.02771;0;0.976856;-0.086644;0.180963;0;2;-260.846039;-75.04995;1748.475342;0;0.600994;0.36483;0.423925;0;2;-265.20932;305.639923;1712.935303;0;0.494318;0.432132;0.355052;0;2;-316.158905;662.284607;1795.787109;0;0.472587;0.365158;0.222808;0;2;-270.082275;810.043091;1739.175415;0;-0.207682;0.421306;-0.097707;0;2;-192.071182;-632.075256;1945.428345;0;0.706497;-0.42635;0.318634;0;2;-122.049965;-650.1073;1809.862183;0;0.706497;-0.42635;0.318634;0;2;-103.988838;-679.530029;1850.755737;0;0.829387;-0.076166;0.526784;0;2;-101.9198;-667.289307;1971.331665;0;0.466434;0.318634;0.42635;0;2;-146.608658;-689.628906;1826.657959;0;0.829387;-0.076166;0.526784;0;2;-239.821625;-712.41925;1907.194336;0;0.706497;-0.42635;0.318634;0;2;9062099968
-210.240143;-57.271847;1806.117554;0;0.637847;-0.352185;0.181359;0;2;-201.474945;-223.081619;1847.897461;0;0.590534;-0.363909;0.156512;0;2;-206.637146;-352.337708;1892.644043;0;0.588412;-0.398719;0.264558;0;2;-204.96991;-555.9552;1936.801636;0;0.638785;-0.376219;0.295681;0;2;-178.922165;-518.395752;1947.917358;0;0.634546;-0.730278;-0.237396;0;2;-59.302769;-486.093231;2006.819458;0;0.542556;-0.686517;-0.029999;0;2;81.613754;-336.130676;1839.521118;0;0.195641;-0.593962;0.345565;0;2;33.118279;-366.567963;1624.420166;0;0.22266;0.730946;0.356018;0;2;51.476448;-348.541229;1535.661255;0;0.239458;0.741774;0.332869;0;2;73.786385;-323.687164;1437.486328;0;0.239458;0.741774;0.332869;0;2;-2.09674;-342.803711;1490.779541;0;0.297755;-0.61901;0.085272;0;2;-232.600967;-525.867188;1912.789185;0;0.662616;0.645616;-0.318011;0;2;-322.432983;-508.721008;1825.809082;0;0.179613;0.748889;-0.53733;0;2;-372.746399;-257.873108;1912.788086;0;-0.387843;0.119003;0.914;0;2;-221.535126;-306.131958;1752.740356;0;0.158995;0.086882;0.799026;0;2;-131.86145;-299.212738;1795.302979;0;0.537031;0.771801;-0.224309;0;1;-210.160202;-291.961884;1730.444824;0;0.537031;0.771801;-0.224309;0;1;-119.832146;-308.6763;1790.200928;0;0.18241;-0.279193;-0.425346;0;1;-149.284271;-38.920128;1866.161011;0;0.614141;-0.195088;0.028105;0;2;-84.144989;325.920929;1764.866577;0;0.710475;-0.189659;0.053809;0;2;-114.066856;685.876953;1698.853149;0;0.741508;-0.201076;0.083909;0;2;-3.58279;808.038208;1626.780029;0;0.97441;-0.08306;0.195738;0;2;-265.206726;-73.820396;1751.973755;0;0.588733;0.37604;0.440574;0;2;-274.408203;308.133423;1715.617554;0;0.490715;0.441902;0.374459;0;2;-321.843475;667.965149;1792.714111;0;0.480207;0.321413;0.187398;0;2;-269.858826;817.450745;1744.606689;0;-0.219021;0.365443;-0.091973;0;2;-197.19519;-633.738831;1942.726685;0;0.721818;-0.405545;0.322125;0;2;-124.352013;-644.384949;1807.21814;0;0.721818;-0.405545;0.322125;0;2;-106.692673;-675.804688;1847.04834;0;0.835016;-0.058987;0.51454;0;2;-106.873291;-669.62561;1968.55481;0;0.459073;0.322125;0.405545;0;2;-148.942871;-685.0495;1821.608521;0;0.835016;-0.058987;0.51454;0;2;-243.71431;-712.722717;1899.477295;0;0.721818;-0.405545;0.322125;0;2;9062133760
-212.61377;-57.819893;1806.666992;0;0.629044;-0.352101;0.186727;0;2;-207.65213;-224.35968;1848.823853;0;0.588624;-0.362492;0.165656;0;2;-213.735397;-354.623962;1892.092529;0;0.584227;-0.412264;0.263376;0;2;-209.504654;-558.129578;1940.146362;0;0.634277;-0.389816;0.295588;0;2;-183.416626;-520.034058;1950.028931;0;0.625152;-0.743788;-0.231652;0;2;-61.11972;-480.840698;1999.744507;0;0.512881;-0.693989;-0.074053;0;2;69.1465;-316.986115;1835.275269;0;0.159059;-0.622883;0.314836;0;2;30.395601;-354.986786;1618.535034;0;0.3698;0.687115;0.441078;0;2;56.219772;-335.65976;1531.561523;0;0.365898;0.683221;0.447087;0;2;77.178223;-306.086365;1433.983765;0;0.365898;0.683221;0.447087;0;2;5.194795;-328.551605;1484.040161;0;0.236368;-0.641395;-0.088611;0;2;-237.992554;-528.589111;1916.101074;0;0.664482;0.638968;-0.329231;0;2;-326.627869;-509.705292;1827.573242;0;0.19797;0.795799;-0.489209;0;2;-420.201782;-266.613678;1903.236328;0;-0.35671;-0.003836;0.934134;0;2;-251.527481;-266.875671;1752.429077;0;-0.355862;0.097903;-0.646567;0;2;-184.517349;-203.526688;1790.800537;0;0.597207;0.653793;-0.013731;0;2;-242.653641;-258.448456;1726.98584;0;0.597207;0.653793;-0.013731;0;2;-152.402115;-240.523178;1759.136841;0;0.127508;-0.142237;-0.261886;0;2;-150.694199;-40.803886;1866.600586;0;0.61826;-0.183007;0.020833;0;2;-85.701385;326.508606;1768.68042;0;0.708505;-0.179047;0.0434;0;2;-110.791595;688.021301;1701.436035;0;0.746305;-0.208945;0.105069;0;2;-5.181559;813.760254;1626.564575;0;0.969881;-0.073665;0.216321;0;2;-268.449402;-73.163971;1752.62207;0;0.572252;0.396897;0.463437;0;2;-280.007233;310.14389;1715.846436;0;0.476536;0.466443;0.393342;0;2;-321.233307;671.487122;1796.141357;0;0.483344;0.332255;0.192951;0;2;-268.418793;820.696838;1745.971436;0;-0.211373;0.377032;-0.095712;0;2;-200.964523;-636.022705;1947.365845;0;0.722396;-0.400185;0.327328;0;2;-128.209045;-645.483826;1811.059814;0;0.722396;-0.400185;0.327328;0;2;-110.631203;-677.664612;1850.591675;0;0.835505;-0.051517;0.514429;0;2;-110.513596;-673.037109;1972.627563;0;0.459187;0.327328;0.400185;0;2;-153.160919;-686.304199;1825.030273;0;0.835505;-0.051517;0.514429;0;2;-248.32872;-714.39502;1903.035034;0;0.722396;-0.400185;0.327328;0;2;9062166528
-213.596558;-57.235355;1809.755371;0;0.631403;-0.345999;0.19989;0;2;-209.052216;-225.141251;1847.242798;0;0.602385;-0.354236;0.184901;0;2;-212.262161;-357.700165;1883.952393;0;0.569539;-0.41414;0.260999;0;2;-214.471512;-560.297913;1936.969849;0;0.620656;-0.391876;0.29337;0;2;-187.205688;-522.748047;1946.037231;0;0.617696;-0.742167;-0.241794;0;2;-67.961174;-489.574524;2006.83667;0;-0.487765;0.728992;0.059534;0;2;75.639519;-342.504883;1837.097168;0;-0.186558;0.662244;-0.310495;0;2;63.723476;-379.760681;1616.804199;0;0.427877;0.479815;0.707485;0;1;55.989346;-341.030029;1532.729492;0;0.472409;0.595551;0.613251;0;1;72.218987;-286.030945;1445.685547;0;0.472409;0.595551;0.613251;0;1;11.18198;-335.137909;1502.760986;0;0.115611;-0.519197;-0.459973;0;1;-242.00264;-530.439209;1912.088867;0;0.676075;0.632834;-0.332922;0;2;-332.723267;-507.479919;1826.43457;0;0.210293;0.810743;-0.45937;0;2;-442.200348;-271.378784;1904.199829;0;-0.316972;-0.534635;0.763211;0;2;-390.680878;-61.107204;1837.37207;0;0.703515;-0.20038;-0.37689;0;2;-402.575317;-1.993977;1757.576416;0;0.437085;-0.336257;0.262924;0;2;-362.435425;-54.783871;1835.674438;0;0.437085;-0.336257;0.262924;0;2;-341.977753;-61.959641;1706.607178;0;0.646986;0.07971;-0.758138;0;2;-150.942734;-42.172775;1869.625244;0;0.615962;-0.204942;0.04833;0;2;-90.24276;326.626434;1772.457397;0;0.695103;-0.198498;0.070362;0;2;-106.902481;689.618286;1707.844971;0;0.731611;-0.233471;0.148408;0;2;-5.079746;813.19165;1624.055908;0;0.95966;-0.060578;0.26441;0;2;-270.094269;-70.817947;1755.768066;0;0.561933;0.407374;0.477484;0;2;-284.196014;312.84845;1718.094849;0;0.46579;0.48037;0.403949;0;2;-323.195801;674.316467;1801.258545;0;0.488649;0.341308;0.202264;0;2;-269.526764;822.25647;1747.602417;0;-0.20088;0.389999;-0.095536;0;2;-208.359711;-638.327698;1946.10144;0;0.72433;-0.429592;0.297123;0;2;-133.392761;-651.993164;1811.115723;0;0.72433;-0.429592;0.297123;0;2;-114.44088;-680.599426;1852.803101;0;0.830389;-0.09367;0.513865;0;2;-116.105568;-668.361389;1974.468994;0;0.450017;0.297123;0.429592;0;2;-156.13446;-693.315125;1827.431519;0;0.830389;-0.09367;0.513865;0;2;-250.598465;-722.070801;1906.324463;0;0.72433;-0.429592;0.297123;0;2;9062200320
-215.72229;-56.978081;1810.288086;0;0.636835;-0.333605;0.192634;0;2;-211.75856;-225.241165;1846.495972;0;0.620247;-0.338233;0.184386;0;2;-212.008484;-359.069214;1878.637207;0;0.56564;-0.420779;0.24542;0;2;-213.760147;-559.827271;1938.516724;0;0.617179;-0.399742;0.278373;0;2;-186.784683;-521.825745;1946.60437;0;0.598843;-0.741242;-0.280272;0;2;-74.204727;-483.630676;2016.580078;0;-0.434072;0.751715;0.07187;0;2;60.993282;-341.085846;1836.262085;0;-0.21113;0.721316;-0.223482;0;2;90.032516;-354.589722;1614.748047;0;0.40701;0.415372;0.717031;0;1;67.980179;-329.57962;1528.014526;0;0.467561;0.533581;0.634002;0;1;68.67289;-289.040436;1431.948364;0;0.467561;0.533581;0.634002;0;1;15.011415;-336.596405;1503.689697;0;0.084969;-0.449702;-0.36068;0;1;-241.174042;-530.97583;1912.320435;0;0.680842;0.620613;-0.343108;0;2;-329.680481;-508.591644;1824.167847;0;0.184256;0.817372;-0.492709;0;2;-439.478058;-266.215973;1879.184204;0;0.230107;0.693531;-0.655647;0;2;-454.860657;-40.250957;1870.603516;0;0.550811;-0.01281;-0.775214;0;2;-413.7966;-16.32299;1782.561401;0;0.032991;0.64851;-0.424919;0;2;-397.736755;44.42852;1863.530518;0;0.032991;0.64851;-0.424919;0;2;-414.929901;-12.936561;1772.387207;0;0.68332;0.34555;-0.630788;0;2;-154.925079;-42.231319;1872.16272;0;0.607738;-0.237696;0.08696;0;2;-97.629814;327.19104;1774.755615;0;0.676732;-0.228375;0.109186;0;2;-105.102921;691.070801;1712.7323;0;0.724385;-0.242968;0.169951;0;2;-5.28641;813.987732;1625.497559;0;0.95417;-0.052158;0.286418;0;2;-270.545807;-70.275887;1754.493042;0;0.557863;0.410111;0.482142;0;2;-286.443024;313.455475;1716.806519;0;0.457724;0.486694;0.404681;0;2;-326.451385;673.671021;1805.340454;0;0.482218;0.364797;0.219286;0;2;-276.445526;821.509766;1747.823975;0;-0.197477;0.41859;-0.100013;0;2;-207.342957;-637.493408;1950.371704;0;0.714741;-0.42723;0.311836;0;2;-135.338867;-653.102234;1813.929077;0;0.714741;-0.42723;0.311836;0;2;-116.593445;-682.515747;1855.170288;0;0.828955;-0.081596;0.522599;0;2;-115.61554;-670.740417;1976.932251;0;0.457579;0.311836;0.42723;0;2;-159.164215;-693.720093;1830.517822;0;0.828955;-0.081596;0.522599;0;2;-253.114349;-719.630005;1911.064209;0;0.714741;-0.42723;0.311836;0;2;9062233088
-215.73143;-56.977074;1810.284912;0;0.63684;-0.333596;0.192633;0;2;-211.76709;-225.241577;1846.490723;0;0.620264;-0.338222;0.184391;0;2;-212.01358;-359.071503;1878.627441;0;0.565712;-0.420759;0.245347;0;2;-213.73822;-559.830688;1938.507813;0;0.617249;-0.399728;0.278299;0;2;-186.770203;-521.824219;1946.598755;0;0.598829;-0.741224;-0.280368;0;2;-74.201309;-483.602295;2016.578857;0;-0.433973;0.751736;0.07193;0;2;60.968048;-341.046936;1836.245605;0;-0.210972;0.721341;-0.223492;0;2;89.99337;-354.598389;1614.731323;0;0.407258;0.414974;0.717069;0;2;67.917831;-329.659332;1527.982788;0;0.467822;0.533196;0.634108;0;2;68.575905;-289.180847;1431.890259;0;0.467822;0.533196;0.634108;0;2;14.966722;-336.732666;1503.653931;0;0.084492;-0.449652;-0.360588;0;2;-241.153915;-530.983948;1912.307861;0;0.680816;0.6206;-0.34307;0;2;-329.647858;-508.641663;1824.130981;0;0.184298;0.817574;-0.492486;0;2;-439.634796;-266.331146;1879.06311;0;0.230057;0.693891;-0.655352;0;2;-455.233215;-40.379627;1870.484741;0;0.551637;-0.011921;-0.775165;0;2;-414.321136;-16.403984;1782.384277;0;0.033557;0.649608;-0.423122;0;2;-398.561157;44.27784;1863.46521;0;0.033557;0.649608;-0.423122;0;2;-415.546387;-13.005114;1772.216553;0;0.683756;0.346393;-0.629645;0;2;-154.934814;-42.23074;1872.160889;0;0.607754;-0.237651;0.086944;0;2;-97.637413;327.198212;1774.771606;0;0.676748;-0.228332;0.109166;0;2;-105.112328;691.082031;1712.760498;0;0.724381;-0.242942;0.169935;0;2;-5.285785;813.99707;1625.532471;0;0.954181;-0.052151;0.286388;0;2;-270.554413;-70.274498;1754.488647;0;0.557865;0.4101;0.48213;0;2;-286.456879;313.459167;1716.807373;0;0.457723;0.486681;0.404671;0;2;-326.47522;673.674683;1805.344971;0;0.482199;0.3648;0.219284;0;2;-276.474518;821.517456;1747.831543;0;-0.197497;0.41859;-0.100017;0;2;-207.309082;-637.496094;1950.363892;0;0.714812;-0.427207;0.311743;0;2;-135.277924;-653.0896;1813.932739;0;0.714812;-0.427207;0.311743;0;2;-116.534729;-682.501099;1855.176758;0;0.828987;-0.081646;0.522517;0;2;-115.580276;-670.728516;1976.940063;0;0.457553;0.311743;0.427207;0;2;-159.099487;-693.712036;1830.516479;0;0.828987;-0.081646;0.522517;0;2;-253.059952;-719.639832;1911.046021;0;0.714812;-0.427207;0.311743;0;2;9062266880
-219.870804;-55.93713;1812.054932;0;0.643132;-0.32446;0.194214;0;2;-215.241653;-224.213837;1845.035522;0;0.626918;-0.329041;0.186348;0;2;-214.891205;-358.155518;1874.471069;0;0.577013;-0.392938;0.230011;0;2;-220.719238;-559.025818;1930.987915;0;0.629529;-0.373227;0.260781;0;2;-194.501801;-521.290527;1941.467651;0;0.599964;-0.723678;-0.292791;0;2;-89.03083;-491.897095;2024.56311;0;-0.480363;0.732294;0.038389;0;2;52.858917;-354.128326;1847.114136;0;-0.234349;0.680911;-0.272192;0;2;61.136578;-370.08139;1624.827881;0;0.573176;0.257369;0.75459;0;2;49.512417;-350.876953;1535.002808;0;0.597343;0.384561;0.698397;0;2;50.490299;-305.843597;1441.378418;0;0.597343;0.384561;0.698397;0;2;-5.775004;-348.24118;1525.265747;0;0.021492;0.352051;0.669688;0;2;-246.140396;-529.896484;1903.436157;0;0.664341;0.608137;-0.366186;0;2;-324.837585;-512.882874;1805.932983;0;0.170064;0.850567;-0.473666;0;2;-461.496765;-280.690002;1832.549927;0;0.176553;0.829098;-0.510312;0;2;-560.220459;-78.03154;1846.131348;0;0.585103;0.39836;-0.693476;0;2;-553.049866;-10.47758;1773.170288;0;0.256839;0.791193;-0.116675;0;2;-592.255615;36.841824;1854.73584;0;0.256839;0.791193;-0.116675;0;2;-592.61676;-10.967249;1776.805908;0;0.54913;0.729481;-0.328307;0;2;-160.085648;-42.023567;1874.654785;0;0.606273;-0.261019;0.128697;0;2;-110.581795;329.273438;1786.002686;0;0.647636;-0.253277;0.143382;0;2;-98.501808;691.529297;1723.102661;0;0.696603;-0.272693;0.234409;0;2;-5.547307;811.072937;1625.554199;0;0.933753;-0.027922;0.353211;0;2;-273.781708;-68.483604;1755.605957;0;0.568502;0.395607;0.458445;0;2;-289.393768;314.462189;1724.601318;0;0.480277;0.458907;0.395056;0;2;-333.064972;675.841919;1800.041992;0;0.48746;0.319548;0.192265;0;2;-279.246002;824.1651;1749.347168;0;-0.210434;0.367556;-0.087255;0;2;-215.125961;-636.576355;1942.111572;0;0.72067;-0.402742;0.299986;0;2;-135.73555;-652.098877;1810.474854;0;0.72067;-0.402742;0.299986;0;2;-120.422623;-682.580688;1852.101685;0;0.847557;-0.07266;0.496904;0;2;-126.477776;-672.779846;1973.449829;0;0.477956;0.299986;0.402742;0;2;-161.571182;-692.110352;1824.839233;0;0.847557;-0.07266;0.496904;0;2;-260.573059;-716.421936;1898.855225;0;0.72067;-0.402742;0.299986;0;2;9062299648
-220.543884;-58.936462;1808.506836;0;0.653275;-0.31334;0.18192;0;2;-213.948013;-226.01265;1840.606934;0;0.643551;-0.315949;0.17735;0;2;-210.146439;-359.383636;1867.529907;0;0.565872;-0.40251;0.220461;0;2;-218.048416;-556.533325;1930.76123;0;0.618979;-0.383534;0.252029;0;2;-191.591797;-519.024292;1939.772339;0;0.577317;-0.745644;-0.304233;0;2;-85.376656;-478.356964;2015.11377;0;-0.465561;0.713226;0.013254;0;2;33.530823;-344.742432;1821.312866;0;-0.262438;0.676196;-0.227216;0;2;45.091496;-337.263672;1600.395264;0;0.707414;0.15417;0.674659;0;2;56.422497;-331.884064;1509.359131;0;0.721508;0.265802;0.63897;0;2;75.236633;-300.160706;1413.060059;0;0.721508;0.265802;0.63897;0;2;27.376547;-327.908203;1480.460083;0;0.272587;0.438137;0.687238;0;2;-243.006607;-528.341492;1902.430542;0;0.668722;0.588501;-0.387279;0;2;-316.684204;-511.028656;1802.312866;0;0.18303;0.862457;-0.459879;0;2;-465.730255;-287.470581;1806.083618;0;0.182704;0.863869;-0.457222;0;2;-591.096252;-101.696487;1809.798706;0;0.639317;0.531606;-0.538657;0;2;-621.909851;-28.045616;1751.348022;0;0.376179;0.756069;-0.033397;0;2;-665.120178;17.83691;1830.730957;0;0.376179;0.756069;-0.033397;0;2;-604.793396;-16.614023;1737.773804;0;0.377807;0.734363;-0.43053;0;2;-163.607468;-44.359566;1872.678345;0;0.605378;-0.278466;0.154734;0;2;-120.836983;325.970093;1789.052246;0;0.631623;-0.272677;0.16476;0;2;-101.339539;684.782349;1724.308472;0;0.705041;-0.262782;0.220445;0;2;-7.316507;804.811523;1630.944458;0;0.939548;-0.030698;0.336286;0;2;-271.885956;-72.081085;1750.640625;0;0.580672;0.373639;0.421714;0;2;-289.605103;308.662781;1731.332397;0;0.508206;0.420341;0.375171;0;2;-337.600037;669.315796;1792.68042;0;0.493915;0.271409;0.168762;0;2;-280.524231;816.87915;1747.680786;0;-0.219231;0.316934;-0.069988;0;2;-213.334595;-633.115967;1944.55249;0;0.7148;-0.422671;0.309937;0;2;-140.712265;-648.994751;1810.423096;0;0.7148;-0.422671;0.309937;0;2;-122.9048;-678.30481;1851.375977;0;0.832815;-0.079715;0.518032;0;2;-123.224579;-666.838379;1971.814453;0;0.462979;0.309937;0.422671;0;2;-164.818024;-688.976196;1826.494995;0;0.832815;-0.079715;0.518032;0;2;-258.868103;-713.885071;1905.036621;0;0.7148;-0.422671;0.309937;0;2;9062333440
-222.592987;-59.17963;1812.107422;0;0.664103;-0.302291;0.15896;0;2;-213.496658;-226.520233;1846.315674;0;0.639066;-0.30796;0.147678;0;2;-212.614151;-359.404083;1878.551514;0;0.582532;-0.384629;0.225289;0;2;-218.465973;-560.100708;1933.426758;0;0.635162;-0.365324;0.255408;0;2;-192.754166;-522.405945;1944.663696;0;0.587647;-0.721578;-0.329878;0;2;-92.430588;-482.718964;2029.183838;0;0.507118;-0.703949;-0.009299;0;2;41.476345;-345.649811;1846.226807;0;0.27361;-0.652058;0.265428;0;2;41.494888;-342.874268;1623.879028;0;0.601906;0.411032;0.609042;0;2;55.752094;-331.768921;1533.346069;0;0.62249;0.453011;0.578498;0;2;74.961212;-312.229218;1433.440186;0;0.62249;0.453011;0.578498;0;2;24.480164;-331.635193;1495.262939;0;-0.052333;-0.613477;-0.421941;0;2;-243.405609;-531.006836;1905.635376;0;0.65471;0.612323;-0.381584;0;2;-319.959381;-509.301666;1807.832397;0;0.241985;0.849413;-0.468826;0;2;-471.163452;-292.734375;1752.071533;0;0.242254;0.817616;-0.522307;0;2;-573.477417;-100.798637;1693.774902;0;0.647624;0.698161;-0.182841;0;2;-651.529968;-39.367939;1697.622437;0;0.508577;0.71575;0.09253;0;2;-706.709778;-4.221108;1775.652344;0;0.508577;0.71575;0.09253;0;2;-651.127808;-19.913834;1686.887695;0;0.233252;0.943472;-0.200194;0;2;-168.985764;-42.564346;1879.131958;0;0.609268;-0.273809;0.140952;0;2;-127.671051;328.813385;1791.467651;0;0.633863;-0.268887;0.150175;0;2;-108.657318;688.354492;1721.348511;0;0.713585;-0.244295;0.169028;0;2;-5.714088;806.35022;1633.378296;0;0.955032;-0.053842;0.286693;0;2;-270.932983;-74.162354;1751.668457;0;0.591139;0.355652;0.39669;0;2;-289.38678;308.513367;1736.99939;0;0.526012;0.394498;0.358071;0;2;-339.562164;671.739868;1791.245117;0;0.507727;0.244739;0.160289;0;2;-277.258392;818.128113;1746.569702;0;-0.210531;0.292097;-0.057272;0;2;-212.687576;-637.468933;1944.110718;0;0.717489;-0.424963;0.288202;0;2;-134.591095;-656.021362;1812.617188;0;0.717489;-0.424963;0.288202;0;2;-117.931847;-684.187561;1855.146973;0;0.840175;-0.096704;0.504283;0;2;-122.887253;-669.567566;1975.703003;0;0.470697;0.288202;0.424963;0;2;-158.959061;-696.039856;1828.89978;0;0.840175;-0.096704;0.504283;0;2;-256.042847;-720.133911;1904.880737;0;0.717489;-0.424963;0.288202;0;2;9062366208
-225.281219;-61.119896;1811.869507;0;0.665514;-0.296238;0.158765;0;2;-216.805771;-228.571243;1844.752808;0;0.641614;-0.301649;0.148226;0;2;-216.083847;-361.636505;1875.592407;0;0.583068;-0.388249;0.215218;0;2;-220.513321;-561.156372;1933.936157;0;0.635755;-0.36974;0.24566;0;2;-195.262695;-523.070862;1944.679932;0;0.579025;-0.726251;-0.339082;0;2;-95.948227;-479.324982;2028.143921;0;-0.48894;0.711423;0.015571;0;2;33.830441;-342.883606;1842.178589;0;-0.27646;0.670052;-0.239574;0;2;45.114559;-334.868378;1620.483643;0;0.647807;0.295467;0.640355;0;2;54.755283;-332.746613;1528.793457;0;0.688123;0.402626;0.579006;0;2;82.824677;-308.805328;1432.109009;0;0.688123;0.402626;0.579006;0;2;23.797901;-335.595428;1494.540405;0;-0.145876;-0.54897;-0.490163;0;2;-245.476898;-532.825439;1905.472534;0;0.656437;0.599392;-0.380513;0;2;-318.572418;-517.540344;1804.050903;0;0.266878;0.840526;-0.470145;0;2;-468.346527;-309.518219;1720.31543;0;0.263529;0.803485;-0.530973;0;2;-565.085999;-124.116302;1637.460938;0;0.728629;0.622595;-0.201122;0;2;-645.42157;-66.890511;1626.016968;0;0.605554;0.653147;0.038384;0;2;-705.088623;-16.182068;1690.94043;0;0.605554;0.653147;0.038384;0;2;-639.329895;-43.647781;1606.195435;0;0.329277;0.901842;-0.216575;0;2;-172.347778;-45.166477;1879.465698;0;0.611989;-0.26322;0.135876;0;2;-129.265427;326.376801;1795.22168;0;0.637135;-0.258383;0.144909;0;2;-109.260635;686.04425;1728.149658;0;0.699345;-0.250984;0.18428;0;2;-4.997373;800.168152;1637.073608;0;0.951315;-0.04793;0.302248;0;2;-273.013641;-75.505791;1750.915039;0;0.598642;0.344222;0.377292;0;2;-290.738007;306.934998;1740.612671;0;0.53976;0.377341;0.34416;0;2;-339.815369;670.592712;1790.044922;0;0.509594;0.235208;0.155675;0;2;-276.661163;816.744995;1746.459229;0;-0.210978;0.282099;-0.053833;0;2;-214.115173;-638.182373;1946.031128;0;0.719368;-0.428477;0.30306;0;2;-140.772934;-653.083801;1811.5625;0;0.719368;-0.428477;0.30306;0;2;-122.200882;-681.799377;1852.841675;0;0.83044;-0.088683;0.517275;0;2;-122.888702;-669.593201;1973.634644;0;0.455051;0.30306;0.428477;0;2;-163.964874;-693.702148;1827.915161;0;0.83044;-0.088683;0.517275;0;2;-257.744812;-720.583984;1906.831421;0;0.719368;-0.428477;0.30306;0;2;9062400000
-225.738068;-60.959682;1813.600952;0;0.670789;-0.279824;0.15388;0;2;-218.126999;-229.0811;1843.822021;0;0.650959;-0.284198;0.145645;0;2;-216.897293;-362.956482;1871.41333;0;0.576822;-0.395668;0.215273;0;2;-221.915222;-561.762817;1932.620361;0;0.629612;-0.37713;0.24631;0;2;-196.271835;-523.672729;1942.536987;0;0.574433;-0.727804;-0.341684;0;2;-97.716812;-479.701538;2026.942505;0;-0.488244;0.698201;0.000053;0;2;21.924421;-344.273407;1833.31897;0;0.268701;-0.652041;0.249653;0;2;20.749933;-337.375427;1611.13916;0;0.806485;0.004221;0.589959;0;2;52.046173;-323.627625;1525.415161;0;0.799468;0.058573;0.587059;0;2;81.577347;-297.78479;1429.578003;0;0.799468;0.058573;0.587059;0;2;15.383009;-319.746033;1498.339233;0;0.437514;0.26428;0.817546;0;2;-247.055862;-533.642395;1904.046143;0;0.667907;0.600255;-0.366111;0;2;-324.295349;-519.333618;1805.478394;0;0.336105;0.796229;-0.498221;0;2;-457.577576;-317.833893;1685.237671;0;0.335897;0.794745;-0.500584;0;2;-567.629333;-149.384048;1584.316895;0;0.415236;0.765635;-0.489163;0;2;-611.612122;-67.247429;1549.77478;0;0.304608;0.905988;0.068279;0;2;-695.815369;-62.111629;1606.741455;0;0.304608;0.905988;0.068279;0;2;-629.254761;-77.543358;1539.094604;0;0.152905;0.870619;-0.220152;0;2;-174.959854;-46.155998;1883.16626;0;0.615938;-0.258449;0.126734;0;2;-133.656723;325.585114;1797.630127;0;0.640838;-0.253979;0.135519;0;2;-115.453438;685.284485;1728.766724;0;0.694339;-0.243163;0.156176;0;2;-4.207313;794.625549;1639.85022;0;0.958664;-0.062272;0.276756;0;2;-271.527008;-74.308815;1750.870728;0;0.6198;0.306004;0.329928;0;2;-288.550995;308.538452;1744.929688;0;0.565029;0.332098;0.303641;0;2;-340.762573;672.847412;1787.986206;0;0.536061;0.196158;0.13697;0;2;-267.571136;815.201843;1747.157837;0;-0.189777;0.2413;-0.039737;0;2;-215.865265;-638.711487;1945.717407;0;0.716425;-0.418312;0.298277;0;2;-139.086227;-656.1474;1813.359131;0;0.716425;-0.418312;0.298277;0;2;-122.544693;-685.29071;1855.248779;0;0.840341;-0.084877;0.506705;0;2;-126.361099;-672.705261;1976.03418;0;0.471996;0.298277;0.418312;0;2;-163.932373;-696.055298;1829.131592;0;0.840341;-0.084877;0.506705;0;2;-260.763184;-719.984253;1905.41687;0;0.716425;-0.418312;0.298277;0;2;9062433792
-226.635712;-60.568069;1813.845337;0;0.67178;-0.277866;0.154454;0;2;-218.94899;-228.742615;1843.390747;0;0.652538;-0.282134;0.146513;0;2;-217.476807;-362.702972;1870.302124;0;0.580401;-0.389945;0.207981;0;2;-222.654587;-561.366028;1931.702148;0;0.633381;-0.372011;0.238582;0;2;-197.422073;-523.139526;1942.056641;0;0.571959;-0.727879;-0.344647;0;2;-99.649879;-478.83374;2027.113892;0;-0.477439;0.710944;0.001847;0;2;23.930796;-347.604523;1833.205811;0;-0.282887;0.672656;-0.23017;0;2;38.370548;-335.468048;1611.799194;0;0.796205;-0.025628;0.603324;0;2;66.533745;-325.118683;1524.560669;0;0.79432;-0.0037;0.603857;0;2;93.648048;-314.673798;1425.199707;0;0.79432;-0.0037;0.603857;0;2;26.98357;-334.569275;1496.973389;0;0.433183;0.214719;0.8027;0;2;-247.364532;-533.43335;1902.601685;0;0.659807;0.58986;-0.379625;0;2;-318.74826;-521.806702;1799.432739;0;0.342283;0.784267;-0.504117;0;2;-444.042206;-330.06369;1656.930298;0;0.336665;0.760718;-0.538995;0;2;-530.466309;-165.549652;1530.041748;0;0.461047;0.740631;-0.481783;0;2;-575.180054;-97.804062;1472.787231;0;0.422522;0.882602;0.040772;0;2;-668.288635;-87.753029;1512.586304;0;0.422522;0.882602;0.040772;0;2;-577.878784;-106.085312;1459.549927;0;0.215563;0.790903;-0.206045;0;2;-176.026077;-46.009838;1883.545288;0;0.617999;-0.256335;0.127329;0;2;-135.853851;326.14682;1799.927856;0;0.64097;-0.252205;0.135371;0;2;-117.123314;685.833679;1731.858887;0;0.694166;-0.245058;0.163495;0;2;-7.1517;795.816833;1642.283813;0;0.956959;-0.058449;0.283293;0;2;-272.272644;-73.695869;1750.994019;0;0.619025;0.306774;0.328227;0;2;-289.665161;309.016876;1746.730347;0;0.567105;0.331434;0.3033;0;2;-340.443054;673.505371;1788.804565;0;0.53209;0.216326;0.152949;0;2;-269.755798;815.727966;1743.584839;0;-0.188813;0.266832;-0.042601;0;2;-216.461945;-638.233276;1945.037476;0;0.71008;-0.398392;0.30797;0;2;-138.337082;-657.230896;1813.751343;0;0.71008;-0.398392;0.30797;0;2;-124.198753;-688.054871;1855.291504;0;0.850115;-0.063938;0.499473;0;2;-129.559753;-677.682251;1976.183716;0;0.492164;0.30797;0.398392;0;2;-165.606201;-696.001953;1828.247803;0;0.850115;-0.063938;0.499473;0;2;-264.962738;-716.067566;1902.290771;0;0.71008;-0.398392;0.30797;0;2;9062466560
-228.935791;-60.788658;1813.648315;0;0.687866;-0.270687;0.147235;0;2;-215.092453;-229.578812;1841.376343;0;0.671429;-0.27424;0.140506;0;2;-207.956757;-364.319153;1866.208984;0;0.573798;-0.351518;0.18413;0;2;-228.293961;-562.80658;1927.871582;0;0.629404;-0.33562;0.211727;0;2;-202.480972;-525.47821;1940.64856;0;0.557845;-0.716064;-0.34108;0;2;-113.392235;-495.802856;2041.103394;0;0.538618;-0.681883;0.016824;0;2;22.214815;-360.269348;1856.981079;0;0.328398;-0.631674;0.257362;0;2;25.274801;-337.066498;1635.10791;0;0.820648;-0.075432;0.561714;0;2;60.719856;-325.709106;1550.289063;0;0.82058;-0.074913;0.561784;0;2;97.922699;-321.881836;1453.311035;0;0.82058;-0.074913;0.561784;0;2;39.636463;-341.475861;1515.171143;0;0.52843;0.241115;0.727702;0;2;-248.708389;-533.966309;1896.135132;0;0.655642;0.586427;-0.407787;0;2;-317.971954;-514.077393;1792.164673;0;0.381394;0.749796;-0.526382;0;2;-430.457794;-325.809296;1633.228882;0;0.371032;0.708125;-0.581232;0;2;-493.313477;-165.29335;1487.190063;0;0.807503;0.451492;-0.370396;0;2;-558.194519;-145.257965;1414.145142;0;0.703551;0.582853;-0.036347;0;2;-626.584656;-82.716026;1457.14624;0;0.703551;0.582853;-0.036347;0;2;-536.778198;-109.118805;1386.857666;0;0.393965;0.750888;-0.256249;0;2;-179.964249;-45.099937;1884.702026;0;0.613642;-0.268805;0.140579;0;2;-140.540634;328.534637;1800.220459;0;0.636455;-0.26426;0.14899;0;2;-122.071831;689.726624;1732.080566;0;0.685867;-0.243985;0.149169;0;2;-7.118762;795.444946;1642.173584;0;0.959757;-0.067867;0.272357;0;2;-273.095612;-74.935867;1749.576172;0;0.625756;0.28922;0.300106;0;2;-292.161469;309.260193;1751.806396;0;0.587504;0.3058;0.283189;0;2;-337.775177;676.77948;1785.826782;0;0.564426;0.171336;0.130751;0;2;-254.52977;814.041565;1744.374268;0;-0.160606;0.219362;-0.026842;0;2;-226.912613;-640.058899;1942.168091;0;0.729544;-0.397174;0.255922;0;2;-136.021667;-658.866882;1818.568237;0;0.729544;-0.397174;0.255922;0;2;-123.952072;-687.551575;1862.503784;0;0.865524;-0.09988;0.461809;0;2;-140.779083;-673.484863;1982.459595;0;0.494491;0.255922;0.397174;0;2;-162.418289;-698.818848;1832.126953;0;0.865524;-0.09988;0.461809;0;2;-267.191956;-722.270081;1898.130493;0;0.729544;-0.397174;0.255922;0;2;9062500352
-230.905563;-57.568356;1814.722168;0;0.694922;-0.252948;0.13695;0;2;-216.901215;-227.328934;1840.727173;0;0.696627;-0.252592;0.137605;0;2;-203.381241;-363.048096;1860.059082;0;0.563621;-0.341826;0.172963;0;2;-231.486725;-560.545593;1924.665771;0;0.620493;-0.326855;0.199818;0;2;-204.964661;-523.569214;1937.721313;0;0.538154;-0.725182;-0.350289;0;2;-117.843391;-490.365509;2039.556519;0;0.552377;-0.693081;0.00882;0;2;34.547775;-357.085419;1865.631592;0;-0.34421;0.641617;-0.262234;0;2;48.057232;-334.801666;1643.139526;0;0.654507;0.269297;0.649859;0;2;56.55032;-333.837067;1550.529785;0;0.689992;0.368328;0.599309;0;2;79.876488;-312.319061;1451.109009;0;0.689992;0.368328;0.599309;0;2;29.661625;-341.966187;1514.68457;0;-0.185155;-0.542891;-0.485268;0;2;-250.078552;-531.615723;1891.627197;0;0.652181;0.577754;-0.43411;0;2;-315.90921;-505.829987;1786.10498;0;0.427122;0.697687;-0.557557;0;2;-407.937836;-327.048615;1603.005615;0;0.416112;0.656662;-0.605336;0;2;-455.282898;-178.97168;1437.802734;0;0.59776;0.534443;-0.567093;0;2;-475.705078;-139.00441;1348.285767;0;0.545779;0.77924;0.003123;0;2;-558.814758;-105.009064;1397.885498;0;0.545779;0.77924;0.003123;0;2;-477.977417;-123.266182;1338.00354;0;0.309823;0.712851;-0.239475;0;2;-184.780609;-42.505032;1888.216187;0;0.615764;-0.271109;0.141063;0;2;-148.176041;332.894562;1803.127563;0;0.638064;-0.266637;0.149386;0;2;-132.080429;695.59845;1734.305664;0;0.658768;-0.246075;0.128109;0;2;-7.020645;788.866028;1642.653198;0;0.961703;-0.084422;0.258878;0;2;-272.498444;-71.151619;1748.449463;0;0.638368;0.258753;0.259067;0;2;-292.222473;314.512329;1756.029663;0;0.606338;0.270555;0.246717;0;2;-336.401001;684.012512;1786.940063;0;0.618441;0.115002;0.095128;0;2;-232.876251;810.100769;1753.807251;0;-0.104337;0.154402;-0.01279;0;2;-232.773422;-637.847656;1940.393311;0;0.725448;-0.411812;0.249044;0;2;-142.313004;-659.346191;1816.129028;0;0.725448;-0.411812;0.249044;0;2;-129.467499;-686.650024;1860.984253;0;0.860902;-0.115094;0.467295;0;2;-145.541077;-669.102905;1981.090698;0;0.492051;0.249044;0.411812;0;2;-168.196304;-699.355103;1831.173828;0;0.860902;-0.115094;0.467295;0;2;-272.539337;-722.18457;1899.033813;0;0.725448;-0.411812;0.249044;0;2;9062533120
-232.009399;-56.629326;1812.59375;0;0.695822;-0.249681;0.138777;0;2;-218.13765;-226.644104;1837.373413;0;0.701295;-0.248515;0.140855;0;2;-203.377731;-362.528992;1854.886597;0;0.559819;-0.348585;0.177996;0;2;-231.31543;-559.801941;1920.47876;0;0.616585;-0.333188;0.205377;0;2;-204.37085;-522.916748;1932.974121;0;0.541664;-0.7276;-0.340128;0;2;-115.202644;-491.664764;2033.713623;0;0.535962;-0.679675;0.014322;0;2;17.874502;-353.598053;1847.935181;0;0.320023;-0.629029;0.257849;0;2;17.019541;-331.647247;1624.924438;0;0.806697;0.007772;0.590914;0;2;49.146435;-323.431854;1537.999512;0;0.799087;0.088766;0.584261;0;2;79.718628;-294.159576;1442.565796;0;0.799087;0.088766;0.584261;0;2;19.993944;-332.862213;1504.394775;0;0.44939;0.306883;0.731887;0;2;-250.357834;-530.845032;1887.697876;0;0.653821;0.5705;-0.438317;0;2;-314.638733;-506.238708;1780.893921;0;0.428712;0.666685;-0.588161;0;2;-384.425446;-330.360413;1585.432861;0;0.420256;0.636823;-0.62037;0;2;-421.713531;-185.697922;1414.616821;0;0.553185;0.436587;-0.623656;0;2;-412.760254;-166.698853;1316.67041;0;0.523066;0.742757;0.166937;0;2;-479.52002;-151.008987;1393.006836;0;0.523066;0.742757;0.166937;0;2;-407.356628;-141.309937;1303.333008;0;0.277257;0.586709;-0.243658;0;2;-186.005981;-42.131161;1886.313477;0;0.621731;-0.261012;0.134316;0;2;-150.94487;334.235138;1804.295654;0;0.641586;-0.257244;0.141442;0;2;-134.537231;697.268738;1736.612549;0;0.65611;-0.242655;0.126343;0;2;-7.833898;789.407959;1645.958618;0;0.962618;-0.083267;0.255209;0;2;-273.492706;-69.702957;1746.11731;0;0.642958;0.245361;0.236557;0;2;-293.896027;315.930328;1758.631104;0;0.61624;0.254318;0.226904;0;2;-335.411713;685.90863;1789.063965;0;0.625997;0.129711;0.106066;0;2;-230.134933;809.430725;1751.76001;0;-0.092006;0.172538;-0.015456;0;2;-232.705948;-637.086914;1936.416504;0;0.730667;-0.394519;0.228024;0;2;-134.713181;-659.459839;1818.093506;0;0.730667;-0.394519;0.228024;0;2;-125.011879;-686.909851;1863.66626;0;0.876163;-0.117729;0.440205;0;2;-148.520996;-669.226563;1982.564453;0;0.508414;0.228024;0.394519;0;2;-161.903931;-699.227417;1831.432617;0;0.876163;-0.117729;0.440205;0;2;-270.607239;-721.044434;1892.524902;0;0.730667;-0.394519;0.228024;0;2;9062566912
-233.974792;-60.665138;1813.971802;0;0.697588;-0.248813;0.129032;0;2;-219.319992;-231.52417;1841.009888;0;0.703891;-0.247562;0.131417;0;2;-203.572876;-368.07663;1860.186401;0;0.572582;-0.329388;0.149127;0;2;-231.149368;-566.569885;1927.059814;0;0.629745;-0.316368;0.175062;0;2;-205.89241;-528.56189;1940.929932;0;0.526799;-0.71816;-0.371613;0;2;-124.301048;-492.709412;2047.737061;0;0.534885;-0.701002;-0.012274;0;2;24.944826;-352.437347;1873.496338;0;-0.311096;0.651281;-0.259592;0;2;34.400414;-338.653839;1648.420898;0;0.760312;0.023704;0.649125;0;2;53.581478;-328.285309;1557.291504;0;0.757355;0.079834;0.644633;0;2;70.39666;-306.793152;1455.747559;0;0.757355;0.079834;0.644633;0;2;30.048065;-335.365875;1524.066162;0;0.412889;0.330136;0.733742;0;2;-248.742416;-538.345337;1892.385742;0;0.635418;0.562228;-0.45909;0;2;-305.013123;-515.120178;1779.820557;0;0.402725;0.645403;-0.62373;0;2;-348.157684;-334.14209;1578.679199;0;-0.378074;-0.565282;0.697166;0;2;-331.009064;-193.20874;1399.570801;0;0.565943;0.530658;-0.560961;0;2;-343.47467;-163.286652;1304.029419;0;0.563145;0.764603;0.10797;0;2;-426.518219;-146.097214;1363.105347;0;0.563145;0.764603;0.10797;0;1;-404.048492;-141.962646;1308.644409;0;0.128875;0.88199;-0.018233;0;1;-188.886734;-44.962891;1888.759399;0;0.624353;-0.252767;0.128333;0;2;-152.819336;334.391266;1807.838379;0;0.644378;-0.249144;0.135276;0;2;-135.913895;700.251404;1740.990356;0;0.649761;-0.243187;0.128894;0;2;-7.044181;790.745422;1649.142944;0;0.961811;-0.081892;0.257398;0;2;-274.63269;-74.824547;1746.532471;0;0.645248;0.243432;0.236791;0;2;-293.619904;313.70639;1757.274292;0;0.615777;0.253297;0.22621;0;2;-336.252045;686.238342;1787.968384;0;0.628981;0.12613;0.103889;0;2;-229.126099;809.888794;1751.011475;0;-0.088783;0.168469;-0.014498;0;2;-231.679214;-644.206116;1944.112549;0;0.729314;-0.384095;0.243954;0;2;-134.831757;-665.421143;1823.197388;0;0.729314;-0.384095;0.243954;0;2;-125.183594;-694.612488;1868.156494;0;0.876991;-0.099094;0.444098;0;2;-147.137634;-679.801208;1988.640625;0;0.510938;0.243954;0.384095;0;2;-162.964294;-705.231995;1835.779053;0;0.876991;-0.099094;0.444098;0;2;-272.231842;-726.562805;1897.913208;0;0.729314;-0.384095;0.243954;0;2;9062599680
-233.598389;-60.616909;1814.366577;0;0.697663;-0.248755;0.128037;0;2;-218.930725;-231.306396;1841.616333;0;0.703244;-0.247658;0.130147;0;2;-203.435303;-367.732117;1861.129761;0;0.573229;-0.32266;0.144795;0;2;-232.538452;-566.067017;1927.312134;0;0.630658;-0.310009;0.170204;0;2;-207.4673;-528.149597;1941.634644;0;0.523626;-0.716254;-0.375139;0;2;-127.624985;-492.53064;2049.696289;0;0.530533;-0.706224;-0.014514;0;2;22.964462;-353.424622;1875.994507;0;-0.306543;0.656278;-0.261273;0;2;34.09119;-342.548737;1651.009277;0;0.758378;0.026978;0.651256;0;2;52.800014;-332.111877;1559.862915;0;0.756969;0.067413;0.648319;0;2;69.095139;-315.577148;1457.393555;0;0.756969;0.067413;0.648319;0;2;30.590351;-336.782532;1526.790039;0;0.411762;0.339381;0.736278;0;2;-249.460907;-537.802795;1892.38855;0;0.628123;0.55708;-0.471954;0;2;-301.857574;-513.781494;1778.242798;0;-0.392504;-0.614116;0.661381;0;2;-318.940735;-329.4487;1576.531982;0;-0.358851;-0.499581;0.751654;0;2;-263.378906;-196.947769;1399.014038;0;0.700878;0.512101;-0.440485;0;2;-307.0336;-181.668533;1309.436279;0;0.665472;0.674607;0.034355;0;1;-389.228241;-142.800674;1358.412598;0;0.665472;0.674607;0.034355;0;1;-366.479156;-147.089691;1336.716431;0;0.157169;0.954154;0.002489;0;1;-188.666962;-44.81739;1889.147583;0;0.624666;-0.253388;0.128106;0;2;-153.176041;334.225342;1807.945068;0;0.644678;-0.249772;0.135066;0;2;-136.803894;699.771484;1740.8302;0;0.644551;-0.248736;0.133375;0;2;-8.376866;788.453064;1646.894897;0;0.959565;-0.0827;0.2645;0;2;-274.115051;-74.864029;1746.933228;0;0.645618;0.242623;0.236924;0;2;-293.022339;313.389038;1757.081055;0;0.615976;0.25255;0.226315;0;2;-335.722229;685.663269;1787.28186;0;0.626092;0.117006;0.095556;0;2;-229.081833;810.432373;1753.389038;0;-0.094298;0.156131;-0.013956;0;2;-233.517853;-643.655334;1944.279907;0;0.739613;-0.375235;0.241105;0;2;-134.836975;-660.484009;1824.315186;0;0.739613;-0.375235;0.241105;0;2;-125.227425;-690.426697;1868.734741;0;0.879384;-0.094844;0.435818;0;2;-148.966553;-678.612976;1989.115112;0;0.504024;0.241105;0.375235;0;2;-162.360474;-701.033325;1835.672363;0;0.879384;-0.094844;0.435818;0;2;-271.910126;-725.671021;1895.856079;0;0.739613;-0.375235;0.241105;0;2;9062633472
-233.042664;-60.503658;1814.739258;0;0.698071;-0.248907;0.126965;0;2;-218.150452;-231.160065;1842.242676;0;0.703827;-0.247784;0.129143;0;2;-202.407562;-367.554932;1861.924194;0;0.574361;-0.318603;0.142433;0;2;-232.070724;-566.03363;1927.527954;0;0.631893;-0.306155;0.167524;0;2;-207.157455;-528.119934;1942.156738;0;0.522535;-0.716198;-0.376586;0;2;-127.642441;-492.167816;2050.376709;0;0.526789;-0.710164;-0.01721;0;2;23.841499;-353.440063;1877.087036;0;-0.306105;0.661895;-0.257921;0;2;38.189724;-342.935577;1652.231689;0;0.767676;0.03546;0.639556;0;2;59.906185;-334.390808;1561.541748;0;0.767808;0.062944;0.637438;0;2;79.554703;-323.784821;1458.859009;0;0.767808;0.062944;0.637438;0;2;38.566723;-340.095306;1527.517822;0;0.416693;0.356916;0.715461;0;2;-248.663269;-537.720642;1892.475586;0;0.620282;0.553795;-0.484886;0;2;-297.630829;-512.033386;1777.154053;0;-0.381831;-0.582976;0.697253;0;2;-289.77536;-324.527985;1577.753296;0;-0.336327;-0.417857;0.807105;0;2;-192.800537;-208.365875;1406.655273;0;-0.449266;-0.487836;0.714034;0;2;-172.371994;-157.600067;1321.967896;0;0.302444;0.790963;0.349581;0;2;-217.218842;-189.674225;1409.309814;0;0.302444;0.790963;0.349581;0;2;-153.220078;-141.364777;1320.736084;0;0.230805;0.515138;-0.41835;0;2;-188.222488;-44.533035;1889.566772;0;0.625079;-0.255545;0.127667;0;2;-153.983292;334.426971;1807.163574;0;0.644798;-0.25199;0.134594;0;2;-138.552032;699.841187;1738.802856;0;0.643753;-0.248539;0.128243;0;2;-9.320765;787.683533;1645.128296;0;0.960201;-0.086187;0.260717;0;2;-273.458984;-74.905067;1747.263916;0;0.645421;0.241695;0.236949;0;2;-292.915985;313.390045;1757.038574;0;0.61556;0.251687;0.226309;0;2;-336.334717;685.660034;1786.982788;0;0.625043;0.113726;0.093061;0;2;-229.864899;810.854065;1754.006348;0;-0.096206;0.152048;-0.013407;0;2;-233.17981;-643.659729;1944.371338;0;0.737485;-0.366748;0.233733;0;2;-131.519287;-662.747375;1827.234985;0;0.737485;-0.366748;0.233733;0;2;-123.737946;-692.748596;1871.982056;0;0.886844;-0.094055;0.424604;0;2;-150.598053;-680.130066;1991.64209;0;0.516702;0.233733;0.366748;0;2;-160.138733;-702.728027;1837.91333;0;0.886844;-0.094055;0.424604;0;2;-271.802521;-725.064819;1895.075073;0;0.737485;-0.366748;0.233733;0;2;9062666240
-232.211868;-57.873047;1813.222046;0;0.689128;-0.247953;0.114824;0;2;-221.85202;-227.576859;1844.669556;0;0.686679;-0.248369;0.11392;0;2;-212.674774;-363.282501;1869.301514;0;0.59428;-0.306031;0.140263;0;2;-235.765625;-563.777222;1928.807007;0;0.65094;-0.293797;0.164353;0;2;-212.729401;-525.473938;1944.892822;0;0.539081;-0.721535;-0.367536;0;2;-126.493988;-486.606476;2046.121094;0;-0.496701;0.734419;0.032551;0;2;26.743471;-351.053955;1873.288208;0;-0.269751;0.685728;-0.264968;0;2;46.069756;-357.315613;1649.424561;0;0.73353;0.085115;0.673119;0;2;60.028538;-345.562988;1557.902832;0;0.732406;0.173051;0.656039;0;2;73.9282;-313.042755;1459.333374;0;0.732406;0.173051;0.656039;0;2;36.745789;-338.320068;1528.803833;0;0.349849;0.39187;0.754403;0;2;-252.696182;-535.281494;1894.293945;0;0.609438;0.560629;-0.470384;0;2;-300.038055;-515.439514;1777.633179;0;-0.340047;-0.562623;0.735275;0;2;-263.021942;-320.267273;1590.537842;0;-0.296378;-0.390444;0.839481;0;2;-144.785278;-202.686798;1435.586548;0;0.722548;0.115339;-0.618131;0;2;-148.779526;-153.33313;1348.150391;0;0.073957;-0.625739;0.06197;0;2;-127.578796;-157.135269;1448.806396;0;0.073957;-0.625739;0.06197;0;2;-138.163605;-160.628494;1330.365845;0;0.702118;0.473106;-0.498386;0;2;-188.815125;-41.293507;1888.395508;0;0.630777;-0.239394;0.104497;0;2;-154.042831;335.762665;1803.809814;0;0.652129;-0.236244;0.111493;0;2;-140.014542;699.474548;1733.04541;0;0.651318;-0.24186;0.120373;0;2;-10.906323;789.403625;1642.444946;0;0.963245;-0.086953;0.250409;0;2;-271.344635;-72.823555;1745.434814;0;0.649218;0.228151;0.222666;0;2;-291.85788;314.073151;1755.50769;0;0.619793;0.23734;0.212847;0;2;-336.466705;684.998901;1784.190063;0;0.619749;0.101958;0.081083;0;2;-231.425903;811.71582;1755.665527;0;-0.105091;0.135266;-0.013572;0;2;-234.175995;-641.549622;1943.518921;0;0.731992;-0.379063;0.21448;0;2;-130.665665;-665.452393;1829.645508;0;0.731992;-0.379063;0.21448;0;2;-123.642754;-693.263428;1875.687378;0;0.888067;-0.116378;0.419699;0;2;-152.648666;-675.390991;1993.731201;0;0.523925;0.21448;0.379063;0;2;-159.25386;-704.884216;1841.564331;0;0.888067;-0.116378;0.419699;0;2;-271.497894;-724.975098;1897.435791;0;0.731992;-0.379063;0.21448;0;2;9062700032
-230.173172;-59.950272;1812.480957;0;0.680246;-0.262966;0.102265;0;2;-221.344162;-228.58757;1851.288818;0;0.650638;-0.267106;0.090905;0;2;-222.824799;-362.397369;1887.077393;0;0.62841;-0.284405;0.122075;0;2;-233.792526;-565.99762;1940.806152;0;0.683617;-0.273699;0.144489;0;2;-214.529068;-526.451477;1959.00415;0;0.561008;-0.717985;-0.35971;0;2;-122.83168;-486.038818;2055.099121;0;0.5174;-0.723054;-0.043602;0;2;33.106529;-342.577972;1890.374512;0;-0.272652;0.672161;-0.270015;0;2;44.882744;-346.56424;1665.457886;0;0.530363;0.470239;0.570338;0;2;53.566456;-340.240021;1572.555908;0;0.594379;0.562123;0.480029;0;2;89.094086;-323.11499;1475.304932;0;0.594379;0.562123;0.480029;0;2;39.712368;-334.457397;1535.166748;0;0.009678;0.702616;0.338496;0;2;-251.058334;-537.865295;1906.02124;0;0.563671;0.560728;-0.493154;0;2;-284.813812;-518.065369;1784.439331;0;-0.234758;-0.583985;0.740597;0;2;-228.015366;-311.730621;1614.19519;0;-0.185207;-0.430908;0.838953;0;2;-100.265205;-170.121613;1489.048706;0;-0.489332;0.042869;0.693028;0;2;-49.016022;-131.274094;1411.562744;0;0.132354;-0.531125;0.447249;0;2;-7.674653;-101.581894;1501.283447;0;0.132354;-0.531125;0.447249;0;2;-42.029526;-142.512283;1395.743896;0;0.636102;0.27687;-0.719282;0;2;-186.343964;-40.521049;1886.93811;0;0.639676;-0.217853;0.080188;0;2;-152.630829;337.553223;1802.692139;0;0.660587;-0.215492;0.086406;0;2;-139.857605;701.886902;1730.77478;0;0.655647;-0.223455;0.096423;0;2;-5.677342;791.974243;1647.201782;0;0.970155;-0.090781;0.220408;0;2;-269.695892;-77.470451;1745.3396;0;0.634691;0.26365;0.263744;0;2;-291.178925;310.232574;1753.923218;0;0.604495;0.275014;0.251873;0;2;-335.451752;681.811401;1784.964233;0;0.614416;0.109107;0.089833;0;2;-232.354187;809.923828;1753.644287;0;-0.110497;0.146491;-0.012362;0;2;-227.089752;-643.967896;1953.838135;0;0.730436;-0.399372;0.267915;0;2;-138.585449;-660.585693;1826.375732;0;0.730436;-0.399372;0.267915;0;2;-125.034393;-690.091736;1869.974854;0;0.859415;-0.092954;0.471843;0;2;-138.85643;-677.716614;1991.69165;0;0.484961;0.267915;0.399372;0;2;-164.60994;-701.287842;1840.19397;0;0.859415;-0.092954;0.471843;0;2;-268.42157;-726.601624;1909.293945;0;0.730436;-0.399372;0.267915;0;2;9062733824
-228.053314;-76.100983;1813.925415;0;0.675335;-0.285244;0.059518;0;2;-217.534134;-237.292206;1867.155518;0;0.619766;-0.289051;0.036823;0;2;-226.333939;-362.99707;1918.229736;0;0.649145;-0.270091;0.137071;0;2;-229.423706;-565.70813;1959.894897;0;0.70301;-0.258229;0.158289;0;2;-211.921448;-527.248169;1979.842896;0;0.585671;-0.705331;-0.355261;0;2;-119.114182;-488.075409;2071.628418;0;-0.490012;0.724937;0.07232;0;2;20.851471;-336.868835;1907.467163;0;-0.23911;0.686561;-0.243717;0;2;33.472477;-342.987885;1686.801514;0;0.466495;0.582484;0.47078;0;2;50.660187;-338.082123;1596.76001;0;0.515545;0.630847;0.403675;0;2;84.397118;-329.832092;1499.78064;0;0.515545;0.630847;0.403675;0;2;37.636013;-336.726501;1555.770386;0;-0.079932;0.760522;0.179977;0;2;-247.51123;-536.914795;1927.34668;0;0.567695;0.588011;-0.44038;0;2;-289.644928;-524.870483;1809.882446;0;-0.208384;-0.581915;0.752067;0;2;-226.32225;-315.517029;1654.270874;0;-0.147233;-0.383932;0.869957;0;2;-78.130363;-183.890564;1550.11145;0;-0.4787;-0.04554;0.700557;0;2;-24.504524;-134.373138;1483.463989;0;0.008839;-0.510649;0.481759;0;2;23.926552;-85.829376;1557.962891;0;0.008839;-0.510649;0.481759;0;2;-11.848436;-133.645111;1473.523926;0;0.544469;0.387681;-0.743117;0;2;-187.467773;-49.621395;1886.090332;0;0.652294;-0.159727;0.01538;0;2;-150.066437;321.08728;1803.432007;0;0.675481;-0.159206;0.020399;0;2;-136.659531;678.085571;1729.900024;0;0.699726;-0.225053;0.140099;0;2;-22.09024;787.657898;1647.656616;0;0.965404;-0.060751;0.252549;0;2;-264.651093;-99.97879;1748.851196;0;0.673291;0.142895;0.187537;0;2;-284.673767;280.211975;1728.928589;0;0.643791;0.150597;0.181389;0;2;-331.006927;645.826111;1723.661377;0;0.609698;0.12028;0.141008;0;1;-234.22406;769.974487;1676.541992;0;-0.109766;0.190419;0.016098;0;1;-219.937805;-642.528381;1968.442505;0;0.712633;-0.461646;0.293504;0;2;-150.771225;-661.245972;1833.045166;0;0.712633;-0.461646;0.293504;0;2;-129.651337;-686.757019;1874.882813;0;0.814466;-0.118895;0.533972;0;2;-126.935852;-668.256042;1994.282104;0;0.439195;0.293504;0.461646;0;2;-171.43132;-701.730957;1852.198608;0;0.814466;-0.118895;0.533972;0;2;-260.82251;-728.349854;1935.277222;0;0.712633;-0.461646;0.293504;0;2;9062766592
-225.725647;-75.124062;1811.31604;0;0.663949;-0.272377;0.080217;0;2;-222.782074;-240.480011;1859.045288;0;0.60758;-0.277835;0.058581;0;2;-237.554184;-368.996216;1905.97229;0;0.653806;-0.286182;0.115521;0;2;-234.391953;-571.968628;1957.644409;0;0.707103;-0.275996;0.138098;0;2;-217.987579;-531.608032;1976.039673;0;0.55861;-0.724189;-0.378593;0;2;-125.165405;-477.863556;2062.751465;0;-0.417482;0.760808;0.077266;0;2;9.810537;-337.248169;1880.825073;0;-0.200745;0.733486;-0.216328;0;2;44.854279;-353.252441;1660.386108;0;0.30168;0.668937;0.456664;0;2;57.056286;-331.503815;1570.889038;0;0.383931;0.737693;0.334405;0;2;97.00547;-315.560303;1475.921387;0;0.383931;0.737693;0.334405;0;2;45.109776;-325.624512;1530.115845;0;-0.22839;0.753344;0.107591;0;2;-253.479126;-544.983093;1923.338745;0;0.550272;0.574712;-0.469974;0;2;-287.254395;-529.802917;1801.976685;0;-0.159073;-0.571186;0.788041;0;2;-206.600433;-299.552582;1682.463379;0;-0.111546;-0.351204;0.9077;0;2;-41.529476;-165.218353;1604.622192;0;-0.310074;-0.37181;0.871737;0;2;18.627089;-108.245766;1548.566895;0;-0.312507;-0.401876;0.858292;0;2;67.986366;-41.689121;1488.275757;0;-0.312507;-0.401876;0.858292;0;2;17.764929;-98.082001;1537.335449;0;0.29635;0.480984;-0.571055;0;2;-183.201462;-53.068108;1885.105469;0;0.650474;-0.181411;0.040828;0;2;-149.231689;322.701935;1802.418701;0;0.671391;-0.180209;0.045986;0;2;-136.858627;684.412598;1729.7677;0;0.700751;-0.226159;0.138066;0;2;-21.25337;795.482971;1646.282837;0;0.9654;-0.06296;0.251885;0;2;-264.071594;-95.012886;1744.776855;0;0.625387;0.286556;0.30497;0;2;-284.734833;290.271149;1743.237183;0;0.575659;0.308131;0.283148;0;2;-339.697845;657.0625;1783.123779;0;0.537327;0.151452;0.102831;0;2;-263.532196;801.616333;1752.158813;0;-0.198481;0.185581;-0.032439;0;2;-222.385635;-648.888;1969.930176;0;0.729037;-0.443169;0.296161;0;2;-150.371613;-659.973511;1833.0802;0;0.729037;-0.443169;0.296161;0;2;-129.14035;-687.544922;1874.377441;0;0.819148;-0.10395;0.522785;0;2;-128.210587;-674.803589;1996.022217;0;0.429413;0.296161;0.443169;0;2;-170.892654;-702.162292;1850.133179;0;0.819148;-0.10395;0.522785;0;2;-261.995636;-734.572083;1931.559204;0;0.729037;-0.443169;0.296161;0;2;9062800384
-226.383057;-78.195625;1812.246704;0;0.66235;-0.272927;0.0792;0;2;-224.061142;-243.819839;1860.634888;0;0.605432;-0.278337;0.05736;0;2;-239.512283;-372.410645;1908.148926;0;0.655249;-0.286703;0.111609;0;2;-235.426117;-575.608276;1960.991211;0;0.708466;-0.276829;0.134241;0;2;-219.283966;-534.962769;1979.296387;0;0.562836;-0.728206;-0.366278;0;2;-123.304939;-482.527222;2063.898438;0;-0.399827;0.761334;0.102564;0;2;4.723243;-333.91507;1882.325195;0;-0.191421;0.746741;-0.180352;0;2;47.017693;-341.872528;1662.150391;0;0.373119;0.594505;0.492991;0;2;51.826897;-328.950226;1570.036987;0;0.449634;0.664906;0.392908;0;2;81.983971;-316.515778;1470.741821;0;0.449634;0.664906;0.392908;0;2;48.371288;-320.592529;1534.200439;0;-0.143583;0.767113;0.187653;0;2;-254.56694;-548.835815;1926.383911;0;0.548654;0.569479;-0.468431;0;2;-286.451355;-535.966187;1803.915039;0;-0.130748;-0.579306;0.798041;0;2;-206.211746;-291.422821;1714.838257;0;-0.093541;-0.309572;0.936285;0;2;-26.54995;-165.551865;1655.766357;0;-0.206739;-0.361713;0.909076;0;2;45.098297;-104.038841;1622.005005;0;-0.205377;-0.456267;0.865492;0;2;96.390694;-21.899418;1587.710327;0;-0.205377;-0.456267;0.865492;0;2;43.18565;-90.992378;1610.531006;0;-0.233394;-0.458935;0.658022;0;2;-183.757538;-55.992981;1886.197021;0;0.650146;-0.179499;0.037099;0;2;-148.837097;320.434479;1802.372192;0;0.672035;-0.178349;0.042438;0;2;-136.579712;682.902832;1728.772827;0;0.701138;-0.225666;0.136106;0;2;-20.499989;794.223022;1645.296143;0;0.965781;-0.063991;0.250145;0;2;-264.820374;-98.216728;1745.562378;0;0.627271;0.287382;0.308148;0;2;-283.342346;288.12854;1741.643921;0;0.575086;0.310297;0.285055;0;2;-337.934723;655.900024;1781.77832;0;0.52961;0.152093;0.101005;0;2;-264.10025;802.346008;1751.832031;0;-0.207555;0.184739;-0.034134;0;2;-223.012054;-652.589172;1973.747559;0;0.735275;-0.439048;0.301404;0;2;-151.995392;-659.727173;1835.677734;0;0.735275;-0.439048;0.301404;0;2;-129.95816;-687.988525;1876.257568;0;0.816366;-0.097329;0.523579;0;2;-128.025024;-677.890137;1998.446289;0;0.41924;0.301404;0.439048;0;2;-171.851944;-702.655701;1852.023682;0;0.816366;-0.097329;0.523579;0;2;-261.968079;-738.138062;1933.759277;0;0.735275;-0.439048;0.301404;0;2;9062833152
-225.198883;-78.748474;1813.202026;0;0.661325;-0.27206;0.077461;0;2;-223.511688;-244.363693;1861.965332;0;0.604927;-0.277288;0.055932;0;2;-239.300537;-372.943909;1909.604614;0;0.66312;-0.274621;0.104428;0;2;-233.715973;-576.73645;1960.41272;0;0.716192;-0.265362;0.126114;0;2;-218.650055;-536.049805;1979.58667;0;0.565375;-0.717402;-0.378068;0;2;-126.150009;-484.599945;2068.667969;0;-0.392512;0.767458;0.113299;0;2;3.853008;-334.367065;1889.645264;0;-0.176752;0.753381;-0.185056;0;2;48.216866;-348.889893;1670.094971;0;0.332487;0.619773;0.478964;0;2;52.816467;-332.554169;1578.465332;0;0.401328;0.679557;0.389522;0;2;78.511787;-317.043884;1478.2948;0;0.401328;0.679557;0.389522;0;2;43.440506;-326.123749;1540.381348;0;-0.185644;0.749636;0.139213;0;2;-252.310867;-549.844482;1925.566895;0;0.532655;0.563989;-0.47792;0;2;-278.224396;-537.102295;1801.616211;0;-0.090344;-0.597671;0.794546;0;2;-204.854919;-281.140778;1743.718262;0;-0.064514;-0.282469;0.953271;0;2;-15.719563;-161.241135;1704.771729;0;0.031059;-0.34599;0.921283;0;2;64.871124;-105.128258;1725.365112;0;0.057095;-0.481102;0.858494;0;2;119.405228;-22.196011;1752.070068;0;0.057095;-0.481102;0.858494;0;2;65.912117;-93.262032;1710.80188;0;-0.110934;-0.374615;0.830716;0;2;-182.80188;-56.492805;1887.322144;0;0.64926;-0.178104;0.032922;0;2;-146.584503;319.669403;1801.942505;0;0.672287;-0.177023;0.038492;0;2;-134.222336;682.057739;1727.012207;0;0.697237;-0.224412;0.128522;0;2;-15.756443;791.224548;1643.839844;0;0.967228;-0.068486;0.243873;0;2;-263.430115;-98.817383;1746.364624;0;0.629001;0.285919;0.30877;0;2;-280.929535;287.754822;1740.696167;0;0.573722;0.310181;0.284379;0;2;-336.77652;655.43866;1781.706177;0;0.524552;0.151866;0.098719;0;2;-264.505768;802.96936;1752.805054;0;-0.213639;0.182961;-0.035562;0;2;-220.538116;-653.710144;1972.691895;0;0.738694;-0.431455;0.309057;0;2;-150.344193;-657.901733;1833.991089;0;0.738694;-0.431455;0.309057;0;2;-128.136124;-687.161194;1873.800537;0;0.816157;-0.086548;0.523621;0;2;-125.431252;-679.857117;1996.237183;0;0.415526;0.309057;0.431455;0;2;-170.242065;-701.156982;1849.482788;0;0.816157;-0.086548;0.523621;0;2;-260.015656;-738.254211;1930.980103;0;0.738694;-0.431455;0.309057;0;2;9062866944
-216.53064;-77.911415;1812.398438;0;0.643274;-0.272295;0.073181;0;2;-222.928726;-242.492645;1864.231812;0;0.585386;-0.277201;0.051571;0;2;-245.153809;-369.287903;1914.073608;0;0.681588;-0.237188;0.094399;0;2;-237.214371;-575.074158;1955.801636;0;0.734387;-0.228854;0.113116;0;2;-224.610504;-534.973022;1977.790039;0;0.581309;-0.717216;-0.357819;0;2;-127.119598;-486.505554;2063.164307;0;-0.396304;0.763133;0.140513;0;2;0.954539;-325.115387;1892.626099;0;-0.173425;0.757475;-0.168371;0;2;47.576092;-335.15387;1673.271606;0;0.446704;0.573858;0.445949;0;2;59.354061;-336.659973;1580.834473;0;0.526798;0.639668;0.344976;0;2;98.402382;-339.073578;1483.848145;0;0.526798;0.639668;0.344976;0;2;52.77039;-335.682098;1542.051025;0;-0.073535;0.778307;0.143568;0;2;-254.202164;-547.033325;1921.034668;0;0.48007;0.564378;-0.528714;0;2;-266.673279;-521.678162;1796.928833;0;0.019197;-0.605651;0.777819;0;2;-194.282654;-263.175323;1750.012573;0;0.084398;-0.243366;0.955295;0;2;2.872184;-151.90889;1770.610474;0;0.277136;-0.319997;0.904915;0;2;68.07235;-97.469337;1824.040161;0;0.269808;-0.426938;0.859647;0;2;118.427025;-17.741316;1864.963013;0;0.269808;-0.426938;0.859647;0;2;74.327614;-76.901215;1798.103882;0;0.067606;-0.251813;0.742352;0;2;-174.011398;-56.189957;1886.616699;0;0.661276;-0.152898;0.004871;0;2;-143.528366;320.711792;1802.100464;0;0.683824;-0.152719;0.009586;0;2;-136.817764;683.095703;1726.265381;0;0.694499;-0.220458;0.118468;0;2;-15.661865;790.368408;1644.47876;0;0.969455;-0.072802;0.233941;0;2;-254.872116;-97.498611;1745.472534;0;0.600753;0.328496;0.363583;0;2;-279.01358;288.700592;1737.014771;0;0.544036;0.358718;0.333794;0;2;-335.40155;655.625793;1783.9646;0;0.523576;0.172948;0.11599;0;2;-264.367859;802.697449;1750.009888;0;-0.2103;0.210063;-0.038166;0;2;-222.715057;-652.195557;1965.42395;0;0.730874;-0.429389;0.305069;0;2;-150.136978;-661.194946;1828.170166;0;0.730874;-0.429389;0.305069;0;2;-129.60788;-690.390747;1868.923218;0;0.823711;-0.087907;0.51934;0;2;-128.930664;-680.88147;1991.247803;0;0.434029;0.305069;0.429389;0;2;-171.686234;-703.508118;1844.064209;0;0.823711;-0.087907;0.51934;0;2;-264.091949;-736.229248;1924.505615;0;0.730874;-0.429389;0.305069;0;2;9062899712
-215.146622;-75.162514;1810.019043;0;0.643874;-0.270158;0.072616;0;2;-221.674438;-239.651855;1861.394897;0;0.586106;-0.275017;0.051229;0;2;-243.971329;-366.421997;1910.780396;0;0.6807;-0.236352;0.09609;0;2;-236.715729;-572.091125;1951.860229;0;0.733576;-0.227885;0.114734;0;2;-223.970337;-532.147766;1973.924072;0;0.576318;-0.73307;-0.342364;0;2;-121.846245;-481.124054;2051.775879;0;-0.406167;0.752191;0.095164;0;2;1.435153;-332.201904;1867.452637;0;-0.182934;0.732265;-0.196561;0;2;32.677322;-345.404877;1645.839966;0;0.385553;0.617716;0.478677;0;2;44.473827;-331.557648;1554.556763;0;0.450173;0.678413;0.387892;0;2;78.502808;-317.213287;1456.855957;0;0.450173;0.678413;0.387892;0;2;45.923225;-328.343903;1517.666382;0;-0.124352;0.799308;0.171847;0;2;-253.615494;-543.928223;1917.233032;0;0.480461;0.56303;-0.529021;0;2;-265.779572;-518.904785;1793.195313;0;0.023639;-0.610197;0.776621;0;2;-196.593384;-258.954987;1751.772827;0;0.086539;-0.227058;0.96121;0;2;3.627926;-154.727661;1776.088135;0;0.346654;-0.386481;0.837248;0;2;52.564301;-109.220108;1850.775269;0;0.360257;-0.457745;0.800513;0;2;85.557404;-44.406429;1923.236328;0;0.360257;-0.457745;0.800513;0;2;44.46973;-69.991325;1815.066162;0;0.154349;-0.427317;0.758838;0;2;-172.990189;-53.615688;1884.361572;0;0.663461;-0.145112;-0.001214;0;2;-142.990662;323.142792;1801.303833;0;0.685981;-0.145127;0.003258;0;2;-136.80127;685.253174;1726.422485;0;0.696824;-0.213454;0.111167;0;2;-14.48173;792.827209;1647.318481;0;0.97182;-0.072973;0.223811;0;2;-253.160919;-94.592239;1742.980957;0;0.601046;0.327299;0.360849;0;2;-277.606049;291.117004;1735.620117;0;0.545032;0.356868;0.331628;0;2;-334.100708;657.545593;1782.530762;0;0.52892;0.15847;0.105244;0;2;-260.759155;803.869263;1751.411255;0;-0.20715;0.192243;-0.035617;0;2;-222.492691;-649.191223;1961.237061;0;0.733833;-0.40969;0.289719;0;2;-141.97644;-660.106689;1828.860107;0;0.733833;-0.40969;0.289719;0;2;-124.948265;-689.992798;1870.62207;0;0.842708;-0.084833;0.494557;0;2;-131.539459;-680.821594;1992.639893;0;0.457936;0.289719;0.40969;0;2;-165.742859;-701.710571;1843.188232;0;0.842708;-0.084833;0.494557;0;2;-263.797638;-731.682617;1917.52771;0;0.733833;-0.40969;0.289719;0;2;9062933504
0;0;0;0;0;0;0;0;0;0;0;0;0;0;0;0;0;0;0;0;0;0;0;0;0;0;0;0;0;0;0;0;0;0;0;0;0;0;0;0;0;0;0;0;0;0;0;0;0;0;0;0;0;0;0;0;0;0;0;0;0;0;0;0;0;0;0;0;0;0;0;0;0;0;0;0;0;0;0;0;0;0;0;0;0;0;0;0;0;0;0;0;0;0;0;0;0;0;0;0;0;0;0;0;0;0;0;0;0;0;0;0;0;0;0;0;0;0;0;0;0;0;0;0;0;0;0;0;0;0;0;0;0;0;0;0;0;0;0;0;0;0;0;0;0;0;0;0;0;0;0;0;0;0;0;0;0;0;0;0;0;0;0;0;0;0;0;0;0;0;0;0;0;0;0;0;0;0;0;0;0;0;0;0;0;0;0;0;0;0;0;0;0;0;0;0;0;0;0;0;0;0;0;0;0;0;0;0;0;0;0;0;0;0;0;0;0;0;0;0;0;0;0;0;0;0;0;0;0;0;0;0;0;0;0;0;0;0;0;0;0;0;0;0;0;0;0;0;0;0;0;0;0;0;0;0;0;0;0;0;0;0;0;0;0;0;0;0;0;0;0;0;0;0;0;0;0;0;0;0;0;0;0;0;0;0;0;0;0
0;0;0;0;0;0;0;0;0;0;0;0;0;0;0;0;0;0;0;0;0;0;0;0;0;0;0;0;0;0;0;0;0;0;0;0;0;0;0;0;0;0;0;0;0;0;0;0;0;0;0;0;0;0;0;0;0;0;0;0;0;0;0;0;0;0;0;0;0;0;0;0;0;0;0;0;0;0;0;0;0;0;0;0;0;0;0;0;0;0;0;0;0;0;0;0;0;0;0;0;0;0;0;0;0;0;0;0;0;0;0;0;0;0;0;0;0;0;0;0;0;0;0;0;0;0;0;0;0;0;0;0;0;0;0;0;0;0;0;0;0;0;0;0;0;0;0;0;0;0;0;0;0;0;0;0;0;0;0;0;0;0;0;0;0;0;0;0;0;0;0;0;0;0;0;0;0;0;0;0;0;0;0;0;0;0;0;0;0;0;0;0;0;0;0;0;0;0;0;0;0;0;0;0;0;0;0;0;0;0;0;0;0;0;0;0;0;0;0;0;0;0;0;0;0;0;0;0;0;0;0;0;0;0;0;0;0;0;0;0;0;0;0;0;0;0;0;0;0;0;0;0;0;0;0;0;0;0;0;0;0;0;0;0;0;0;0;0;0;0;0;0;0;0;0;0;0;0;0;0;0;0;0;0;0;0;0;0;0
0;0;0;0;0;0;0;0;0;0;0;0;0;0;0;0;0;0;0;0;0;0;0;0;0;0;0;0;0;0;0;0;0;0;0;0;0;0;0;0;0;0;0;0;0;0;0;0;0;0;0;0;0;0;0;0;0;0;0;0;0;0;0;0;0;0;0;0;0;0;0;0;0;0;0;0;0;0;0;0;0;0;0;0;0;0;0;0;0;0;0;0;0;0;0;0;0;0;0;0;0;0;0;0;0;0;0;0;0;0;0;0;0;0;0;0;0;0;0;0;0;0;0;0;0;0;0;0;0;0;0;0;0;0;0;0;0;0;0;0;0;0;0;0;0;0;0;0;0;0;0;0;0;0;0;0;0;0;0;0;0;0;0;0;0;0;0;0;0;0;0;0;0;0;0;0;0;0;0;0;0;0;0;0;0;0;0;0;0;0;0;0;0;0;0;0;0;0;0;0;0;0;0;0;0;0;0;0;0;0;0;0;0;0;0;0;0;0;0;0;0;0;0;0;0;0;0;0;0;0;0;0;0;0;0;0;0;0;0;0;0;0;0;0;0;0;0;0;0;0;0;0;0;0;0;0;0;0;0;0;0;0;0;0;0;0;0;0;0;0;0;0;0;0;0;0;0;0;0;0;0;0;0;0;0;0;0;0;0
0;0;0;0;0;0;0;0;0;0;0;0;0;0;0;0;0;0;0;0;0;0;0;0;0;0;0;0;0;0;0;0;0;0;0;0;0;0;0;0;0;0;0;0;0;0;0;0;0;0;0;0;0;0;0;0;0;0;0;0;0;0;0;0;0;0;0;0;0;0;0;0;0;0;0;0;0;0;0;0;0;0;0;0;0;0;0;0;0;0;0;0;0;0;0;0;0;0;0;0;0;0;0;0;0;0;0;0;0;0;0;0;0;0;0;0;0;0;0;0;0;0;0;0;0;0;0;0;0;0;0;0;0;0;0;0;0;0;0;0;0;0;0;0;0;0;0;0;0;0;0;0;0;0;0;0;0;0;0;0;0;0;0;0;0;0;0;0;0;0;0;0;0;0;0;0;0;0;0;0;0;0;0;0;0;0;0;0;0;0;0;0;0;0;0;0;0;0;0;0;0;0;0;0;0;0;0;0;0;0;0;0;0;0;0;0;0;0;0;0;0;0;0;0;0;0;0;0;0;0;0;0;0;0;0;0;0;0;0;0;0;0;0;0;0;0;0;0;0;0;0;0;0;0;0;0;0;0;0;0;0;0;0;0;0;0;0;0;0;0;0;0;0;0;0;0;0;0;0;0;0;0;0;0;0;0;0;0;0
0;0;0;0;0;0;0;0;0;0;0;0;0;0;0;0;0;0;0;0;0;0;0;0;0;0;0;0;0;0;0;0;0;0;0;0;0;0;0;0;0;0;0;0;0;0;0;0;0;0;0;0;0;0;0;0;0;0;0;0;0;0;0;0;0;0;0;0;0;0;0;0;0;0;0;0;0;0;0;0;0;0;0;0;0;0;0;0;0;0;0;0;0;0;0;0;0;0;0;0;0;0;0;0;0;0;0;0;0;0;0;0;0;0;0;0;0;0;0;0;0;0;0;0;0;0;0;0;0;0;0;0;0;0;0;0;0;0;0;0;0;0;0;0;0;0;0;0;0;0;0;0;0;0;0;0;0;0;0;0;0;0;0;0;0;0;0;0;0;0;0;0;0;0;0;0;0;0;0;0;0;0;0;0;0;0;0;0;0;0;0;0;0;0;0;0;0;0;0;0;0;0;0;0;0;0;0;0;0;0;0;0;0;0;0;0;0;0;0;0;0;0;0;0;0;0;0;0;0;0;0;0;0;0;0;0;0;0;0;0;0;0;0;0;0;0;0;0;0;0;0;0;0;0;0;0;0;0;0;0;0;0;0;0;0;0;0;0;0;0;0;0;0;0;0;0;0;0;0;0;0;0;0;0;0;0;0;0;0
0;0;0;0;0;0;0;0;0;0;0;0;0;0;0;0;0;0;0;0;0;0;0;0;0;0;0;0;0;0;0;0;0;0;0;0;0;0;0;0;0;0;0;0;0;0;0;0;0;0;0;0;0;0;0;0;0;0;0;0;0;0;0;0;0;0;0;0;0;0;0;0;0;0;0;0;0;0;0;0;0;0;0;0;0;0;0;0;0;0;0;0;0;0;0;0;0;0;0;0;0;0;0;0;0;0;0;0;0;0;0;0;0;0;0;0;0;0;0;0;0;0;0;0;0;0;0;0;0;0;0;0;0;0;0;0;0;0;0;0;0;0;0;0;0;0;0;0;0;0;0;0;0;0;0;0;0;0;0;0;0;0;0;0;0;0;0;0;0;0;0;0;0;0;0;0;0;0;0;0;0;0;0;0;0;0;0;0;0;0;0;0;0;0;0;0;0;0;0;0;0;0;0;0;0;0;0;0;0;0;0;0;0;0;0;0;0;0;0;0;0;0;0;0;0;0;0;0;0;0;0;0;0;0;0;0;0;0;0;0;0;0;0;0;0;0;0;0;0;0;0;0;0;0;0;0;0;0;0;0;0;0;0;0;0;0;0;0;0;0;0;0;0;0;0;0;0;0;0;0;0;0;0;0;0;0;0;0;0
0;0;0;0;0;0;0;0;0;0;0;0;0;0;0;0;0;0;0;0;0;0;0;0;0;0;0;0;0;0;0;0;0;0;0;0;0;0;0;0;0;0;0;0;0;0;0;0;0;0;0;0;0;0;0;0;0;0;0;0;0;0;0;0;0;0;0;0;0;0;0;0;0;0;0;0;0;0;0;0;0;0;0;0;0;0;0;0;0;0;0;0;0;0;0;0;0;0;0;0;0;0;0;0;0;0;0;0;0;0;0;0;0;0;0;0;0;0;0;0;0;0;0;0;0;0;0;0;0;0;0;0;0;0;0;0;0;0;0;0;0;0;0;0;0;0;0;0;0;0;0;0;0;0;0;0;0;0;0;0;0;0;0;0;0;0;0;0;0;0;0;0;0;0;0;0;0;0;0;0;0;0;0;0;0;0;0;0;0;0;0;0;0;0;0;0;0;0;0;0;0;0;0;0;0;0;0;0;0;0;0;0;0;0;0;0;0;0;0;0;0;0;0;0;0;0;0;0;0;0;0;0;0;0;0;0;0;0;0;0;0;0;0;0;0;0;0;0;0;0;0;0;0;0;0;0;0;0;0;0;0;0;0;0;0;0;0;0;0;0;0;0;0;0;0;0;0;0;0;0;0;0;0;0;0;0;0;0;0
0;0;0;0;0;0;0;0;0;0;0;0;0;0;0;0;0;0;0;0;0;0;0;0;0;0;0;0;0;0;0;0;0;0;0;0;0;0;0;0;0;0;0;0;0;0;0;0;0;0;0;0;0;0;0;0;0;0;0;0;0;0;0;0;0;0;0;0;0;0;0;0;0;0;0;0;0;0;0;0;0;0;0;0;0;0;0;0;0;0;0;0;0;0;0;0;0;0;0;0;0;0;0;0;0;0;0;0;0;0;0;0;0;0;0;0;0;0;0;0;0;0;0;0;0;0;0;0;0;0;0;0;0;0;0;0;0;0;0;0;0;0;0;0;0;0;0;0;0;0;0;0;0;0;0;0;0;0;0;0;0;0;0;0;0;0;0;0;0;0;0;0;0;0;0;0;0;0;0;0;0;0;0;0;0;0;0;0;0;0;0;0;0;0;0;0;0;0;0;0;0;0;0;0;0;0;0;0;0;0;0;0;0;0;0;0;0;0;0;0;0;0;0;0;0;0;0;0;0;0;0;0;0;0;0;0;0;0;0;0;0;0;0;0;0;0;0;0;0;0;0;0;0;0;0;0;0;0;0;0;0;0;0;0;0;0;0;0;0;0;0;0;0;0;0;0;0;0;0;0;0;0;0;0;0;0;0;0;0
0;0;0;0;0;0;0;0;0;0;0;0;0;0;0;0;0;0;0;0;0;0;0;0;0;0;0;0;0;0;0;0;0;0;0;0;0;0;0;0;0;0;0;0;0;0;0;0;0;0;0;0;0;0;0;0;0;0;0;0;0;0;0;0;0;0;0;0;0;0;0;0;0;0;0;0;0;0;0;0;0;0;0;0;0;0;0;0;0;0;0;0;0;0;0;0;0;0;0;0;0;0;0;0;0;0;0;0;0;0;0;0;0;0;0;0;0;0;0;0;0;0;0;0;0;0;0;0;0;0;0;0;0;0;0;0;0;0;0;0;0;0;0;0;0;0;0;0;0;0;0;0;0;0;0;0;0;0;0;0;0;0;0;0;0;0;0;0;0;0;0;0;0;0;0;0;0;0;0;0;0;0;0;0;0;0;0;0;0;0;0;0;0;0;0;0;0;0;0;0;0;0;0;0;0;0;0;0;0;0;0;0;0;0;0;0;0;0;0;0;0;0;0;0;0;0;0;0;0;0;0;0;0;0;0;0;0;0;0;0;0;0;0;0;0;0;0;0;0;0;0;0;0;0;0;0;0;0;0;0;0;0;0;0;0;0;0;0;0;0;0;0;0;0;0;0;0;0;0;0;0;0;0;0;0;0;0;0;0
0;0;0;0;0;0;0;0;0;0;0;0;0;0;0;0;0;0;0;0;0;0;0;0;0;0;0;0;0;0;0;0;0;0;0;0;0;0;0;0;0;0;0;0;0;0;0;0;0;0;0;0;0;0;0;0;0;0;0;0;0;0;0;0;0;0;0;0;0;0;0;0;0;0;0;0;0;0;0;0;0;0;0;0;0;0;0;0;0;0;0;0;0;0;0;0;0;0;0;0;0;0;0;0;0;0;0;0;0;0;0;0;0;0;0;0;0;0;0;0;0;0;0;0;0;0;0;0;0;0;0;0;0;0;0;0;0;0;0;0;0;0;0;0;0;0;0;0;0;0;0;0;0;0;0;0;0;0;0;0;0;0;0;0;0;0;0;0;0;0;0;0;0;0;0;0;0;0;0;0;0;0;0;0;0;0;0;0;0;0;0;0;0;0;0;0;0;0;0;0;0;0;0;0;0;0;0;0;0;0;0;0;0;0;0;0;0;0;0;0;0;0;0;0;0;0;0;0;0;0;0;0;0;0;0;0;0;0;0;0;0;0;0;0;0;0;0;0;0;0;0;0;0;0;0;0;0;0;0;0;0;0;0;0;0;0;0;0;0;0;0;0;0;0;0;0;0;0;0;0;0;0;0;0;0;0;0;0;0
0;0;0;0;0;0;0;0;0;0;0;0;0;0;0;0;0;0;0;0;0;0;0;0;0;0;0;0;0;0;0;0;0;0;0;0;0;0;0;0;0;0;0;0;0;0;0;0;0;0;0;0;0;0;0;0;0;0;0;0;0;0;0;0;0;0;0;0;0;0;0;0;0;0;0;0;0;0;0;0;0;0;0;0;0;0;0;0;0;0;0;0;0;0;0;0;0;0;0;0;0;0;0;0;0;0;0;0;0;0;0;0;0;0;0;0;0;0;0;0;0;0;0;0;0;0;0;0;0;0;0;0;0;0;0;0;0;0;0;0;0;0;0;0;0;0;0;0;0;0;0;0;0;0;0;0;0;0;0;0;0;0;0;0;0;0;0;0;0;0;0;0;0;0;0;0;0;0;0;0;0;0;0;0;0;0;0;0;0;0;0;0;0;0;0;0;0;0;0;0;0;0;0;0;0;0;0;0;0;0;0;0;0;0;0;0;0;0;0;0;0;0;0;0;0;0;0;0;0;0;0;0;0;0;0;0;0;0;0;0;0;0;0;0;0;0;0;0;0;0;0;0;0;0;0;0;0;0;0;0;0;0;0;0;0;0;0;0;0;0;0;0;0;0;0;0;0;0;0;0;0;0;0;0;0;0;0;0;0
0;0;0;0;0;0;0;0;0;0;0;0;0;0;0;0;0;0;0;0;0;0;0;0;0;0;0;0;0;0;0;0;0;0;0;0;0;0;0;0;0;0;0;0;0;0;0;0;0;0;0;0;0;0;0;0;0;0;0;0;0;0;0;0;0;0;0;0;0;0;0;0;0;0;0;0;0;0;0;0;0;0;0;0;0;0;0;0;0;0;0;0;0;0;0;0;0;0;0;0;0;0;0;0;0;0;0;0;0;0;0;0;0;0;0;0;0;0;0;0;0;0;0;0;0;0;0;0;0;0;0;0;0;0;0;0;0;0;0;0;0;0;0;0;0;0;0;0;0;0;0;0;0;0;0;0;0;0;0;0;0;0;0;0;0;0;0;0;0;0;0;0;0;0;0;0;0;0;0;0;0;0;0;0;0;0;0;0;0;0;0;0;0;0;0;0;0;0;0;0;0;0;0;0;0;0;0;0;0;0;0;0;0;0;0;0;0;0;0;0;0;0;0;0;0;0;0;0;0;0;0;0;0;0;0;0;0;0;0;0;0;0;0;0;0;0;0;0;0;0;0;0;0;0;0;0;0;0;0;0;0;0;0;0;0;0;0;0;0;0;0;0;0;0;0;0;0;0;0;0;0;0;0;0;0;0;0;0;0
0;0;0;0;0;0;0;0;0;0;0;0;0;0;0;0;0;0;0;0;0;0;0;0;0;0;0;0;0;0;0;0;0;0;0;0;0;0;0;0;0;0;0;0;0;0;0;0;0;0;0;0;0;0;0;0;0;0;0;0;0;0;0;0;0;0;0;0;0;0;0;0;0;0;0;0;0;0;0;0;0;0;0;0;0;0;0;0;0;0;0;0;0;0;0;0;0;0;0;0;0;0;0;0;0;0;0;0;0;0;0;0;0;0;0;0;0;0;0;0;0;0;0;0;0;0;0;0;0;0;0;0;0;0;0;0;0;0;0;0;0;0;0;0;0;0;0;0;0;0;0;0;0;0;0;0;0;0;0;0;0;0;0;0;0;0;0;0;0;0;0;0;0;0;0;0;0;0;0;0;0;0;0;0;0;0;0;0;0;0;0;0;0;0;0;0;0;0;0;0;0;0;0;0;0;0;0;0;0;0;0;0;0;0;0;0;0;0;0;0;0;0;0;0;0;0;0;0;0;0;0;0;0;0;0;0;0;0;0;0;0;0;0;0;0;0;0;0;0;0;0;0;0;0;0;0;0;0;0;0;0;0;0;0;0;0;0;0;0;0;0;0;0;0;0;0;0;0;0;0;0;0;0;0;0;0;0;0;0
0;0;0;0;0;0;0;0;0;0;0;0;0;0;0;0;0;0;0;0;0;0;0;0;0;0;0;0;0;0;0;0;0;0;0;0;0;0;0;0;0;0;0;0;0;0;0;0;0;0;0;0;0;0;0;0;0;0;0;0;0;0;0;0;0;0;0;0;0;0;0;0;0;0;0;0;0;0;0;0;0;0;0;0;0;0;0;0;0;0;0;0;0;0;0;0;0;0;0;0;0;0;0;0;0;0;0;0;0;0;0;0;0;0;0;0;0;0;0;0;0;0;0;0;0;0;0;0;0;0;0;0;0;0;0;0;0;0;0;0;0;0;0;0;0;0;0;0;0;0;0;0;0;0;0;0;0;0;0;0;0;0;0;0;0;0;0;0;0;0;0;0;0;0;0;0;0;0;0;0;0;0;0;0;0;0;0;0;0;0;0;0;0;0;0;0;0;0;0;0;0;0;0;0;0;0;0;0;0;0;0;0;0;0;0;0;0;0;0;0;0;0;0;0;0;0;0;0;0;0;0;0;0;0;0;0;0;0;0;0;0;0;0;0;0;0;0;0;0;0;0;0;0;0;0;0;0;0;0;0;0;0;0;0;0;0;0;0;0;0;0;0;0;0;0;0;0;0;0;0;0;0;0;0;0;0;0;0;0
0;0;0;0;0;0;0;0;0;0;0;0;0;0;0;0;0;0;0;0;0;0;0;0;0;0;0;0;0;0;0;0;0;0;0;0;0;0;0;0;0;0;0;0;0;0;0;0;0;0;0;0;0;0;0;0;0;0;0;0;0;0;0;0;0;0;0;0;0;0;0;0;0;0;0;0;0;0;0;0;0;0;0;0;0;0;0;0;0;0;0;0;0;0;0;0;0;0;0;0;0;0;0;0;0;0;0;0;0;0;0;0;0;0;0;0;0;0;0;0;0;0;0;0;0;0;0;0;0;0;0;0;0;0;0;0;0;0;0;0;0;0;0;0;0;0;0;0;0;0;0;0;0;0;0;0;0;0;0;0;0;0;0;0;0;0;0;0;0;0;0;0;0;0;0;0;0;0;0;0;0;0;0;0;0;0;0;0;0;0;0;0;0;0;0;0;0;0;0;0;0;0;0;0;0;0;0;0;0;0;0;0;0;0;0;0;0;0;0;0;0;0;0;0;0;0;0;0;0;0;0;0;0;0;0;0;0;0;0;0;0;0;0;0;0;0;0;0;0;0;0;0;0;0;0;0;0;0;0;0;0;0;0;0;0;0;0;0;0;0;0;0;0;0;0;0;0;0;0;0;0;0;0;0;0;0;0;0;0
0;0;0;0;0;0;0;0;0;0;0;0;0;0;0;0;0;0;0;0;0;0;0;0;0;0;0;0;0;0;0;0;0;0;0;0;0;0;0;0;0;0;0;0;0;0;0;0;0;0;0;0;0;0;0;0;0;0;0;0;0;0;0;0;0;0;0;0;0;0;0;0;0;0;0;0;0;0;0;0;0;0;0;0;0;0;0;0;0;0;0;0;0;0;0;0;0;0;0;0;0;0;0;0;0;0;0;0;0;0;0;0;0;0;0;0;0;0;0;0;0;0;0;0;0;0;0;0;0;0;0;0;0;0;0;0;0;0;0;0;0;0;0;0;0;0;0;0;0;0;0;0;0;0;0;0;0;0;0;0;0;0;0;0;0;0;0;0;0;0;0;0;0;0;0;0;0;0;0;0;0;0;0;0;0;0;0;0;0;0;0;0;0;0;0;0;0;0;0;0;0;0;0;0;0;0;0;0;0;0;0;0;0;0;0;0;0;0;0;0;0;0;0;0;0;0;0;0;0;0;0;0;0;0;0;0;0;0;0;0;0;0;0;0;0;0;0;0;0;0;0;0;0;0;0;0;0;0;0;0;0;0;0;0;0;0;0;0;0;0;0;0;0;0;0;0;0;0;0;0;0;0;0;0;0;0;0;0;0
0;0;0;0;0;0;0;0;0;0;0;0;0;0;0;0;0;0;0;0;0;0;0;0;0;0;0;0;0;0;0;0;0;0;0;0;0;0;0;0;0;0;0;0;0;0;0;0;0;0;0;0;0;0;0;0;0;0;0;0;0;0;0;0;0;0;0;0;0;0;0;0;0;0;0;0;0;0;0;0;0;0;0;0;0;0;0;0;0;0;0;0;0;0;0;0;0;0;0;0;0;0;0;0;0;0;0;0;0;0;0;0;0;0;0;0;0;0;0;0;0;0;0;0;0;0;0;0;0;0;0;0;0;0;0;0;0;0;0;0;0;0;0;0;0;0;0;0;0;0;0;0;0;0;0;0;0;0;0;0;0;0;0;0;0;0;0;0;0;0;0;0;0;0;0;0;0;0;0;0;0;0;0;0;0;0;0;0;0;0;0;0;0;0;0;0;0;0;0;0;0;0;0;0;0;0;0;0;0;0;0;0;0;0;0;0;0;0;0;0;0;0;0;0;0;0;0;0;0;0;0;0;0;0;0;0;0;0;0;0;0;0;0;0;0;0;0;0;0;0;0;0;0;0;0;0;0;0;0;0;0;0;0;0;0;0;0;0;0;0;0;0;0;0;0;0;0;0;0;0;0;0;0;0;0;0;0;0;0
0;0;0;0;0;0;0;0;0;0;0;0;0;0;0;0;0;0;0;0;0;0;0;0;0;0;0;0;0;0;0;0;0;0;0;0;0;0;0;0;0;0;0;0;0;0;0;0;0;0;0;0;0;0;0;0;0;0;0;0;0;0;0;0;0;0;0;0;0;0;0;0;0;0;0;0;0;0;0;0;0;0;0;0;0;0;0;0;0;0;0;0;0;0;0;0;0;0;0;0;0;0;0;0;0;0;0;0;0;0;0;0;0;0;0;0;0;0;0;0;0;0;0;0;0;0;0;0;0;0;0;0;0;0;0;0;0;0;0;0;0;0;0;0;0;0;0;0;0;0;0;0;0;0;0;0;0;0;0;0;0;0;0;0;0;0;0;0;0;0;0;0;0;0;0;0;0;0;0;0;0;0;0;0;0;0;0;0;0;0;0;0;0;0;0;0;0;0;0;0;0;0;0;0;0;0;0;0;0;0;0;0;0;0;0;0;0;0;0;0;0;0;0;0;0;0;0;0;0;0;0;0;0;0;0;0;0;0;0;0;0;0;0;0;0;0;0;0;0;0;0;0;0;0;0;0;0;0;0;0;0;0;0;0;0;0;0;0;0;0;0;0;0;0;0;0;0;0;0;0;0;0;0;0;0;0;0;0;0
0;0;0;0;0;0;0;0;0;0;0;0;0;0;0;0;0;0;0;0;0;0;0;0;0;0;0;0;0;0;0;0;0;0;0;0;0;0;0;0;0;0;0;0;0;0;0;0;0;0;0;0;0;0;0;0;0;0;0;0;0;0;0;0;0;0;0;0;0;0;0;0;0;0;0;0;0;0;0;0;0;0;0;0;0;0;0;0;0;0;0;0;0;0;0;0;0;0;0;0;0;0;0;0;0;0;0;0;0;0;0;0;0;0;0;0;0;0;0;0;0;0;0;0;0;0;0;0;0;0;0;0;0;0;0;0;0;0;0;0;0;0;0;0;0;0;0;0;0;0;0;0;0;0;0;0;0;0;0;0;0;0;0;0;0;0;0;0;0;0;0;0;0;0;0;0;0;0;0;0;0;0;0;0;0;0;0;0;0;0;0;0;0;0;0;0;0;0;0;0;0;0;0;0;0;0;0;0;0;0;0;0;0;0;0;0;0;0;0;0;0;0;0;0;0;0;0;0;0;0;0;0;0;0;0;0;0;0;0;0;0;0;0;0;0;0;0;0;0;0;0;0;0;0;0;0;0;0;0;0;0;0;0;0;0;0;0;0;0;0;0;0;0;0;0;0;0;0;0;0;0;0;0;0;0;0;0;0;0
0;0;0;0;0;0;0;0;0;0;0;0;0;0;0;0;0;0;0;0;0;0;0;0;0;0;0;0;0;0;0;0;0;0;0;0;0;0;0;0;0;0;0;0;0;0;0;0;0;0;0;0;0;0;0;0;0;0;0;0;0;0;0;0;0;0;0;0;0;0;0;0;0;0;0;0;0;0;0;0;0;0;0;0;0;0;0;0;0;0;0;0;0;0;0;0;0;0;0;0;0;0;0;0;0;0;0;0;0;0;0;0;0;0;0;0;0;0;0;0;0;0;0;0;0;0;0;0;0;0;0;0;0;0;0;0;0;0;0;0;0;0;0;0;0;0;0;0;0;0;0;0;0;0;0;0;0;0;0;0;0;0;0;0;0;0;0;0;0;0;0;0;0;0;0;0;0;0;0;0;0;0;0;0;0;0;0;0;0;0;0;0;0;0;0;0;0;0;0;0;0;0;0;0;0;0;0;0;0;0;0;0;0;0;0;0;0;0;0;0;0;0;0;0;0;0;0;0;0;0;0;0;0;0;0;0;0;0;0;0;0;0;0;0;0;0;0;0;0;0;0;0;0;0;0;0;0;0;0;0;0;0;0;0;0;0;0;0;0;0;0;0;0;0;0;0;0;0;0;0;0;0;0;0;0;0;0;0;0
0;0;0;0;0;0;0;0;0;0;0;0;0;0;0;0;0;0;0;0;0;0;0;0;0;0;0;0;0;0;0;0;0;0;0;0;0;0;0;0;0;0;0;0;0;0;0;0;0;0;0;0;0;0;0;0;0;0;0;0;0;0;0;0;0;0;0;0;0;0;0;0;0;0;0;0;0;0;0;0;0;0;0;0;0;0;0;0;0;0;0;0;0;0;0;0;0;0;0;0;0;0;0;0;0;0;0;0;0;0;0;0;0;0;0;0;0;0;0;0;0;0;0;0;0;0;0;0;0;0;0;0;0;0;0;0;0;0;0;0;0;0;0;0;0;0;0;0;0;0;0;0;0;0;0;0;0;0;0;0;0;0;0;0;0;0;0;0;0;0;0;0;0;0;0;0;0;0;0;0;0;0;0;0;0;0;0;0;0;0;0;0;0;0;0;0;0;0;0;0;0;0;0;0;0;0;0;0;0;0;0;0;0;0;0;0;0;0;0;0;0;0;0;0;0;0;0;0;0;0;0;0;0;0;0;0;0;0;0;0;0;0;0;0;0;0;0;0;0;0;0;0;0;0;0;0;0;0;0;0;0;0;0;0;0;0;0;0;0;0;0;0;0;0;0;0;0;0;0;0;0;0;0;0;0;0;0;0;0
0;0;0;0;0;0;0;0;0;0;0;0;0;0;0;0;0;0;0;0;0;0;0;0;0;0;0;0;0;0;0;0;0;0;0;0;0;0;0;0;0;0;0;0;0;0;0;0;0;0;0;0;0;0;0;0;0;0;0;0;0;0;0;0;0;0;0;0;0;0;0;0;0;0;0;0;0;0;0;0;0;0;0;0;0;0;0;0;0;0;0;0;0;0;0;0;0;0;0;0;0;0;0;0;0;0;0;0;0;0;0;0;0;0;0;0;0;0;0;0;0;0;0;0;0;0;0;0;0;0;0;0;0;0;0;0;0;0;0;0;0;0;0;0;0;0;0;0;0;0;0;0;0;0;0;0;0;0;0;0;0;0;0;0;0;0;0;0;0;0;0;0;0;0;0;0;0;0;0;0;0;0;0;0;0;0;0;0;0;0;0;0;0;0;0;0;0;0;0;0;0;0;0;0;0;0;0;0;0;0;0;0;0;0;0;0;0;0;0;0;0;0;0;0;0;0;0;0;0;0;0;0;0;0;0;0;0;0;0;0;0;0;0;0;0;0;0;0;0;0;0;0;0;0;0;0;0;0;0;0;0;0;0;0;0;0;0;0;0;0;0;0;0;0;0;0;0;0;0;0;0;0;0;0;0;0;0;0;0
0;0;0;0;0;0;0;0;0;0;0;0;0;0;0;0;0;0;0;0;0;0;0;0;0;0;0;0;0;0;0;0;0;0;0;0;0;0;0;0;0;0;0;0;0;0;0;0;0;0;0;0;0;0;0;0;0;0;0;0;0;0;0;0;0;0;0;0;0;0;0;0;0;0;0;0;0;0;0;0;0;0;0;0;0;0;0;0;0;0;0;0;0;0;0;0;0;0;0;0;0;0;0;0;0;0;0;0;0;0;0;0;0;0;0;0;0;0;0;0;0;0;0;0;0;0;0;0;0;0;0;0;0;0;0;0;0;0;0;0;0;0;0;0;0;0;0;0;0;0;0;0;0;0;0;0;0;0;0;0;0;0;0;0;0;0;0;0;0;0;0;0;0;0;0;0;0;0;0;0;0;0;0;0;0;0;0;0;0;0;0;0;0;0;0;0;0;0;0;0;0;0;0;0;0;0;0;0;0;0;0;0;0;0;0;0;0;0;0;0;0;0;0;0;0;0;0;0;0;0;0;0;0;0;0;0;0;0;0;0;0;0;0;0;0;0;0;0;0;0;0;0;0;0;0;0;0;0;0;0;0;0;0;0;0;0;0;0;0;0;0;0;0;0;0;0;0;0;0;0;0;0;0;0;0;0;0;0;0
0;0;0;0;0;0;0;0;0;0;0;0;0;0;0;0;0;0;0;0;0;0;0;0;0;0;0;0;0;0;0;0;0;0;0;0;0;0;0;0;0;0;0;0;0;0;0;0;0;0;0;0;0;0;0;0;0;0;0;0;0;0;0;0;0;0;0;0;0;0;0;0;0;0;0;0;0;0;0;0;0;0;0;0;0;0;0;0;0;0;0;0;0;0;0;0;0;0;0;0;0;0;0;0;0;0;0;0;0;0;0;0;0;0;0;0;0;0;0;0;0;0;0;0;0;0;0;0;0;0;0;0;0;0;0;0;0;0;0;0;0;0;0;0;0;0;0;0;0;0;0;0;0;0;0;0;0;0;0;0;0;0;0;0;0;0;0;0;0;0;0;0;0;0;0;0;0;0;0;0;0;0;0;0;0;0;0;0;0;0;0;0;0;0;0;0;0;0;0;0;0;0;0;0;0;0;0;0;0;0;0;0;0;0;0;0;0;0;0;0;0;0;0;0;0;0;0;0;0;0;0;0;0;0;0;0;0;0;0;0;0;0;0;0;0;0;0;0;0;0;0;0;0;0;0;0;0;0;0;0;0;0;0;0;0;0;0;0;0;0;0;0;0;0;0;0;0;0;0;0;0;0;0;0;0;0;0;0;0
0;0;0;0;0;0;0;0;0;0;0;0;0;0;0;0;0;0;0;0;0;0;0;0;0;0;0;0;0;0;0;0;0;0;0;0;0;0;0;0;0;0;0;0;0;0;0;0;0;0;0;0;0;0;0;0;0;0;0;0;0;0;0;0;0;0;0;0;0;0;0;0;0;0;0;0;0;0;0;0;0;0;0;0;0;0;0;0;0;0;0;0;0;0;0;0;0;0;0;0;0;0;0;0;0;0;0;0;0;0;0;0;0;0;0;0;0;0;0;0;0;0;0;0;0;0;0;0;0;0;0;0;0;0;0;0;0;0;0;0;0;0;0;0;0;0;0;0;0;0;0;0;0;0;0;0;0;0;0;0;0;0;0;0;0;0;0;0;0;0;0;0;0;0;0;0;0;0;0;0;0;0;0;0;0;0;0;0;0;0;0;0;0;0;0;0;0;0;0;0;0;0;0;0;0;0;0;0;0;0;0;0;0;0;0;0;0;0;0;0;0;0;0;0;0;0;0;0;0;0;0;0;0;0;0;0;0;0;0;0;0;0;0;0;0;0;0;0;0;0;0;0;0;0;0;0;0;0;0;0;0;0;0;0;0;0;0;0;0;0;0;0;0;0;0;0;0;0;0;0;0;0;0;0;0;0;0;0;0
0;0;0;0;0;0;0;0;0;0;0;0;0;0;0;0;0;0;0;0;0;0;0;0;0;0;0;0;0;0;0;0;0;0;0;0;0;0;0;0;0;0;0;0;0;0;0;0;0;0;0;0;0;0;0;0;0;0;0;0;0;0;0;0;0;0;0;0;0;0;0;0;0;0;0;0;0;0;0;0;0;0;0;0;0;0;0;0;0;0;0;0;0;0;0;0;0;0;0;0;0;0;0;0;0;0;0;0;0;0;0;0;0;0;0;0;0;0;0;0;0;0;0;0;0;0;0;0;0;0;0;0;0;0;0;0;0;0;0;0;0;0;0;0;0;0;0;0;0;0;0;0;0;0;0;0;0;0;0;0;0;0;0;0;0;0;0;0;0;0;0;0;0;0;0;0;0;0;0;0;0;0;0;0;0;0;0;0;0;0;0;0;0;0;0;0;0;0;0;0;0;0;0;0;0;0;0;0;0;0;0;0;0;0;0;0;0;0;0;0;0;0;0;0;0;0;0;0;0;0;0;0;0;0;0;0;0;0;0;0;0;0;0;0;0;0;0;0;0;0;0;0;0;0;0;0;0;0;0;0;0;0;0;0;0;0;0;0;0;0;0;0;0;0;0;0;0;0;0;0;0;0;0;0;0;0;0;0;0
0;0;0;0;0;0;0;0;0;0;0;0;0;0;0;0;0;0;0;0;0;0;0;0;0;0;0;0;0;0;0;0;0;0;0;0;0;0;0;0;0;0;0;0;0;0;0;0;0;0;0;0;0;0;0;0;0;0;0;0;0;0;0;0;0;0;0;0;0;0;0;0;0;0;0;0;0;0;0;0;0;0;0;0;0;0;0;0;0;0;0;0;0;0;0;0;0;0;0;0;0;0;0;0;0;0;0;0;0;0;0;0;0;0;0;0;0;0;0;0;0;0;0;0;0;0;0;0;0;0;0;0;0;0;0;0;0;0;0;0;0;0;0;0;0;0;0;0;0;0;0;0;0;0;0;0;0;0;0;0;0;0;0;0;0;0;0;0;0;0;0;0;0;0;0;0;0;0;0;0;0;0;0;0;0;0;0;0;0;0;0;0;0;0;0;0;0;0;0;0;0;0;0;0;0;0;0;0;0;0;0;0;0;0;0;0;0;0;0;0;0;0;0;0;0;0;0;0;0;0;0;0;0;0;0;0;0;0;0;0;0;0;0;0;0;0;0;0;0;0;0;0;0;0;0;0;0;0;0;0;0;0;0;0;0;0;0;0;0;0;0;0;0;0;0;0;0;0;0;0;0;0;0;0;0;0;0;0;0
0;0;0;0;0;0;0;0;0;0;0;0;0;0;0;0;0;0;0;0;0;0;0;0;0;0;0;0;0;0;0;0;0;0;0;0;0;0;0;0;0;0;0;0;0;0;0;0;0;0;0;0;0;0;0;0;0;0;0;0;0;0;0;0;0;0;0;0;0;0;0;0;0;0;0;0;0;0;0;0;0;0;0;0;0;0;0;0;0;0;0;0;0;0;0;0;0;0;0;0;0;0;0;0;0;0;0;0;0;0;0;0;0;0;0;0;0;0;0;0;0;0;0;0;0;0;0;0;0;0;0;0;0;0;0;0;0;0;0;0;0;0;0;0;0;0;0;0;0;0;0;0;0;0;0;0;0;0;0;0;0;0;0;0;0;0;0;0;0;0;0;0;0;0;0;0;0;0;0;0;0;0;0;0;0;0;0;0;0;0;0;0;0;0;0;0;0;0;0;0;0;0;0;0;0;0;0;0;0;0;0;0;0;0;0;0;0;0;0;0;0;0;0;0;0;0;0;0;0;0;0;0;0;0;0;0;0;0;0;0;0;0;0;0;0;0;0;0;0;0;0;0;0;0;0;0;0;0;0;0;0;0;0;0;0;0;0;0;0;0;0;0;0;0;0;0;0;0;0;0;0;0;0;0;0;0;0;0;0
0;0;0;0;0;0;0;0;0;0;0;0;0;0;0;0;0;0;0;0;0;0;0;0;0;0;0;0;0;0;0;0;0;0;0;0;0;0;0;0;0;0;0;0;0;0;0;0;0;0;0;0;0;0;0;0;0;0;0;0;0;0;0;0;0;0;0;0;0;0;0;0;0;0;0;0;0;0;0;0;0;0;0;0;0;0;0;0;0;0;0;0;0;0;0;0;0;0;0;0;0;0;0;0;0;0;0;0;0;0;0;0;0;0;0;0;0;0;0;0;0;0;0;0;0;0;0;0;0;0;0;0;0;0;0;0;0;0;0;0;0;0;0;0;0;0;0;0;0;0;0;0;0;0;0;0;0;0;0;0;0;0;0;0;0;0;0;0;0;0;0;0;0;0;0;0;0;0;0;0;0;0;0;0;0;0;0;0;0;0;0;0;0;0;0;0;0;0;0;0;0;0;0;0;0;0;0;0;0;0;0;0;0;0;0;0;0;0;0;0;0;0;0;0;0;0;0;0;0;0;0;0;0;0;0;0;0;0;0;0;0;0;0;0;0;0;0;0;0;0;0;0;0;0;0;0;0;0;0;0;0;0;0;0;0;0;0;0;0;0;0;0;0;0;0;0;0;0;0;0;0;0;0;0;0;0;0;0;0
0;0;0;0;0;0;0;0;0;0;0;0;0;0;0;0;0;0;0;0;0;0;0;0;0;0;0;0;0;0;0;0;0;0;0;0;0;0;0;0;0;0;0;0;0;0;0;0;0;0;0;0;0;0;0;0;0;0;0;0;0;0;0;0;0;0;0;0;0;0;0;0;0;0;0;0;0;0;0;0;0;0;0;0;0;0;0;0;0;0;0;0;0;0;0;0;0;0;0;0;0;0;0;0;0;0;0;0;0;0;0;0;0;0;0;0;0;0;0;0;0;0;0;0;0;0;0;0;0;0;0;0;0;0;0;0;0;0;0;0;0;0;0;0;0;0;0;0;0;0;0;0;0;0;0;0;0;0;0;0;0;0;0;0;0;0;0;0;0;0;0;0;0;0;0;0;0;0;0;0;0;0;0;0;0;0;0;0;0;0;0;0;0;0;0;0;0;0;0;0;0;0;0;0;0;0;0;0;0;0;0;0;0;0;0;0;0;0;0;0;0;0;0;0;0;0;0;0;0;0;0;0;0;0;0;0;0;0;0;0;0;0;0;0;0;0;0;0;0;0;0;0;0;0;0;0;0;0;0;0;0;0;0;0;0;0;0;0;0;0;0;0;0;0;0;0;0;0;0;0;0;0;0;0;0;0;0;0;0
0;0;0;0;0;0;0;0;0;0;0;0;0;0;0;0;0;0;0;0;0;0;0;0;0;0;0;0;0;0;0;0;0;0;0;0;0;0;0;0;0;0;0;0;0;0;0;0;0;0;0;0;0;0;0;0;0;0;0;0;0;0;0;0;0;0;0;0;0;0;0;0;0;0;0;0;0;0;0;0;0;0;0;0;0;0;0;0;0;0;0;0;0;0;0;0;0;0;0;0;0;0;0;0;0;0;0;0;0;0;0;0;0;0;0;0;0;0;0;0;0;0;0;0;0;0;0;0;0;0;0;0;0;0;0;0;0;0;0;0;0;0;0;0;0;0;0;0;0;0;0;0;0;0;0;0;0;0;0;0;0;0;0;0;0;0;0;0;0;0;0;0;0;0;0;0;0;0;0;0;0;0;0;0;0;0;0;0;0;0;0;0;0;0;0;0;0;0;0;0;0;0;0;0;0;0;0;0;0;0;0;0;0;0;0;0;0;0;0;0;0;0;0;0;0;0;0;0;0;0;0;0;0;0;0;0;0;0;0;0;0;0;0;0;0;0;0;0;0;0;0;0;0;0;0;0;0;0;0;0;0;0;0;0;0;0;0;0;0;0;0;0;0;0;0;0;0;0;0;0;0;0;0;0;0;0;0;0;0
0;0;0;0;0;0;0;0;0;0;0;0;0;0;0;0;0;0;0;0;0;0;0;0;0;0;0;0;0;0;0;0;0;0;0;0;0;0;0;0;0;0;0;0;0;0;0;0;0;0;0;0;0;0;0;0;0;0;0;0;0;0;0;0;0;0;0;0;0;0;0;0;0;0;0;0;0;0;0;0;0;0;0;0;0;0;0;0;0;0;0;0;0;0;0;0;0;0;0;0;0;0;0;0;0;0;0;0;0;0;0;0;0;0;0;0;0;0;0;0;0;0;0;0;0;0;0;0;0;0;0;0;0;0;0;0;0;0;0;0;0;0;0;0;0;0;0;0;0;0;0;0;0;0;0;0;0;0;0;0;0;0;0;0;0;0;0;0;0;0;0;0;0;0;0;0;0;0;0;0;0;0;0;0;0;0;0;0;0;0;0;0;0;0;0;0;0;0;0;0;0;0;0;0;0;0;0;0;0;0;0;0;0;0;0;0;0;0;0;0;0;0;0;0;0;0;0;0;0;0;0;0;0;0;0;0;0;0;0;0;0;0;0;0;0;0;0;0;0;0;0;0;0;0;0;0;0;0;0;0;0;0;0;0;0;0;0;0;0;0;0;0;0;0;0;0;0;0;0;0;0;0;0;0;0;0;0;0;0
0;0;0;0;0;0;0;0;0;0;0;0;0;0;0;0;0;0;0;0;0;0;0;0;0;0;0;0;0;0;0;0;0;0;0;0;0;0;0;0;0;0;0;0;0;0;0;0;0;0;0;0;0;0;0;0;0;0;0;0;0;0;0;0;0;0;0;0;0;0;0;0;0;0;0;0;0;0;0;0;0;0;0;0;0;0;0;0;0;0;0;0;0;0;0;0;0;0;0;0;0;0;0;0;0;0;0;0;0;0;0;0;0;0;0;0;0;0;0;0;0;0;0;0;0;0;0;0;0;0;0;0;0;0;0;0;0;0;0;0;0;0;0;0;0;0;0;0;0;0;0;0;0;0;0;0;0;0;0;0;0;0;0;0;0;0;0;0;0;0;0;0;0;0;0;0;0;0;0;0;0;0;0;0;0;0;0;0;0;0;0;0;0;0;0;0;0;0;0;0;0;0;0;0;0;0;0;0;0;0;0;0;0;0;0;0;0;0;0;0;0;0;0;0;0;0;0;0;0;0;0;0;0;0;0;0;0;0;0;0;0;0;0;0;0;0;0;0;0;0;0;0;0;0;0;0;0;0;0;0;0;0;0;0;0;0;0;0;0;0;0;0;0;0;0;0;0;0;0;0;0;0;0;0;0;0;0;0;0
